165.028 67.397
165.288 -16.945
165.547 30.716
165.807 93.381
166.067 -4.951
166.327 -57.279
166.587 -63.604
166.847 77.073
167.107 119.754
167.367 125.439
167.627 184.126
167.886 128.816
168.146 128.510
168.406 319.206
168.666 269.906
168.926 151.608
169.186 163.313
169.446 170.021
169.706 44.733
169.966 113.447
170.225 137.163
170.485 134.883
170.745 159.605
171.005 293.330
171.265 197.058
171.525 157.788
171.785 26.521
172.045 45.257
172.305 217.995
172.564 139.736
172.824 -46.521
173.084 85.225
173.344 46.973
173.604 95.724
173.864 186.477
174.124 161.232
174.384 124.990
174.644 210.750
174.903 356.512
175.163 328.277
175.423 298.043
175.683 117.812
175.943 171.583
176.203 142.357
176.463 108.132
176.723 118.910
176.983 155.689
177.242 166.471
177.502 302.254
177.762 274.040
178.022 79.827
178.282 76.616
178.542 53.407
178.802 115.200
179.062 110.995
179.322 275.792
179.581 347.590
179.841 209.390
180.101 280.192
180.361 250.996
180.621 225.801
180.881 178.608
181.141 145.416
181.401 146.226
181.661 207.038
181.920 288.851
182.180 181.665
182.440 123.481
182.700 67.299
182.960 48.117
183.220 107.938
183.480 308.759
183.740 214.582
184.000 157.406
184.259 42.232
184.519 170.058
184.779 191.886
185.039 213.716
185.299 306.546
185.559 292.377
185.819 270.210
186.079 234.043
186.339 171.878
186.598 138.714
186.858 -32.449
187.118 14.389
187.378 234.227
187.638 255.067
187.898 243.908
188.158 289.749
188.418 156.591
188.678 132.435
188.937 209.279
189.197 281.124
189.457 275.969
189.717 187.816
189.977 103.663
190.237 107.511
190.497 280.359
190.757 254.208
191.017 236.058
191.276 123.908
191.536 110.759
191.796 80.611
192.056 105.463
192.316 219.316
192.576 172.169
192.836 98.022
193.096 112.876
193.356 119.731
193.616 141.586
193.875 158.441
194.135 167.297
194.395 287.153
194.655 298.009
194.915 262.866
195.175 195.722
195.435 291.580
195.695 135.437
195.955 0.295
196.214 169.153
196.474 305.011
196.734 279.869
196.994 270.727
197.254 286.586
197.514 236.444
197.774 200.303
198.034 110.162
198.294 88.020
198.553 216.879
198.813 188.738
199.073 43.597
199.333 131.455
199.593 296.314
199.853 294.173
200.113 349.031
200.373 305.890
200.633 115.748
200.892 135.606
201.152 148.464
201.412 145.322
201.672 229.180
201.932 397.037
202.192 362.895
202.452 193.752
202.712 157.608
202.972 263.465
203.231 364.321
203.491 314.177
203.751 265.032
204.011 259.888
204.271 321.743
204.531 157.597
204.791 140.451
205.051 171.305
205.311 275.158
205.570 189.011
205.830 186.863
206.090 171.715
206.350 342.567
206.610 478.418
206.870 230.268
207.130 219.118
207.390 255.968
207.650 214.817
207.909 230.665
208.169 307.513
208.429 277.360
208.689 109.206
208.949 237.052
209.209 406.897
209.469 170.742
209.729 96.586
209.989 189.429
210.248 122.272
210.508 385.114
210.768 318.955
211.028 198.796
211.288 292.636
211.548 275.475
211.808 323.313
212.068 426.150
212.328 406.987
212.587 374.823
212.847 293.658
213.107 340.493
213.367 326.326
213.627 238.159
213.887 270.991
214.147 187.822
214.407 239.652
214.667 220.481
214.926 266.309
215.186 227.137
215.446 290.963
215.706 224.789
215.966 234.614
216.226 262.437
216.486 264.260
216.746 318.082
217.006 330.903
217.265 259.723
217.525 192.542
217.785 286.360
218.045 306.176
218.305 193.992
218.565 189.807
218.825 268.621
219.085 381.434
219.345 265.246
219.604 190.056
219.864 267.866
220.124 260.674
220.384 287.482
220.644 235.288
220.904 194.094
221.164 276.898
221.424 290.701
221.684 213.503
221.943 316.303
222.203 390.103
222.463 229.902
222.723 111.699
222.983 282.495
223.243 251.290
223.503 294.084
223.763 205.877
224.023 194.668
224.282 335.459
224.542 349.248
224.802 304.036
225.062 320.823
225.322 459.608
225.582 389.392
225.842 284.175
226.102 331.957
226.362 355.738
226.621 386.517
226.881 288.295
227.141 339.072
227.401 345.848
227.661 246.622
227.921 437.395
228.181 334.167
228.441 243.937
228.701 451.706
228.960 449.474
229.220 230.241
229.480 186.006
229.740 347.770
230.000 480.533
230.260 292.294
230.520 178.054
230.780 250.813
231.040 316.570
231.299 225.326
231.559 235.081
231.819 295.835
232.079 379.587
232.339 371.337
232.599 184.087
232.859 292.835
233.119 403.581
233.379 276.327
233.638 257.070
233.898 415.813
234.158 380.554
234.418 240.294
234.678 339.032
234.938 356.769
235.198 247.505
235.458 218.239
235.718 307.972
235.978 290.704
236.237 296.434
236.497 298.162
236.757 357.890
237.017 302.616
237.277 326.340
237.537 374.063
237.797 269.785
238.057 338.505
238.317 316.224
238.576 203.941
238.836 266.657
239.096 363.372
239.356 335.085
239.616 375.797
239.876 350.507
240.136 268.216
240.396 359.924
240.656 431.630
240.915 381.334
241.175 352.037
241.435 257.739
241.695 352.439
241.955 488.138
242.215 536.836
242.475 441.532
242.735 270.226
242.995 358.919
243.254 368.611
243.514 279.301
243.774 91.990
244.034 232.677
244.294 586.363
244.554 427.047
244.814 354.730
245.074 293.412
245.334 284.092
245.593 298.770
245.853 319.448
246.113 280.123
246.373 425.798
246.633 479.470
246.893 379.142
247.153 330.812
247.413 429.480
247.673 416.147
247.932 359.812
248.192 439.477
248.452 470.139
248.712 405.800
248.972 219.460
249.232 386.118
249.492 326.775
249.752 210.430
250.012 402.084
250.271 356.737
250.531 371.388
250.791 566.037
251.051 562.685
251.311 381.332
251.571 230.977
251.831 356.621
252.091 450.263
252.351 337.904
252.610 310.543
252.870 411.181
253.130 369.818
253.390 354.453
253.650 436.086
253.911 428.719
254.172 452.349
254.433 422.978
254.694 334.606
254.955 383.233
255.216 340.858
255.477 499.481
255.738 448.103
255.999 283.724
256.261 462.343
256.522 483.960
256.783 458.577
257.044 313.192
257.305 176.805
257.566 185.417
257.827 199.027
258.088 291.637
258.349 338.244
258.610 402.850
258.871 423.455
259.132 485.059
259.393 363.661
259.654 244.261
259.915 247.860
260.176 339.458
260.437 406.054
260.698 346.649
260.959 301.243
261.221 422.835
261.482 494.425
261.743 422.014
262.004 426.602
262.265 605.189
262.526 552.774
262.787 313.357
263.048 292.939
263.309 349.520
263.570 484.100
263.831 456.678
264.092 390.254
264.353 281.829
264.614 491.403
264.875 474.976
265.136 374.547
265.397 595.116
265.658 645.684
265.919 616.251
266.181 520.817
266.442 400.381
266.703 342.944
266.964 293.505
267.225 287.065
267.486 393.623
267.747 480.181
268.008 471.737
268.269 555.291
268.530 517.844
268.791 523.396
269.052 541.946
269.313 498.495
269.574 469.043
269.835 417.589
270.096 421.134
270.357 462.678
270.618 416.220
270.879 363.761
271.141 402.301
271.402 383.839
271.663 324.376
271.924 381.912
272.185 406.446
272.446 408.979
272.707 450.511
272.968 417.041
273.229 328.570
273.490 391.098
273.751 376.624
274.012 403.149
274.273 467.673
274.534 401.195
274.795 439.716
275.056 415.236
275.317 268.754
275.578 254.271
275.839 360.787
276.101 350.302
276.362 317.815
276.623 354.327
276.884 487.838
277.145 456.347
277.406 427.855
277.667 341.362
277.928 340.868
278.189 476.372
278.450 460.875
278.711 428.377
278.972 408.877
279.233 362.376
279.494 429.874
279.755 502.371
280.016 589.866
280.277 458.360
280.538 493.853
280.799 399.345
281.061 426.835
281.322 435.324
281.583 367.812
281.844 271.299
282.105 317.784
282.366 455.268
282.627 427.751
282.888 479.233
283.149 460.713
283.410 426.193
283.671 460.671
283.932 427.148
284.193 258.623
284.454 326.097
284.715 409.571
284.976 373.043
285.237 501.513
285.498 725.983
285.759 590.451
286.021 525.918
286.282 485.384
286.543 511.849
286.804 464.312
287.065 464.775
287.326 490.236
287.587 361.696
287.848 486.155
288.109 547.612
288.370 478.069
288.631 331.524
288.892 293.978
289.153 378.431
289.414 362.883
289.675 565.333
289.936 664.783
290.197 574.231
290.458 464.678
290.719 407.124
290.981 584.569
291.242 615.013
291.503 555.455
291.764 386.897
292.025 253.337
292.286 320.776
292.547 408.214
292.808 395.651
293.069 515.086
293.330 499.521
293.591 457.955
293.852 415.387
294.113 379.818
294.374 412.248
294.635 450.677
294.896 443.105
295.157 506.532
295.418 495.958
295.679 506.382
295.941 510.806
296.202 478.228
296.463 429.649
296.724 510.070
296.985 576.489
297.246 542.907
297.507 352.324
297.768 334.740
298.029 530.154
298.290 698.568
298.551 648.981
298.812 639.392
299.073 424.803
299.334 328.212
299.595 486.621
299.856 498.028
300.117 629.434
300.378 523.840
300.639 298.244
300.901 323.647
301.162 469.049
301.423 520.450
301.684 655.850
301.945 680.249
302.206 419.647
302.467 449.044
302.728 408.440
302.989 452.835
303.250 538.228
303.511 623.621
303.772 531.013
304.033 463.404
304.294 431.794
304.555 436.182
304.816 527.570
305.077 524.957
305.338 413.342
305.599 395.727
305.861 475.111
306.122 518.494
306.383 434.875
306.644 436.256
306.905 339.636
307.166 529.015
307.427 564.393
307.688 468.769
307.949 449.145
308.210 500.520
308.471 490.894
308.732 410.267
308.993 323.639
309.254 385.010
309.515 310.380
309.776 473.749
310.037 513.117
310.298 323.484
310.559 361.851
310.821 493.216
311.082 507.580
311.343 415.943
311.604 365.306
311.865 334.667
312.126 319.028
312.387 392.388
312.648 454.746
312.909 422.104
313.170 487.461
313.434 524.817
313.698 468.172
313.963 484.526
314.227 363.879
314.491 390.231
314.755 524.583
315.019 532.933
315.284 324.283
315.548 439.631
315.812 472.979
316.076 586.326
316.340 518.672
316.604 491.017
316.869 551.361
317.133 481.704
317.397 542.047
317.661 581.388
317.925 481.729
318.190 483.069
318.454 449.407
318.718 442.745
318.982 525.083
319.246 592.419
319.511 707.754
319.775 530.089
320.039 539.422
320.303 520.755
320.567 597.087
320.832 584.418
321.096 471.748
321.360 478.078
321.624 467.406
321.888 422.734
322.153 446.061
322.417 352.387
322.681 268.712
322.945 490.036
323.209 534.360
323.473 470.682
323.738 486.004
324.002 443.325
324.266 578.645
324.530 542.965
324.794 439.283
325.059 408.601
325.323 369.918
325.587 430.234
325.851 417.549
326.115 610.864
326.380 551.178
326.644 517.490
326.908 538.802
327.172 487.114
327.436 536.424
327.701 496.734
327.965 503.043
328.229 564.351
328.493 368.658
328.757 401.965
329.022 499.270
329.286 415.575
329.550 434.879
329.814 444.183
330.078 462.485
330.342 375.787
330.607 439.088
330.871 547.389
331.135 683.688
331.399 668.987
331.663 556.285
331.928 500.582
332.192 526.879
332.456 532.175
332.720 602.470
332.984 526.764
333.249 489.057
333.513 434.350
333.777 367.642
334.041 325.933
334.305 397.224
334.570 473.514
334.834 373.803
335.098 573.091
335.362 644.378
335.626 545.665
335.891 449.951
336.155 484.237
336.419 463.521
336.683 296.805
336.947 447.089
337.211 503.371
337.476 390.653
337.740 457.934
338.004 493.214
338.268 504.494
338.532 548.773
338.797 482.051
339.061 591.329
339.325 639.606
339.589 658.882
339.853 524.157
340.118 479.432
340.382 580.706
340.646 695.979
340.910 475.252
341.174 450.524
341.439 451.795
341.703 488.066
341.967 439.336
342.231 438.605
342.495 439.874
342.759 614.142
343.024 597.409
343.288 656.675
343.552 561.941
343.816 307.207
344.080 380.471
344.345 498.735
344.609 363.998
344.873 326.261
345.137 512.523
345.401 559.784
345.666 350.045
345.930 577.305
346.194 626.564
346.458 418.822
346.722 429.080
346.987 418.338
347.251 502.595
347.515 678.851
347.779 523.106
348.043 456.361
348.308 453.615
348.572 403.869
348.836 349.121
349.100 351.374
349.364 303.625
349.628 337.876
349.893 447.127
350.157 551.377
350.421 520.626
350.685 513.874
350.949 474.122
351.214 376.369
351.478 452.616
351.742 479.862
352.006 468.108
352.270 461.352
352.535 426.597
352.799 424.840
353.063 537.083
353.327 472.326
353.591 418.568
353.856 460.809
354.120 467.049
354.384 600.289
354.648 624.529
354.912 511.768
355.177 450.006
355.441 420.244
355.705 635.481
355.969 673.717
356.233 595.953
356.497 522.188
356.762 494.423
357.026 496.657
357.290 501.891
357.554 494.124
357.818 562.356
358.083 576.588
358.347 546.820
358.611 519.050
358.875 546.281
359.139 545.510
359.404 449.739
359.668 520.968
359.932 653.196
360.196 644.423
360.460 520.650
360.725 513.876
360.989 561.102
361.253 720.327
361.517 623.551
361.781 591.776
362.046 598.999
362.310 622.222
362.574 612.444
362.838 485.666
363.102 487.888
363.366 585.108
363.631 476.329
363.895 489.548
364.159 616.768
364.423 585.986
364.687 624.204
364.952 664.422
365.216 644.639
365.480 548.855
365.747 427.071
366.013 470.287
366.280 448.502
366.546 491.716
366.813 498.930
367.079 546.144
367.346 617.357
367.612 571.569
367.879 577.781
368.145 624.992
368.412 506.203
368.678 525.413
368.945 587.623
369.211 494.832
369.478 526.041
369.744 526.249
370.011 479.457
370.278 476.665
370.544 496.871
370.811 562.078
371.077 564.283
371.344 542.489
371.610 536.694
371.877 540.898
372.143 613.102
372.410 648.305
372.676 718.508
372.943 667.710
373.209 552.912
373.476 523.114
373.742 465.315
374.009 574.515
374.276 592.715
374.542 574.914
374.809 471.113
375.075 314.312
375.342 339.510
375.608 348.708
375.875 410.905
376.141 648.101
376.408 623.298
376.674 580.493
376.941 545.689
377.207 527.883
377.474 877.078
377.740 743.271
378.007 449.465
378.273 551.658
378.540 620.850
378.807 505.042
379.073 442.234
379.340 460.425
379.606 511.616
379.873 536.806
380.139 555.996
380.406 611.185
380.672 546.374
380.939 489.562
381.205 449.750
381.472 356.938
381.738 340.125
382.005 520.311
382.271 572.498
382.538 553.683
382.804 698.869
383.071 605.054
383.338 547.238
383.604 564.422
383.871 669.606
384.137 663.789
384.404 541.972
384.670 519.154
384.937 484.336
385.203 613.517
385.470 574.698
385.736 581.879
386.003 556.059
386.269 563.239
386.536 531.418
386.802 539.597
387.069 566.775
387.336 701.954
387.602 697.131
387.869 453.308
388.135 437.485
388.402 401.662
388.668 493.838
388.935 599.013
389.201 719.189
389.468 650.363
389.734 650.538
390.001 624.712
390.267 529.885
390.534 589.058
390.800 619.231
391.067 715.404
391.333 635.576
391.600 483.747
391.867 543.918
392.133 537.089
392.400 442.259
392.666 390.429
392.933 558.599
393.199 711.768
393.466 547.937
393.732 531.105
393.999 650.273
394.265 638.441
394.532 536.608
394.798 602.775
395.065 529.942
395.331 577.108
395.598 570.274
395.864 532.439
396.131 635.604
396.398 728.769
396.664 807.933
396.931 792.097
397.197 875.260
397.464 866.423
397.730 1107.586
397.997 1200.748
398.263 1170.910
398.530 1262.072
398.796 1547.233
399.063 1735.394
399.329 1678.554
399.596 1911.714
399.862 2028.874
400.129 2118.034
400.396 2240.193
400.662 2117.351
400.929 2217.510
401.195 2410.668
401.462 2591.825
401.728 2616.982
401.995 2569.139
402.261 2395.296
402.528 2465.452
402.794 2480.608
403.061 2511.763
403.327 2621.918
403.594 2417.073
403.860 2246.228
404.127 2181.382
404.393 2287.535
404.660 2182.689
404.931 2101.842
405.202 2012.994
405.473 1912.147
405.745 2011.299
406.016 2237.450
406.287 2090.602
406.558 1991.753
406.829 2100.903
407.100 1999.054
407.371 2203.203
407.642 2245.353
407.914 2153.502
408.185 2114.651
408.456 2034.800
408.727 2169.948
408.998 2197.096
409.269 2382.244
409.540 2447.391
409.811 2168.538
410.083 2155.685
410.354 2103.831
410.625 1972.977
410.896 2070.122
411.167 2198.268
411.438 2236.413
411.709 1960.557
411.981 2049.702
412.252 1898.846
412.523 1666.990
412.794 1795.133
413.065 1777.276
413.336 1554.419
413.607 1681.561
413.878 1632.703
414.150 1418.845
414.421 1258.987
414.692 1196.128
414.963 1097.269
415.234 1215.409
415.505 1185.549
415.776 1237.689
416.047 1108.829
416.319 1083.968
416.590 950.107
416.861 730.246
417.132 890.384
417.403 858.522
417.674 728.660
417.945 640.798
418.217 650.935
418.488 771.072
418.759 591.208
419.030 553.345
419.301 612.481
419.572 669.616
419.843 633.752
420.114 523.887
420.386 574.022
420.657 734.156
420.928 626.290
421.199 549.424
421.470 564.558
421.741 493.691
422.012 496.824
422.283 474.957
422.555 511.089
422.826 568.222
423.097 645.353
423.368 615.485
423.639 480.616
423.910 584.747
424.181 582.878
424.453 508.009
424.724 795.139
424.995 886.269
425.266 634.398
425.537 576.527
425.808 683.657
426.079 715.785
426.350 662.914
426.622 621.042
426.893 717.170
427.164 699.298
427.435 623.425
427.706 596.552
427.977 593.679
428.248 588.805
428.519 677.932
428.791 641.058
429.062 764.183
429.333 663.309
429.604 580.434
429.875 670.559
430.146 748.684
430.417 730.808
430.689 700.932
430.960 589.056
431.231 592.180
431.502 776.303
431.773 810.426
432.044 694.549
432.315 816.671
432.586 768.794
432.858 751.916
433.129 573.037
433.400 629.159
433.671 666.280
433.942 601.401
434.213 516.522
434.484 511.642
434.755 579.763
435.027 462.882
435.298 554.002
435.569 658.122
435.840 522.241
436.116 522.360
436.391 608.478
436.667 605.597
436.942 680.715
437.218 764.833
437.493 733.951
437.769 747.068
438.045 674.185
438.320 606.302
438.596 611.419
438.871 559.535
439.147 568.652
439.422 481.767
439.698 483.883
439.974 525.999
440.249 659.114
440.525 723.229
440.800 472.344
441.076 547.458
441.351 704.572
441.627 737.686
441.903 655.800
442.178 504.914
442.454 551.027
442.729 741.140
443.005 558.253
443.281 619.365
443.556 768.478
443.832 623.590
444.107 509.702
444.383 528.813
444.658 550.925
444.934 456.036
445.210 633.147
445.485 743.258
445.761 764.368
446.036 667.478
446.312 712.588
446.587 703.698
446.863 460.808
447.139 519.917
447.414 626.026
447.690 679.135
447.965 690.244
448.241 607.352
448.516 594.460
448.792 541.568
449.068 582.676
449.343 619.784
449.619 497.891
449.894 528.998
450.170 550.105
450.445 733.212
450.721 753.318
450.997 494.424
451.272 617.530
451.548 608.636
451.823 509.742
452.099 577.847
452.375 547.952
452.650 512.057
452.926 570.162
453.201 639.266
453.477 879.371
453.752 707.475
454.028 575.579
454.304 676.682
454.579 758.786
454.855 672.889
455.130 668.992
455.406 851.095
455.681 786.197
455.957 630.299
456.233 647.402
456.508 668.504
456.784 730.605
457.059 634.707
457.335 776.808
457.610 752.909
457.886 677.010
458.162 620.111
458.437 623.211
458.713 732.312
458.988 756.412
459.264 787.512
459.539 754.611
459.815 659.711
460.091 567.810
460.366 532.909
460.642 495.008
460.917 541.107
461.193 582.205
461.468 522.304
461.744 528.402
462.020 443.500
462.295 516.597
462.571 513.695
462.846 580.792
463.122 711.889
463.397 712.986
463.673 596.486
463.949 605.574
464.224 622.653
464.500 685.686
464.775 571.468
465.051 593.377
465.327 673.985
465.602 795.164
465.878 786.064
466.153 601.741
466.429 827.212
466.704 1030.074
466.980 935.228
467.256 939.323
467.531 1019.436
467.807 997.506
468.082 1012.629
468.358 970.668
468.633 998.786
468.909 990.847
469.185 953.746
469.460 1091.619
469.736 1139.136
470.011 936.812
470.287 1004.373
470.562 1117.378
470.838 1035.853
471.114 1199.618
471.389 1259.307
471.665 1194.949
471.940 1218.518
472.216 1201.404
472.491 1029.461
472.767 1006.256
473.043 1165.577
473.318 1281.287
473.594 1065.487
473.869 995.451
474.145 958.920
474.421 916.285
474.696 840.079
474.972 679.110
475.247 718.629
475.523 807.601
475.798 810.553
476.074 755.846
476.350 735.570
476.625 682.383
476.901 743.634
477.176 709.362
477.452 542.910
477.727 571.483
478.003 433.796
478.279 650.348
478.554 766.290
478.830 711.207
479.105 757.566
479.381 699.076
479.656 577.460
479.932 645.857
480.208 740.432
480.483 749.882
480.759 777.268
481.034 688.691
481.310 612.009
481.585 629.006
481.861 682.519
482.137 635.593
482.412 630.008
482.688 632.844
482.963 685.453
483.239 765.011
483.514 551.668
483.790 594.648
484.066 833.898
484.341 730.355
484.617 642.970
484.892 709.435
485.168 689.617
485.443 587.622
485.719 595.656
485.995 677.889
486.270 680.272
486.546 621.639
486.821 506.982
487.097 504.088
487.373 594.401
487.648 727.169
487.924 677.370
488.199 483.268
488.475 354.664
488.750 400.126
489.026 568.409
489.302 543.955
489.577 554.284
489.853 634.134
490.128 741.950
490.404 625.842
490.679 478.171
490.955 720.205
491.231 786.754
491.506 733.786
491.782 617.050
492.057 570.535
492.333 709.556
492.608 604.936
492.884 574.680
493.160 461.254
493.435 435.765
493.711 583.881
493.986 558.899
494.262 553.641
494.537 543.914
494.813 601.442
495.089 454.761
495.364 530.476
495.640 645.483
495.915 538.485
496.191 663.637
496.467 625.943
496.742 552.126
497.018 644.111
497.293 595.815
497.569 686.400
497.844 615.557
498.120 634.444
498.396 639.747
498.671 618.610
498.947 667.344
499.222 612.416
499.498 553.399
499.773 693.772
500.049 710.185
500.325 657.076
500.600 723.465
500.876 665.204
501.151 836.122
501.427 876.192
501.702 915.338
501.978 886.267
502.254 918.338
502.529 834.993
502.805 982.937
503.080 1103.961
503.356 932.596
503.631 897.248
503.907 953.794
504.183 909.333
504.458 1018.719
504.734 999.562
505.009 1043.113
505.285 976.428
505.560 935.069
505.836 949.246
506.112 986.768
506.387 929.149
506.663 879.748
506.938 877.798
507.214 901.125
507.490 950.792
507.765 985.222
508.041 1051.893
508.316 1009.583
508.592 889.796
508.867 913.117
509.143 967.546
509.419 881.185
509.694 781.192
509.970 774.242
510.245 704.693
510.521 776.058
510.796 670.458
511.072 635.562
511.348 672.250
511.623 685.280
511.899 679.329
512.174 690.640
512.450 714.824
512.725 738.702
513.001 596.313
513.277 526.484
513.552 724.128
513.828 712.905
514.103 658.082
514.379 750.514
514.654 597.529
514.930 625.891
515.206 931.526
515.481 809.904
515.757 609.559
516.032 590.437
516.308 682.123
516.583 746.888
516.859 672.471
517.135 670.588
517.410 723.772
517.686 743.273
517.961 709.323
518.237 675.034
518.513 602.155
518.788 763.145
519.064 806.137
519.339 714.226
519.615 607.422
519.890 654.151
520.166 713.315
520.442 856.098
520.717 933.158
520.993 949.534
521.268 751.377
521.544 741.815
521.819 681.855
522.095 740.763
522.371 887.766
522.646 860.023
522.922 968.456
523.197 899.552
523.473 947.556
523.748 924.651
524.024 878.779
524.300 869.271
524.575 810.958
524.851 891.402
525.126 909.731
525.402 957.552
525.677 1088.713
525.953 1000.734
526.229 974.981
526.504 899.419
526.780 1000.914
527.055 964.611
527.331 975.197
527.606 1028.873
527.882 993.498
528.158 834.548
528.433 1028.147
528.709 1002.295
528.984 924.619
529.260 945.687
529.535 975.578
529.811 810.411
530.087 749.470
530.362 723.276
530.638 829.472
530.913 937.206
531.189 916.934
531.465 799.232
531.740 807.792
532.016 868.594
532.291 841.573
532.567 863.611
532.842 872.390
533.118 824.798
533.394 931.483
533.669 785.493
533.945 663.956
534.220 705.843
534.496 814.670
534.771 810.649
535.047 848.571
535.323 816.254
535.598 772.589
535.874 807.581
536.149 837.754
536.425 758.396
536.700 720.293
536.976 808.038
537.252 899.173
537.527 808.758
537.803 863.825
538.078 977.809
538.354 1067.345
538.629 1026.130
538.905 1101.975
539.181 1190.990
539.456 1150.613
539.732 1232.754
540.007 1262.426
540.283 1127.366
540.558 1121.374
540.834 1169.149
541.110 1161.452
541.385 1173.390
541.661 1327.902
541.936 1389.730
542.212 1299.598
542.488 1275.868
542.763 1395.845
543.039 1447.881
543.314 1460.834
543.590 1442.480
543.865 1467.362
544.141 1475.362
544.417 1526.063
544.692 1522.146
544.968 1617.534
545.243 1525.758
545.519 1297.883
545.794 1337.996
546.070 1447.395
546.348 1404.114
546.627 1223.847
546.905 1313.677
547.183 1338.928
547.461 1466.092
547.740 1507.855
548.018 1324.518
548.296 1170.327
548.575 1163.430
548.853 1159.512
549.131 1198.295
549.409 1268.588
549.688 1391.658
549.966 1370.878
550.244 1427.480
550.523 1381.520
550.801 1340.601
551.079 1453.077
551.357 1554.020
551.636 1547.597
551.914 1566.294
552.192 1425.321
552.471 1462.318
552.749 1621.066
553.027 1608.696
553.306 1710.411
553.584 1841.240
553.862 1805.102
554.140 1914.191
554.419 1954.651
554.697 2120.227
554.975 2160.278
555.254 2150.397
555.532 1950.106
555.810 2060.450
556.088 2277.520
556.367 2091.592
556.645 1882.410
556.923 1944.717
557.202 1879.709
557.480 1918.711
557.758 1730.673
558.036 1682.227
558.315 1675.147
558.593 1731.344
558.871 1698.480
559.150 1638.242
559.428 1677.251
559.706 1589.066
559.984 1587.581
560.263 1766.427
560.541 1715.915
560.819 1605.863
561.098 1568.208
561.376 1455.757
561.654 1300.036
561.932 1135.792
562.211 1168.240
562.489 1231.689
562.767 1156.659
563.046 947.443
563.324 858.290
563.602 897.587
563.880 796.006
564.159 905.458
564.437 942.030
564.715 747.204
564.994 666.637
565.272 770.331
565.550 661.299
565.828 566.011
566.107 669.063
566.385 666.553
566.663 571.910
566.942 617.656
567.220 667.654
567.498 830.843
567.776 690.505
568.055 592.475
568.333 663.675
568.611 745.926
568.890 676.608
569.168 593.984
569.446 608.131
569.725 570.496
570.003 475.856
570.281 477.330
570.559 599.233
570.838 631.805
571.116 682.851
571.394 697.432
571.673 753.441
571.951 683.345
572.229 647.468
572.507 630.651
572.786 642.010
573.064 682.603
573.342 665.122
573.621 514.271
573.899 550.414
574.177 813.693
574.455 782.276
574.734 632.402
575.012 698.005
575.290 655.639
575.569 687.700
575.847 758.097
576.125 704.168
576.403 584.080
576.682 658.446
576.960 696.241
577.243 721.192
577.527 656.923
577.810 520.022
578.093 534.387
578.377 537.465
578.660 562.213
578.944 593.879
579.227 585.199
579.510 665.110
579.794 605.299
580.077 580.958
580.360 663.920
580.644 619.937
580.927 578.849
581.210 616.667
581.494 582.083
581.777 669.111
582.061 636.953
582.344 578.809
582.627 509.063
582.911 529.048
583.194 522.634
583.477 671.381
583.761 693.381
584.044 713.385
584.327 692.164
584.611 610.290
584.894 583.361
585.178 568.420
585.461 610.422
585.744 666.409
586.028 557.119
586.311 564.163
586.594 644.207
586.878 599.250
587.161 602.294
587.444 737.337
587.728 672.380
588.011 700.423
588.295 600.467
588.578 642.867
588.861 792.760
589.145 667.596
589.428 627.266
589.711 512.681
589.995 523.201
590.278 710.057
590.562 649.809
590.845 570.282
591.128 793.308
591.412 733.470
591.695 624.355
591.978 740.540
592.262 690.373
592.545 538.490
592.828 717.712
593.112 598.395
593.395 528.646
593.679 520.193
593.962 662.665
594.245 671.002
594.529 604.377
594.812 488.509
595.095 432.320
595.379 637.064
595.662 682.470
595.945 587.494
596.229 476.833
596.512 536.325
596.796 636.006
597.079 671.060
597.362 797.834
597.646 774.335
597.929 650.736
598.212 673.848
598.496 676.853
598.779 697.943
599.062 768.072
599.346 682.228
599.629 575.087
599.913 580.471
600.196 666.225
600.479 677.420
600.763 623.940
601.046 510.658
601.329 596.830
601.613 686.745
601.896 615.988
602.179 737.229
602.463 698.958
602.746 718.644
603.030 765.834
603.313 687.594
603.596 523.747
603.880 589.939
604.163 612.527
604.446 615.883
604.730 546.382
605.013 626.121
605.296 764.873
605.580 641.502
605.863 664.068
606.147 548.533
606.430 537.798
606.713 697.779
606.997 661.282
607.280 830.928
607.563 767.365
607.847 672.811
608.130 663.393
608.414 738.124
608.697 694.130
608.980 691.910
609.264 797.528
609.547 660.643
609.830 684.187
610.114 696.957
610.397 665.653
610.680 736.467
610.964 711.478
611.247 704.652
611.531 696.549
611.814 574.898
612.097 562.178
612.381 710.683
612.664 845.863
612.947 665.331
613.231 624.151
613.514 649.359
613.797 754.504
614.081 788.922
614.364 755.560
614.648 657.364
614.931 595.515
615.214 599.481
615.498 662.054
615.781 706.049
616.064 659.826
616.348 814.390
616.631 807.346
616.914 853.832
617.198 797.567
617.481 730.608
617.765 733.337
618.048 754.828
618.331 688.724
618.615 678.571
618.898 834.733
619.181 819.947
619.465 725.839
619.748 679.386
620.031 659.302
620.315 632.241
620.598 654.730
620.882 694.145
621.165 890.696
621.448 852.958
621.732 770.260
622.015 665.818
622.298 621.319
622.582 711.796
622.865 692.562
623.148 593.697
623.432 730.056
623.715 652.014
623.999 806.818
624.282 771.519
624.565 818.378
624.849 690.647
625.132 579.172
625.415 782.836
625.699 901.724
625.982 787.734
626.265 641.738
626.549 587.590
626.832 754.292
627.116 809.883
627.399 612.948
627.682 619.812
627.966 642.385
628.249 626.683
628.532 559.757
628.816 711.126
629.099 602.231
629.383 652.714
629.666 711.385
629.949 596.743
630.233 559.806
630.516 631.515
630.799 663.930
631.083 589.021
631.366 528.840
631.649 519.937
631.933 500.852
632.216 656.003
632.500 720.971
632.783 742.205
633.066 735.955
633.350 658.492
633.633 673.333
633.916 679.429
634.200 605.599
634.483 654.860
634.766 713.187
635.050 681.658
635.333 534.514
635.617 585.762
635.900 672.835
636.183 741.603
636.467 639.799
636.750 668.812
637.033 697.145
637.317 604.898
637.600 585.564
637.883 612.275
638.167 621.112
638.450 598.444
638.734 574.131
639.017 612.551
639.300 651.907
639.584 580.234
639.867 732.743
640.150 685.066
640.434 730.933
640.717 737.757
641.000 708.815
641.284 740.621
641.567 624.413
641.851 668.095
642.134 828.402
642.417 733.266
642.701 811.624
642.984 834.260
643.267 786.227
643.551 679.516
643.834 637.071
644.117 704.856
644.401 632.445
644.684 679.335
644.968 785.805
645.251 737.255
645.534 638.786
645.818 617.239
646.101 776.534
646.384 854.498
646.668 848.894
646.951 751.271
647.235 758.585
647.518 762.374
647.801 895.862
648.085 952.328
648.368 972.989
648.651 883.733
648.935 1005.953
649.218 1148.167
649.501 1066.338
649.785 1052.181
650.068 1247.591
650.352 1313.954
650.635 1357.759
650.918 1376.102
651.202 1445.513
651.485 1605.509
651.768 1722.083
652.052 1748.010
652.335 1798.179
652.618 1862.069
652.902 2014.160
653.185 2326.716
653.469 2310.632
653.752 2326.085
654.035 2387.258
654.319 2541.738
654.602 2650.329
654.885 2680.007
655.169 2762.276
655.452 2685.066
655.735 2698.673
656.019 2738.441
656.302 2619.022
656.586 2651.194
656.869 2830.177
657.152 2813.835
657.436 2773.103
657.719 2893.629
658.002 2935.718
658.286 2917.501
658.569 2659.935
658.852 2584.991
659.136 2630.878
659.419 2463.396
659.703 2298.959
659.986 2359.902
660.269 2370.837
660.553 2176.385
660.836 2228.244
661.119 2285.184
661.403 2224.695
661.686 2188.891
661.969 2123.814
662.253 2100.344
662.536 2086.145
662.820 2099.185
663.103 2024.163
663.386 2024.193
663.670 2108.401
663.953 1980.680
664.236 2068.836
664.520 2010.101
664.803 1994.933
665.086 2066.829
665.370 2115.558
665.653 2171.312
665.937 2151.230
666.220 2052.882
666.503 2008.286
666.787 1975.861
667.070 1933.158
667.353 1906.764
667.637 1712.255
667.920 1797.477
668.204 1583.256
668.487 1337.099
668.770 1414.865
669.054 1211.227
669.337 1105.457
669.620 1019.859
669.904 905.814
670.187 964.870
670.470 1011.801
670.754 865.912
671.037 739.899
671.321 722.828
671.604 834.025
671.887 853.331
672.171 783.759
672.454 736.973
672.737 784.619
673.021 703.400
673.304 681.564
673.587 856.130
673.871 814.710
674.154 788.424
674.438 862.233
674.721 860.206
675.004 841.572
675.288 849.830
675.571 871.331
675.854 753.954
676.138 743.419
676.421 719.447
676.704 678.896
676.988 848.502
677.271 1013.662
677.555 912.360
677.838 775.883
678.121 817.465
678.405 764.320
678.688 898.923
678.971 698.534
679.255 768.064
679.538 841.743
679.821 856.293
680.105 755.445
680.388 657.861
680.672 629.467
680.955 678.351
681.238 764.412
681.522 743.894
681.805 716.009
682.088 781.958
682.372 832.853
682.655 716.839
682.938 803.506
683.222 864.076
683.505 766.782
683.789 852.494
684.072 809.679
684.355 768.152
684.639 757.741
684.922 670.085
685.205 694.121
685.489 821.496
685.772 789.989
686.056 806.533
686.339 866.183
686.622 699.475
686.906 649.398
687.189 808.088
687.472 920.850
687.756 718.665
688.039 626.541
688.322 577.507
688.606 788.389
688.889 808.249
689.173 700.760
689.456 813.522
689.739 811.461
690.023 743.905
690.306 724.119
690.589 700.474
690.873 720.583
691.156 773.680
691.439 693.581
691.723 600.995
692.006 695.398
692.290 693.978
692.573 768.050
692.856 835.914
693.140 850.448
693.423 747.109
693.706 634.956
693.990 618.156
694.273 660.932
694.556 841.906
694.840 857.117
695.123 765.348
695.407 784.191
695.690 680.645
695.973 730.856
696.257 789.861
696.540 916.646
696.830 833.509
697.120 789.342
697.410 841.944
697.699 762.132
697.989 947.851
698.279 861.669
698.569 640.524
698.859 777.844
699.149 888.753
699.439 807.176
699.729 698.213
700.018 705.381
700.308 801.527
700.598 725.099
700.888 638.563
701.178 822.711
701.468 770.177
701.758 633.656
702.048 682.265
702.337 613.212
702.627 744.188
702.917 753.294
703.207 711.519
703.497 737.990
703.787 641.795
704.077 654.537
704.366 694.411
704.656 583.407
704.946 540.681
705.236 543.161
705.526 735.258
705.816 764.223
706.106 524.203
706.396 571.513
706.685 575.792
706.975 517.225
707.265 499.375
707.555 663.250
707.845 637.182
708.135 512.329
708.425 471.307
708.715 565.763
709.004 757.915
709.294 678.886
709.584 678.556
709.874 746.626
710.164 654.933
710.454 573.246
710.744 595.408
711.034 669.794
711.323 689.168
711.613 635.057
711.903 798.663
712.193 780.987
712.483 622.701
712.773 645.339
713.063 572.456
713.352 587.027
713.642 613.273
713.932 732.098
714.222 724.852
714.512 649.267
714.802 646.772
715.092 655.515
715.382 579.801
715.671 573.877
715.961 586.280
716.251 510.194
716.541 625.220
716.831 697.718
717.121 544.246
717.411 644.662
717.701 712.626
717.990 615.996
718.280 534.612
718.570 526.992
718.860 544.640
719.150 558.553
719.440 509.377
719.730 581.518
720.019 816.671
720.309 679.937
720.599 573.941
720.889 546.352
721.179 662.163
721.469 682.933
721.759 628.000
722.049 661.578
722.338 553.258
722.628 574.515
722.918 621.969
723.208 659.724
723.498 554.938
723.788 616.128
724.078 790.355
724.368 698.361
724.657 631.235
724.947 667.545
725.237 706.820
725.527 776.339
725.817 656.035
726.107 589.294
726.397 544.828
726.686 511.966
726.976 619.337
727.266 736.379
727.556 642.589
727.846 751.654
728.136 720.967
728.426 580.912
728.716 526.669
729.005 702.078
729.295 613.920
729.585 469.502
729.875 532.566
730.165 593.239
730.455 668.914
730.745 681.234
731.035 636.594
731.324 709.838
731.614 682.266
731.904 550.783
732.194 667.421
732.484 632.099
732.774 621.419
733.064 598.093
733.354 455.117
733.643 540.372
733.933 590.547
734.223 504.798
734.513 660.763
734.803 754.111
735.093 623.400
735.383 556.646
735.672 618.189
735.962 722.159
736.252 531.835
736.542 559.342
736.832 588.745
737.122 508.950
737.412 521.715
737.702 633.140
737.991 640.030
738.281 640.325
738.571 651.504
738.861 604.578
739.151 584.913
739.441 676.787
739.731 576.512
740.021 605.254
740.310 694.628
740.600 745.679
740.890 537.333
741.180 598.631
741.470 631.228
741.760 682.580
742.050 856.341
742.339 747.274
742.629 603.871
742.919 736.433
743.209 530.192
743.499 519.856
743.789 585.737
744.079 602.588
744.369 650.478
744.658 588.358
744.948 412.548
745.238 612.184
745.528 661.757
745.818 760.648
746.108 672.373
746.398 667.102
746.688 634.351
746.977 777.370
747.267 629.425
747.557 709.593
747.847 749.374
748.137 667.552
748.427 645.681
748.717 537.778
749.006 440.745
749.296 625.466
749.586 655.709
749.876 777.895
750.166 672.337
750.456 603.236
750.746 630.803
751.036 550.982
751.325 613.876
751.615 608.514
751.905 653.489
752.195 684.161
752.485 628.181
752.775 659.860
753.065 601.821
753.355 775.013
753.644 733.991
753.934 596.663
754.224 587.056
754.514 771.400
754.804 570.043
755.094 488.819
755.384 552.027
755.674 639.308
755.963 744.643
756.253 660.068
756.543 668.452
756.833 693.935
757.123 679.201
757.413 631.662
757.703 565.349
757.992 521.147
758.282 637.108
758.572 680.983
758.862 594.570
759.152 646.850
759.442 620.115
759.732 691.108
760.022 708.213
760.311 626.449
760.601 520.834
760.891 668.740
761.181 693.212
761.471 662.741
761.761 512.369
762.051 484.190
762.341 675.875
762.630 760.159
762.920 649.402
763.210 638.986
763.500 706.841
763.793 659.528
764.086 656.525
764.379 611.617
764.671 728.336
764.964 665.980
765.257 667.004
765.550 667.359
765.843 512.136
766.136 583.727
766.429 555.519
766.722 656.690
767.014 591.661
767.307 402.950
767.600 439.222
767.893 538.473
768.186 525.386
768.479 580.848
768.772 706.874
769.064 667.577
769.357 611.535
769.650 588.984
769.943 783.777
770.236 640.794
770.529 490.248
770.822 533.613
771.115 638.469
771.407 710.776
771.700 711.803
771.993 779.207
772.286 726.975
772.579 733.316
772.872 544.826
773.165 525.691
773.457 671.878
773.750 670.555
774.043 563.610
774.336 606.621
774.629 658.843
774.922 625.217
775.215 593.953
775.508 589.753
775.800 504.670
776.093 696.536
776.386 695.852
776.679 603.922
776.972 677.454
777.265 868.811
777.558 887.069
777.850 700.265
778.143 685.207
778.436 646.678
778.729 618.910
779.022 650.083
779.315 559.648
779.608 506.399
779.900 582.798
780.193 591.860
780.486 611.364
780.779 635.843
781.072 565.082
781.365 638.886
781.658 670.669
781.951 607.433
782.243 694.409
782.536 712.889
782.829 634.592
783.122 645.654
783.415 707.209
783.708 700.205
784.001 696.210
784.293 730.329
784.586 716.588
784.879 746.665
785.172 722.912
785.465 569.344
785.758 598.419
786.051 653.546
786.344 737.255
786.636 854.126
786.929 679.969
787.222 618.160
787.515 561.884
787.808 573.765
788.101 588.766
788.394 771.600
788.686 864.524
788.979 791.405
789.272 722.698
789.565 668.101
789.858 556.341
790.151 543.926
790.444 524.962
790.737 563.503
791.029 534.451
791.322 640.255
791.615 591.777
791.908 602.965
792.201 640.304
792.494 631.706
792.787 703.802
793.079 834.131
793.372 689.890
793.665 685.609
793.958 655.715
794.251 670.686
794.544 755.692
794.837 810.300
795.130 686.686
795.422 645.825
795.715 626.898
796.008 610.574
796.301 654.194
796.594 606.401
796.887 699.046
797.180 712.720
797.472 540.254
797.765 474.467
798.058 555.684
798.351 573.203
798.644 531.344
798.937 509.426
799.230 598.575
799.523 938.171
799.815 870.390
800.108 612.181
800.401 537.421
800.694 643.761
800.987 605.249
801.280 665.415
801.573 721.374
801.865 759.352
802.158 664.797
802.451 610.921
802.744 574.010
803.037 602.968
803.330 628.561
803.623 744.716
803.915 679.861
804.208 549.686
804.501 635.887
804.794 686.954
805.087 678.283
805.380 541.381
805.673 528.842
805.966 625.955
806.258 593.531
806.551 667.028
806.844 688.127
807.137 700.895
807.430 535.548
807.723 516.487
808.016 734.374
808.308 792.205
808.601 608.902
808.894 510.545
809.187 585.596
809.480 682.608
809.773 646.761
810.066 659.500
810.359 765.919
810.651 719.044
810.944 491.520
811.237 523.313
811.530 653.500
811.825 555.185
812.119 472.904
812.414 403.293
812.709 569.372
813.003 643.414
813.298 595.256
813.593 630.925
813.887 623.217
814.182 933.827
814.476 841.389
814.771 711.455
815.066 626.447
815.360 539.444
815.655 480.516
815.950 521.711
816.244 618.369
816.539 762.357
816.834 732.810
817.128 731.532
817.423 794.002
817.718 970.277
818.012 689.175
818.307 378.033
818.602 544.032
818.896 680.687
819.191 634.126
819.486 587.043
819.780 711.672
820.075 854.539
820.369 765.318
820.664 618.092
820.959 712.310
821.253 730.680
821.548 652.975
821.843 700.036
822.137 701.819
822.432 701.212
822.727 673.804
823.021 603.542
823.316 713.905
823.611 741.593
823.905 605.704
824.200 603.421
824.495 703.866
824.789 713.374
825.084 705.262
825.379 674.375
825.673 684.606
825.968 719.932
826.262 681.515
826.557 692.205
826.852 688.300
827.146 702.116
827.441 698.205
827.736 760.532
828.030 709.283
828.325 481.369
828.620 638.496
828.914 757.150
829.209 633.996
829.504 855.255
829.798 810.074
830.093 625.300
830.388 566.118
830.682 518.017
830.977 705.869
831.271 776.880
831.566 601.050
831.861 597.722
832.155 590.054
832.450 689.074
832.745 796.556
833.039 634.813
833.334 557.962
833.629 646.038
833.923 589.611
834.218 594.702
834.513 572.315
834.807 547.115
835.102 475.491
835.397 500.280
835.691 512.092
835.986 541.072
836.281 562.022
836.575 525.282
836.870 538.918
837.164 577.582
837.459 485.234
837.754 576.068
838.048 620.261
838.343 597.376
838.638 590.711
838.932 615.712
839.227 605.095
839.522 649.132
839.816 666.986
840.111 558.002
840.406 576.320
840.700 743.722
840.995 905.722
841.290 914.255
841.584 766.464
841.879 758.599
842.174 693.765
842.468 656.331
842.763 531.083
843.057 609.668
843.352 640.966
843.647 643.336
843.941 631.372
844.236 705.832
844.531 724.133
844.825 720.454
845.120 830.109
845.415 861.348
845.709 718.203
846.004 743.347
846.299 602.993
846.593 730.454
846.888 740.504
847.183 661.016
847.477 620.016
847.772 713.221
848.066 715.183
848.361 634.822
848.656 674.329
848.950 675.886
849.245 762.486
849.540 650.373
849.834 784.008
850.129 767.720
850.424 683.657
850.718 683.308
851.013 768.380
851.308 689.442
851.602 722.752
851.897 827.997
852.192 897.294
852.486 744.050
852.781 670.754
853.076 799.062
853.370 842.785
853.665 842.800
853.959 832.899
854.254 708.817
854.549 902.785
854.843 787.766
855.138 645.886
855.433 749.359
855.727 850.335
856.022 667.468
856.317 672.372
856.611 717.044
856.906 656.282
857.201 730.673
857.495 853.213
857.790 834.397
858.085 806.011
858.379 757.836
858.674 684.598
858.969 607.357
859.263 703.700
859.558 661.741
859.852 624.037
860.147 710.401
860.442 751.802
860.736 553.280
861.031 713.272
861.326 797.111
861.620 674.162
861.915 759.915
862.210 752.117
862.504 593.132
862.799 722.812
863.094 784.054
863.388 660.322
863.683 609.793
863.978 589.713
864.272 632.695
864.567 692.626
864.861 644.068
865.156 612.197
865.451 485.025
865.745 663.338
866.040 779.292
866.335 773.580
866.629 790.286
866.924 680.175
867.219 604.076
867.513 705.000
867.808 642.123
868.103 595.967
868.397 674.323
868.692 736.610
868.987 617.816
869.281 557.053
869.576 718.717
869.871 741.033
870.165 664.311
870.460 576.012
870.754 600.724
871.049 554.901
871.344 612.230
871.638 699.274
871.933 626.972
872.228 643.099
872.522 604.519
872.817 694.141
873.112 891.804
873.406 756.523
873.701 796.535
873.996 792.074
874.290 664.856
874.585 591.732
874.880 659.065
875.174 625.249
875.469 593.738
875.764 636.613
876.058 618.653
876.353 487.097
876.647 409.766
876.942 500.555
877.237 560.373
877.531 621.757
877.826 656.448
878.121 609.910
878.415 632.134
878.710 601.940
879.005 705.728
879.299 592.528
879.594 554.735
879.889 463.060
880.183 521.301
880.478 598.427
880.773 604.790
881.067 627.905
881.362 639.771
881.656 539.171
881.951 551.645
882.246 532.584
882.540 565.714
882.835 548.540
883.130 582.023
883.424 571.277
883.719 523.625
884.014 640.709
884.308 586.402
884.603 513.969
884.898 547.909
885.192 638.576
885.487 584.385
885.782 509.843
886.076 624.944
886.371 604.981
886.666 417.902
886.960 494.598
887.255 523.709
887.549 486.143
887.844 662.203
888.139 754.026
888.433 663.726
888.728 569.307
889.023 584.415
889.317 626.828
889.612 526.194
889.907 558.482
890.201 602.740
890.496 627.858
890.791 598.161
891.085 571.165
891.380 550.874
891.675 528.403
891.969 571.699
892.264 509.405
892.559 512.509
892.853 640.068
893.148 536.812
893.442 511.206
893.737 608.668
894.032 541.181
894.326 463.658
894.621 530.628
894.916 490.542
895.210 521.837
895.505 564.749
895.800 528.123
896.094 435.409
896.389 464.545
896.684 518.852
896.978 513.108
897.273 458.322
897.568 587.785
897.862 653.744
898.157 542.347
898.451 625.138
898.746 628.687
899.041 723.142
899.335 686.837
899.630 573.980
899.925 573.481
900.219 654.093
900.514 760.854
900.809 610.759
901.103 423.183
901.398 601.700
901.693 547.217
901.987 544.150
902.282 660.327
902.577 498.267
902.871 402.467
903.166 542.889
903.461 655.884
903.755 652.905
904.050 618.827
904.344 477.219
904.639 439.132
904.934 470.954
905.228 521.271
905.523 484.819
905.818 516.824
906.112 660.978
906.407 580.051
906.702 539.518
906.996 562.527
907.291 543.310
907.586 505.198
907.880 654.631
908.175 632.509
908.470 601.609
908.764 639.220
909.059 701.085
909.354 632.118
909.648 540.468
909.943 526.779
910.237 663.159
910.532 723.047
910.827 749.637
911.121 674.188
911.416 612.937
911.711 629.490
912.005 656.442
912.300 620.762
912.599 677.074
912.898 618.804
913.196 608.476
913.495 653.013
913.794 788.065
914.093 666.637
914.391 597.190
914.690 708.945
914.989 680.672
915.288 730.419
915.586 634.598
915.885 493.474
916.184 438.124
916.483 471.905
916.782 579.005
917.080 610.969
917.379 603.655
917.678 599.521
917.977 674.954
918.275 648.167
918.574 675.638
918.873 690.534
919.172 649.993
919.471 561.932
919.769 605.494
920.068 534.072
920.367 522.663
920.666 513.154
920.964 632.888
921.263 547.412
921.562 551.374
921.861 645.918
922.159 576.376
922.458 641.371
922.757 634.498
923.056 584.252
923.355 598.711
923.653 676.096
923.952 631.567
924.251 512.120
924.550 666.329
924.848 719.697
925.147 593.006
925.446 499.359
925.745 600.759
926.043 589.017
926.342 602.780
926.641 575.393
926.940 637.315
927.239 651.321
927.537 755.983
927.836 631.005
928.135 594.769
928.434 750.460
928.732 740.267
929.031 724.127
929.330 749.212
929.629 645.932
929.927 620.496
930.226 570.923
930.525 611.768
930.824 729.438
931.123 656.423
931.421 742.715
931.720 701.753
932.019 770.487
932.318 774.845
932.616 697.633
932.915 669.826
933.214 698.057
933.513 742.223
933.812 717.484
934.110 699.820
934.409 802.282
934.708 714.704
935.007 924.877
935.305 895.391
935.604 679.077
935.903 785.776
936.202 815.783
936.500 945.701
936.799 1045.837
937.098 949.116
937.397 907.063
937.696 860.446
937.994 773.643
938.293 856.294
938.592 748.734
938.891 803.436
939.189 841.555
939.488 882.175
939.787 1083.200
940.086 869.569
940.384 867.462
940.683 916.804
940.982 781.667
941.281 822.000
941.580 1130.008
941.878 1093.494
942.177 905.781
942.476 1015.872
942.775 989.624
943.073 795.775
943.372 677.320
943.671 920.735
943.970 1087.776
944.268 954.554
944.567 818.669
944.866 902.016
945.165 890.494
945.464 818.974
945.762 693.769
946.061 926.324
946.360 1051.835
946.659 995.751
946.957 981.517
947.256 936.155
947.555 888.348
947.854 853.208
948.153 804.889
948.451 726.382
948.750 853.119
949.049 907.989
949.348 1074.133
949.646 888.456
949.945 855.393
950.244 981.302
950.543 870.180
950.841 798.884
951.140 811.900
951.439 701.947
951.738 710.809
952.037 858.517
952.335 924.140
952.634 874.316
952.933 739.421
953.232 755.403
953.530 561.625
953.829 847.245
954.128 950.267
954.427 845.059
954.725 911.676
955.024 858.025
955.323 870.035
955.622 729.743
955.921 646.518
956.219 703.650
956.518 698.130
956.817 740.622
957.116 763.731
957.414 740.993
957.713 567.337
958.012 505.707
958.311 604.643
958.610 740.299
958.908 805.544
959.207 798.641
959.506 839.525
959.805 825.492
960.103 808.674
960.402 747.962
960.701 687.525
961.000 659.695
961.298 618.676
961.597 763.142
961.896 712.606
962.195 746.397
962.494 797.027
962.792 692.543
963.091 702.900
963.390 690.702
963.689 630.107
963.987 679.604
964.286 778.875
964.585 834.139
964.884 767.443
965.182 624.155
965.481 956.559
965.780 1070.471
966.080 986.685
966.380 875.001
966.680 749.342
966.981 701.542
967.281 734.171
967.581 637.165
967.881 720.330
968.181 772.578
968.481 740.644
968.781 743.838
969.082 646.995
969.382 691.354
969.682 782.041
969.982 779.947
970.282 799.302
970.582 686.836
970.882 632.205
971.183 800.382
971.483 670.621
971.783 645.909
972.083 765.406
972.383 770.299
972.683 734.578
972.983 786.558
973.284 655.488
973.584 622.896
973.884 680.248
974.184 737.011
974.484 796.760
974.784 624.734
975.084 549.513
975.385 578.882
975.685 652.639
975.985 623.367
976.285 663.515
976.585 670.647
976.885 600.939
977.185 613.130
977.486 678.766
977.786 696.396
978.086 745.669
978.386 771.914
978.686 612.096
978.986 586.983
979.286 645.992
979.587 689.000
979.887 558.008
980.187 585.017
980.487 601.025
980.787 660.033
981.087 611.042
981.387 774.050
981.688 680.058
981.988 516.066
982.288 561.075
982.588 635.083
982.888 677.091
983.188 633.099
983.488 709.108
983.789 733.116
984.089 706.124
984.389 672.132
984.689 585.140
984.989 528.149
985.289 575.157
985.589 700.165
985.890 700.173
986.190 553.181
986.490 567.189
986.790 647.198
987.090 612.206
987.390 703.214
987.690 730.222
987.991 572.230
988.291 631.238
988.591 635.246
988.891 511.254
989.191 509.262
989.491 658.270
989.791 670.278
990.092 670.287
990.392 684.295
990.692 637.303
990.992 610.311
991.292 478.319
991.592 618.327
991.892 646.335
992.193 695.343
992.493 704.351
992.793 605.359
993.093 592.367
993.393 563.375
993.693 593.383
993.993 692.391
994.294 762.398
994.594 647.406
994.894 619.414
995.194 641.422
995.494 532.430
995.794 528.438
996.094 542.446
996.395 634.454
996.695 704.462
996.995 523.470
997.295 506.478
997.595 545.485
997.895 467.493
998.195 468.501
998.496 518.509
998.796 498.517
999.096 730.525
999.396 643.532
999.696 653.540
999.996 671.548
1000.296 817.556
1000.597 813.564
1000.897 607.571
1001.197 614.579
1001.497 801.587
1001.797 594.595
1002.097 516.603
1002.397 604.610
1002.698 658.618
1002.998 706.626
1003.298 679.633
1003.598 536.641
1003.898 502.649
1004.198 662.657
1004.498 748.664
1004.799 684.672
1005.099 747.680
1005.399 772.687
1005.699 743.695
1005.999 752.703
1006.299 653.710
1006.599 801.718
1006.900 798.726
1007.200 612.733
1007.500 642.741
1007.800 667.749
1008.100 596.756
1008.400 503.764
1008.700 505.771
1009.001 531.779
1009.301 536.787
1009.601 737.794
1009.901 792.802
1010.201 721.809
1010.501 714.817
1010.801 824.824
1011.102 622.832
1011.402 634.839
1011.702 583.847
1012.002 527.855
1012.302 669.862
1012.602 691.870
1012.902 620.877
1013.203 645.885
1013.503 724.892
1013.803 754.899
1014.103 574.907
1014.403 655.914
1014.703 578.922
1015.003 496.929
1015.304 722.937
1015.604 824.944
1015.904 578.952
1016.204 517.959
1016.504 543.967
1016.804 609.974
1017.104 630.981
1017.405 583.989
1017.705 573.996
1018.005 567.004
1018.305 621.011
1018.605 623.018
1018.905 468.026
1019.205 495.033
1019.506 817.040
1019.806 788.048
1020.106 675.055
1020.406 757.062
1020.706 682.070
1021.006 721.077
1021.306 842.084
1021.607 697.092
1021.907 827.099
1022.207 757.106
1022.507 600.114
1022.807 615.121
1023.107 595.128
1023.407 549.135
1023.708 581.143
1024.008 568.150
1024.308 597.157
1024.608 583.164
1024.908 502.172
1025.208 682.179
1025.508 842.186
1025.809 760.193
1026.109 568.200
1026.409 664.208
1026.709 692.215
1027.009 633.222
1027.309 704.229
1027.609 564.236
1027.910 557.244
1028.210 650.251
1028.510 767.258
1028.810 969.265
1029.110 863.272
1029.410 691.279
1029.710 758.286
1030.011 807.294
1030.311 799.301
1030.611 660.308
1030.911 656.315
1031.211 720.322
1031.511 661.329
1031.811 843.336
1032.112 774.343
1032.412 641.350
1032.712 548.357
1033.012 630.364
1033.312 791.371
1033.612 759.378
1033.912 668.386
1034.212 594.393
1034.513 593.400
1034.813 607.407
1035.113 687.414
1035.413 556.421
1035.713 620.428
1036.013 645.435
1036.313 642.442
1036.614 766.449
1036.914 664.456
1037.214 547.463
1037.514 647.469
1037.814 648.476
1038.114 628.483
1038.414 585.490
1038.715 693.497
1039.015 577.504
1039.315 505.511
1039.615 633.518
1039.915 584.525
1040.215 553.532
1040.515 607.539
1040.816 742.546
1041.116 654.553
1041.416 520.559
1041.716 446.566
1042.016 496.573
1042.316 713.580
1042.616 647.587
1042.917 572.594
1043.217 568.601
1043.517 558.607
1043.817 641.614
1044.117 656.621
1044.417 610.628
1044.717 562.635
1045.018 593.642
1045.318 716.648
1045.618 719.655
1045.918 620.662
1046.218 511.669
1046.518 546.675
1046.818 630.682
1047.119 541.689
1047.419 771.696
1047.719 704.703
1048.019 588.709
1048.319 702.716
1048.619 626.723
1048.919 635.729
1049.220 578.736
1049.520 649.743
1049.820 600.750
1050.120 503.756
1050.420 743.763
1050.720 710.770
1051.020 679.776
1051.321 687.783
1051.621 777.790
1051.921 687.796
1052.221 547.803
1052.521 532.810
1052.821 520.816
1053.121 630.823
1053.422 723.830
1053.722 793.836
1054.022 655.843
1054.322 794.850
1054.622 662.856
1054.922 574.863
1055.222 727.869
1055.523 697.876
1055.823 695.883
1056.123 730.889
1056.423 649.896
1056.723 738.902
1057.023 634.909
1057.323 452.916
1057.624 645.922
1057.924 694.929
1058.224 692.935
1058.524 609.942
1058.824 668.948
1059.124 630.955
1059.424 577.961
1059.725 684.968
1060.025 599.974
1060.325 634.981
1060.625 615.987
1060.925 594.994
1061.225 629.000
1061.525 782.007
1061.826 695.013
1062.126 691.020
1062.426 717.026
1062.726 779.033
1063.026 753.039
1063.326 879.046
1063.626 752.052
1063.927 640.058
1064.227 682.065
1064.527 590.071
1064.827 753.078
1065.127 685.084
1065.427 438.091
1065.727 471.097
1066.028 713.103
1066.328 705.110
1066.628 510.116
1066.928 482.123
1067.228 579.129
1067.528 585.135
1067.828 583.142
1068.129 499.148
1068.429 679.154
1068.729 771.161
1069.029 663.167
1069.329 496.173
1069.629 632.180
1069.929 695.186
1070.230 711.192
1070.530 721.199
1070.830 599.205
1071.130 735.211
1071.430 713.218
1071.730 658.224
1072.030 694.230
1072.331 574.237
1072.631 632.243
1072.931 653.249
1073.231 674.255
1073.531 656.262
1073.831 575.268
1074.131 629.274
1074.432 789.280
1074.732 694.287
1075.032 523.293
1075.332 515.299
1075.632 588.305
1075.932 563.312
1076.232 547.318
1076.533 549.324
1076.833 663.330
1077.133 647.336
1077.433 583.343
1077.733 540.349
1078.033 627.355
1078.333 630.361
1078.634 665.367
1078.934 697.373
1079.234 543.380
1079.534 700.386
1079.834 770.392
1080.134 671.398
1080.434 707.404
1080.735 658.410
1081.035 635.416
1081.335 496.423
1081.635 502.429
1081.935 564.435
1082.235 553.441
1082.535 544.447
1082.836 616.453
1083.136 652.459
1083.436 743.465
1083.736 690.471
1084.036 629.477
1084.336 571.483
1084.636 557.490
1084.937 767.496
1085.237 791.502
1085.537 687.508
1085.837 716.514
1086.137 697.520
1086.437 693.526
1086.737 626.532
1087.038 641.538
1087.338 710.544
1087.638 711.550
1087.938 588.556
1088.238 430.562
1088.538 583.568
1088.838 742.574
1089.139 729.580
1089.439 563.586
1089.739 698.592
1090.039 706.598
1090.339 720.604
1090.639 612.610
1090.939 630.616
1091.240 525.622
1091.540 611.628
1091.840 644.634
1092.140 679.639
1092.453 718.645
1092.766 632.651
1093.079 558.657
1093.392 646.663
1093.705 613.669
1094.018 621.675
1094.330 809.681
1094.643 716.687
1094.956 764.693
1095.269 662.699
1095.582 699.704
1095.895 609.710
1096.208 550.716
1096.521 658.722
1096.834 739.728
1097.147 680.734
1097.460 745.740
1097.773 793.745
1098.085 602.751
1098.398 560.757
1098.711 549.763
1099.024 496.769
1099.337 620.775
1099.650 745.780
1099.963 753.786
1100.276 636.792
1100.589 601.798
1100.902 660.804
1101.215 663.809
1101.528 716.815
1101.841 623.821
1102.153 669.827
1102.466 774.833
1102.779 633.838
1103.092 601.844
1103.405 650.850
1103.718 566.856
1104.031 543.861
1104.344 618.867
1104.657 605.873
1104.970 860.879
1105.283 712.884
1105.596 616.890
1105.909 611.896
1106.221 678.901
1106.534 718.907
1106.847 565.913
1107.160 465.919
1107.473 508.924
1107.786 636.930
1108.099 534.936
1108.412 572.941
1108.725 667.947
1109.038 547.953
1109.351 597.958
1109.664 635.964
1109.977 515.970
1110.289 554.975
1110.602 583.981
1110.915 583.987
1111.228 588.992
1111.541 558.998
1111.854 552.003
1112.167 498.009
1112.480 521.015
1112.793 540.020
1113.106 578.026
1113.419 686.032
1113.732 624.037
1114.044 513.043
1114.357 601.048
1114.670 630.054
1114.983 575.059
1115.296 583.065
1115.609 655.071
1115.922 630.076
1116.235 624.082
1116.548 623.087
1116.861 613.093
1117.174 583.098
1117.487 610.104
1117.800 802.109
1118.112 671.115
1118.425 636.121
1118.738 582.126
1119.051 538.132
1119.364 564.137
1119.677 641.143
1119.990 637.148
1120.303 680.154
1120.616 773.159
1120.929 631.165
1121.242 679.170
1121.555 717.176
1121.868 714.181
1122.180 623.187
1122.493 421.192
1122.806 506.197
1123.119 677.203
1123.432 716.208
1123.745 645.214
1124.058 546.219
1124.371 562.225
1124.684 696.230
1124.997 664.236
1125.310 587.241
1125.623 512.246
1125.935 518.252
1126.248 630.257
1126.561 697.263
1126.874 650.268
1127.187 791.274
1127.500 801.279
1127.813 713.284
1128.126 680.290
1128.439 694.295
1128.752 836.300
1129.065 632.306
1129.378 406.311
1129.691 569.317
1130.003 672.322
1130.316 628.327
1130.629 519.333
1130.942 592.338
1131.255 578.343
1131.568 470.349
1131.881 551.354
1132.194 654.359
1132.507 665.365
1132.820 619.370
1133.133 660.375
1133.446 521.381
1133.759 729.386
1134.071 1186.391
1134.384 876.397
1134.697 784.402
1135.010 879.407
1135.323 713.412
1135.636 551.418
1135.949 518.423
1136.262 546.428
1136.575 571.434
1136.888 620.439
1137.201 647.444
1137.514 599.449
1137.826 684.455
1138.139 595.460
1138.452 598.465
1138.765 836.470
1139.078 857.476
1139.391 808.481
1139.704 688.486
1140.017 697.491
1140.330 641.496
1140.643 608.502
1140.956 618.507
1141.269 706.512
1141.582 707.517
1141.894 573.522
1142.207 798.528
1142.520 720.533
1142.833 721.538
1143.146 633.543
1143.459 488.548
1143.772 576.554
1144.085 712.559
1144.398 623.564
1144.711 572.569
1145.024 567.574
1145.337 668.579
1145.650 699.585
1145.962 613.590
1146.275 696.595
1146.588 530.600
1146.901 654.605
1147.214 658.610
1147.527 579.615
1147.840 631.620
1148.153 590.626
1148.466 624.631
1148.779 626.636
1149.092 720.641
1149.405 593.646
1149.718 633.651
1150.030 726.656
1150.343 641.661
1150.656 580.666
1150.969 608.671
1151.282 766.676
1151.595 675.682
1151.908 587.687
1152.221 467.692
1152.534 540.697
1152.847 824.702
1153.160 722.707
1153.473 716.712
1153.785 737.717
1154.098 719.722
1154.411 734.727
1154.724 642.732
1155.037 684.737
1155.350 648.742
1155.663 647.747
1155.976 593.752
1156.289 756.757
1156.602 611.762
1156.915 465.767
1157.228 437.772
1157.541 549.777
1157.853 598.782
1158.166 673.787
1158.479 744.792
1158.792 643.797
1159.105 640.802
1159.418 656.807
1159.731 643.812
1160.044 626.817
1160.357 704.822
1160.670 683.827
1160.983 537.832
1161.296 651.837
1161.609 776.842
1161.921 684.846
1162.234 623.851
1162.547 480.856
1162.860 501.861
1163.173 527.866
1163.486 652.871
1163.799 658.876
1164.112 565.881
1164.425 598.886
1164.738 559.891
1165.051 555.896
1165.364 572.900
1165.676 615.905
1165.989 703.910
1166.302 626.915
1166.615 749.920
1166.928 727.925
1167.241 721.930
1167.554 686.935
1167.867 717.939
1168.180 663.944
1168.493 533.949
1168.806 654.954
1169.119 634.959
1169.432 689.964
1169.744 701.969
1170.057 675.973
1170.370 745.978
1170.683 727.983
1170.996 606.988
1171.309 637.993
1171.622 651.997
1171.935 613.002
1172.248 811.007
1172.561 797.012
1172.874 670.017
1173.187 649.021
1173.500 675.026
1173.812 719.031
1174.125 671.036
1174.438 693.041
1174.751 575.045
1175.064 600.050
1175.377 674.055
1175.690 580.060
1176.003 534.064
1176.316 553.069
1176.629 628.074
1176.942 596.079
1177.255 579.083
1177.567 530.088
1177.880 557.093
1178.193 661.098
1178.506 594.102
1178.819 700.107
1179.132 738.112
1179.445 522.117
1179.758 703.121
1180.071 758.126
1180.384 634.131
1180.697 632.135
1181.010 666.140
1181.323 754.145
1181.635 765.150
1181.948 732.154
1182.261 610.159
1182.574 583.164
1182.887 652.168
1183.200 809.173
1183.513 752.178
1183.826 605.182
1184.139 624.187
1184.452 649.192
1184.765 543.196
1185.078 457.201
1185.391 596.206
1185.703 615.210
1186.016 535.215
1186.329 541.219
1186.642 609.224
1186.955 725.229
1187.268 629.233
1187.581 626.238
1187.894 588.243
1188.207 647.247
1188.520 605.252
1188.833 576.256
1189.146 464.261
1189.459 460.266
1189.771 575.270
1190.084 739.275
1190.397 632.279
1190.710 634.284
1191.023 618.289
1191.336 590.293
1191.649 613.298
1191.962 674.302
1192.275 572.307
1192.588 675.311
1192.901 812.316
1193.214 615.321
1193.526 563.325
1193.839 684.330
1194.152 566.334
1194.465 666.339
1194.778 612.343
1195.091 682.348
1195.404 671.352
1195.717 616.357
1196.030 682.361
1196.343 597.366
1196.656 522.370
1196.969 579.375
1197.282 657.379
1197.594 673.384
1197.907 774.389
1198.220 751.393
1198.533 608.398
1198.846 572.402
1199.159 539.406
1199.472 591.411
1199.785 711.415
1200.098 572.420
1200.411 685.424
1200.724 618.429
1201.037 582.433
1201.350 514.438
1201.662 459.442
1201.975 560.447
1202.288 624.451
1202.601 249.456
