165.028 73.084
165.288 42.697
165.547 100.312
165.807 125.930
166.067 1.552
166.327 -32.824
166.587 -37.196
166.847 71.434
167.107 148.068
167.367 172.704
167.627 206.343
167.886 118.985
168.146 110.630
168.406 320.278
168.666 287.929
168.926 102.582
169.186 140.238
169.446 140.897
169.706 9.558
169.966 107.222
170.225 112.889
170.485 190.558
170.745 256.230
171.005 335.904
171.265 233.581
171.525 200.261
171.785 72.942
172.045 36.627
172.305 206.313
172.564 171.002
172.824 8.693
173.084 166.387
173.344 135.083
173.604 123.781
173.864 192.482
174.124 187.184
174.384 114.889
174.644 174.596
174.903 357.305
175.163 393.016
175.423 291.729
175.683 117.444
175.943 183.162
176.203 137.881
176.463 98.602
176.723 65.325
176.983 160.050
177.242 178.777
177.502 317.506
177.762 296.236
178.022 53.969
178.282 89.703
178.542 97.439
178.802 73.176
179.062 78.916
179.322 332.657
179.581 382.399
179.841 207.144
180.101 281.889
180.361 265.637
180.621 203.386
180.881 153.136
181.141 148.888
181.401 179.641
181.661 252.396
181.920 305.152
182.180 202.910
182.440 163.669
182.700 95.429
182.960 77.191
183.220 142.954
183.480 372.718
183.740 228.483
184.000 109.250
184.259 33.018
184.519 185.786
184.779 193.557
185.039 217.328
185.299 339.100
185.559 329.873
185.819 308.648
186.079 313.423
186.339 202.200
186.598 171.977
186.858 109.755
187.118 115.534
187.378 204.315
187.638 198.096
187.898 308.877
188.158 331.660
188.418 138.444
188.678 107.228
188.937 186.013
189.197 238.799
189.457 264.585
189.717 256.373
189.977 106.161
190.237 80.949
190.497 252.738
190.757 187.528
191.017 182.318
191.276 151.109
191.536 169.901
191.796 147.693
192.056 99.486
192.316 147.279
192.576 119.072
192.836 138.866
193.096 174.660
193.356 136.455
193.616 187.250
193.875 219.046
194.135 209.842
194.395 315.638
194.655 280.434
194.915 208.231
195.175 209.028
195.435 293.825
195.695 66.623
195.955 -12.579
196.214 189.218
196.474 337.017
196.734 320.815
196.994 277.613
197.254 269.412
197.514 205.210
197.774 218.009
198.034 90.807
198.294 102.606
198.553 187.405
198.813 191.204
199.073 80.003
199.333 112.801
199.593 261.600
199.853 340.399
200.113 393.197
200.373 369.996
200.633 180.794
200.892 126.592
201.152 127.390
201.412 156.188
201.672 286.986
201.932 460.783
202.192 438.581
202.452 273.378
202.712 163.175
202.972 222.971
203.231 333.768
203.491 319.564
203.751 306.360
204.011 313.155
204.271 378.950
204.531 208.745
204.791 173.539
205.051 166.333
205.311 225.127
205.570 193.920
205.830 237.713
206.090 182.506
206.350 276.298
206.610 473.089
206.870 290.880
207.130 244.671
207.390 259.461
207.650 218.250
207.909 239.039
208.169 324.828
208.429 287.616
208.689 145.403
208.949 281.190
209.209 403.976
209.469 220.762
209.729 148.547
209.989 148.331
210.248 82.115
210.508 384.898
210.768 382.681
211.028 261.462
211.288 335.243
211.548 262.024
211.808 325.804
212.068 471.583
212.328 447.361
212.587 386.138
212.847 297.915
213.107 352.691
213.367 300.466
213.627 234.241
213.887 216.015
214.147 165.788
214.407 269.560
214.667 271.331
214.926 332.101
215.186 251.871
215.446 327.640
215.706 252.408
215.966 213.175
216.226 283.941
216.486 256.706
216.746 308.471
217.006 330.234
217.265 248.997
217.525 217.758
217.785 225.519
218.045 274.279
218.305 277.038
218.565 285.796
218.825 315.553
219.085 425.309
219.345 246.064
219.604 162.818
219.864 256.571
220.124 309.323
220.384 294.074
220.644 289.824
220.904 250.573
221.164 329.321
221.424 312.068
221.684 226.814
221.943 284.558
222.203 363.302
222.463 242.045
222.723 130.787
222.983 237.527
223.243 186.267
223.503 272.005
223.763 232.742
224.023 176.479
224.282 296.214
224.542 371.948
224.802 341.681
225.062 357.412
225.322 442.143
225.582 333.872
225.842 271.601
226.102 327.328
226.362 304.054
226.621 414.779
226.881 309.503
227.141 275.225
227.401 307.946
227.661 258.667
227.921 397.386
228.181 293.103
228.441 173.820
228.701 376.536
228.960 453.250
229.220 253.963
229.480 164.675
229.740 373.385
230.000 464.095
230.260 279.803
230.520 210.510
230.780 243.215
231.040 274.920
231.299 267.623
231.559 294.325
231.819 313.026
232.079 400.725
232.339 382.424
232.599 248.121
232.859 330.816
233.119 414.511
233.379 304.204
233.638 303.896
233.898 431.586
234.158 425.276
234.418 305.964
234.678 333.651
234.938 368.336
235.198 212.021
235.458 216.703
235.718 297.385
235.978 301.065
236.237 332.745
236.497 369.422
236.757 420.099
237.017 340.774
237.277 328.448
237.537 348.120
237.797 266.792
238.057 322.461
238.317 309.130
238.576 238.797
238.836 281.463
239.096 401.128
239.356 346.791
239.616 309.453
239.876 364.114
240.136 337.773
240.396 425.431
240.656 529.088
240.915 386.743
241.175 345.397
241.435 299.050
241.695 352.701
241.955 461.351
242.215 502.000
242.475 442.647
242.735 295.293
242.995 375.938
243.254 383.581
243.514 324.223
243.774 167.864
244.034 303.503
244.294 576.141
244.554 416.778
244.814 308.413
245.074 288.047
245.334 344.679
245.593 365.311
245.853 283.940
246.113 249.569
246.373 346.196
246.633 424.822
246.893 335.446
247.153 335.069
247.413 409.691
247.673 356.311
247.932 311.930
248.192 426.548
248.452 498.164
248.712 416.779
248.972 288.393
249.232 479.005
249.492 341.616
249.752 160.226
250.012 379.834
250.271 347.441
250.531 425.046
250.791 581.650
251.051 582.253
251.311 403.855
251.571 231.455
251.831 361.053
252.091 412.651
252.351 360.247
252.610 322.842
252.870 419.435
253.130 331.027
253.390 319.618
253.650 456.207
253.911 469.795
254.172 474.381
254.433 380.967
254.694 288.551
254.955 383.133
255.216 300.714
255.477 459.294
255.738 442.873
255.999 318.450
256.261 489.026
256.522 458.600
256.783 394.174
257.044 289.746
257.305 238.316
257.566 218.885
257.827 183.453
258.088 281.020
258.349 309.585
258.610 414.149
258.871 485.711
259.132 517.273
259.393 379.832
259.654 233.391
259.915 213.948
260.176 325.504
260.437 423.059
260.698 384.612
260.959 298.164
261.221 423.715
261.482 534.264
261.743 437.812
262.004 406.359
262.265 552.904
262.526 469.448
262.787 289.991
263.048 317.533
263.309 311.073
263.570 417.612
263.831 403.149
264.092 317.686
264.353 184.221
264.614 531.754
264.875 537.287
265.136 362.818
265.397 574.348
265.658 606.876
265.919 597.403
266.181 527.929
266.442 355.454
266.703 305.977
266.964 302.500
267.225 277.020
267.486 320.540
267.747 434.058
268.008 491.575
268.269 526.091
268.530 523.606
268.791 499.119
269.052 491.631
269.313 423.141
269.574 448.651
269.835 398.159
270.096 379.666
270.357 476.172
270.618 398.676
270.879 320.179
271.141 417.681
271.402 417.182
271.663 328.681
271.924 373.179
272.185 409.676
272.446 419.172
272.707 415.666
272.968 317.160
273.229 364.652
273.490 396.142
273.751 344.632
274.012 401.120
274.273 477.607
274.534 412.093
274.795 413.578
275.056 475.061
275.317 348.543
275.578 264.024
275.839 350.504
276.101 341.983
276.362 276.460
276.623 325.936
276.884 482.411
277.145 488.885
277.406 470.358
277.667 339.829
277.928 269.299
278.189 464.769
278.450 494.236
278.711 433.703
278.972 457.168
279.233 385.633
279.494 460.096
279.755 580.558
280.016 591.019
280.277 440.478
280.538 451.937
280.799 350.394
281.061 364.850
281.322 373.305
281.583 416.759
281.844 304.211
282.105 284.663
282.366 481.113
282.627 385.562
282.888 426.010
283.149 456.457
283.410 386.903
283.671 422.348
283.932 344.791
284.193 215.233
284.454 316.675
284.715 437.115
284.976 350.554
285.237 438.992
285.498 711.428
285.759 579.864
286.021 506.298
286.282 443.732
286.543 463.164
286.804 430.595
287.065 461.025
287.326 487.454
287.587 326.882
287.848 416.309
288.109 543.734
288.370 518.159
288.631 337.582
288.892 297.005
289.153 312.426
289.414 296.846
289.675 545.265
289.936 645.683
290.197 578.100
290.458 479.516
290.719 416.931
290.981 584.345
291.242 625.757
291.503 541.169
291.764 391.579
292.025 239.989
292.286 298.397
292.547 414.805
292.808 397.211
293.069 475.616
293.330 503.020
293.591 516.424
293.852 453.826
294.113 384.227
294.374 408.627
294.635 415.026
294.896 483.424
295.157 548.821
295.418 537.217
295.679 554.612
295.941 520.006
296.202 503.399
296.463 425.790
296.724 530.181
296.985 546.571
297.246 511.960
297.507 364.348
297.768 352.735
298.029 509.120
298.290 622.505
298.551 619.889
298.812 654.272
299.073 458.654
299.334 323.034
299.595 479.414
299.856 512.793
300.117 617.171
300.378 550.548
300.639 364.924
300.901 363.299
301.162 491.673
301.423 522.046
301.684 590.418
301.945 596.789
302.206 383.159
302.467 408.528
302.728 395.897
302.989 452.264
303.250 563.630
303.511 629.995
303.772 582.360
304.033 529.723
304.294 451.086
304.555 455.447
304.816 567.808
305.077 555.168
305.338 423.527
305.599 417.884
305.861 461.241
306.122 474.597
306.383 391.952
306.644 391.306
306.905 311.660
307.166 547.012
307.427 574.363
307.688 453.714
307.949 444.063
308.210 505.412
308.471 526.760
308.732 484.107
308.993 386.453
309.254 401.798
309.515 318.142
309.776 456.485
310.037 479.828
310.298 346.169
310.559 390.510
310.821 539.850
311.082 537.188
311.343 426.526
311.604 372.864
311.865 324.200
312.126 321.535
312.387 389.870
312.648 421.203
312.909 443.536
313.170 438.868
313.434 432.199
313.698 387.529
313.963 483.859
314.227 444.187
314.491 384.515
314.755 459.842
315.019 460.168
315.284 291.493
315.548 434.817
315.812 475.140
316.076 572.463
316.340 589.785
316.604 575.106
316.869 576.426
317.133 551.745
317.397 646.063
317.661 633.381
317.925 491.698
318.190 435.014
318.454 481.329
318.718 468.643
318.982 548.957
319.246 603.270
319.511 687.582
319.775 502.893
320.039 501.203
320.303 452.513
320.567 487.821
320.832 512.129
321.096 490.437
321.360 474.743
321.624 465.048
321.888 418.353
322.153 429.657
322.417 346.960
322.681 294.263
322.945 468.565
323.209 519.865
323.473 442.166
323.738 401.465
324.002 407.763
324.266 611.061
324.530 570.358
324.794 463.655
325.059 412.950
325.323 385.245
325.587 462.539
325.851 461.832
326.115 605.125
326.380 524.416
326.644 481.707
326.908 474.998
327.172 420.287
327.436 513.576
327.701 511.864
327.965 475.151
328.229 585.438
328.493 451.724
328.757 445.009
329.022 613.293
329.286 486.577
329.550 389.860
329.814 415.142
330.078 438.423
330.342 416.704
330.607 479.984
330.871 518.263
331.135 615.542
331.399 597.820
331.663 468.097
331.928 524.374
332.192 613.649
332.456 567.924
332.720 562.199
332.984 466.472
333.249 477.745
333.513 506.018
333.777 401.289
334.041 345.560
334.305 461.830
334.570 495.100
334.834 375.369
335.098 560.637
335.362 649.904
335.626 533.171
335.891 427.437
336.155 505.703
336.419 440.968
336.683 275.232
336.947 442.495
337.211 504.758
337.476 382.020
337.740 468.281
338.004 499.542
338.268 442.802
338.532 495.062
338.797 529.321
339.061 532.579
339.325 576.836
339.589 619.093
339.853 499.349
340.118 415.605
340.382 587.860
340.646 708.114
340.910 517.368
341.174 512.621
341.439 461.873
341.703 503.125
341.967 508.376
342.231 459.626
342.495 433.876
342.759 530.125
343.024 566.374
343.288 611.622
343.552 581.869
343.816 361.116
344.080 340.362
344.345 424.607
344.609 346.852
344.873 321.096
345.137 466.340
345.401 503.583
345.666 328.825
345.930 505.067
346.194 575.308
346.458 405.549
346.722 437.789
346.987 441.028
347.251 517.267
347.515 690.505
347.779 516.743
348.043 417.980
348.308 447.216
348.572 369.452
348.836 345.687
349.100 364.922
349.364 323.156
349.628 351.389
349.893 419.622
350.157 507.854
350.421 488.086
350.685 481.317
350.949 424.548
351.214 349.778
351.478 399.007
351.742 454.236
352.006 472.464
352.270 426.692
352.535 364.919
352.799 427.146
353.063 535.372
353.327 399.597
353.591 371.822
353.856 480.047
354.120 501.271
354.384 578.494
354.648 661.716
354.912 548.939
355.177 457.160
355.441 401.381
355.705 645.602
355.969 663.822
356.233 542.041
356.497 513.260
356.762 524.478
357.026 452.696
357.290 468.914
357.554 477.130
357.818 458.346
358.083 471.562
358.347 480.777
358.611 492.992
358.875 504.206
359.139 509.420
359.404 446.633
359.668 531.845
359.932 622.057
360.196 616.269
360.460 503.480
360.725 496.690
360.989 567.900
361.253 683.109
361.517 591.318
361.781 612.527
362.046 632.735
362.310 560.942
362.574 595.149
362.838 525.355
363.102 530.561
363.366 568.766
363.631 450.971
363.895 475.176
364.159 544.379
364.423 540.583
364.687 604.786
364.952 646.988
365.216 690.190
365.480 581.391
365.747 457.592
366.013 470.793
366.280 483.993
366.546 558.192
366.813 456.391
367.079 539.590
367.346 564.788
367.612 526.985
367.879 556.182
368.145 627.379
368.412 509.575
368.678 436.770
368.945 586.966
369.211 569.160
369.478 562.354
369.744 520.548
370.011 540.741
370.278 516.934
370.544 425.127
370.811 483.319
371.077 509.510
371.344 470.701
371.610 529.891
371.877 525.081
372.143 553.271
372.410 596.460
372.676 719.649
372.943 710.837
373.209 587.025
373.476 483.212
373.742 415.399
374.009 534.586
374.276 576.772
374.542 528.957
374.809 472.142
375.075 344.327
375.342 308.511
375.608 356.695
375.875 374.878
376.141 626.061
376.408 595.244
376.674 567.426
376.941 507.607
377.207 471.788
377.474 865.969
377.740 759.149
378.007 426.329
378.273 547.509
378.540 615.688
378.807 460.866
379.073 425.044
379.340 471.222
379.606 501.400
379.873 485.577
380.139 499.753
380.406 571.929
380.672 548.105
380.939 459.280
381.205 439.455
381.472 340.629
381.738 284.803
382.005 460.977
382.271 538.150
382.538 523.323
382.804 639.495
383.071 577.667
383.338 540.839
383.604 552.010
383.871 616.181
384.137 615.351
384.404 503.521
384.670 529.691
384.937 466.860
385.203 533.028
385.470 509.197
385.736 566.365
386.003 541.532
386.269 564.700
386.536 507.866
386.802 458.033
387.069 530.199
387.336 712.364
387.602 666.530
387.869 399.695
388.135 370.859
388.402 370.023
388.668 442.187
388.935 546.350
389.201 651.513
389.468 629.676
389.734 671.838
390.001 606.000
390.267 452.161
390.534 559.322
390.800 578.483
391.067 628.643
391.333 640.803
391.600 492.963
391.867 516.122
392.133 575.281
392.400 467.439
392.666 372.597
392.933 580.755
393.199 661.913
393.466 528.070
393.732 485.226
393.999 580.382
394.265 551.538
394.532 429.694
394.798 566.849
395.065 528.004
395.331 600.159
395.598 689.313
395.864 633.467
396.131 640.620
396.398 732.773
396.664 762.926
396.931 760.078
397.197 851.230
397.464 855.382
397.730 1106.533
397.997 1214.684
398.263 1219.835
398.530 1306.985
398.796 1559.135
399.063 1748.285
399.329 1735.434
399.596 1870.583
399.862 2035.732
400.129 2211.880
400.396 2349.028
400.662 2295.175
400.929 2400.323
401.195 2612.470
401.462 2710.616
401.728 2789.762
401.995 2859.908
402.261 2782.054
402.528 2823.199
402.794 2893.344
403.061 3044.489
403.327 3063.633
403.594 2896.777
403.860 2760.920
404.127 2576.064
404.393 2578.207
404.660 2524.349
404.931 2436.492
405.202 2274.634
405.473 2109.775
405.745 2199.917
406.016 2348.058
406.287 2161.199
406.558 2036.339
406.829 2091.479
407.100 1979.619
407.371 2184.758
407.642 2290.897
407.914 2220.036
408.185 2094.175
408.456 2111.313
408.727 2322.451
408.998 2328.589
409.269 2494.726
409.540 2586.863
409.811 2297.000
410.083 2211.136
410.354 2167.272
410.625 2029.408
410.896 2113.543
411.167 2262.678
411.438 2243.813
411.709 2018.948
411.981 2172.082
412.252 1912.216
412.523 1734.350
412.794 1848.483
413.065 1845.616
413.336 1588.749
413.607 1690.881
413.878 1658.014
414.150 1606.145
414.421 1428.277
414.692 1308.408
414.963 1201.539
415.234 1299.670
415.505 1253.801
415.776 1220.931
416.047 1192.061
416.319 1102.190
416.590 934.319
416.861 711.448
417.132 856.577
417.403 860.706
417.674 765.834
417.945 647.962
418.217 621.089
418.488 756.217
418.759 611.344
419.030 602.470
419.301 679.597
419.572 686.723
419.843 673.849
420.114 535.975
420.386 552.100
420.657 672.225
420.928 575.350
421.199 579.474
421.470 569.599
421.741 466.723
422.012 517.846
422.283 495.970
422.555 543.093
422.826 593.216
423.097 644.339
423.368 650.461
423.639 509.583
423.910 598.705
424.181 550.827
424.453 487.948
424.724 751.069
424.995 818.190
425.266 621.310
425.537 560.431
425.808 660.551
426.079 712.671
426.350 666.790
426.622 633.909
426.893 751.028
427.164 700.147
427.435 608.265
427.706 587.384
427.977 587.502
428.248 567.619
428.519 659.737
428.791 652.854
429.062 780.971
429.333 635.088
429.604 590.204
429.875 731.320
430.146 798.436
430.417 753.552
430.689 733.667
430.960 642.783
431.231 647.898
431.502 793.012
431.773 836.127
432.044 708.241
432.315 780.355
432.586 775.469
432.858 783.582
433.129 607.695
433.400 664.808
433.671 684.921
433.942 594.034
434.213 504.146
434.484 585.258
434.755 659.370
435.027 496.481
435.298 558.593
435.569 644.704
435.840 533.815
436.116 540.925
436.391 656.036
436.667 629.146
436.942 637.256
437.218 719.365
437.493 753.475
437.769 743.584
438.045 611.693
438.320 584.802
438.596 620.910
438.871 574.019
439.147 564.127
439.422 538.235
439.698 473.342
439.974 514.450
440.249 662.557
440.525 675.664
440.800 454.770
441.076 562.877
441.351 664.983
441.627 732.089
441.903 693.195
442.178 544.301
442.454 508.406
442.729 733.511
443.005 594.616
443.281 648.721
443.556 756.825
443.832 640.930
444.107 550.034
444.383 543.138
444.658 575.241
444.934 467.345
445.210 635.448
445.485 722.551
445.761 743.654
446.036 603.756
446.312 658.858
446.587 711.961
446.863 503.063
447.139 575.164
447.414 602.266
447.690 649.367
447.965 684.468
448.241 577.569
448.516 562.670
448.792 550.770
449.068 593.870
449.343 655.970
449.619 521.070
449.894 523.170
450.170 540.269
450.445 680.368
450.721 744.467
450.997 521.566
451.272 603.665
451.548 560.763
451.823 503.861
452.099 623.959
452.375 515.057
452.650 442.155
452.926 574.252
453.201 659.349
453.477 881.446
453.752 784.543
454.028 630.640
454.304 693.736
454.579 761.832
454.855 697.928
455.130 721.024
455.406 865.120
455.681 794.215
455.957 680.310
456.233 610.405
456.508 643.500
456.784 698.595
457.059 657.689
457.335 767.783
457.610 708.877
457.886 630.971
458.162 568.065
458.437 604.158
458.713 722.252
458.988 721.345
459.264 715.438
459.539 733.530
459.815 640.623
460.091 592.715
460.366 608.807
460.642 520.899
460.917 571.991
461.193 621.083
461.468 583.174
461.744 556.266
462.020 516.357
462.295 543.447
462.571 573.538
462.846 603.629
463.122 697.719
463.397 694.809
463.673 551.348
463.949 585.403
464.224 592.486
464.500 629.538
464.775 560.257
465.051 593.160
465.327 619.815
465.602 742.040
465.878 791.820
466.153 652.396
466.429 859.929
466.704 1055.765
466.980 938.965
467.256 976.052
467.531 1041.181
467.807 1084.396
468.082 1013.341
468.358 974.375
468.633 1091.855
468.909 950.376
469.185 927.297
469.460 1057.090
469.736 1147.868
470.011 994.883
470.287 1039.240
470.562 1219.849
470.838 1111.176
471.114 1178.041
471.389 1208.430
471.665 1235.016
471.940 1311.251
472.216 1255.668
472.491 1110.116
472.767 1139.725
473.043 1235.145
473.318 1328.536
473.594 1121.972
473.869 1035.711
474.145 983.914
474.421 956.532
474.696 932.201
474.972 792.705
475.247 793.598
475.523 831.570
475.798 791.727
476.074 701.392
476.350 697.402
476.625 715.526
476.901 691.144
477.176 652.845
477.452 608.520
477.727 585.205
478.003 387.539
478.279 654.897
478.554 807.418
478.830 719.817
479.105 724.529
479.381 713.734
479.656 621.523
479.932 650.356
480.208 742.896
480.483 756.381
480.759 722.084
481.034 632.546
481.310 612.424
481.585 625.382
481.861 656.711
482.137 614.840
482.412 637.440
482.688 614.150
482.963 673.793
483.239 743.337
483.514 587.102
483.790 671.006
484.066 869.214
484.341 664.831
484.617 587.476
484.892 721.707
485.168 681.983
485.443 583.966
485.719 587.025
485.995 667.285
486.270 653.816
486.546 541.816
486.821 519.142
487.097 514.244
487.373 569.038
487.648 748.111
487.924 704.185
488.199 511.033
488.475 337.237
488.750 350.375
489.026 527.436
489.302 528.491
489.577 509.419
489.853 563.841
490.128 715.726
490.404 642.692
490.679 460.768
490.955 649.051
491.231 769.358
491.506 712.453
491.782 564.349
492.057 560.933
492.333 651.025
492.608 591.410
492.884 598.330
493.160 459.459
493.435 504.549
493.711 611.483
493.986 567.860
494.262 553.782
494.537 545.029
494.813 602.553
495.089 479.444
495.364 565.958
495.640 562.099
495.915 512.072
496.191 684.410
496.467 659.539
496.742 584.732
497.018 651.109
497.293 563.322
497.569 683.513
497.844 637.412
498.120 702.829
498.396 656.674
498.671 590.861
498.947 687.257
499.222 688.010
499.498 643.988
499.773 651.022
500.049 713.207
500.325 680.056
500.600 722.486
500.876 758.313
501.151 892.301
501.427 880.214
501.702 920.364
501.978 918.422
502.254 918.327
502.529 809.826
502.805 952.705
503.080 1086.798
503.356 991.092
503.631 898.222
503.907 920.352
504.183 938.639
504.458 1010.570
504.734 910.526
505.009 962.161
505.285 960.167
505.560 998.698
505.836 982.570
506.112 1023.123
506.387 972.583
506.663 928.189
506.938 941.401
507.214 916.190
507.490 1002.200
507.765 1012.355
508.041 1021.503
508.316 1039.733
508.592 865.500
508.867 872.743
509.143 993.540
509.419 885.063
509.694 742.932
509.970 697.862
510.245 673.507
510.521 707.898
510.796 655.307
511.072 633.394
511.348 689.025
511.623 692.080
511.899 622.486
512.174 715.278
512.450 746.378
512.725 656.163
513.001 580.254
513.277 581.723
513.552 708.106
513.828 630.835
514.103 603.675
514.379 738.455
514.654 625.843
514.930 638.428
515.206 951.897
515.481 830.270
515.757 605.395
516.032 519.736
516.308 648.665
516.583 730.044
516.859 643.970
517.135 676.163
517.410 723.500
517.686 698.293
517.961 662.396
518.237 634.012
518.513 577.665
518.788 798.636
519.064 831.902
519.339 768.997
519.615 693.024
519.890 696.272
520.166 780.438
520.442 943.364
520.717 976.147
520.993 883.696
521.268 748.159
521.544 762.654
521.819 688.240
522.095 702.992
522.371 850.985
522.646 838.579
522.922 979.595
523.197 963.369
523.473 1031.404
523.748 999.882
524.024 856.398
524.300 902.387
524.575 882.348
524.851 944.606
525.126 982.956
525.402 1034.670
525.677 1156.258
525.953 1044.310
526.229 992.740
526.504 935.373
526.780 1005.280
527.055 955.580
527.331 910.660
527.606 1001.626
527.882 1033.259
528.158 865.721
528.433 1053.619
528.709 986.495
528.984 1019.180
529.260 999.080
529.535 1018.348
529.811 827.241
530.087 735.529
530.362 782.535
530.638 906.957
530.913 995.550
531.189 981.121
531.465 847.006
531.740 816.961
532.016 888.405
532.291 834.301
532.567 868.918
532.842 958.120
533.118 878.599
533.394 960.089
533.669 826.797
533.945 737.357
534.220 743.247
534.496 823.869
534.771 760.399
535.047 742.658
535.323 739.531
535.598 773.985
535.874 836.318
536.149 857.717
536.425 744.129
536.700 657.098
536.976 755.499
537.252 915.273
537.527 807.188
537.803 812.153
538.078 1024.411
538.354 1104.110
538.629 1039.305
538.905 1098.414
539.181 1183.474
539.456 1156.899
539.732 1367.374
540.007 1459.233
540.283 1206.775
540.558 1094.087
540.834 1182.357
541.110 1235.066
541.385 1204.425
541.661 1324.280
541.936 1395.020
542.212 1300.920
542.488 1331.696
542.763 1478.428
543.039 1470.026
543.314 1480.991
543.590 1461.659
543.865 1497.461
544.141 1485.596
544.417 1529.342
544.692 1413.207
544.968 1533.418
545.243 1501.196
545.519 1274.335
545.794 1310.444
546.070 1411.887
546.348 1344.686
546.627 1210.200
546.905 1424.390
547.183 1386.856
547.461 1447.482
547.740 1476.331
548.018 1330.732
548.296 1273.851
548.575 1181.548
548.853 1088.251
549.131 1194.558
549.409 1247.986
549.688 1392.878
549.966 1349.277
550.244 1456.469
550.523 1463.995
550.801 1417.051
551.079 1498.785
551.357 1565.105
551.636 1515.189
551.914 1508.305
552.192 1480.740
552.471 1537.532
552.749 1688.246
553.027 1673.838
553.306 1691.906
553.584 1802.082
553.862 1778.749
554.140 1878.994
554.419 1881.356
554.697 2036.154
554.975 2223.055
555.254 2245.368
555.532 2007.871
555.810 2184.496
556.088 2272.792
556.367 2049.859
556.645 1917.562
556.923 1950.683
557.202 1952.721
557.480 1980.969
557.758 1790.927
558.036 1681.372
558.315 1691.715
558.593 1789.535
558.871 1727.626
559.150 1661.531
559.428 1660.939
559.706 1564.039
559.984 1565.470
560.263 1678.760
560.541 1587.990
560.819 1511.531
561.098 1553.861
561.376 1458.714
561.654 1352.029
561.932 1205.156
562.211 1197.121
562.489 1216.378
562.767 1113.528
563.046 948.456
563.324 812.274
563.602 899.554
563.880 844.992
564.159 885.344
564.437 937.272
564.715 747.236
564.994 657.069
565.272 763.639
565.550 684.332
565.828 615.935
566.107 742.905
566.385 733.809
566.663 602.630
566.942 642.638
567.220 657.091
567.498 751.997
567.776 646.271
568.055 589.584
568.333 649.242
568.611 714.120
568.890 658.287
569.168 555.354
569.446 615.837
569.725 611.049
570.003 467.131
570.281 417.336
570.559 578.887
570.838 663.712
571.116 682.808
571.394 697.386
571.673 742.722
571.951 697.855
572.229 630.908
572.507 641.282
572.786 632.221
573.064 635.800
573.342 654.343
573.621 551.272
573.899 547.412
574.177 780.411
574.455 770.464
574.734 582.415
575.012 637.252
575.290 610.494
575.569 626.821
575.847 709.912
576.125 689.346
576.403 542.718
576.682 595.408
576.960 714.850
577.243 723.046
577.527 592.766
577.810 467.685
578.093 491.857
578.377 604.531
578.660 642.122
578.944 585.840
579.227 523.676
579.510 659.023
579.794 675.592
580.077 585.767
580.360 606.231
580.644 579.069
580.927 586.645
581.210 634.400
581.494 565.984
581.777 658.000
582.061 653.716
582.344 571.658
582.627 538.798
582.911 581.710
583.194 556.384
583.477 643.252
583.761 661.257
584.044 711.198
584.327 671.990
584.611 600.102
584.894 602.141
585.178 611.173
585.461 558.267
585.744 647.219
586.028 580.906
586.311 546.947
586.594 609.988
586.878 587.028
587.161 531.068
587.444 567.109
587.728 637.149
588.011 690.189
588.295 545.229
588.578 578.691
588.861 731.578
589.145 618.349
589.428 589.979
589.711 516.429
589.995 547.921
590.278 741.767
590.562 588.548
590.845 517.071
591.128 725.177
591.412 657.352
591.695 554.152
591.978 725.295
592.262 745.040
592.545 516.275
592.828 676.510
593.112 586.144
593.395 545.305
593.679 498.984
593.962 640.457
594.245 648.814
594.529 592.136
594.812 493.176
595.095 401.168
595.379 600.012
595.662 715.955
595.945 641.797
596.229 493.381
596.512 480.560
596.796 600.004
597.079 736.082
597.362 759.882
597.646 748.288
597.929 641.500
598.212 656.714
598.496 667.621
598.779 765.716
599.062 752.920
599.346 573.293
599.629 548.110
599.913 596.868
600.196 640.255
600.479 674.111
600.763 682.693
601.046 534.878
601.329 549.221
601.613 655.896
601.896 577.269
602.179 659.254
602.463 616.068
602.746 650.486
603.030 735.001
603.313 733.335
603.596 581.261
603.880 623.865
604.163 644.489
604.446 660.544
604.730 579.287
605.013 596.368
605.296 681.219
605.580 652.852
605.863 714.592
606.147 578.486
606.430 531.509
606.713 685.623
606.997 649.112
607.280 778.649
607.563 681.815
607.847 645.016
608.130 689.410
608.414 719.103
608.697 687.827
608.980 674.823
609.264 768.657
609.547 635.716
609.830 650.442
610.114 614.238
610.397 579.014
610.680 675.351
610.964 714.945
611.247 726.744
611.531 657.816
611.814 536.163
612.097 565.638
612.381 677.863
612.664 819.877
612.947 665.839
613.231 594.235
613.514 632.181
613.797 721.606
614.081 808.084
614.364 753.108
614.648 661.787
614.931 599.935
615.214 598.004
615.498 665.490
615.781 705.549
616.064 637.669
616.348 784.357
616.631 818.661
616.914 891.708
617.198 785.231
617.481 707.432
617.765 709.149
618.048 779.972
618.331 760.262
618.615 656.304
618.898 848.037
619.181 839.177
619.465 750.031
619.748 618.511
620.031 603.315
620.315 647.554
620.598 644.262
620.882 767.080
621.165 940.838
621.448 854.390
621.732 776.666
622.015 661.277
622.298 586.856
622.582 656.337
622.865 681.002
623.148 584.132
623.432 726.476
623.715 654.437
623.999 844.348
624.282 832.177
624.565 831.872
624.849 677.982
625.132 565.471
625.415 829.617
625.699 937.449
625.982 810.338
626.265 646.186
626.549 562.738
626.832 682.972
627.116 761.793
627.399 608.290
627.682 596.008
627.966 590.405
628.249 605.940
628.532 548.077
628.816 764.663
629.099 720.843
629.383 696.129
629.666 661.803
629.949 618.025
630.233 597.942
630.516 625.928
630.799 676.155
631.083 597.263
631.366 517.378
631.649 464.400
631.933 476.709
632.216 651.465
632.500 658.017
632.783 704.674
633.066 679.114
633.350 614.374
633.633 647.595
633.916 661.481
634.200 596.329
634.483 648.470
634.766 683.891
635.050 610.538
635.333 553.850
635.617 574.670
635.900 621.003
636.183 633.102
636.467 582.439
636.750 641.746
637.033 666.303
637.317 632.467
637.600 580.210
637.883 558.098
638.167 628.897
638.450 642.730
638.734 597.814
639.017 636.232
639.300 653.115
639.584 573.019
639.867 759.202
640.150 724.619
640.434 718.099
640.717 742.690
641.000 673.559
641.284 748.354
641.567 642.440
641.851 616.059
642.134 762.235
642.417 766.223
642.701 849.288
642.984 844.784
643.267 772.424
643.551 670.392
643.834 617.627
644.117 724.754
644.401 688.910
644.684 701.122
644.968 792.607
645.251 744.987
645.534 629.630
645.818 612.772
646.101 764.549
646.384 869.741
646.668 810.613
646.951 699.843
647.235 706.167
647.518 712.773
647.801 893.252
648.085 1008.873
648.368 986.352
648.651 898.973
648.935 988.264
649.218 1138.009
649.501 1008.100
649.785 1071.208
650.068 1266.653
650.352 1354.750
650.635 1363.619
650.918 1395.211
651.202 1595.604
651.485 1757.640
651.768 1833.483
652.052 1862.586
652.335 1958.817
652.618 1994.177
652.902 2125.660
653.185 2411.506
653.469 2471.037
653.752 2502.442
654.035 2561.215
654.319 2803.579
654.602 2837.019
654.885 2849.448
655.169 2966.762
655.452 2887.000
655.735 2910.296
656.019 2942.763
656.302 2829.130
656.586 2919.545
656.869 3138.331
657.152 3062.484
657.436 3008.429
657.719 3189.552
658.002 3201.254
658.286 3176.232
658.569 3005.570
658.852 2870.846
659.136 2789.394
659.419 2675.716
659.703 2537.673
659.986 2493.030
660.269 2483.888
660.553 2319.807
660.836 2310.688
661.119 2430.634
661.403 2409.136
661.686 2290.741
661.969 2194.126
662.253 2185.826
662.536 2150.284
662.820 2184.490
663.103 2111.495
663.386 2076.025
663.670 2095.322
663.953 1993.942
664.236 2063.872
664.520 2047.688
664.803 2085.203
665.086 2085.143
665.370 2172.390
665.653 2244.352
665.937 2214.200
666.220 2121.935
666.503 2075.309
666.787 2098.663
667.070 2001.329
667.353 1976.966
667.637 1743.773
667.920 1752.928
668.204 1612.831
668.487 1464.333
668.770 1536.116
669.054 1249.992
669.337 1123.872
669.620 1052.543
669.904 907.913
670.187 957.794
670.470 1033.288
670.754 908.825
671.037 763.471
671.321 662.615
671.604 714.444
671.887 774.567
672.171 800.182
672.454 797.345
672.737 799.005
673.021 779.338
673.304 687.762
673.587 821.259
673.871 836.350
674.154 807.964
674.438 850.959
674.721 770.820
675.004 743.862
675.288 744.917
675.571 772.487
675.854 740.587
676.138 737.253
676.421 754.551
676.704 686.142
676.988 816.523
677.271 1004.376
677.555 955.803
677.838 876.201
678.121 807.140
678.405 766.394
678.688 845.094
678.971 652.890
679.255 796.070
679.538 847.963
679.821 858.362
680.105 732.592
680.388 690.042
680.672 688.706
680.955 666.902
681.238 721.732
681.522 727.245
681.805 694.092
682.088 770.478
682.372 736.896
682.655 661.490
682.938 814.960
683.222 781.583
683.505 708.235
683.789 827.383
684.072 774.117
684.355 763.939
684.639 819.288
684.922 696.140
685.205 640.842
685.489 815.189
685.772 832.785
686.056 784.518
686.339 843.120
686.622 720.300
686.906 669.177
687.189 789.243
687.472 942.713
687.756 759.273
688.039 599.339
688.322 563.873
688.606 806.069
688.889 783.130
689.173 643.280
689.456 760.215
689.739 776.941
690.023 729.232
690.306 727.171
690.589 625.396
690.873 729.869
691.156 771.517
691.439 662.280
691.723 584.260
692.006 650.519
692.290 679.336
692.573 777.305
692.856 877.272
693.140 820.302
693.423 742.872
693.706 702.215
693.990 692.514
694.273 645.335
694.556 857.283
694.840 895.274
695.123 773.506
695.407 773.763
695.690 629.042
695.973 694.662
696.257 788.718
696.540 919.618
696.830 765.561
697.120 734.752
697.410 815.130
697.699 748.677
697.989 941.580
698.279 851.287
698.569 701.873
698.859 770.544
699.149 798.643
699.439 731.457
699.729 667.468
700.018 704.226
700.308 849.300
700.598 748.406
700.888 665.862
701.178 825.615
701.468 748.736
701.758 650.735
702.048 780.099
702.337 739.455
702.627 812.657
702.917 741.034
703.207 694.247
703.497 673.450
703.787 591.389
704.077 607.096
704.366 713.329
704.656 600.299
704.946 535.520
705.236 539.003
705.526 687.190
705.816 770.046
706.106 568.901
706.396 599.233
706.685 583.567
706.975 480.311
707.265 470.461
707.555 687.902
707.845 720.257
708.135 543.866
708.425 473.105
708.715 555.692
709.004 739.946
709.294 670.798
709.584 631.035
709.874 733.620
710.164 673.483
710.454 645.191
710.744 622.858
711.034 640.016
711.323 614.171
711.613 538.405
711.903 708.988
712.193 737.524
712.483 573.337
712.773 577.291
713.063 546.738
713.352 607.392
713.642 603.293
713.932 693.843
714.222 700.303
714.512 635.439
714.802 653.346
715.092 675.653
715.382 545.740
715.671 549.533
715.961 615.932
716.251 532.137
716.541 576.880
716.831 624.423
717.121 481.707
717.411 612.863
717.701 708.576
717.990 582.280
718.280 540.118
718.570 546.824
718.860 579.719
719.150 606.080
719.440 541.590
719.730 510.609
720.019 769.683
720.309 698.805
720.599 610.954
720.889 584.392
721.179 638.000
721.469 731.542
721.759 666.108
722.049 669.963
722.338 559.723
722.628 580.031
722.918 668.745
723.208 710.435
723.498 590.262
723.788 637.048
724.078 758.338
724.368 648.923
724.657 610.745
724.947 715.500
725.237 741.307
725.527 725.882
725.817 611.412
726.107 605.468
726.397 548.428
726.686 480.749
726.976 587.151
727.266 657.770
727.556 581.387
727.846 708.784
728.136 697.479
728.426 579.664
728.716 528.327
729.005 672.726
729.295 588.443
729.585 462.420
729.875 469.295
730.165 572.582
730.455 594.910
730.745 606.186
731.035 613.001
731.324 700.789
731.614 677.117
731.904 572.837
732.194 655.461
732.484 584.133
732.774 538.432
733.064 540.396
733.354 469.404
733.643 559.577
733.933 582.442
734.223 547.373
734.513 714.059
734.803 732.335
735.093 578.208
735.383 602.229
735.672 651.076
735.962 664.110
736.252 502.189
736.542 525.719
736.832 541.408
737.122 435.095
737.412 493.937
737.702 657.346
737.991 661.290
738.281 656.709
738.571 639.383
738.861 614.086
739.151 571.782
739.441 625.319
739.731 507.343
740.021 559.593
740.310 674.562
740.600 705.848
740.890 540.929
741.180 569.656
741.470 598.303
741.760 664.461
742.050 823.414
742.339 709.334
742.629 577.799
742.919 719.262
743.209 530.823
743.499 559.061
743.789 601.217
744.079 576.483
744.369 611.540
744.658 554.296
744.948 404.261
745.238 536.494
745.528 624.718
745.818 755.316
746.108 692.834
746.398 658.784
746.688 620.073
746.977 801.819
747.267 680.686
747.557 688.339
747.847 724.142
748.137 583.587
748.427 601.516
748.717 493.567
749.006 399.562
749.296 551.372
749.586 647.359
749.876 755.591
750.166 656.008
750.456 597.856
750.746 587.493
751.036 494.696
751.325 657.389
751.615 622.099
751.905 614.125
752.195 691.757
752.485 642.775
752.775 650.443
753.065 546.357
753.355 785.614
753.644 733.580
753.934 583.197
754.224 593.663
754.514 753.915
754.804 508.443
755.094 369.042
755.384 500.454
755.674 553.631
755.963 625.865
756.253 645.588
756.543 668.027
756.833 642.252
757.123 654.677
757.413 589.021
757.703 543.812
757.992 541.819
758.282 633.662
758.572 633.312
758.862 537.852
759.152 605.206
759.442 583.531
759.732 647.452
760.022 730.886
760.311 638.078
760.601 513.346
760.891 673.324
761.181 711.860
761.471 629.093
761.761 500.841
762.051 523.013
762.341 659.325
762.630 738.556
762.920 590.537
763.210 603.247
763.500 674.157
763.793 537.215
764.086 610.747
764.379 615.180
764.671 668.517
764.964 573.966
765.257 566.941
765.550 596.327
765.843 482.433
766.136 595.353
766.429 606.459
766.722 657.224
767.014 553.964
767.307 374.277
767.600 461.907
767.893 531.946
768.186 474.504
768.479 498.714
768.772 666.069
769.064 709.433
769.357 631.193
769.650 560.273
769.943 744.016
770.236 651.384
770.529 537.138
770.822 568.404
771.115 632.937
771.407 780.918
771.700 764.790
771.993 772.649
772.286 678.042
772.579 689.472
772.872 565.496
773.165 534.263
773.457 639.118
773.750 655.925
774.043 541.915
774.336 598.034
774.629 683.538
774.922 655.990
775.215 548.035
775.508 579.173
775.800 581.625
776.093 672.861
776.386 628.941
776.679 560.104
776.972 691.037
777.265 860.237
777.558 830.213
777.850 686.681
778.143 681.672
778.436 611.952
778.729 595.272
779.022 660.615
779.315 518.922
779.608 472.707
779.900 583.276
780.193 620.478
780.486 610.835
780.779 574.130
781.072 548.520
781.365 657.411
781.658 605.878
781.951 527.581
782.243 634.756
782.536 703.315
782.829 631.042
783.122 627.042
783.415 669.558
783.708 694.649
784.001 660.562
784.293 701.701
784.586 718.048
784.879 684.997
785.172 587.230
785.465 571.802
785.758 657.990
786.051 684.058
786.344 730.705
786.636 881.602
786.929 670.406
787.222 581.496
787.515 515.282
787.808 570.212
788.101 561.237
788.394 709.104
788.686 873.955
788.979 817.844
789.272 698.161
789.565 645.583
789.858 532.824
790.151 495.410
790.444 494.426
790.737 521.936
791.029 562.825
791.322 653.659
791.615 576.252
791.908 599.397
792.201 601.808
792.494 557.354
792.787 645.460
793.079 749.807
793.372 676.366
793.665 690.017
793.958 665.107
794.251 692.041
794.544 770.052
794.837 873.526
795.130 685.107
795.422 623.307
795.715 622.325
796.008 646.913
796.301 657.591
796.594 573.941
796.887 615.788
797.180 687.205
797.472 586.521
797.765 484.841
798.058 510.270
798.351 547.682
798.644 538.724
798.937 506.834
799.230 574.073
799.523 920.622
799.815 805.981
800.108 505.896
800.401 517.875
800.694 629.185
800.987 546.817
801.280 649.822
801.573 715.771
801.865 716.785
802.158 616.283
802.451 572.386
802.744 560.424
803.037 585.389
803.330 593.980
803.623 719.150
803.915 652.298
804.208 523.094
804.501 583.215
804.794 682.328
805.087 619.660
805.380 440.556
805.673 460.149
805.966 608.312
806.258 559.837
806.551 611.177
806.844 632.275
807.137 670.111
807.430 512.826
807.723 559.025
808.016 781.931
808.308 789.555
808.601 606.257
808.894 542.098
809.187 582.941
809.480 668.888
809.773 605.918
810.066 601.511
810.359 703.843
810.651 690.142
810.944 447.525
811.237 508.535
811.530 683.121
811.825 593.926
812.119 549.950
812.414 483.365
812.709 571.746
813.003 637.695
813.298 542.019
813.593 642.422
813.887 618.506
814.182 981.844
814.476 870.164
814.771 710.788
815.066 585.086
815.360 512.351
815.655 495.089
815.950 591.232
816.244 654.318
816.539 765.758
816.834 692.377
817.128 691.057
817.423 731.141
817.718 911.312
818.012 714.130
818.307 469.560
818.602 578.181
818.896 653.304
819.191 600.546
819.486 588.409
819.780 680.081
820.075 766.122
820.369 751.175
820.664 593.581
820.959 684.692
821.253 748.628
821.548 631.544
821.843 654.676
822.137 678.240
822.432 680.709
822.727 653.278
823.021 627.878
823.316 815.591
823.611 739.826
823.905 573.502
824.200 503.748
824.495 697.863
824.789 750.619
825.084 702.424
825.379 628.285
825.673 633.186
825.968 677.926
826.262 643.701
826.557 705.278
826.852 717.282
827.146 688.634
827.441 690.039
827.736 676.985
828.030 629.897
828.325 492.299
828.620 651.549
828.914 740.459
829.209 615.239
829.504 751.642
829.798 727.843
830.093 631.950
830.388 545.283
830.682 467.635
830.977 698.804
831.271 722.559
831.566 571.014
831.861 633.510
832.155 589.309
832.450 689.367
832.745 790.661
833.039 657.712
833.334 557.226
833.629 615.833
833.923 576.760
834.218 558.800
834.513 548.567
834.807 536.422
835.102 461.887
835.397 561.754
835.691 521.209
835.986 509.904
836.281 510.377
836.575 515.761
836.870 544.063
837.164 531.900
837.459 504.049
837.754 565.585
838.048 519.737
838.343 512.423
838.638 592.931
838.932 671.142
839.227 627.070
839.522 602.809
839.816 589.709
840.111 570.259
840.406 517.341
840.700 700.590
840.995 853.242
841.290 830.755
841.584 710.371
841.879 759.891
842.174 694.026
842.468 669.132
842.763 521.901
843.057 594.057
843.352 627.414
843.647 625.437
843.941 634.862
844.236 669.301
844.531 723.311
844.825 656.239
845.120 710.725
845.415 743.642
845.709 653.203
846.004 740.276
846.299 637.857
846.593 741.918
846.888 732.896
847.183 629.715
847.477 630.439
847.772 672.623
848.066 627.947
848.361 652.170
848.656 678.013
848.950 659.006
849.245 783.343
849.540 675.806
849.834 796.869
850.129 856.283
850.424 689.656
850.718 658.279
851.013 745.649
851.308 685.105
851.602 768.931
851.897 845.513
852.192 933.137
852.486 787.829
852.781 719.114
853.076 839.403
853.370 726.328
853.665 749.225
853.959 794.332
854.254 701.079
854.549 854.053
854.843 767.506
855.138 689.209
855.433 750.729
855.727 822.292
856.022 716.291
856.317 666.963
856.611 745.429
856.906 654.268
857.201 644.579
857.495 831.070
857.790 872.613
858.085 731.626
858.379 679.258
858.674 645.975
858.969 598.709
859.263 660.825
859.558 617.906
859.852 544.033
860.147 620.704
860.442 784.802
860.736 579.635
861.031 697.195
861.326 762.612
861.620 592.384
861.915 769.808
862.210 808.115
862.504 662.928
862.799 746.467
863.094 757.657
863.388 673.258
863.683 648.166
863.978 545.604
864.272 562.362
864.567 645.598
864.861 628.552
865.156 532.094
865.451 433.184
865.745 630.364
866.040 718.589
866.335 685.194
866.629 742.114
866.924 661.894
867.219 595.044
867.513 722.543
867.808 655.524
868.103 584.997
868.397 654.254
868.692 624.661
868.987 561.479
869.281 507.977
869.576 638.726
869.871 784.244
870.165 636.561
870.460 509.444
870.754 571.067
871.049 481.651
871.344 564.867
871.638 683.639
871.933 590.678
872.228 570.422
872.522 586.994
872.817 647.330
873.112 876.304
873.406 738.140
873.701 756.687
873.996 748.409
874.290 636.797
874.585 598.678
874.880 680.552
875.174 569.304
875.469 590.020
875.764 640.620
876.058 550.331
876.353 466.127
876.647 457.939
876.942 521.810
877.237 598.791
877.531 609.492
877.826 657.539
878.121 647.119
878.415 585.737
878.710 578.401
879.005 695.465
879.299 648.269
879.594 551.104
879.889 423.717
880.183 451.075
880.478 549.913
880.773 581.576
881.067 602.869
881.362 578.501
881.656 515.199
881.951 573.991
882.246 523.473
882.540 560.306
882.835 505.462
883.130 526.128
883.424 510.956
883.719 446.046
884.014 576.103
884.308 570.124
884.603 516.809
884.898 542.588
885.192 611.588
885.487 558.301
885.782 500.945
886.076 646.637
886.371 608.681
886.666 433.257
886.960 499.186
887.255 469.205
887.549 466.589
887.844 662.309
888.139 681.046
888.433 617.566
888.728 513.459
889.023 549.881
889.317 652.638
889.612 528.066
889.907 530.263
890.201 593.104
890.496 588.168
890.791 568.223
891.085 523.600
891.380 521.844
891.675 548.816
891.969 615.963
892.264 531.524
892.559 528.475
892.853 628.686
893.148 540.434
893.442 529.799
893.737 577.012
894.032 482.240
894.326 441.720
894.621 461.113
894.916 416.555
895.210 506.946
895.505 588.687
895.800 527.324
896.094 421.372
896.389 486.694
896.684 510.101
896.978 510.543
897.273 456.636
897.568 601.118
897.862 627.299
898.157 539.775
898.451 634.952
898.746 569.474
899.041 629.332
899.335 627.570
899.630 512.000
899.925 558.500
900.219 638.225
900.514 742.295
900.809 542.328
901.103 370.858
901.398 586.675
901.693 531.261
901.987 509.462
902.282 566.008
902.577 481.389
902.871 417.689
903.166 526.902
903.461 612.202
903.755 599.354
904.050 608.142
904.344 450.356
904.639 443.683
904.934 457.555
905.228 505.149
905.523 490.294
905.818 529.501
906.112 666.447
906.407 570.186
906.702 470.864
906.996 501.161
907.291 520.685
907.586 446.381
907.880 597.470
908.175 597.113
908.470 598.941
908.764 612.029
909.059 709.339
909.354 671.409
909.648 508.560
909.943 508.569
910.237 668.704
910.532 726.767
910.827 769.856
911.121 703.598
911.416 581.739
911.711 642.410
912.005 690.563
912.300 629.115
912.599 650.297
912.898 597.577
913.196 635.427
913.495 652.133
913.794 723.986
914.093 649.971
914.391 593.515
914.690 657.685
914.989 652.706
915.288 721.135
915.586 634.642
915.885 497.263
916.184 406.272
916.483 455.061
916.782 594.084
917.080 611.010
917.379 594.279
917.678 555.262
917.977 689.171
918.275 700.239
918.574 661.444
918.873 680.125
919.172 672.865
919.471 597.139
919.769 597.902
920.068 505.453
920.367 493.032
920.666 512.227
920.964 590.613
921.263 520.469
921.562 490.595
921.861 628.524
922.159 584.166
922.458 629.761
922.757 581.025
923.056 572.561
923.355 586.006
923.653 727.053
923.952 669.942
924.251 501.319
924.550 653.546
924.848 659.445
925.147 517.708
925.446 509.303
925.745 597.799
926.043 584.059
926.342 588.816
926.641 546.414
926.940 593.203
927.239 646.310
927.537 697.416
927.836 620.901
928.135 617.099
928.434 680.355
928.732 721.916
929.031 783.508
929.330 722.560
929.629 632.585
929.927 609.181
930.226 536.774
930.525 574.358
930.824 705.466
931.123 663.756
931.421 767.883
931.720 732.385
932.019 714.293
932.318 683.266
932.616 613.058
932.915 624.575
933.214 642.749
933.513 687.702
933.812 607.719
934.110 683.231
934.409 810.089
934.708 651.643
935.007 885.241
935.305 832.391
935.604 605.907
935.903 735.247
936.202 794.429
936.500 897.737
936.799 998.447
937.098 870.198
937.397 828.209
937.696 787.023
937.994 772.359
938.293 862.747
938.592 717.353
938.891 731.809
939.189 778.542
939.488 883.515
939.787 1073.612
940.086 918.032
940.384 873.019
940.683 759.264
940.982 686.750
941.281 885.994
941.580 1177.200
941.878 1112.207
942.177 912.996
942.476 912.502
942.775 903.218
943.073 748.761
943.372 722.750
943.671 928.041
943.970 989.652
944.268 898.889
944.567 714.839
944.866 827.425
945.165 862.726
945.464 816.023
945.762 670.515
946.061 882.938
946.360 1000.003
946.659 992.852
946.957 982.909
947.256 911.971
947.555 837.392
947.854 925.205
948.153 775.356
948.451 734.723
948.750 840.597
949.049 850.177
949.348 1064.504
949.646 872.066
949.945 816.109
950.244 994.755
950.543 872.817
950.841 790.840
951.140 732.279
951.439 632.256
951.738 611.676
952.037 707.626
952.335 828.610
952.634 839.564
952.933 762.391
953.232 733.671
953.530 504.686
953.829 823.356
954.128 936.449
954.427 877.306
954.725 990.443
955.024 880.059
955.323 845.623
955.622 687.215
955.921 636.804
956.219 698.772
956.518 638.339
956.817 738.195
957.116 811.014
957.414 740.937
957.713 640.051
958.012 564.131
958.311 535.902
958.610 713.529
958.908 760.503
959.207 748.125
959.506 767.549
959.805 786.797
960.103 798.399
960.402 786.407
960.701 671.645
961.000 571.894
961.298 567.102
961.597 700.370
961.896 709.195
962.195 714.148
962.494 774.840
962.792 705.680
963.091 674.169
963.390 648.879
963.689 620.205
963.987 677.362
964.286 797.287
964.585 840.601
964.884 727.245
965.182 580.937
965.481 928.534
965.780 1099.403
966.080 961.885
966.380 845.930
966.680 719.325
966.981 748.480
967.281 725.570
967.581 650.952
967.881 714.926
968.181 724.530
968.481 712.969
968.781 706.608
969.082 603.625
969.382 651.152
969.682 715.719
969.982 772.510
970.282 811.883
970.582 632.847
970.882 606.996
971.183 780.366
971.483 716.663
971.783 636.435
972.083 684.076
972.383 750.489
972.683 725.210
972.983 753.350
973.284 622.417
973.584 622.814
973.884 690.474
974.184 686.620
974.484 755.439
974.784 592.789
975.084 542.264
975.385 617.533
975.685 695.323
975.985 660.015
976.285 641.002
976.585 659.381
976.885 555.166
977.185 619.133
977.486 691.848
977.786 708.489
978.086 764.753
978.386 744.579
978.686 599.884
978.986 517.893
979.286 549.901
979.587 700.909
979.887 634.916
980.187 598.924
980.487 589.932
980.787 626.939
981.087 590.947
981.387 798.955
981.688 662.963
981.988 495.970
982.288 522.978
982.588 574.986
982.888 633.993
983.188 618.001
983.488 718.009
983.789 722.016
984.089 691.024
984.389 605.031
984.689 543.039
984.989 499.047
985.289 538.054
985.589 746.062
985.890 671.069
986.190 514.077
986.490 552.085
986.790 664.092
987.090 595.100
987.390 636.107
987.690 696.115
987.991 523.122
988.291 542.130
988.591 567.137
988.891 477.145
989.191 483.152
989.491 649.160
989.791 648.167
990.092 650.175
990.392 702.182
990.692 645.190
990.992 612.197
991.292 547.205
991.592 680.212
991.892 678.220
992.193 710.227
992.493 685.235
992.793 623.242
993.093 634.249
993.393 517.257
993.693 528.264
993.993 716.272
994.294 842.279
994.594 690.286
994.894 620.294
995.194 612.301
995.494 521.309
995.794 542.316
996.094 565.323
996.395 660.331
996.695 730.338
996.995 503.345
997.295 483.353
997.595 566.360
997.895 460.367
998.195 413.375
998.496 489.382
998.796 487.389
999.096 724.396
999.396 610.404
999.696 616.411
999.996 637.418
1000.296 784.426
1000.597 753.433
1000.897 589.440
1001.197 602.447
1001.497 776.454
1001.797 599.462
1002.097 467.469
1002.397 606.476
1002.698 657.483
1002.998 700.491
1003.298 661.498
1003.598 537.505
1003.898 526.512
1004.198 686.519
1004.498 730.526
1004.799 673.534
1005.099 689.541
1005.399 701.548
1005.699 725.555
1005.999 683.562
1006.299 623.569
1006.599 794.576
1006.900 758.583
1007.200 631.591
1007.500 694.598
1007.800 692.605
1008.100 591.612
1008.400 519.619
1008.700 564.626
1009.001 511.633
1009.301 519.640
1009.601 722.647
1009.901 825.654
1010.201 707.661
1010.501 628.668
1010.801 784.675
1011.102 644.682
1011.402 663.689
1011.702 542.696
1012.002 487.703
1012.302 642.710
1012.602 635.717
1012.902 594.724
1013.203 655.731
1013.503 712.738
1013.803 683.745
1014.103 496.752
1014.403 614.759
1014.703 582.766
1015.003 477.773
1015.304 701.780
1015.604 779.787
1015.904 590.794
1016.204 518.801
1016.504 522.807
1016.804 559.814
1017.104 623.821
1017.405 601.828
1017.705 578.835
1018.005 565.842
1018.305 587.849
1018.605 616.856
1018.905 474.862
1019.205 442.869
1019.506 782.876
1019.806 817.883
1020.106 705.890
1020.406 747.897
1020.706 648.903
1021.006 631.910
1021.306 786.917
1021.607 665.924
1021.907 778.931
1022.207 723.937
1022.507 607.944
1022.807 635.951
1023.107 589.958
1023.407 542.964
1023.708 592.971
1024.008 573.978
1024.308 595.985
1024.608 611.991
1024.908 515.998
1025.208 595.005
1025.508 804.012
1025.809 809.018
1026.109 632.025
1026.409 696.032
1026.709 674.038
1027.009 602.045
1027.309 685.052
1027.609 561.058
1027.910 562.065
1028.210 696.072
1028.510 797.078
1028.810 936.085
1029.110 804.092
1029.410 660.098
1029.710 798.105
1030.011 776.112
1030.311 767.118
1030.611 634.125
1030.911 613.131
1031.211 668.138
1031.511 628.145
1031.811 780.151
1032.112 778.158
1032.412 679.164
1032.712 497.171
1033.012 589.178
1033.312 823.184
1033.612 768.191
1033.912 673.197
1034.212 601.204
1034.513 560.210
1034.813 527.217
1035.113 656.223
1035.413 512.230
1035.713 593.236
1036.013 636.243
1036.313 641.249
1036.614 727.256
1036.914 658.262
1037.214 534.269
1037.514 657.275
1037.814 622.282
1038.114 576.288
1038.414 583.295
1038.715 681.301
1039.015 612.308
1039.315 501.314
1039.615 582.320
1039.915 568.327
1040.215 544.333
1040.515 600.340
1040.816 628.346
1041.116 624.353
1041.416 560.359
1041.716 507.365
1042.016 486.372
1042.316 646.378
1042.616 672.384
1042.917 621.391
1043.217 606.397
1043.517 581.404
1043.817 693.410
1044.117 644.416
1044.417 631.423
1044.717 590.429
1045.018 559.435
1045.318 662.442
1045.618 686.448
1045.918 588.454
1046.218 512.461
1046.518 525.467
1046.818 634.473
1047.119 568.479
1047.419 732.486
1047.719 738.492
1048.019 618.498
1048.319 693.505
1048.619 690.511
1048.919 690.517
1049.220 602.523
1049.520 636.530
1049.820 557.536
1050.120 507.542
1050.420 715.548
1050.720 675.555
1051.020 677.561
1051.321 684.567
1051.621 756.573
1051.921 664.579
1052.221 520.586
1052.521 513.592
1052.821 485.598
1053.121 586.604
1053.422 679.610
1053.722 737.617
1054.022 640.623
1054.322 773.629
1054.622 697.635
1054.922 551.641
1055.222 697.647
1055.523 667.653
1055.823 626.660
1056.123 691.666
1056.423 607.672
1056.723 669.678
1057.023 602.684
1057.323 480.690
1057.624 575.696
1057.924 648.702
1058.224 674.708
1058.524 602.715
1058.824 658.721
1059.124 625.727
1059.424 608.733
1059.725 663.739
1060.025 562.745
1060.325 602.751
1060.625 598.757
1060.925 571.763
1061.225 622.769
1061.525 752.775
1061.826 643.781
1062.126 659.787
1062.426 733.793
1062.726 759.799
1063.026 699.805
1063.326 850.811
1063.626 797.817
1063.927 657.823
1064.227 649.829
1064.527 565.835
1064.827 700.841
1065.127 643.847
1065.427 452.853
1065.727 497.859
1066.028 704.865
1066.328 665.871
1066.628 508.877
1066.928 509.883
1067.228 569.889
1067.528 579.895
1067.828 586.901
1068.129 544.906
1068.429 728.912
1068.729 789.918
1069.029 628.924
1069.329 479.930
1069.629 618.936
1069.929 719.942
1070.230 767.948
1070.530 717.954
1070.830 610.959
1071.130 712.965
1071.430 676.971
1071.730 656.977
1072.030 679.983
1072.331 552.989
1072.631 598.995
1072.931 681.000
1073.231 642.006
1073.531 582.012
1073.831 553.018
1074.131 660.024
1074.432 775.029
1074.732 645.035
1075.032 554.041
1075.332 530.047
1075.632 527.053
1075.932 496.058
1076.232 479.064
1076.533 498.070
1076.833 600.076
1077.133 615.082
1077.433 525.087
1077.733 501.093
1078.033 658.099
1078.333 585.105
1078.634 576.110
1078.934 671.116
1079.234 563.122
1079.534 717.127
1079.834 768.133
1080.134 732.139
1080.434 741.145
1080.735 620.150
1081.035 621.156
1081.335 488.162
1081.635 491.167
1081.935 560.173
1082.235 607.179
1082.535 627.184
1082.836 629.190
1083.136 589.196
1083.436 709.201
1083.736 733.207
1084.036 572.213
1084.336 512.218
1084.636 562.224
1084.937 719.230
1085.237 771.235
1085.537 637.241
1085.837 705.247
1086.137 653.252
1086.437 679.258
1086.737 602.263
1087.038 599.269
1087.338 712.275
1087.638 734.280
1087.938 552.286
1088.238 409.291
1088.538 574.297
1088.838 714.302
1089.139 725.308
1089.439 539.314
1089.739 630.319
1090.039 637.325
1090.339 713.330
1090.639 647.336
1090.939 653.341
1091.240 596.347
1091.540 612.352
1091.840 592.358
1092.140 670.363
1092.453 673.369
1092.766 594.375
1093.079 523.380
1093.392 558.386
1093.705 545.391
1094.018 641.397
1094.330 772.402
1094.643 685.407
1094.956 707.413
1095.269 605.418
1095.582 609.424
1095.895 579.429
1096.208 598.435
1096.521 633.440
1096.834 614.446
1097.147 655.451
1097.460 763.457
1097.773 812.462
1098.085 612.468
1098.398 517.473
1098.711 511.478
1099.024 520.484
1099.337 661.489
1099.650 793.495
1099.963 732.500
1100.276 590.505
1100.589 570.511
1100.902 631.516
1101.215 607.522
1101.528 734.527
1101.841 661.532
1102.153 646.538
1102.466 701.543
1102.779 580.548
1103.092 565.554
1103.405 649.559
1103.718 574.565
1104.031 576.570
1104.344 659.575
1104.657 599.581
1104.970 892.586
1105.283 729.591
1105.596 541.597
1105.909 590.602
1106.221 675.607
1106.534 651.612
1106.847 526.618
1107.160 489.623
1107.473 502.628
1107.786 612.634
1108.099 466.639
1108.412 509.644
1108.725 635.649
1109.038 532.655
1109.351 643.660
1109.664 680.665
1109.977 537.671
1110.289 604.676
1110.602 618.681
1110.915 569.686
1111.228 591.692
1111.541 524.697
1111.854 511.702
1112.167 422.707
1112.480 497.712
1112.793 566.718
1113.106 579.723
1113.419 665.728
1113.732 664.733
1114.044 611.739
1114.357 682.744
1114.670 652.749
1114.983 576.754
1115.296 588.759
1115.609 676.765
1115.922 676.770
1116.235 693.775
1116.548 647.780
1116.861 578.785
1117.174 564.790
1117.487 621.796
1117.800 809.801
1118.112 666.806
1118.425 591.811
1118.738 582.816
1119.051 528.821
1119.364 526.826
1119.677 644.831
1119.990 596.837
1120.303 604.842
1120.616 737.847
1120.929 561.852
1121.242 618.857
1121.555 658.862
1121.868 684.867
1122.180 620.872
1122.493 461.877
1122.806 451.883
1123.119 608.888
1123.432 664.893
1123.745 651.898
1124.058 569.903
1124.371 542.908
1124.684 643.913
1124.997 633.918
1125.310 582.923
1125.623 478.928
1125.935 452.933
1126.248 559.938
1126.561 608.943
1126.874 552.948
1127.187 693.953
1127.500 716.958
1127.813 700.963
1128.126 650.968
1128.439 657.973
1128.752 801.978
1129.065 597.983
1129.378 380.988
1129.691 558.993
1130.003 604.998
1130.316 549.003
1130.629 504.008
1130.942 596.013
1131.255 582.018
1131.568 513.023
1131.881 548.028
1132.194 666.033
1132.507 617.038
1132.820 570.043
1133.133 740.048
1133.446 597.053
1133.759 760.058
1134.071 1144.063
1134.384 814.068
1134.697 753.073
1135.010 846.078
1135.323 666.082
1135.636 518.087
1135.949 525.092
1136.262 583.097
1136.575 590.102
1136.888 573.107
1137.201 570.112
1137.514 577.117
1137.826 723.122
1138.139 592.127
1138.452 596.131
1138.765 812.136
1139.078 861.141
1139.391 799.146
1139.704 683.151
1140.017 667.156
1140.330 601.161
1140.643 540.165
1140.956 528.170
1141.269 602.175
1141.582 694.180
1141.894 553.185
1142.207 718.190
1142.520 679.194
1142.833 746.199
1143.146 595.204
1143.459 511.209
1143.772 532.214
1144.085 650.219
1144.398 616.223
1144.711 568.228
1145.024 518.233
1145.337 601.238
1145.650 682.242
1145.962 608.247
1146.275 632.252
1146.588 529.257
1146.901 673.262
1147.214 670.266
1147.527 573.271
1147.840 651.276
1148.153 615.281
1148.466 613.285
1148.779 653.290
1149.092 753.295
1149.405 585.300
1149.718 625.304
1150.030 719.309
1150.343 652.314
1150.656 551.319
1150.969 521.323
1151.282 704.328
1151.595 637.333
1151.908 538.337
1152.221 422.342
1152.534 466.347
1152.847 791.352
1153.160 714.356
1153.473 665.361
1153.785 728.366
1154.098 671.370
1154.411 722.375
1154.724 682.380
1155.037 749.384
1155.350 663.389
1155.663 672.394
1155.976 593.398
1156.289 651.403
1156.602 577.408
1156.915 454.412
1157.228 438.417
1157.541 531.422
1157.853 542.426
1158.166 626.431
1158.479 725.435
1158.792 630.440
1159.105 605.445
1159.418 663.449
1159.731 631.454
1160.044 630.459
1160.357 746.463
1160.670 718.468
1160.983 484.472
1161.296 581.477
1161.609 709.482
1161.921 659.486
1162.234 635.491
1162.547 472.495
1162.860 494.500
1163.173 502.504
1163.486 555.509
1163.799 613.514
1164.112 602.518
1164.425 575.523
1164.738 564.527
1165.051 511.532
1165.364 578.536
1165.676 590.541
1165.989 645.545
1166.302 602.550
1166.615 717.555
1166.928 689.559
1167.241 690.564
1167.554 695.568
1167.867 676.573
1168.180 621.577
1168.493 506.582
1168.806 603.586
1169.119 573.591
1169.432 666.595
1169.744 645.600
1170.057 620.604
1170.370 753.609
1170.683 710.613
1170.996 568.618
1171.309 628.622
1171.622 608.627
1171.935 589.631
1172.248 718.636
1172.561 694.640
1172.874 674.644
1173.187 692.649
1173.500 686.653
1173.812 681.658
1174.125 667.662
1174.438 750.667
1174.751 599.671
1175.064 545.676
1175.377 640.680
1175.690 528.684
1176.003 481.689
1176.316 595.693
1176.629 644.698
1176.942 578.702
1177.255 558.707
1177.567 537.711
1177.880 591.715
1178.193 683.720
1178.506 592.724
1178.819 687.729
1179.132 699.733
1179.445 514.737
1179.758 704.742
1180.071 716.746
1180.384 591.751
1180.697 671.755
1181.010 742.759
1181.323 827.764
1181.635 795.768
1181.948 696.772
1182.261 565.777
1182.574 599.781
1182.887 650.785
1183.200 757.790
1183.513 740.794
1183.826 686.798
1184.139 674.803
1184.452 634.807
1184.765 520.811
1185.078 432.816
1185.391 552.820
1185.703 591.824
1186.016 447.829
1186.329 450.833
1186.642 602.837
1186.955 740.842
1187.268 574.846
1187.581 615.850
1187.894 626.855
1188.207 661.859
1188.520 581.863
1188.833 627.867
1189.146 493.872
1189.459 454.876
1189.771 554.880
1190.084 669.885
1190.397 555.889
1190.710 635.893
1191.023 681.897
1191.336 634.902
1191.649 651.906
1191.962 649.910
1192.275 516.914
1192.588 630.919
1192.901 797.923
1193.214 659.927
1193.526 652.931
1193.839 685.936
1194.152 523.940
1194.465 655.944
1194.778 645.948
1195.091 564.952
1195.404 575.957
1195.717 622.961
1196.030 732.965
1196.343 639.969
1196.656 504.974
1196.969 529.978
1197.282 589.982
1197.594 625.986
1197.907 713.990
1198.220 764.994
1198.533 632.999
1198.846 600.003
1199.159 545.007
1199.472 563.011
1199.785 681.015
1200.098 561.020
1200.411 698.024
1200.724 632.028
1201.037 560.032
1201.350 528.036
1201.662 496.040
1201.975 591.044
1202.288 599.049
1202.601 219.053
