165.028 57.084
165.288 -20.303
165.547 63.312
165.807 138.930
166.067 21.552
166.327 -79.824
166.587 -35.196
166.847 43.434
167.107 52.068
167.367 94.704
167.627 128.343
167.886 110.985
168.146 125.630
168.406 259.278
168.666 187.929
168.926 107.582
169.186 83.238
169.446 113.897
169.706 8.558
169.966 94.222
170.225 94.889
170.485 138.558
170.745 213.230
171.005 319.904
171.265 162.581
171.525 139.261
171.785 46.942
172.045 42.627
172.305 185.313
172.564 71.002
172.824 -73.307
173.084 120.387
173.344 107.083
173.604 67.781
173.864 185.482
174.124 170.184
174.384 134.889
174.644 218.596
174.903 339.305
175.163 317.016
175.423 294.729
175.683 123.444
175.943 171.162
176.203 148.881
176.463 108.602
176.723 45.325
176.983 124.050
177.242 181.777
177.502 294.506
177.762 297.236
178.022 78.969
178.282 104.703
178.542 66.439
178.802 88.176
179.062 95.916
179.322 279.657
179.581 328.399
179.841 187.144
180.101 248.889
180.361 266.637
180.621 166.386
180.881 119.136
181.141 136.888
181.401 132.641
181.661 225.396
181.920 318.152
182.180 189.910
182.440 110.669
182.700 68.429
182.960 81.191
183.220 162.954
183.480 364.718
183.740 270.483
184.000 179.250
184.259 0.018
184.519 171.786
184.779 198.557
185.039 211.328
185.299 285.100
185.559 280.873
185.819 301.648
186.079 272.423
186.339 215.200
186.598 153.977
186.858 36.755
187.118 34.534
187.378 185.315
187.638 214.096
187.898 326.877
188.158 342.660
188.418 128.444
188.678 106.228
188.937 236.013
189.197 234.799
189.457 229.585
189.717 190.373
189.977 48.161
190.237 32.949
190.497 229.738
190.757 239.528
191.017 215.318
191.276 115.109
191.536 154.901
191.796 100.693
192.056 130.486
192.316 198.279
192.576 100.072
192.836 41.866
193.096 113.660
193.356 148.455
193.616 173.250
193.875 188.046
194.135 151.842
194.395 251.638
194.655 294.434
194.915 261.231
195.175 209.028
195.435 262.825
195.695 69.623
195.955 -11.579
196.214 202.218
196.474 278.017
196.734 247.815
196.994 224.613
197.254 190.412
197.514 188.210
197.774 221.009
198.034 111.807
198.294 116.606
198.553 207.405
198.813 243.204
199.073 72.003
199.333 117.801
199.593 269.600
199.853 294.399
200.113 352.197
200.373 326.996
200.633 163.794
200.892 176.592
201.152 111.390
201.412 99.188
201.672 226.986
201.932 387.783
202.192 308.581
202.452 149.378
202.712 140.175
202.972 242.971
203.231 347.768
203.491 302.564
203.751 260.360
204.011 295.155
204.271 317.950
204.531 121.745
204.791 121.539
205.051 160.333
205.311 220.127
205.570 150.920
205.830 146.713
206.090 127.506
206.350 217.298
206.610 432.089
206.870 242.880
207.130 161.671
207.390 253.461
207.650 235.250
207.909 175.039
208.169 251.828
208.429 316.616
208.689 127.403
208.949 251.190
209.209 329.976
209.469 130.762
209.729 140.547
209.989 160.331
210.248 61.115
210.508 340.898
210.768 334.681
211.028 241.462
211.288 317.243
211.548 275.024
211.808 256.804
212.068 414.583
212.328 421.361
212.587 428.138
212.847 300.915
213.107 344.691
213.367 326.466
213.627 240.241
213.887 251.015
214.147 172.788
214.407 253.560
214.667 251.331
214.926 338.101
215.186 256.871
215.446 268.640
215.706 243.408
215.966 269.175
216.226 235.941
216.486 165.706
216.746 253.471
217.006 317.234
217.265 246.997
217.525 178.758
217.785 255.519
218.045 280.279
218.305 162.038
218.565 170.796
218.825 252.553
219.085 317.309
219.345 201.064
219.604 165.818
219.864 260.571
220.124 292.323
220.384 253.074
220.644 274.824
220.904 226.573
221.164 233.321
221.424 207.068
221.684 110.814
221.943 180.558
222.203 315.302
222.463 232.045
222.723 144.787
222.983 248.527
223.243 259.267
223.503 277.005
223.763 209.742
224.023 228.479
224.282 309.214
224.542 276.948
224.802 285.681
225.062 315.412
225.322 428.143
225.582 335.872
225.842 292.601
226.102 311.328
226.362 290.054
226.621 323.779
226.881 223.503
227.141 217.225
227.401 261.946
227.661 198.667
227.921 390.386
228.181 285.103
228.441 242.820
228.701 453.536
228.960 459.250
229.220 214.963
229.480 111.675
229.740 306.385
230.000 441.095
230.260 234.803
230.520 187.510
230.780 232.215
231.040 278.920
231.299 210.623
231.559 265.325
231.819 306.026
232.079 389.725
232.339 382.424
232.599 173.121
232.859 261.816
233.119 370.511
233.379 262.204
233.638 300.896
233.898 424.586
234.158 397.276
234.418 202.964
234.678 298.651
234.938 365.336
235.198 264.021
235.458 196.703
235.718 273.385
235.978 280.065
236.237 287.745
236.497 280.422
236.757 389.099
237.017 377.774
237.277 334.448
237.537 287.120
237.797 193.792
238.057 307.461
238.317 241.130
238.576 139.797
238.836 230.463
239.096 297.128
239.356 246.791
239.616 248.453
239.876 338.114
240.136 330.773
240.396 357.431
240.656 410.088
240.915 356.743
241.175 314.397
241.435 205.050
241.695 343.701
241.955 507.351
242.215 541.000
242.475 482.647
242.735 287.293
242.995 308.938
243.254 326.581
243.514 271.223
243.774 141.864
244.034 243.503
244.294 491.141
244.554 404.778
244.814 383.413
245.074 313.047
245.334 283.679
245.593 344.311
245.853 327.940
246.113 223.569
246.373 357.196
246.633 440.822
246.893 306.446
247.153 351.069
247.413 421.691
247.673 350.311
247.932 313.930
248.192 379.548
248.452 404.164
248.712 405.779
248.972 244.393
249.232 402.005
249.492 303.616
249.752 172.226
250.012 332.834
250.271 286.441
250.531 339.046
250.791 592.650
251.051 557.253
251.311 333.855
251.571 173.455
251.831 295.053
252.091 354.651
252.351 270.247
252.610 252.842
252.870 392.435
253.130 320.027
253.390 333.618
253.650 439.207
253.911 403.795
254.172 448.381
254.433 375.967
254.694 286.551
254.955 335.133
255.216 259.714
255.477 426.294
255.738 408.873
255.999 267.450
256.261 445.026
256.522 468.600
256.783 376.174
257.044 237.746
257.305 185.316
257.566 170.885
257.827 184.453
258.088 312.020
258.349 250.585
258.610 341.149
258.871 433.711
259.132 494.273
259.393 366.832
259.654 214.391
259.915 165.948
260.176 281.504
260.437 415.059
260.698 358.612
260.959 319.164
261.221 369.715
261.482 437.264
261.743 383.812
262.004 386.359
262.265 548.904
262.526 446.448
262.787 280.991
263.048 309.533
263.309 288.073
263.570 427.612
263.831 359.149
264.092 317.686
264.353 251.221
264.614 540.754
264.875 485.287
265.136 321.818
265.397 525.348
265.658 586.876
265.919 603.403
266.181 510.929
266.442 365.454
266.703 316.977
266.964 331.500
267.225 294.020
267.486 320.540
267.747 428.058
268.008 475.575
268.269 548.091
268.530 493.606
268.791 442.119
269.052 492.631
269.313 412.141
269.574 394.651
269.835 414.159
270.096 395.666
270.357 427.172
270.618 401.676
270.879 340.179
271.141 363.681
271.402 397.182
271.663 322.681
271.924 355.179
272.185 383.676
272.446 415.172
272.707 389.666
272.968 323.160
273.229 332.652
273.490 378.142
273.751 290.632
274.012 302.120
274.273 420.607
274.534 364.093
274.795 377.578
275.056 394.061
275.317 337.543
275.578 265.024
275.839 307.504
276.101 266.983
276.362 289.460
276.623 324.936
276.884 427.411
277.145 427.885
277.406 410.358
277.667 344.829
277.928 331.299
278.189 464.769
278.450 408.236
278.711 413.703
278.972 424.168
279.233 302.633
279.494 383.096
279.755 546.558
280.016 589.019
280.277 428.478
280.538 459.937
280.799 358.394
281.061 307.850
281.322 356.305
281.583 363.759
281.844 304.211
282.105 305.663
282.366 469.113
282.627 438.562
282.888 461.010
283.149 417.457
283.410 368.903
283.671 419.348
283.932 358.791
284.193 210.233
284.454 312.675
284.715 429.115
284.976 353.554
285.237 464.992
285.498 661.428
285.759 520.864
286.021 493.298
286.282 443.732
286.543 425.164
286.804 432.595
287.065 439.025
287.326 468.454
287.587 291.882
287.848 391.309
288.109 540.734
288.370 490.159
288.631 273.582
288.892 257.005
289.153 331.426
289.414 236.846
289.675 498.265
289.936 627.683
290.197 527.100
290.458 436.516
290.719 359.931
290.981 514.345
291.242 596.757
291.503 522.169
291.764 342.579
292.025 224.989
292.286 272.397
292.547 377.805
292.808 339.211
293.069 420.616
293.330 404.020
293.591 451.424
293.852 391.826
294.113 381.227
294.374 363.627
294.635 409.026
294.896 406.424
295.157 452.821
295.418 517.217
295.679 473.612
295.941 418.006
296.202 478.399
296.463 451.790
296.724 480.181
296.985 546.571
297.246 467.960
297.507 343.348
297.768 349.735
298.029 483.120
298.290 620.505
298.551 605.889
298.812 672.272
299.073 433.654
299.334 321.034
299.595 437.414
299.856 478.793
300.117 640.171
300.378 515.548
300.639 339.924
300.901 326.299
301.162 452.673
301.423 530.046
301.684 619.418
301.945 624.789
302.206 426.159
302.467 437.528
302.728 406.897
302.989 445.264
303.250 424.630
303.511 483.995
303.772 502.360
304.033 442.723
304.294 421.086
304.555 377.447
304.816 482.808
305.077 523.168
305.338 388.527
305.599 323.884
305.861 408.241
306.122 505.597
306.383 409.952
306.644 453.306
306.905 341.660
307.166 545.012
307.427 514.363
307.688 487.714
307.949 487.063
308.210 538.412
308.471 489.760
308.732 404.107
308.993 319.453
309.254 369.798
309.515 321.142
309.776 416.485
310.037 383.828
310.298 270.169
310.559 348.510
310.821 493.850
311.082 506.188
311.343 386.526
311.604 322.864
311.865 272.200
312.126 279.535
312.387 355.870
312.648 401.203
312.909 413.536
313.170 402.868
313.434 432.199
313.698 405.529
313.963 484.859
314.227 391.187
314.491 396.515
314.755 487.842
315.019 434.168
315.284 307.493
315.548 453.817
315.812 450.140
316.076 526.463
316.340 533.785
316.604 507.106
316.869 573.426
317.133 498.745
317.397 555.063
317.661 566.381
317.925 461.698
318.190 434.014
318.454 416.329
318.718 385.643
318.982 497.957
319.246 587.270
319.511 715.582
319.775 511.893
320.039 478.203
320.303 437.513
320.567 516.821
320.832 508.129
321.096 404.437
321.360 406.743
321.624 412.048
321.888 324.353
322.153 371.657
322.417 345.960
322.681 280.263
322.945 461.565
323.209 520.865
323.473 397.166
323.738 372.465
324.002 429.763
324.266 593.061
324.530 537.358
324.794 441.655
325.059 395.950
325.323 339.245
325.587 422.539
325.851 436.832
326.115 640.125
326.380 571.416
326.644 500.707
326.908 517.998
327.172 447.287
327.436 451.576
327.701 480.864
327.965 476.151
328.229 510.438
328.493 330.724
328.757 363.009
329.022 494.293
329.286 385.577
329.550 361.860
329.814 397.142
330.078 451.423
330.342 406.704
330.607 446.984
330.871 553.263
331.135 613.542
331.399 558.820
331.663 448.097
331.928 499.374
332.192 538.649
332.456 479.924
332.720 525.199
332.984 429.472
333.249 434.745
333.513 369.018
333.777 331.289
334.041 362.560
334.305 400.830
334.570 473.100
334.834 375.369
335.098 509.637
335.362 542.904
335.626 459.171
335.891 382.437
336.155 476.703
336.419 498.968
336.683 321.232
336.947 434.495
337.211 461.758
337.476 364.020
337.740 433.281
338.004 461.542
338.268 399.802
338.532 476.062
338.797 447.321
339.061 499.579
339.325 585.836
339.589 640.093
339.853 524.349
340.118 466.605
340.382 555.860
340.646 609.114
340.910 399.368
341.174 411.621
341.439 403.873
341.703 417.125
341.967 410.376
342.231 436.626
342.495 419.876
342.759 544.125
343.024 526.374
343.288 611.622
343.552 505.869
343.816 300.116
344.080 373.362
344.345 462.607
344.609 341.852
344.873 334.096
345.137 467.340
345.401 523.583
345.666 348.825
345.930 479.067
346.194 556.308
346.458 367.549
346.722 360.789
346.987 429.028
347.251 499.267
347.515 645.505
347.779 486.743
348.043 401.980
348.308 455.216
348.572 363.452
348.836 302.687
349.100 324.922
349.364 329.156
349.628 382.389
349.893 422.622
350.157 500.854
350.421 507.086
350.685 480.317
350.949 398.548
351.214 307.778
351.478 369.007
351.742 415.236
352.006 459.464
352.270 420.692
352.535 376.919
352.799 380.146
353.063 465.372
353.327 436.597
353.591 369.822
353.856 415.047
354.120 458.271
354.384 528.494
354.648 602.716
354.912 567.939
355.177 482.160
355.441 405.381
355.705 654.602
355.969 626.822
356.233 483.041
356.497 471.260
356.762 487.478
357.026 477.696
357.290 423.914
357.554 443.130
357.818 538.346
358.083 521.562
358.347 430.777
358.611 412.992
358.875 461.206
359.139 468.420
359.404 361.633
359.668 470.845
359.932 609.057
360.196 577.269
360.460 463.480
360.725 529.690
360.989 562.900
361.253 617.109
361.517 562.318
361.781 553.527
362.046 529.735
362.310 612.942
362.574 572.149
362.838 447.355
363.102 462.561
363.366 536.766
363.631 438.971
363.895 457.176
364.159 592.379
364.423 580.583
364.687 598.786
364.952 618.988
365.216 607.190
365.480 504.391
365.747 404.592
366.013 463.793
366.280 469.993
366.546 577.192
366.813 491.391
367.079 530.590
367.346 618.788
367.612 496.985
367.879 511.182
368.145 610.379
368.412 475.575
368.678 431.770
368.945 520.966
369.211 510.160
369.478 515.354
369.744 514.548
370.011 549.741
370.278 520.934
370.544 506.127
370.811 518.319
371.077 481.510
371.344 438.701
371.610 472.891
371.877 477.081
372.143 530.271
372.410 553.460
372.676 585.649
372.943 612.837
373.209 549.025
373.476 463.212
373.742 420.399
374.009 572.586
374.276 574.772
374.542 531.957
374.809 472.142
375.075 348.327
375.342 340.511
375.608 363.695
375.875 384.878
376.141 594.061
376.408 574.244
376.674 508.426
376.941 470.607
377.207 430.788
377.474 798.969
377.740 740.149
378.007 441.329
378.273 514.509
378.540 597.688
378.807 429.866
379.073 354.044
379.340 394.222
379.606 426.400
379.873 459.577
380.139 535.753
380.406 600.929
380.672 535.105
380.939 402.280
381.205 361.455
381.472 287.629
381.738 300.803
382.005 481.977
382.271 510.150
382.538 462.323
382.804 625.495
383.071 579.667
383.338 520.839
383.604 492.010
383.871 538.181
384.137 580.351
384.404 536.521
384.670 526.691
384.937 467.860
385.203 563.028
385.470 532.197
385.736 537.365
386.003 524.532
386.269 493.700
386.536 471.866
386.802 470.033
387.069 549.199
387.336 691.364
387.602 638.530
387.869 394.695
388.135 392.859
388.402 343.023
388.668 436.187
388.935 556.350
389.201 684.513
389.468 628.676
389.734 595.838
390.001 579.000
390.267 492.161
390.534 550.322
390.800 526.483
391.067 635.643
391.333 669.803
391.600 556.963
391.867 516.122
392.133 528.281
392.400 462.439
392.666 381.597
392.933 584.755
393.199 681.913
393.466 551.070
393.732 522.226
393.999 554.382
394.265 522.538
394.532 468.694
394.798 569.849
395.065 462.004
395.331 503.159
395.598 590.313
395.864 563.467
396.131 623.620
396.398 674.773
396.664 764.926
396.931 839.078
397.197 983.230
397.464 926.382
397.730 1160.533
397.997 1292.684
398.263 1373.835
398.530 1481.985
398.796 1774.135
399.063 1902.285
399.329 1898.434
399.596 2114.583
399.862 2204.732
400.129 2410.880
400.396 2582.028
400.662 2508.175
400.929 2641.323
401.195 2783.470
401.462 3033.616
401.728 3190.762
401.995 3239.908
402.261 3252.054
402.528 3299.199
402.794 3372.344
403.061 3453.489
403.327 3525.633
403.594 3344.777
403.860 3090.920
404.127 2941.064
404.393 2963.207
404.660 2818.349
404.931 2714.492
405.202 2519.634
405.473 2298.775
405.745 2344.917
406.016 2506.058
406.287 2308.199
406.558 2150.339
406.829 2248.479
407.100 2114.619
407.371 2373.758
407.642 2455.897
407.914 2365.036
408.185 2310.175
408.456 2299.313
408.727 2392.451
408.998 2407.589
409.269 2639.726
409.540 2743.863
409.811 2397.000
410.083 2366.136
410.354 2292.272
410.625 2106.408
410.896 2242.543
411.167 2352.678
411.438 2373.813
411.709 2094.948
411.981 2211.082
412.252 1989.216
412.523 1860.350
412.794 1983.483
413.065 1883.616
413.336 1627.749
413.607 1744.881
413.878 1692.014
414.150 1558.145
414.421 1373.277
414.692 1236.408
414.963 1187.539
415.234 1324.670
415.505 1278.801
415.776 1316.931
416.047 1231.061
416.319 1139.190
416.590 1009.319
416.861 733.448
417.132 845.577
417.403 859.706
417.674 727.834
417.945 616.962
418.217 584.089
418.488 735.217
418.759 668.344
419.030 544.470
419.301 575.597
419.572 621.723
419.843 641.849
420.114 551.975
420.386 504.100
420.657 649.225
420.928 573.350
421.199 581.474
421.470 574.599
421.741 455.723
422.012 453.846
422.283 456.970
422.555 517.093
422.826 581.216
423.097 665.339
423.368 596.461
423.639 475.583
423.910 563.705
424.181 578.827
424.453 495.948
424.724 763.069
424.995 808.190
425.266 646.310
425.537 580.431
425.808 689.551
426.079 774.671
426.350 710.790
426.622 675.909
426.893 746.028
427.164 691.147
427.435 607.265
427.706 666.384
427.977 713.502
428.248 650.619
428.519 695.737
428.791 651.854
429.062 783.971
429.333 676.088
429.604 584.204
429.875 730.320
430.146 854.436
430.417 867.552
430.689 788.667
430.960 651.783
431.231 710.898
431.502 882.012
431.773 845.127
432.044 732.241
432.315 859.355
432.586 836.469
432.858 819.582
433.129 627.695
433.400 612.808
433.671 698.921
433.942 646.034
434.213 494.146
434.484 579.258
434.755 645.370
435.027 455.481
435.298 579.593
435.569 657.704
435.840 493.815
436.116 474.925
436.391 593.036
436.667 643.146
436.942 712.256
437.218 720.365
437.493 723.475
437.769 767.584
438.045 666.693
438.320 650.802
438.596 676.910
438.871 582.019
439.147 581.127
439.422 529.235
439.698 480.342
439.974 503.450
440.249 573.557
440.525 595.664
440.800 397.770
441.076 553.877
441.351 726.983
441.627 742.089
441.903 698.195
442.178 552.301
442.454 574.406
442.729 734.511
443.005 607.616
443.281 758.721
443.556 854.825
443.832 681.930
444.107 524.034
444.383 526.138
444.658 537.241
444.934 475.345
445.210 723.448
445.485 735.551
445.761 661.654
446.036 618.756
446.312 705.858
446.587 655.961
446.863 471.063
447.139 525.164
447.414 563.266
447.690 609.367
447.965 620.468
448.241 512.569
448.516 526.670
448.792 545.770
449.068 572.870
449.343 602.970
449.619 505.070
449.894 532.170
450.170 544.269
450.445 745.368
450.721 744.467
450.997 457.566
451.272 588.665
451.548 539.763
451.823 522.861
452.099 637.959
452.375 545.057
452.650 523.155
452.926 623.252
453.201 652.349
453.477 854.446
453.752 757.543
454.028 622.640
454.304 653.736
454.579 718.832
454.855 676.928
455.130 676.024
455.406 835.120
455.681 760.215
455.957 645.310
456.233 663.405
456.508 671.500
456.784 695.595
457.059 687.689
457.335 799.783
457.610 705.877
457.886 643.971
458.162 630.065
458.437 621.158
458.713 741.252
458.988 666.345
459.264 660.438
459.539 743.530
459.815 675.623
460.091 583.715
460.366 604.807
460.642 527.899
460.917 536.991
461.193 603.083
461.468 537.174
461.744 503.266
462.020 444.357
462.295 525.447
462.571 528.538
462.846 599.629
463.122 722.719
463.397 725.809
463.673 574.325
463.949 507.481
464.224 474.604
464.500 612.555
464.775 532.257
465.051 553.240
465.327 631.803
465.602 776.970
465.878 839.772
466.153 596.508
466.429 813.975
466.704 1064.747
466.980 980.965
467.256 1031.052
467.531 1142.282
467.807 1109.446
468.082 1089.493
468.358 1054.455
468.633 1120.972
468.909 1025.677
469.185 982.574
469.460 1154.675
469.736 1238.503
470.011 1099.616
470.287 1131.796
470.562 1279.325
470.838 1180.803
471.114 1279.052
471.389 1262.976
471.665 1267.372
471.940 1326.433
472.216 1282.996
472.491 1118.222
472.767 1104.228
473.043 1241.230
473.318 1372.147
473.594 1165.671
473.869 1083.524
474.145 1015.450
474.421 906.684
474.696 856.921
474.972 771.320
475.247 733.455
475.523 831.570
475.798 849.831
476.074 750.272
476.350 750.355
476.625 725.719
476.901 704.396
477.176 732.275
477.452 588.175
477.727 579.102
478.003 459.693
478.279 641.686
478.554 740.345
478.830 727.956
479.105 712.346
479.381 673.166
479.656 563.713
479.932 608.816
480.208 720.629
480.483 730.092
480.759 733.206
481.034 692.142
481.310 633.636
481.585 678.809
481.861 670.824
482.137 565.495
482.412 616.313
482.688 653.307
482.963 693.853
483.239 752.355
483.514 529.988
483.790 572.006
484.066 834.249
484.341 708.744
484.617 579.500
484.892 677.926
485.168 690.938
485.443 592.913
485.719 569.132
485.995 660.341
486.270 695.441
486.546 584.349
486.821 475.621
487.097 503.385
487.373 556.218
487.648 751.064
487.924 712.051
488.199 484.511
488.475 289.103
488.750 353.316
489.026 545.101
489.302 490.218
489.577 503.536
489.853 526.623
490.128 712.788
490.404 620.187
490.679 434.349
490.955 669.579
491.231 729.280
491.506 667.443
491.782 572.185
492.057 499.290
492.333 628.520
492.608 569.883
492.884 573.869
493.160 414.449
493.435 425.137
493.711 607.561
493.986 594.304
494.262 603.782
494.537 502.872
494.813 557.411
495.089 430.328
495.364 509.966
495.640 531.648
495.915 533.683
496.191 726.733
496.467 668.406
496.742 576.850
497.018 587.931
497.293 518.899
497.569 644.976
497.844 571.076
498.120 617.680
498.396 623.936
498.671 569.014
498.947 646.542
499.222 585.624
499.498 625.082
499.773 724.654
500.049 756.079
500.325 671.074
500.600 720.486
500.876 751.306
501.151 868.229
501.427 860.133
501.702 903.278
501.978 942.543
502.254 959.616
502.529 878.237
502.805 1040.318
503.080 1126.113
503.356 983.019
503.631 924.485
503.907 938.571
504.183 887.020
504.458 1009.558
504.734 1037.928
505.009 1152.252
505.285 1079.600
505.560 1015.887
505.836 991.679
506.112 1050.451
506.387 949.304
506.663 912.011
506.938 942.412
507.214 942.479
507.490 1065.836
507.765 1084.000
508.041 1103.239
508.316 1043.770
508.592 890.676
508.867 960.269
509.143 1009.621
509.419 867.978
509.694 789.070
509.970 733.970
510.245 684.518
510.521 771.898
510.796 636.326
511.072 587.440
511.348 635.186
511.623 647.215
511.899 647.336
512.174 738.118
512.450 756.298
512.725 726.600
513.001 593.138
513.277 516.376
513.552 704.154
513.828 683.104
514.103 657.862
514.379 708.869
514.654 574.662
514.930 593.241
515.206 928.344
515.481 804.755
515.757 573.073
516.032 484.511
516.308 650.618
516.583 777.849
516.859 672.208
517.135 609.951
517.410 680.740
517.686 748.827
517.961 689.606
518.237 648.561
518.513 567.985
518.788 749.313
519.064 812.597
519.339 719.722
519.615 648.623
519.890 732.916
520.166 760.207
520.442 882.729
520.717 878.938
520.993 868.282
521.268 752.009
521.544 741.480
521.819 685.358
522.095 751.937
522.371 912.347
522.646 956.508
522.922 1001.626
523.197 1023.714
523.473 1055.327
523.748 1020.934
524.024 922.426
524.300 851.670
524.575 870.865
524.851 969.486
525.126 949.495
525.402 1013.618
525.677 1123.722
525.953 1019.453
526.229 937.291
526.504 836.808
526.780 1069.334
527.055 1099.121
527.331 1070.468
527.606 1125.189
527.882 1064.838
528.158 935.645
528.433 1070.893
528.709 1001.851
528.984 930.888
529.260 924.080
529.535 955.908
529.811 839.729
530.087 771.140
530.362 804.693
530.638 872.308
530.913 937.691
531.189 958.921
531.465 876.929
531.740 873.000
532.016 888.405
532.291 848.808
532.567 895.081
532.842 897.073
533.118 861.140
533.394 949.409
533.669 839.443
533.945 684.828
534.220 702.391
534.496 782.974
534.771 708.742
535.047 779.731
535.323 749.297
535.598 747.644
535.874 800.185
536.149 821.549
536.425 774.461
536.700 736.354
536.976 749.616
537.252 870.131
537.527 801.294
537.803 817.065
538.078 1005.729
538.354 1088.378
538.629 1036.353
538.905 1107.272
539.181 1178.543
539.456 1152.955
539.732 1339.733
540.007 1368.414
540.283 1165.273
540.558 1078.292
540.834 1150.705
541.110 1208.333
541.385 1177.693
541.661 1239.131
541.936 1336.547
542.212 1232.535
542.488 1212.766
542.763 1332.739
543.039 1371.812
543.314 1420.475
543.590 1414.986
543.865 1426.955
544.141 1431.972
544.417 1462.808
544.692 1367.527
544.968 1531.431
545.243 1414.715
545.519 1202.835
545.794 1282.611
546.070 1399.959
546.348 1366.577
546.627 1172.427
546.905 1312.948
547.183 1344.155
547.461 1343.212
547.740 1432.637
548.018 1303.893
548.296 1183.483
548.575 1127.923
548.853 1156.772
549.131 1202.502
549.409 1306.518
549.688 1382.957
549.966 1370.110
550.244 1469.366
550.523 1473.906
550.801 1459.625
551.079 1481.970
551.357 1609.616
551.636 1572.501
551.914 1553.670
552.192 1494.547
552.471 1547.404
552.749 1596.620
553.027 1610.845
553.306 1661.424
553.584 1846.330
553.862 1880.910
554.140 1934.004
554.419 1919.554
554.697 2110.591
554.975 2212.292
555.254 2219.952
555.532 2047.910
555.810 2128.886
556.088 2266.949
556.367 2055.701
556.645 1887.406
556.923 1984.729
557.202 1938.144
557.480 1938.251
557.758 1771.529
558.036 1666.823
558.315 1664.610
558.593 1737.260
558.871 1719.881
559.150 1685.686
559.428 1687.966
559.706 1592.058
559.984 1585.741
560.263 1676.832
560.541 1608.202
560.819 1540.432
561.098 1534.631
561.376 1441.407
561.654 1275.106
561.932 1084.848
562.211 1168.303
562.489 1229.827
562.767 1068.423
563.046 862.962
563.324 846.823
563.602 879.381
563.880 742.305
564.159 796.092
564.437 879.745
564.715 705.010
564.994 571.657
565.272 750.204
565.550 692.002
565.828 554.514
566.107 668.120
566.385 665.605
566.663 574.799
566.942 580.198
567.220 620.587
567.498 791.420
567.776 622.232
568.055 555.930
568.333 649.242
568.611 665.951
568.890 603.374
569.168 531.223
569.446 611.006
569.725 634.238
570.003 456.503
570.281 391.224
570.559 562.446
570.838 615.309
571.116 636.297
571.394 616.960
571.673 686.466
571.951 686.205
572.229 633.820
572.507 612.127
572.786 577.746
573.064 569.588
573.342 582.288
573.621 488.833
573.899 553.266
574.177 750.138
574.455 725.498
574.734 640.145
575.012 642.144
575.290 624.206
575.569 617.998
575.847 685.378
576.125 705.048
576.403 559.417
576.682 624.906
576.960 673.470
577.243 712.220
577.527 647.939
577.810 499.212
578.093 473.119
578.377 520.539
578.660 564.059
578.944 584.852
579.227 553.379
579.510 642.175
579.794 561.505
580.077 487.650
580.360 535.794
580.644 600.916
580.927 552.847
581.210 565.811
581.494 570.964
581.777 620.189
582.061 583.995
582.344 509.843
582.627 494.929
582.911 524.881
583.194 475.546
583.477 633.272
583.761 664.251
584.044 695.230
584.327 696.965
584.611 560.142
584.894 538.205
585.178 514.270
585.461 497.328
585.744 603.263
586.028 550.906
586.311 571.947
586.594 608.988
586.878 558.028
587.161 513.068
587.444 550.109
587.728 579.149
588.011 622.189
588.295 501.229
588.578 577.692
588.861 764.545
589.145 636.349
589.428 567.957
589.711 465.429
589.995 491.977
590.278 658.850
590.562 539.548
590.845 468.120
591.128 697.233
591.412 653.360
591.695 554.152
591.978 720.305
592.262 671.114
592.545 470.413
592.828 609.644
593.112 542.275
593.395 505.425
593.679 511.932
593.962 608.585
594.245 607.023
594.529 532.434
594.812 467.331
595.095 411.118
595.379 600.012
595.662 624.504
595.945 560.367
596.229 469.571
596.512 499.372
596.796 573.245
597.079 655.884
597.362 702.456
597.646 719.603
597.929 587.099
598.212 609.283
598.496 646.870
598.779 694.640
599.062 758.843
599.346 623.639
599.629 521.483
599.913 530.859
600.196 614.639
600.479 675.095
600.763 629.492
601.046 483.748
601.329 564.969
601.613 637.213
601.896 551.704
602.179 686.759
602.463 655.361
602.746 736.930
603.030 808.675
603.313 726.465
603.596 532.193
603.880 619.943
604.163 668.999
604.446 587.087
604.730 551.863
605.013 607.132
605.296 696.890
605.580 713.576
605.863 743.974
606.147 602.972
606.430 594.193
606.713 694.429
606.997 650.091
607.280 778.649
607.563 650.504
607.847 616.668
608.130 704.101
608.414 731.823
608.697 661.408
608.980 666.009
609.264 761.795
609.547 635.716
609.830 662.196
610.114 672.025
610.397 674.018
610.680 706.662
610.964 746.317
611.247 722.823
611.531 637.207
611.814 516.535
612.097 554.843
612.381 720.020
612.664 842.448
612.947 691.354
613.231 652.134
613.514 676.385
613.797 754.022
614.081 780.579
614.364 740.338
614.648 718.761
614.931 688.344
615.214 632.385
615.498 743.169
615.781 779.367
616.064 694.756
616.348 803.057
616.631 807.823
616.914 864.148
617.198 823.654
617.481 722.210
617.765 796.920
618.048 796.754
618.331 682.276
618.615 640.494
618.898 845.073
619.181 867.833
619.465 794.541
619.748 671.924
620.031 607.276
620.315 611.875
620.598 727.595
620.882 763.108
621.165 878.214
621.448 809.658
621.732 724.925
622.015 597.595
622.298 623.745
622.582 690.269
622.865 664.019
623.148 602.114
623.432 686.436
623.715 627.410
623.999 812.252
624.282 760.892
624.565 763.462
624.849 644.783
625.132 583.616
625.415 834.657
625.699 904.150
625.982 788.138
626.265 618.885
626.549 584.960
626.832 732.467
627.116 755.732
627.399 544.654
627.682 557.702
627.966 582.349
628.249 605.940
628.532 600.338
628.816 771.684
629.099 676.755
629.383 660.093
629.666 630.834
629.949 549.300
630.233 562.156
630.516 661.607
630.799 693.959
631.083 585.429
631.366 514.426
631.649 475.184
631.933 415.005
632.216 546.099
632.500 621.989
632.783 641.567
633.066 576.401
633.350 584.423
633.633 696.823
633.916 664.365
634.200 558.937
634.483 616.861
634.766 715.410
635.050 633.395
635.333 520.548
635.617 516.740
635.900 579.297
636.183 676.622
636.467 578.658
636.750 607.784
637.033 654.983
637.317 653.163
637.600 639.420
637.883 583.450
638.167 588.560
638.450 591.231
638.734 561.297
639.017 608.142
639.300 655.924
639.584 600.147
639.867 754.525
640.150 697.491
640.434 705.003
640.717 731.475
641.000 666.083
641.284 714.709
641.567 622.796
641.851 639.401
642.134 749.138
642.417 718.560
642.701 874.545
642.984 877.494
643.267 793.959
643.551 649.792
643.834 582.013
644.117 629.249
644.401 618.620
644.684 689.875
644.968 826.410
645.251 707.464
645.534 598.673
645.818 647.481
646.101 725.112
646.384 762.698
646.668 791.834
646.951 694.209
647.235 680.791
647.518 695.856
647.801 856.598
648.085 983.520
648.368 976.013
648.651 850.101
648.935 977.906
649.218 1152.133
649.501 1097.638
649.785 1056.142
650.068 1259.106
650.352 1345.307
650.635 1341.880
650.918 1358.314
651.202 1509.266
651.485 1733.899
651.768 1788.806
652.052 1752.958
652.335 1798.358
652.618 2002.781
652.902 2096.869
653.185 2318.237
653.469 2401.539
653.752 2431.774
654.035 2556.360
654.319 2864.863
654.602 2837.996
654.885 2715.397
655.169 2816.467
655.452 2840.740
655.735 2957.727
656.019 2905.102
656.302 2764.453
656.586 2962.416
656.869 3126.331
657.152 2990.340
657.436 2951.143
657.719 3202.630
658.002 3296.107
658.286 3149.970
658.569 2938.701
658.852 2830.319
659.136 2909.190
659.419 2752.873
659.703 2536.657
659.986 2569.173
660.269 2542.891
660.553 2326.920
660.836 2312.720
661.119 2458.073
661.403 2408.118
661.686 2264.292
661.969 2278.561
662.253 2144.159
662.536 2114.715
662.820 2261.569
663.103 2149.020
663.386 2071.968
663.670 2074.024
663.953 1959.529
664.236 2064.885
664.520 2096.320
664.803 2076.084
665.086 2082.107
665.370 2143.008
665.653 2153.166
665.937 2226.371
666.220 2131.063
666.503 2082.409
666.787 2135.174
667.070 2025.719
667.353 2025.746
667.637 1832.009
667.920 1830.007
668.204 1564.001
668.487 1386.002
668.770 1490.291
669.054 1275.450
669.337 1109.600
669.620 1095.356
669.904 1004.654
670.187 983.279
670.470 1063.900
670.754 872.090
671.037 703.143
671.321 674.873
671.604 862.706
671.887 807.320
672.171 715.228
672.454 760.535
672.737 752.899
673.021 672.672
673.304 667.228
673.587 797.645
673.871 794.168
674.154 772.030
674.438 826.293
674.721 829.402
675.004 767.524
675.288 742.859
675.571 757.039
675.854 709.691
676.138 726.943
676.421 755.583
676.704 727.464
676.988 833.035
677.271 951.690
677.555 911.335
677.838 820.358
678.121 795.776
678.405 790.203
678.688 873.045
678.971 601.023
679.255 748.352
679.538 863.523
679.821 864.586
680.105 794.897
680.388 674.466
680.672 658.561
680.955 685.613
681.238 643.688
681.522 638.887
681.805 673.237
682.088 735.061
682.372 775.478
682.655 704.288
682.938 747.111
683.222 715.821
683.505 685.246
683.789 854.551
684.072 836.812
684.355 780.641
684.639 798.411
684.922 672.132
685.205 636.667
685.489 759.865
685.772 745.010
686.056 760.459
686.339 832.660
686.622 687.941
686.906 656.650
687.189 762.103
687.472 923.924
687.756 799.941
688.039 685.978
688.322 613.978
688.606 790.412
688.889 805.050
689.173 682.946
689.456 743.513
689.739 713.267
690.023 687.521
690.306 688.589
690.589 628.521
690.873 670.556
691.156 727.812
691.439 667.483
691.723 608.194
692.006 675.519
692.290 667.901
692.573 752.383
692.856 780.899
693.140 771.597
693.423 731.485
693.706 684.599
693.990 609.784
694.273 600.913
694.556 877.923
694.840 959.390
695.123 764.208
695.407 714.940
695.690 640.370
695.973 694.662
696.257 743.404
696.540 870.235
696.830 774.811
697.120 701.864
697.410 789.463
697.699 753.805
697.989 901.621
698.279 808.211
698.569 706.996
698.859 772.593
699.149 839.543
699.439 794.786
699.729 713.386
700.018 670.552
700.308 804.448
700.598 671.953
700.888 556.106
701.178 787.037
701.468 771.048
701.758 615.274
702.048 713.433
702.337 717.210
702.627 847.975
702.917 775.343
703.207 648.930
703.497 656.348
703.787 595.409
704.077 588.988
704.366 640.036
704.656 565.194
704.946 566.520
705.236 519.023
705.526 632.300
705.816 742.102
706.106 503.099
706.396 565.368
706.685 577.609
706.975 496.200
707.265 469.470
707.555 659.104
707.845 645.926
708.135 502.241
708.425 456.307
708.715 501.290
709.004 669.788
709.294 663.881
709.584 679.358
709.874 642.890
710.164 616.284
710.454 623.452
710.744 561.654
711.034 623.251
711.323 672.242
711.613 607.303
711.903 704.072
712.193 740.474
712.483 603.818
712.773 586.140
713.063 591.880
713.352 652.446
713.642 577.877
713.932 654.819
714.222 681.802
714.512 646.140
714.802 625.245
715.092 675.653
715.382 565.082
715.671 509.958
715.961 530.190
716.251 497.455
716.541 593.242
716.831 688.846
717.121 532.522
717.411 599.465
717.701 690.394
717.990 607.161
718.280 517.196
718.570 594.579
718.860 630.291
719.150 607.035
719.440 511.056
719.730 523.980
720.019 752.507
720.309 667.286
720.599 559.378
720.889 547.071
721.179 620.775
721.469 692.270
721.759 586.530
722.049 657.499
722.338 576.981
722.628 577.149
722.918 603.486
723.208 674.858
723.498 515.262
723.788 579.300
724.078 768.925
724.368 720.283
724.657 646.391
724.947 679.821
725.237 703.662
725.527 721.056
725.817 604.662
726.107 599.666
726.397 536.822
726.686 469.143
726.976 546.532
727.266 688.718
727.556 640.381
727.846 759.123
728.136 720.690
728.426 579.664
728.716 456.622
729.005 613.617
729.295 603.947
729.585 505.139
729.875 496.427
730.165 605.560
730.455 653.106
730.745 613.953
731.035 598.438
731.324 707.598
731.614 643.136
731.904 527.162
732.194 635.053
732.484 649.308
732.774 614.308
733.064 595.844
733.354 473.295
733.643 437.626
733.933 479.128
734.223 490.843
734.513 652.655
734.803 719.652
735.093 627.964
735.383 567.072
735.672 606.154
735.962 678.787
736.252 537.380
736.542 599.176
736.832 560.018
737.122 445.880
737.412 478.251
737.702 579.819
737.991 640.681
738.281 588.863
738.571 578.480
738.861 570.779
739.151 512.726
739.441 597.787
739.731 527.009
740.021 547.770
740.310 665.686
740.600 698.938
740.890 494.624
741.180 572.618
741.470 647.661
741.760 673.346
742.050 755.299
742.339 693.508
742.629 559.006
742.919 638.154
743.209 507.107
743.499 514.551
743.789 538.841
744.079 586.384
744.369 614.507
744.658 509.698
744.948 369.607
745.238 532.529
745.528 584.084
745.818 704.721
746.108 635.295
746.398 619.062
746.688 643.906
746.977 754.153
747.267 601.242
747.557 633.667
747.847 678.416
748.137 609.458
748.427 556.739
748.717 518.467
749.006 428.417
749.296 573.284
749.586 620.493
749.876 742.643
750.166 578.318
750.456 549.003
750.746 608.451
751.036 531.622
751.325 654.395
751.615 611.110
751.905 651.088
752.195 653.757
752.485 571.775
752.775 633.426
753.065 529.340
753.355 689.518
753.644 710.557
753.934 568.137
754.224 585.639
754.514 726.807
754.804 502.425
755.094 470.346
755.384 536.562
755.674 536.580
755.963 612.826
756.253 611.451
756.543 672.039
756.833 694.513
757.123 716.926
757.413 603.091
757.703 530.747
757.992 503.629
758.282 590.490
758.572 600.146
758.862 515.741
759.152 539.879
759.442 538.351
759.732 621.321
760.022 687.670
760.311 584.758
760.601 464.051
760.891 643.142
761.181 628.443
761.471 618.026
761.761 460.559
762.051 481.724
762.341 625.120
762.630 638.859
762.920 600.608
763.210 612.319
763.500 587.551
763.793 510.025
764.086 592.620
764.379 618.198
764.671 719.825
764.964 575.979
765.257 584.044
765.550 602.375
765.843 434.046
766.136 547.974
766.429 560.088
766.722 582.703
767.014 488.572
767.307 383.341
767.600 428.675
767.893 453.317
768.186 464.423
768.479 527.948
768.772 665.061
769.064 684.231
769.357 610.045
769.650 530.031
769.943 667.480
770.236 624.193
770.529 480.686
770.822 478.687
771.115 561.364
771.407 709.274
771.700 747.635
771.993 746.387
772.286 662.906
772.579 691.488
772.872 533.238
773.165 514.101
773.457 594.763
773.750 613.543
774.043 540.906
774.336 541.469
774.629 632.127
774.922 569.209
775.215 479.417
775.508 533.856
775.800 521.263
776.093 641.643
776.386 667.170
776.679 516.801
776.972 586.304
777.265 790.751
777.558 830.213
777.850 649.495
778.143 643.481
778.436 613.964
778.729 602.307
779.022 561.117
779.315 469.676
779.608 422.456
779.900 429.507
780.193 473.744
780.486 543.566
780.779 552.063
781.072 500.424
781.365 639.357
781.658 606.882
781.951 541.637
782.243 643.774
782.536 686.247
782.829 644.094
783.122 627.042
783.415 629.438
783.708 663.556
784.001 620.442
784.293 702.704
784.586 714.040
784.879 658.945
785.172 574.217
785.465 483.626
785.758 546.768
786.051 586.863
786.344 647.705
786.636 783.504
786.929 614.350
787.222 559.430
787.515 525.292
787.808 576.206
788.101 544.254
788.394 703.110
788.686 839.989
788.979 765.844
789.272 720.139
789.565 646.581
789.858 510.868
790.151 473.432
790.444 477.443
790.737 540.936
791.029 538.873
791.322 626.713
791.615 564.288
791.908 608.388
792.201 598.814
792.494 556.357
792.787 595.659
793.079 748.810
793.372 671.386
793.665 694.005
793.958 645.166
794.251 614.274
794.544 674.434
794.837 765.849
795.130 629.274
795.422 586.418
795.715 586.432
796.008 631.943
796.301 646.635
796.594 597.845
796.887 656.625
797.180 677.234
797.472 505.764
797.765 403.087
798.058 507.281
798.351 516.775
798.644 475.912
798.937 441.032
799.230 533.237
799.523 860.802
799.815 756.131
800.108 484.959
800.401 437.117
800.694 638.167
800.987 611.623
801.280 621.850
801.573 691.795
801.865 738.763
802.158 641.233
802.451 506.517
802.744 515.514
803.037 552.454
803.330 543.031
803.623 673.242
803.915 639.324
804.208 542.075
804.501 629.261
804.794 611.257
805.087 601.660
805.380 428.532
805.673 410.099
805.966 603.307
806.258 587.894
806.551 600.133
806.844 636.292
807.137 684.182
807.430 491.742
807.723 492.760
808.016 732.734
808.308 747.301
808.601 586.176
808.894 495.821
809.187 549.708
809.480 603.495
809.773 516.471
810.066 571.330
810.359 721.970
810.651 695.187
810.944 407.202
811.237 424.782
811.530 593.312
811.825 510.088
812.119 438.951
812.414 396.584
812.709 589.928
813.003 623.525
813.298 562.241
813.593 608.987
813.887 560.814
814.182 849.998
814.476 752.398
814.771 701.651
815.066 616.622
815.360 485.928
815.655 467.650
815.950 570.886
816.244 657.370
816.539 745.371
816.834 642.428
817.128 667.588
817.423 689.347
817.718 861.210
818.012 713.105
818.307 394.765
818.602 483.918
818.896 631.743
819.191 572.797
819.486 573.991
819.780 663.603
820.075 756.834
820.369 799.779
820.664 644.306
820.959 674.341
821.253 701.996
821.548 631.544
821.843 683.752
822.137 688.635
822.432 631.750
822.727 626.167
823.021 587.168
823.316 692.289
823.611 703.177
823.905 572.453
824.200 518.485
824.495 674.656
824.789 704.206
825.084 653.952
825.379 551.280
825.673 607.843
825.968 746.709
826.262 676.540
826.557 655.331
826.852 692.866
827.146 649.356
827.441 620.049
827.736 655.753
828.030 594.828
828.325 476.376
828.620 684.458
828.914 769.152
829.209 601.467
829.504 743.158
829.798 719.377
830.093 568.525
830.388 529.426
830.682 507.762
830.977 621.962
831.271 666.887
831.566 567.876
831.861 522.863
832.155 498.873
832.450 643.818
832.745 710.249
833.039 568.298
833.334 469.291
833.629 594.492
833.923 592.922
834.218 567.845
834.513 541.560
834.807 490.560
835.102 434.137
835.397 489.691
835.691 516.293
835.986 511.869
836.281 479.035
836.575 516.740
836.870 551.876
837.164 556.337
837.459 448.385
837.754 473.788
838.048 511.909
838.343 518.300
838.638 559.565
838.932 573.605
839.227 547.109
839.522 571.094
839.816 546.965
840.111 543.259
840.406 537.422
840.700 681.417
840.995 802.533
841.290 871.613
841.584 671.437
841.879 694.876
842.174 678.450
842.468 648.234
842.763 543.937
843.057 607.814
843.352 562.590
843.647 581.634
843.941 619.808
844.236 664.972
844.531 667.876
844.825 612.523
845.120 710.725
845.415 756.872
845.709 653.203
846.004 718.029
846.299 589.866
846.593 777.752
846.888 788.014
847.183 712.014
847.477 570.620
847.772 601.114
848.066 669.993
848.361 631.669
848.656 614.159
848.950 636.148
849.245 768.469
849.540 656.355
849.834 795.723
850.129 806.971
850.424 668.990
850.718 646.785
851.013 721.511
851.308 644.922
851.602 673.638
851.897 777.619
852.192 892.954
852.486 732.846
852.781 638.931
853.076 737.455
853.370 700.012
853.665 730.918
853.959 729.263
854.254 639.506
854.549 849.497
854.843 747.005
855.138 617.780
855.433 722.417
855.727 801.930
856.022 613.466
856.317 648.905
856.611 654.213
856.906 602.641
857.201 658.032
857.495 787.446
857.790 869.261
858.085 812.918
858.379 718.104
858.674 597.140
858.969 508.908
859.263 600.052
859.558 593.677
859.852 502.275
860.147 585.616
860.442 695.184
860.736 546.956
861.031 692.852
861.326 757.189
861.620 615.038
861.915 726.751
862.210 744.810
862.504 593.335
862.799 688.898
863.094 679.998
863.388 640.350
863.683 622.716
863.978 566.701
864.272 598.151
864.567 624.612
864.861 611.798
865.156 581.103
865.451 495.619
865.745 646.944
866.040 732.005
866.335 721.240
866.629 746.230
866.924 567.535
867.219 496.784
867.513 689.856
867.808 648.403
868.103 592.089
868.397 584.416
868.692 611.530
868.987 522.125
869.281 518.027
869.576 661.772
869.871 718.178
870.165 542.842
870.460 420.799
870.754 511.425
871.049 490.580
871.344 568.827
871.638 607.628
871.933 553.239
872.228 611.761
872.522 551.631
872.817 664.943
873.112 877.282
873.406 670.823
873.701 724.492
873.996 711.408
874.290 616.369
874.585 565.668
874.880 628.175
875.174 602.186
875.469 604.513
875.764 617.454
876.058 551.295
876.353 427.739
876.647 436.806
876.942 536.205
877.237 580.609
877.531 582.775
877.826 641.333
878.121 615.751
878.415 559.146
878.710 527.265
879.005 634.974
879.299 587.948
879.594 516.297
879.889 388.943
880.183 347.885
880.478 506.882
880.773 545.161
881.067 569.318
881.362 594.315
881.656 502.224
881.951 516.584
882.246 451.451
882.540 518.831
882.835 508.219
883.130 535.311
883.424 507.293
883.719 452.445
884.014 585.219
884.308 574.678
884.603 507.726
884.898 490.958
885.192 574.551
885.487 523.974
885.782 462.207
886.076 581.889
886.371 556.616
886.666 376.754
886.960 435.566
887.255 452.195
887.549 473.738
887.844 637.286
888.139 659.656
888.433 638.919
888.728 524.116
889.023 536.559
889.317 585.262
889.612 496.179
889.907 563.891
890.201 582.484
890.496 529.812
890.791 517.869
891.085 513.009
891.380 536.848
891.675 566.484
891.969 560.309
892.264 449.586
892.559 477.329
892.853 615.447
893.148 502.481
893.442 489.270
893.737 545.266
894.032 468.143
894.326 454.936
894.621 506.928
894.916 426.255
895.210 455.844
895.505 571.019
895.800 499.031
896.094 378.124
896.389 484.046
896.684 518.052
896.978 496.421
897.273 430.110
897.568 527.796
897.862 538.882
898.157 489.377
898.451 634.067
898.746 590.713
899.041 628.446
899.335 615.169
899.630 508.454
899.925 520.413
900.219 583.309
900.514 689.944
900.809 532.541
901.103 391.285
901.398 535.166
901.693 485.847
901.987 492.528
902.282 621.217
902.577 506.366
902.871 413.232
903.166 523.333
903.461 580.059
903.755 583.268
904.050 606.350
904.344 448.561
904.639 424.849
904.934 463.839
905.228 484.466
905.523 419.059
905.818 477.249
906.112 591.672
906.407 574.698
906.702 488.947
906.996 513.808
907.291 502.537
907.586 468.121
907.880 663.774
908.175 627.113
908.470 613.486
908.764 665.617
909.059 682.017
909.354 589.292
909.648 478.423
909.943 485.738
910.237 668.704
910.532 681.854
910.827 714.860
911.121 698.094
911.416 596.445
911.711 618.513
912.005 590.195
912.300 548.857
912.599 640.121
912.898 559.649
913.196 570.492
913.495 599.258
913.794 697.035
914.093 602.617
914.391 562.817
914.690 652.088
914.989 585.479
915.288 679.158
915.586 633.707
915.885 520.671
916.184 470.062
916.483 422.228
916.782 510.437
917.080 595.032
917.379 647.009
917.678 543.952
917.977 649.473
918.275 677.533
918.574 591.235
918.873 620.296
919.172 632.903
919.471 522.995
919.769 503.527
920.068 492.081
920.367 459.539
920.666 468.038
920.964 575.228
921.263 532.993
921.562 471.290
921.861 588.834
922.159 536.639
922.458 573.505
922.757 546.978
923.056 549.124
923.355 502.754
923.653 601.686
923.952 564.730
924.251 444.232
924.550 651.576
924.848 664.386
925.147 569.245
925.446 555.930
925.745 637.561
926.043 613.940
926.342 571.833
926.641 491.414
926.940 581.167
927.239 617.135
927.537 689.335
927.836 598.634
928.135 568.418
928.434 683.403
928.732 612.733
929.031 604.388
929.330 637.432
929.629 606.892
929.927 618.450
930.226 508.824
930.525 539.015
930.824 688.782
931.123 636.560
931.421 707.086
931.720 657.412
932.019 727.018
932.318 724.800
932.616 602.351
932.915 563.152
933.214 660.102
933.513 664.802
933.812 600.035
934.110 638.984
934.409 764.381
934.708 694.436
935.007 878.446
935.305 793.444
935.604 590.808
935.903 732.896
936.202 803.919
936.500 841.382
936.799 981.436
937.098 905.956
937.397 798.172
937.696 702.213
937.994 651.031
938.293 823.987
938.592 665.065
938.891 733.135
939.189 786.585
939.488 856.488
939.787 971.012
940.086 791.993
940.384 818.702
940.683 801.458
940.982 681.084
941.281 748.014
941.580 1034.138
941.878 1041.602
942.177 847.873
942.476 832.444
942.775 856.366
943.073 779.598
943.372 674.362
943.671 787.278
943.970 904.733
944.268 806.649
944.567 635.892
944.866 704.618
945.165 789.733
945.464 747.410
945.762 616.814
946.061 812.129
946.360 936.693
946.659 987.121
946.957 940.113
947.256 842.369
947.555 765.256
947.854 882.832
948.153 835.749
948.451 765.450
948.750 840.597
949.049 792.406
949.348 974.093
949.646 858.442
949.945 786.339
950.244 919.181
950.543 850.029
950.841 725.507
951.140 699.123
951.439 571.810
951.738 533.449
952.037 658.211
952.335 802.803
952.634 802.289
952.933 695.894
953.232 705.609
953.530 455.381
953.829 766.894
954.128 878.877
954.427 791.592
954.725 914.088
955.024 807.667
955.323 804.210
955.622 696.923
955.921 596.948
956.219 719.278
956.518 645.508
956.817 661.089
957.116 757.759
957.414 722.070
957.713 579.018
958.012 488.107
958.311 504.470
958.610 704.237
958.908 725.901
959.207 743.538
959.506 743.576
959.805 800.433
960.103 767.752
960.402 692.410
960.701 609.498
961.000 631.512
961.298 595.098
961.597 689.172
961.896 628.838
962.195 678.631
962.494 799.176
962.792 710.081
963.091 603.607
963.390 563.164
963.689 524.030
963.987 668.657
964.286 808.157
964.585 828.631
964.884 716.399
965.182 548.574
965.481 909.179
965.780 1067.180
966.080 860.809
966.380 772.890
966.680 658.362
966.981 664.078
967.281 673.331
967.581 588.052
967.881 669.084
968.181 711.737
968.481 625.920
968.781 610.005
969.082 511.756
969.382 596.242
969.682 707.307
969.982 733.604
970.282 759.140
970.582 637.075
970.882 632.127
971.183 762.528
971.483 620.227
971.783 591.550
972.083 689.284
972.383 696.491
972.683 642.651
972.983 682.957
973.284 593.551
973.584 541.454
973.884 537.897
974.184 532.616
974.484 624.511
974.784 495.153
975.084 489.040
975.385 585.932
975.685 690.231
975.985 684.505
976.285 701.145
976.585 730.519
976.885 687.146
977.185 671.925
977.486 683.743
977.786 688.185
978.086 782.916
978.386 752.651
978.686 567.561
978.986 566.893
979.286 632.901
979.587 723.909
979.887 606.916
980.187 561.924
980.487 592.932
980.787 706.939
981.087 675.947
981.387 821.955
981.688 714.963
981.988 550.970
982.288 571.978
982.588 679.986
982.888 675.993
983.188 592.001
983.488 678.009
983.789 643.016
984.089 614.024
984.389 580.031
984.689 544.039
984.989 511.047
985.289 554.054
985.589 741.062
985.890 668.069
986.190 501.077
986.490 554.085
986.790 658.092
987.090 612.100
987.390 690.107
987.690 710.115
987.991 516.122
988.291 509.130
988.591 603.137
988.891 486.145
989.191 464.152
989.491 631.160
989.791 592.167
990.092 554.175
990.392 593.182
990.692 601.190
990.992 620.197
991.292 500.205
991.592 623.212
991.892 618.220
992.193 670.227
992.493 658.235
992.793 575.242
993.093 535.249
993.393 530.257
993.693 598.264
993.993 709.272
994.294 738.279
994.594 662.286
994.894 610.294
995.194 589.301
995.494 541.309
995.794 553.316
996.094 475.323
996.395 562.331
996.695 722.338
996.995 510.345
997.295 447.353
997.595 511.360
997.895 486.367
998.195 399.375
998.496 471.382
998.796 479.389
999.096 709.396
999.396 648.404
999.696 646.411
999.996 680.418
1000.296 692.426
1000.597 697.433
1000.897 541.440
1001.197 569.447
1001.497 758.454
1001.797 561.462
1002.097 496.469
1002.397 611.476
1002.698 659.483
1002.998 733.491
1003.298 723.498
1003.598 560.505
1003.898 464.512
1004.198 628.519
1004.498 733.526
1004.799 657.534
1005.099 667.541
1005.399 702.548
1005.699 735.555
1005.999 665.562
1006.299 558.569
1006.599 739.576
1006.900 714.583
1007.200 567.591
1007.500 633.598
1007.800 626.605
1008.100 574.612
1008.400 552.619
1008.700 529.626
1009.001 528.633
1009.301 521.640
1009.601 680.647
1009.901 743.654
1010.201 674.661
1010.501 658.668
1010.801 777.675
1011.102 581.682
1011.402 560.689
1011.702 470.696
1012.002 466.703
1012.302 644.710
1012.602 613.717
1012.902 600.724
1013.203 623.731
1013.503 664.738
1013.803 657.745
1014.103 467.752
1014.403 591.759
1014.703 545.766
1015.003 495.773
1015.304 674.780
1015.604 743.787
1015.904 563.794
1016.204 525.801
1016.504 568.807
1016.804 640.814
1017.104 593.821
1017.405 527.828
1017.705 518.835
1018.005 512.842
1018.305 564.849
1018.605 579.856
1018.905 456.862
1019.205 424.869
1019.506 801.876
1019.806 804.883
1020.106 645.890
1020.406 655.897
1020.706 615.903
1021.006 619.910
1021.306 763.917
1021.607 646.924
1021.907 755.931
1022.207 684.937
1022.507 521.944
1022.807 582.951
1023.107 557.958
1023.407 514.964
1023.708 583.971
1024.008 538.978
1024.308 565.985
1024.608 600.991
1024.908 536.998
1025.208 677.005
1025.508 761.012
1025.809 665.018
1026.109 528.025
1026.409 640.032
1026.709 665.038
1027.009 631.045
1027.309 678.052
1027.609 548.058
1027.910 556.065
1028.210 691.072
1028.510 781.078
1028.810 921.085
1029.110 823.092
1029.410 638.098
1029.710 727.105
1030.011 726.112
1030.311 781.118
1030.611 644.125
1030.911 651.131
1031.211 709.138
1031.511 581.145
1031.811 736.151
1032.112 675.158
1032.412 583.164
1032.712 486.171
1033.012 576.178
1033.312 756.184
1033.612 727.191
1033.912 621.197
1034.212 581.204
1034.513 519.210
1034.813 495.217
1035.113 637.223
1035.413 549.230
1035.713 592.236
1036.013 585.243
1036.313 563.249
1036.614 682.256
1036.914 626.262
1037.214 488.269
1037.514 584.275
1037.814 552.282
1038.114 611.288
1038.414 565.295
1038.715 632.301
1039.015 550.308
1039.315 453.314
1039.615 578.320
1039.915 541.327
1040.215 517.333
1040.515 589.340
1040.816 640.346
1041.116 617.353
1041.416 565.359
1041.716 467.365
1042.016 497.372
1042.316 711.378
1042.616 628.384
1042.917 487.391
1043.217 499.397
1043.517 547.404
1043.817 628.410
1044.117 636.416
1044.417 582.423
1044.717 559.429
1045.018 585.435
1045.318 698.442
1045.618 717.448
1045.918 554.454
1046.218 498.461
1046.518 581.467
1046.818 580.473
1047.119 470.479
1047.419 739.486
1047.719 696.492
1048.019 573.498
1048.319 599.505
1048.619 543.511
1048.919 607.517
1049.220 562.523
1049.520 693.530
1049.820 576.536
1050.120 482.542
1050.420 685.548
1050.720 608.555
1051.020 622.561
1051.321 674.567
1051.621 726.573
1051.921 584.579
1052.221 464.586
1052.521 468.592
1052.821 448.598
1053.121 577.604
1053.422 675.610
1053.722 726.617
1054.022 609.623
1054.322 707.629
1054.622 627.635
1054.922 505.641
1055.222 595.647
1055.523 613.653
1055.823 642.660
1056.123 734.666
1056.423 656.672
1056.723 726.678
1057.023 645.684
1057.323 450.690
1057.624 534.696
1057.924 684.702
1058.224 639.708
1058.524 533.715
1058.824 664.721
1059.124 644.727
1059.424 584.733
1059.725 668.739
1060.025 575.745
1060.325 561.751
1060.625 507.757
1060.925 517.763
1061.225 564.769
1061.525 713.775
1061.826 650.781
1062.126 709.787
1062.426 752.793
1062.726 724.799
1063.026 644.805
1063.326 818.811
1063.626 793.817
1063.927 641.823
1064.227 651.829
1064.527 591.835
1064.827 744.841
1065.127 717.847
1065.427 486.853
1065.727 461.859
1066.028 649.865
1066.328 640.871
1066.628 451.877
1066.928 449.883
1067.228 547.889
1067.528 541.895
1067.828 552.901
1068.129 503.906
1068.429 660.912
1068.729 717.918
1069.029 624.924
1069.329 493.930
1069.629 559.936
1069.929 694.942
1070.230 732.948
1070.530 698.954
1070.830 604.959
1071.130 611.965
1071.430 573.971
1071.730 611.977
1072.030 671.983
1072.331 553.989
1072.631 538.995
1072.931 592.000
1073.231 610.006
1073.531 635.012
1073.831 587.018
1074.131 611.024
1074.432 686.029
1074.732 577.035
1075.032 468.041
1075.332 453.047
1075.632 559.053
1075.932 554.058
1076.232 518.064
1076.533 522.070
1076.833 596.076
1077.133 566.082
1077.433 518.087
1077.733 479.093
1078.033 638.099
1078.333 631.105
1078.634 627.110
1078.934 647.116
1079.234 528.122
1079.534 650.127
1079.834 720.133
1080.134 655.139
1080.434 684.145
1080.735 589.150
1081.035 625.156
1081.335 459.162
1081.635 479.167
1081.935 584.173
1082.235 528.179
1082.535 512.184
1082.836 545.190
1083.136 559.196
1083.436 684.201
1083.736 717.207
1084.036 533.213
1084.336 497.218
1084.636 559.224
1084.937 683.230
1085.237 727.235
1085.537 637.241
1085.837 619.247
1086.137 557.252
1086.437 678.258
1086.737 569.263
1087.038 547.269
1087.338 685.275
1087.638 672.280
1087.938 473.286
1088.238 398.291
1088.538 551.297
1088.838 642.302
1089.139 631.308
1089.439 494.314
1089.739 612.319
1090.039 647.325
1090.339 714.330
1090.639 577.336
1090.939 656.341
1091.240 539.347
1091.540 567.352
1091.840 572.358
1092.140 648.363
1092.453 656.369
1092.766 575.375
1093.079 546.380
1093.392 608.386
1093.705 615.391
1094.018 585.397
1094.330 724.402
1094.643 660.407
1094.956 664.413
1095.269 611.418
1095.582 651.424
1095.895 547.429
1096.208 541.435
1096.521 600.440
1096.834 640.446
1097.147 610.451
1097.460 636.457
1097.773 697.462
1098.085 574.468
1098.398 515.473
1098.711 569.478
1099.024 484.484
1099.337 587.489
1099.650 775.495
1099.963 726.500
1100.276 570.505
1100.589 526.511
1100.902 592.516
1101.215 595.522
1101.528 656.527
1101.841 607.532
1102.153 664.538
1102.466 703.543
1102.779 528.548
1103.092 501.554
1103.405 613.559
1103.718 562.565
1104.031 526.570
1104.344 636.575
1104.657 594.581
1104.970 900.586
1105.283 714.591
1105.596 580.597
1105.909 575.602
1106.221 644.607
1106.534 607.612
1106.847 495.618
1107.160 438.623
1107.473 435.628
1107.786 540.634
1108.099 502.639
1108.412 500.644
1108.725 563.649
1109.038 486.655
1109.351 566.660
1109.664 624.665
1109.977 522.671
1110.289 581.676
1110.602 606.681
1110.915 607.686
1111.228 554.692
1111.541 498.697
1111.854 522.702
1112.167 426.707
1112.480 422.712
1112.793 512.718
1113.106 514.723
1113.419 583.728
1113.732 650.733
1114.044 531.739
1114.357 591.744
1114.670 599.749
1114.983 520.754
1115.296 502.759
1115.609 578.765
1115.922 589.770
1116.235 604.775
1116.548 638.780
1116.861 606.785
1117.174 551.790
1117.487 581.796
1117.800 782.801
1118.112 650.806
1118.425 562.811
1118.738 532.816
1119.051 515.821
1119.364 521.826
1119.677 584.831
1119.990 527.837
1120.303 599.842
1120.616 740.847
1120.929 589.852
1121.242 660.857
1121.555 666.862
1121.868 643.867
1122.180 609.872
1122.493 446.877
1122.806 472.883
1123.119 628.888
1123.432 654.893
1123.745 612.898
1124.058 532.903
1124.371 542.908
1124.684 647.913
1124.997 628.918
1125.310 539.923
1125.623 437.928
1125.935 447.933
1126.248 506.938
1126.561 610.943
1126.874 628.948
1127.187 692.953
1127.500 664.958
1127.813 653.963
1128.126 599.968
1128.439 636.973
1128.752 728.978
1129.065 540.983
1129.378 341.988
1129.691 516.993
1130.003 536.998
1130.316 470.003
1130.629 440.008
1130.942 516.013
1131.255 565.018
1131.568 491.023
1131.881 585.028
1132.194 671.033
1132.507 641.038
1132.820 610.043
1133.133 674.048
1133.446 511.053
1133.759 731.058
1134.071 1150.063
1134.384 830.068
1134.697 746.073
1135.010 791.078
1135.323 611.082
1135.636 473.087
1135.949 459.092
1136.262 500.097
1136.575 513.102
1136.888 580.107
1137.201 592.112
1137.514 600.117
1137.826 682.122
1138.139 589.127
1138.452 565.131
1138.765 762.136
1139.078 774.141
1139.391 754.146
1139.704 664.151
1140.017 696.156
1140.330 582.161
1140.643 558.165
1140.956 591.170
1141.269 610.175
1141.582 623.180
1141.894 489.185
1142.207 717.190
1142.520 632.194
1142.833 694.199
1143.146 559.204
1143.459 435.209
1143.772 557.214
1144.085 701.219
1144.398 607.223
1144.711 550.228
1145.024 508.233
1145.337 584.238
1145.650 652.242
1145.962 553.247
1146.275 544.252
1146.588 454.257
1146.901 644.262
1147.214 621.266
1147.527 480.271
1147.840 584.276
1148.153 575.281
1148.466 498.285
1148.779 490.290
1149.092 671.295
1149.405 567.300
1149.718 618.304
1150.030 717.309
1150.343 641.314
1150.656 492.319
1150.969 420.323
1151.282 672.328
1151.595 640.333
1151.908 552.337
1152.221 392.342
1152.534 412.347
1152.847 697.352
1153.160 601.356
1153.473 550.361
1153.785 599.366
1154.098 617.370
1154.411 704.375
1154.724 637.380
1155.037 713.384
1155.350 629.389
1155.663 652.394
1155.976 590.398
1156.289 657.403
1156.602 560.408
1156.915 429.412
1157.228 402.417
1157.541 505.422
1157.853 577.426
1158.166 638.431
1158.479 693.435
1158.792 610.440
1159.105 577.445
1159.418 600.449
1159.731 560.454
1160.044 615.459
1160.357 744.463
1160.670 653.468
1160.983 460.472
1161.296 602.477
1161.609 746.482
1161.921 653.486
1162.234 562.491
1162.547 431.495
1162.860 474.500
1163.173 471.504
1163.486 550.509
1163.799 621.514
1164.112 580.518
1164.425 578.523
1164.738 519.527
1165.051 481.532
1165.364 534.536
1165.676 587.541
1165.989 647.545
1166.302 577.550
1166.615 681.555
1166.928 664.559
1167.241 712.564
1167.554 709.568
1167.867 673.573
1168.180 606.577
1168.493 472.582
1168.806 553.586
1169.119 540.591
1169.432 644.595
1169.744 649.600
1170.057 582.604
1170.370 712.609
1170.683 706.613
1170.996 553.618
1171.309 628.622
1171.622 600.627
1171.935 521.631
1172.248 708.636
1172.561 678.640
1172.874 621.644
1173.187 647.649
1173.500 656.653
1173.812 692.658
1174.125 708.662
1174.438 696.667
1174.751 543.671
1175.064 558.676
1175.377 627.680
1175.690 529.684
1176.003 530.689
1176.316 600.693
1176.629 586.698
1176.942 573.702
1177.255 501.707
1177.567 458.711
1177.880 525.715
1178.193 626.720
1178.506 565.724
1178.819 684.729
1179.132 733.733
1179.445 527.737
1179.758 667.742
1180.071 638.746
1180.384 521.751
1180.697 584.755
1181.010 667.759
1181.323 770.764
1181.635 713.768
1181.948 695.772
1182.261 580.777
1182.574 515.781
1182.887 589.785
1183.200 741.790
1183.513 685.794
1183.826 627.798
1184.139 654.803
1184.452 588.807
1184.765 526.811
1185.078 482.816
1185.391 569.820
1185.703 570.824
1186.016 441.829
1186.329 469.833
1186.642 570.837
1186.955 713.842
1187.268 581.846
1187.581 577.850
1187.894 595.855
1188.207 618.859
1188.520 593.863
1188.833 613.867
1189.146 516.872
1189.459 410.876
1189.771 508.880
1190.084 691.885
1190.397 534.889
1190.710 559.893
1191.023 620.897
1191.336 620.902
1191.649 601.906
1191.962 655.910
1192.275 521.914
1192.588 563.919
1192.901 703.923
1193.214 602.927
1193.526 593.931
1193.839 664.936
1194.152 561.940
1194.465 647.944
1194.778 579.948
1195.091 568.952
1195.404 533.957
1195.717 579.961
1196.030 645.965
1196.343 521.969
1196.656 459.974
1196.969 565.978
1197.282 620.982
1197.594 628.986
1197.907 735.990
1198.220 684.994
1198.533 592.999
1198.846 610.003
1199.159 572.007
1199.472 527.011
1199.785 625.015
1200.098 530.020
1200.411 674.024
1200.724 635.028
1201.037 563.032
1201.350 462.036
1201.662 390.040
1201.975 561.044
1202.288 603.049
1202.601 233.053
