165.028 43.321
165.288 -34.064
165.547 24.555
165.807 116.177
166.067 47.802
166.327 -73.571
166.587 -23.940
166.847 114.694
167.107 91.331
167.367 107.971
167.627 161.614
167.886 131.259
168.146 83.908
168.406 225.559
168.666 186.213
168.926 100.870
169.186 167.529
169.446 180.191
169.706 36.856
169.966 63.524
170.225 68.194
170.485 101.867
170.745 144.543
171.005 307.221
171.265 162.901
171.525 123.584
171.785 33.269
172.045 90.957
172.305 234.648
172.564 141.340
172.824 17.035
173.084 172.733
173.344 88.432
173.604 136.134
173.864 235.838
174.124 130.545
174.384 112.253
174.644 206.964
174.903 376.677
175.163 354.392
175.423 299.109
175.683 96.828
175.943 153.549
176.203 133.272
176.463 119.997
176.723 134.724
176.983 158.453
177.242 180.184
177.502 325.916
177.762 300.651
178.022 71.387
178.282 96.125
178.542 77.865
178.802 81.607
179.062 64.350
179.322 298.095
179.581 291.842
179.841 113.590
180.101 193.340
180.361 220.091
180.621 187.844
180.881 149.598
181.141 136.354
181.401 129.112
181.661 232.871
181.920 316.631
182.180 193.392
182.440 83.155
182.700 44.920
182.960 51.686
183.220 162.453
183.480 417.221
183.740 252.990
184.000 189.761
184.259 98.533
184.519 126.306
184.779 107.080
185.039 202.855
185.299 315.632
185.559 284.409
185.819 294.188
186.079 307.967
186.339 219.748
186.598 140.530
186.858 64.312
187.118 60.095
187.378 195.880
187.638 207.665
187.898 260.451
188.158 311.238
188.418 201.026
188.678 174.814
188.937 211.603
189.197 252.393
189.457 289.184
189.717 192.976
189.977 68.768
190.237 96.561
190.497 259.354
190.757 239.148
191.017 204.943
191.276 102.738
191.536 147.534
191.796 111.330
192.056 125.127
192.316 177.924
192.576 82.722
192.836 96.520
193.096 147.319
193.356 116.118
193.616 150.917
193.875 170.717
194.135 157.517
194.395 278.317
194.655 286.118
194.915 221.919
195.175 230.721
195.435 371.522
195.695 149.324
195.955 -15.874
196.214 145.928
196.474 307.730
196.734 275.533
196.994 290.336
197.254 274.138
197.514 186.941
197.774 188.744
198.034 165.547
198.294 156.350
198.553 196.153
198.813 172.956
199.073 21.759
199.333 59.562
199.593 261.365
199.853 300.168
200.113 369.971
200.373 328.774
200.633 172.576
200.892 113.379
201.152 80.181
201.412 124.983
201.672 278.785
201.932 484.587
202.192 367.389
202.452 160.190
202.712 144.991
202.972 251.792
203.231 381.593
203.491 337.393
203.751 311.193
204.011 329.993
204.271 348.793
204.531 188.592
204.791 138.390
205.051 159.189
205.311 234.986
205.570 161.784
205.830 189.581
206.090 140.378
206.350 272.174
206.610 453.970
206.870 209.765
207.130 171.560
207.390 243.354
207.650 240.148
207.909 243.941
208.169 344.734
208.429 327.526
208.689 90.318
208.949 237.109
209.209 339.899
209.469 163.689
209.729 158.478
209.989 234.267
210.248 121.055
210.508 403.842
210.768 369.629
211.028 205.415
211.288 287.200
211.548 282.985
211.808 257.769
212.068 399.552
212.328 434.334
212.587 383.116
212.847 251.897
213.107 295.677
213.367 322.456
213.627 292.235
213.887 274.013
214.147 115.790
214.407 203.566
214.667 240.342
214.926 291.116
215.186 269.890
215.446 337.663
215.706 253.435
215.966 244.206
216.226 226.976
216.486 205.746
216.746 273.514
217.006 301.282
217.265 250.049
217.525 165.814
217.785 236.579
218.045 315.343
218.305 294.106
218.565 255.868
218.825 334.629
219.085 364.389
219.345 210.148
219.604 183.906
219.864 327.663
220.124 289.419
220.384 282.174
220.644 302.928
220.904 218.681
221.164 253.433
221.424 263.184
221.684 192.934
221.943 228.683
222.203 350.431
222.463 240.178
222.723 86.923
222.983 206.668
223.243 164.411
223.503 236.154
223.763 171.895
224.023 133.635
224.282 348.374
224.542 414.112
224.802 371.849
225.062 312.584
225.322 434.319
225.582 343.052
225.842 318.785
226.102 392.516
226.362 268.246
226.621 272.974
226.881 253.702
227.141 296.428
227.401 281.154
227.661 202.878
227.921 424.601
228.181 353.322
228.441 224.043
228.701 437.762
228.960 381.480
229.220 213.197
229.480 194.913
229.740 356.627
230.000 390.340
230.260 263.052
230.520 277.763
230.780 218.472
231.040 270.181
231.299 249.888
231.559 258.593
231.819 245.298
232.079 327.001
232.339 333.703
232.599 166.404
232.859 308.103
233.119 434.801
233.379 272.498
233.638 284.194
233.898 401.888
234.158 355.581
234.418 249.273
234.678 328.964
234.938 342.653
235.198 216.341
235.458 172.027
235.718 285.713
235.978 299.397
236.237 280.080
236.497 312.761
236.757 367.441
237.017 359.120
237.277 374.797
237.537 346.473
237.797 195.148
238.057 259.822
238.317 300.494
238.576 203.165
238.836 261.834
239.096 382.503
239.356 322.169
239.616 288.835
239.876 352.499
240.136 282.162
240.396 368.824
240.656 452.484
240.915 346.143
241.175 306.800
241.435 238.456
241.695 389.111
241.955 552.765
242.215 536.417
242.475 474.068
242.735 312.717
242.995 343.365
243.254 380.012
243.514 337.657
243.774 158.302
244.034 246.944
244.294 515.586
244.554 384.226
244.814 336.864
245.074 313.501
245.334 257.137
245.593 297.772
245.853 313.405
246.113 201.037
246.373 317.668
246.633 409.297
246.893 368.924
247.153 334.551
247.413 411.176
247.673 405.800
247.932 316.422
248.192 380.043
248.452 491.663
248.712 415.281
248.972 260.898
249.232 425.513
249.492 328.127
249.752 179.740
250.012 365.352
250.271 336.962
250.531 382.571
250.791 574.178
251.051 542.784
251.311 353.389
251.571 187.992
251.831 312.594
252.091 389.195
252.351 272.794
252.610 249.392
252.870 359.988
253.130 347.583
253.390 324.177
253.650 404.770
253.911 411.361
254.172 398.951
254.433 339.539
254.694 364.126
254.955 440.712
255.216 335.296
255.477 439.879
255.738 367.461
255.999 269.041
256.261 430.620
256.522 425.198
256.783 378.774
257.044 218.349
257.305 192.922
257.566 179.495
257.827 189.066
258.088 305.635
258.349 267.203
258.610 347.770
258.871 409.336
259.132 427.900
259.393 302.463
259.654 223.025
259.915 194.585
260.176 246.144
260.437 420.701
260.698 413.258
260.959 325.813
261.221 394.366
261.482 473.918
261.743 409.469
262.004 405.019
262.265 550.567
262.526 514.114
262.787 325.660
263.048 296.205
263.309 350.748
263.570 472.289
263.831 384.830
264.092 306.369
264.353 202.907
264.614 477.444
264.875 455.979
265.136 324.513
265.397 497.045
265.658 562.577
265.919 614.107
266.181 548.636
266.442 373.163
266.703 271.689
266.964 288.214
267.225 307.738
267.486 332.260
267.747 458.781
268.008 530.301
268.269 597.820
268.530 504.337
268.791 469.853
269.052 441.368
269.313 401.881
269.574 367.393
269.835 409.904
270.096 423.414
270.357 496.922
270.618 451.429
270.879 370.935
271.141 386.440
271.402 374.943
271.663 327.445
271.924 374.946
272.185 451.445
272.446 372.944
272.707 395.441
272.968 364.937
273.229 380.431
273.490 374.925
273.751 351.417
274.012 391.908
274.273 515.398
274.534 426.886
274.795 425.373
275.056 482.859
275.317 341.344
275.578 268.828
275.839 299.310
276.101 256.791
276.362 260.271
276.623 302.750
276.884 457.228
277.145 461.704
277.406 427.179
277.667 329.653
277.928 282.126
278.189 492.597
278.450 450.068
278.711 436.537
278.972 454.005
279.233 329.472
279.494 425.937
279.755 584.402
280.016 640.865
280.277 465.327
280.538 460.788
280.799 343.248
281.061 333.706
281.322 332.163
281.583 349.620
281.844 317.075
282.105 321.529
282.366 427.981
282.627 403.433
282.888 472.883
283.149 488.333
283.410 435.781
283.671 403.228
283.932 332.674
284.193 260.118
284.454 351.562
284.715 408.004
284.976 364.446
285.237 448.886
285.498 666.325
285.759 588.763
286.021 524.200
286.282 467.635
286.543 473.070
286.804 457.503
287.065 457.936
287.326 476.367
287.587 305.797
287.848 442.226
288.109 535.654
288.370 443.081
288.631 304.507
288.892 285.931
289.153 364.355
289.414 310.777
289.675 502.199
289.936 606.619
290.197 567.038
290.458 455.456
290.719 373.873
290.981 481.289
291.242 528.704
291.503 511.118
291.764 374.531
292.025 239.942
292.286 298.353
292.547 463.762
292.808 409.171
293.069 448.578
293.330 457.985
293.591 446.390
293.852 386.794
294.113 353.198
294.374 394.600
294.635 428.001
294.896 465.401
295.157 500.800
295.418 516.198
295.679 509.595
295.941 433.991
296.202 476.386
296.463 478.780
296.724 522.173
296.985 544.565
297.246 499.956
297.507 338.346
297.768 350.735
298.029 468.123
298.290 604.510
298.551 635.896
298.812 640.280
299.073 460.664
299.334 362.047
299.595 510.429
299.856 476.810
300.117 611.190
300.378 586.569
300.639 355.947
300.901 329.324
301.162 428.700
301.423 492.075
301.684 641.449
301.945 668.822
302.206 393.194
302.467 435.565
302.728 410.935
302.989 469.305
303.250 503.673
303.511 574.040
303.772 562.406
304.033 524.772
304.294 532.136
304.555 464.500
304.816 496.862
305.077 501.224
305.338 381.585
305.599 383.945
305.861 448.303
306.122 492.661
306.383 409.018
306.644 419.374
306.905 346.729
307.166 584.084
307.427 582.437
307.688 492.789
307.949 434.141
308.210 465.491
308.471 496.841
308.732 484.190
308.993 387.538
309.254 363.884
309.515 289.230
309.776 470.576
310.037 489.920
310.298 317.263
310.559 368.606
310.821 478.947
311.082 508.288
311.343 414.628
311.604 319.967
311.865 298.305
312.126 282.642
312.387 432.978
312.648 472.314
312.909 416.648
313.170 423.982
313.434 416.315
313.698 395.647
313.963 470.978
314.227 424.308
314.491 364.637
314.755 385.966
315.019 457.294
315.284 344.620
315.548 451.947
315.812 469.272
316.076 558.596
316.340 551.919
316.604 488.242
316.869 549.564
317.133 532.885
317.397 561.205
317.661 590.524
317.925 528.843
318.190 467.161
318.454 444.478
318.718 404.794
318.982 557.109
319.246 596.423
319.511 681.737
319.775 506.050
320.039 470.362
320.303 481.673
320.567 545.983
320.832 567.293
321.096 446.602
321.360 431.910
321.624 427.217
321.888 336.523
322.153 350.829
322.417 344.134
322.681 271.438
322.945 470.741
323.209 493.044
323.473 413.345
323.738 423.646
324.002 477.946
324.266 614.246
324.530 547.544
324.794 436.842
325.059 356.139
325.323 305.436
325.587 401.731
325.851 424.026
326.115 634.320
326.380 555.614
326.644 541.906
326.908 542.198
327.172 469.489
327.436 529.779
327.701 527.069
327.965 476.358
328.229 527.646
328.493 376.933
328.757 395.220
329.022 527.506
329.286 416.791
329.550 385.075
329.814 494.359
330.078 506.642
330.342 410.924
330.607 470.206
330.871 552.487
331.135 642.767
331.399 577.046
331.663 445.325
331.928 496.603
332.192 597.880
332.456 555.157
332.720 544.432
332.984 455.708
333.249 480.982
333.513 451.256
333.777 325.529
334.041 348.801
334.305 435.073
334.570 424.344
334.834 383.614
335.098 558.884
335.362 647.153
335.626 582.421
335.891 478.688
336.155 541.955
336.419 480.221
336.683 293.487
336.947 449.752
337.211 461.016
337.476 371.279
337.740 411.542
338.004 418.804
338.268 397.066
338.532 494.327
338.797 423.587
339.061 481.847
339.325 607.105
339.589 642.364
339.853 515.621
340.118 412.878
340.382 555.134
340.646 699.390
340.910 488.645
341.174 468.899
341.439 447.153
341.703 489.406
341.967 464.659
342.231 452.910
342.495 427.161
342.759 521.412
343.024 512.662
343.288 558.911
343.552 518.160
343.816 318.408
344.080 391.655
344.345 513.902
344.609 403.148
344.873 334.394
345.137 493.639
345.401 504.883
345.666 360.127
345.930 507.370
346.194 582.612
346.458 399.854
346.722 423.095
346.987 416.336
347.251 518.576
347.515 675.815
347.779 511.054
348.043 412.293
348.308 469.530
348.572 386.767
348.836 359.004
349.100 405.240
349.364 320.475
349.628 329.710
349.893 406.944
350.157 504.177
350.421 508.410
350.685 548.643
350.949 459.875
351.214 356.106
351.478 452.336
351.742 467.567
352.006 496.796
352.270 480.025
352.535 344.253
352.799 349.481
353.063 471.708
353.327 367.935
353.591 329.161
353.856 436.387
354.120 492.612
354.384 557.836
354.648 650.060
354.912 640.284
355.177 512.506
355.441 419.729
355.705 593.950
355.969 575.171
356.233 520.392
356.497 499.612
356.762 485.832
357.026 455.051
357.290 421.269
357.554 473.487
357.818 499.704
358.083 489.921
358.347 454.137
358.611 448.353
358.875 441.568
359.139 454.783
359.404 433.997
359.668 536.211
359.932 646.424
360.196 612.637
360.460 478.849
360.725 496.060
360.989 541.271
361.253 651.482
361.517 574.692
361.781 590.902
362.046 614.111
362.310 620.319
362.574 606.527
362.838 501.734
363.102 527.941
363.366 554.148
363.631 429.354
363.895 451.559
364.159 593.764
364.423 542.969
364.687 642.173
364.952 650.376
365.216 651.579
365.480 610.782
365.747 471.984
366.013 464.185
366.280 469.386
366.546 508.587
366.813 409.787
367.079 453.986
367.346 584.185
367.612 550.384
367.879 549.582
368.145 592.780
368.412 471.977
368.678 436.173
368.945 536.370
369.211 482.565
369.478 550.761
369.744 480.955
370.011 488.150
370.278 435.344
370.544 441.537
370.811 488.730
371.077 498.922
371.344 449.114
371.610 504.306
371.877 487.497
372.143 556.688
372.410 673.878
372.676 692.067
372.943 634.257
373.209 530.445
373.476 462.634
373.742 453.822
374.009 553.009
374.276 574.196
374.542 531.383
374.809 477.569
375.075 366.754
375.342 321.940
375.608 332.124
375.875 375.309
376.141 598.493
376.408 549.676
376.674 537.859
376.941 506.042
377.207 483.224
377.474 877.405
377.740 781.587
378.007 431.768
378.273 543.948
378.540 625.128
378.807 485.307
379.073 402.487
379.340 400.665
379.606 462.844
379.873 464.021
380.139 499.199
380.406 561.376
380.672 527.553
380.939 405.729
381.205 434.904
381.472 404.080
381.738 340.255
382.005 453.429
382.271 510.603
382.538 522.777
382.804 626.950
383.071 543.123
383.338 532.296
383.604 476.468
383.871 532.640
384.137 542.811
384.404 502.982
384.670 528.152
384.937 478.322
385.203 553.492
385.470 518.661
385.736 524.830
386.003 525.999
386.269 488.167
386.536 440.334
386.802 458.502
387.069 578.669
387.336 724.835
387.602 700.001
387.869 390.167
388.135 362.332
388.402 349.497
388.668 443.662
388.935 581.826
389.201 693.990
389.468 676.153
389.734 673.316
390.001 618.479
390.267 535.641
390.534 561.803
390.800 561.965
391.067 616.126
391.333 577.287
391.600 461.447
391.867 527.607
392.133 602.767
392.400 484.926
392.666 406.085
392.933 592.244
393.199 703.402
393.466 516.560
393.732 468.718
393.999 592.875
394.265 538.031
394.532 469.188
394.798 557.344
395.065 492.500
395.331 571.655
395.598 643.810
395.864 593.965
396.131 645.119
396.398 705.273
396.664 771.426
396.931 802.579
397.197 992.732
397.464 970.885
397.730 1160.037
397.997 1305.189
398.263 1314.340
398.530 1468.491
398.796 1681.642
399.063 1824.793
399.329 1908.943
399.596 2152.092
399.862 2186.242
400.129 2341.391
400.396 2517.540
400.662 2468.688
400.929 2671.836
401.195 2882.984
401.462 3046.131
401.728 3214.278
401.995 3307.425
402.261 3200.571
402.528 3205.717
402.794 3312.863
403.061 3434.008
403.327 3500.153
403.594 3195.298
403.860 3009.442
404.127 2925.586
404.393 2954.730
404.660 2834.874
404.931 2613.017
405.202 2491.159
405.473 2312.302
405.745 2251.444
406.016 2376.586
406.287 2269.727
406.558 2165.868
406.829 2261.009
407.100 2111.150
407.371 2303.290
407.642 2427.430
407.914 2372.570
408.185 2293.709
408.456 2252.848
408.727 2386.986
408.998 2416.125
409.269 2565.263
409.540 2640.401
409.811 2393.538
410.083 2298.675
410.354 2225.812
410.625 2067.948
410.896 2176.085
411.167 2320.220
411.438 2341.356
411.709 2024.491
411.981 2144.626
412.252 1897.761
412.523 1710.895
412.794 1831.029
413.065 1890.163
413.336 1664.297
413.607 1665.430
413.878 1687.563
414.150 1566.695
414.421 1378.828
414.692 1282.960
414.963 1201.091
415.234 1271.223
415.505 1229.354
415.776 1295.485
416.047 1267.615
416.319 1196.746
416.590 956.876
416.861 669.005
417.132 892.135
417.403 876.264
417.674 732.393
417.945 639.521
418.217 622.650
418.488 732.778
418.759 599.905
419.030 570.033
419.301 609.160
419.572 657.287
419.843 636.413
420.114 558.540
420.386 578.666
420.657 730.792
420.928 610.917
421.199 570.042
421.470 560.167
421.741 503.292
422.012 504.416
422.283 519.540
422.555 545.664
422.826 566.788
423.097 630.911
423.368 586.034
423.639 494.157
423.910 641.280
424.181 594.402
424.453 470.524
424.724 782.645
424.995 847.767
425.266 667.888
425.537 570.009
425.808 709.130
426.079 789.250
426.350 685.370
426.622 700.490
426.893 820.610
427.164 690.729
427.435 610.848
427.706 629.967
427.977 659.086
428.248 702.204
428.519 830.322
428.791 682.440
429.062 744.558
429.333 689.675
429.604 624.792
429.875 756.909
430.146 912.025
430.417 887.142
430.689 787.258
430.960 642.374
431.231 683.489
431.502 924.604
431.773 926.720
432.044 772.834
432.315 928.949
432.586 854.063
432.858 848.177
433.129 639.291
433.400 581.405
433.671 681.518
433.942 659.631
434.213 530.744
434.484 588.857
434.755 618.969
435.027 507.081
435.298 572.193
435.569 648.305
435.840 493.417
436.116 524.528
436.391 692.639
436.667 658.749
436.942 672.860
437.218 710.970
437.493 746.080
437.769 754.190
438.045 624.300
438.320 637.409
438.596 696.518
438.871 598.627
439.147 586.736
439.422 549.844
439.698 463.952
439.974 494.060
440.249 648.168
440.525 653.276
440.800 382.383
441.076 502.490
441.351 686.597
441.627 721.703
441.903 670.810
442.178 541.916
442.454 548.022
442.729 705.128
443.005 550.233
443.281 656.338
443.556 778.443
443.832 668.548
444.107 557.653
444.383 524.757
444.658 565.861
444.934 448.965
445.210 623.069
445.485 683.173
445.761 702.276
446.036 654.379
446.312 675.482
446.587 706.585
446.863 517.687
447.139 550.789
447.414 578.891
447.690 671.993
447.965 637.095
448.241 541.196
448.516 547.297
448.792 527.398
449.068 561.499
449.343 604.600
449.619 523.700
449.894 576.800
450.170 563.900
450.445 785.000
450.721 791.100
450.997 476.199
451.272 555.298
451.548 542.397
451.823 513.496
452.099 585.594
452.375 541.692
452.650 542.791
452.926 594.888
453.201 633.986
453.477 872.084
453.752 776.181
454.028 611.278
454.304 678.375
454.579 743.472
454.855 679.568
455.130 711.665
455.406 852.761
455.681 703.857
455.957 641.952
456.233 681.048
456.508 698.143
456.784 671.238
457.059 655.333
457.335 836.428
457.610 733.523
457.886 662.617
458.162 644.711
458.437 598.805
458.713 702.899
458.988 694.992
459.264 720.086
459.539 726.179
459.815 714.272
460.091 624.365
460.366 579.458
460.642 550.550
460.917 587.642
461.193 654.734
461.468 525.826
461.744 524.918
462.020 523.010
462.295 563.101
462.571 546.192
462.846 614.283
463.122 707.374
463.397 684.465
463.673 497.058
463.949 504.141
464.224 532.203
464.500 610.215
464.775 582.915
465.051 593.817
465.327 639.454
465.602 761.660
465.878 825.447
466.153 678.005
466.429 839.610
466.704 1073.391
466.980 1036.626
467.256 1028.714
467.531 1130.933
467.807 1147.184
468.082 1128.234
468.358 1094.159
468.633 1171.840
468.909 1086.586
469.185 1035.504
469.460 1175.466
469.736 1266.364
470.011 1113.380
470.287 1097.256
470.562 1229.595
470.838 1148.178
471.114 1310.030
471.389 1302.036
471.665 1241.760
471.940 1309.905
472.216 1305.942
472.491 1172.599
472.767 1153.591
473.043 1289.579
473.318 1354.573
473.594 1190.745
473.869 1131.004
474.145 1040.550
474.421 949.079
474.696 925.766
474.972 793.393
475.247 813.654
475.523 911.688
475.798 866.831
476.074 731.612
476.350 715.403
476.625 671.364
476.901 684.700
477.176 674.921
477.452 544.104
477.727 569.620
478.003 468.514
478.279 694.207
478.554 810.143
478.830 781.548
479.105 749.586
479.381 689.070
479.656 599.903
479.932 643.956
480.208 724.357
480.483 708.539
480.759 772.320
481.034 674.651
481.310 594.934
481.585 642.201
481.861 675.548
482.137 648.764
482.412 637.124
482.688 557.611
482.963 653.419
483.239 793.124
483.514 596.810
483.790 621.695
484.066 812.960
484.341 712.426
484.617 621.065
484.892 732.345
485.168 653.815
485.443 529.981
485.719 630.456
485.995 751.305
486.270 715.949
486.546 632.512
486.821 565.327
487.097 469.519
487.373 590.433
487.648 781.275
487.924 725.517
488.199 468.494
488.475 304.521
488.750 389.293
489.026 558.542
489.302 534.082
489.577 510.103
489.853 542.977
490.128 667.438
490.404 669.794
490.679 470.258
490.955 684.925
491.231 704.548
491.506 654.430
491.782 586.583
492.057 573.361
492.333 632.142
492.608 589.161
492.884 587.276
493.160 476.780
493.435 467.002
493.711 605.309
493.986 583.240
494.262 581.923
494.537 540.818
494.813 585.580
495.089 471.296
495.364 534.235
495.640 570.652
495.915 560.899
496.191 746.129
496.467 666.147
496.742 584.444
497.018 689.321
497.293 594.623
497.569 686.190
497.844 656.926
498.120 662.937
498.396 650.434
498.671 565.747
498.947 655.192
499.222 659.889
499.498 647.680
499.773 687.551
500.049 720.896
500.325 662.803
500.600 708.198
500.876 685.954
501.151 809.767
501.427 872.898
501.702 950.227
501.978 964.367
502.254 980.477
502.529 867.890
502.805 1004.785
503.080 1195.383
503.356 1031.169
503.631 967.633
503.907 976.746
504.183 939.365
504.458 1058.867
504.734 1089.210
505.009 1101.412
505.285 1021.623
505.560 1043.914
505.836 1014.675
506.112 1011.706
506.387 957.118
506.663 890.495
506.938 954.263
507.214 1028.143
507.490 1098.889
507.765 1055.465
508.041 1005.078
508.316 1103.026
508.592 989.088
508.867 946.912
509.143 992.258
509.419 905.892
509.694 760.710
509.970 728.679
510.245 662.221
510.521 726.624
510.796 671.018
511.072 614.140
511.348 658.842
511.623 673.862
511.899 645.077
512.174 702.098
512.450 772.894
512.725 789.822
513.001 611.700
513.277 499.276
513.552 710.803
513.828 660.155
514.103 575.823
514.379 712.548
514.654 630.500
514.930 651.916
515.206 1004.626
515.481 842.765
515.757 602.194
516.032 491.099
516.308 603.482
516.583 706.369
516.859 665.132
517.135 671.035
517.410 719.354
517.686 699.007
517.961 663.110
518.237 679.342
518.513 581.281
518.788 791.611
519.064 810.412
519.339 716.569
519.615 660.917
519.890 734.591
520.166 765.735
520.442 928.675
520.717 962.420
520.993 897.895
521.268 735.396
521.544 759.516
521.819 740.824
522.095 790.075
522.371 911.139
522.646 929.413
522.922 981.263
523.197 962.163
523.473 1028.285
523.748 945.089
524.024 854.237
524.300 893.528
524.575 879.231
524.851 991.250
525.126 1023.819
525.402 1043.038
525.677 1156.970
525.953 1051.713
526.229 966.684
526.504 957.138
526.780 1079.606
527.055 1024.236
527.331 1032.905
527.606 1102.915
527.882 1053.112
528.158 915.287
528.433 1062.973
528.709 1031.359
528.984 1016.059
529.260 964.222
529.535 992.170
529.811 854.857
530.087 786.298
530.362 751.465
530.638 846.081
530.913 1010.738
531.189 1000.185
531.465 843.869
531.740 809.957
532.016 912.343
532.291 846.633
532.567 909.375
532.842 970.476
533.118 870.599
533.394 954.023
533.669 852.821
533.945 723.498
534.220 712.852
534.496 830.446
534.771 833.259
535.047 832.175
535.323 797.885
535.598 821.551
535.874 868.306
536.149 844.770
536.425 718.449
536.700 637.290
536.976 732.711
537.252 878.724
537.527 793.197
537.803 888.536
538.078 1094.969
538.354 1174.669
538.629 1122.729
538.905 1136.562
539.181 1155.622
539.456 1161.593
539.732 1344.431
540.007 1398.779
540.283 1231.242
540.558 1178.746
540.834 1187.066
541.110 1200.175
541.385 1219.040
541.661 1281.469
541.936 1321.444
542.212 1219.415
542.488 1271.004
542.763 1429.629
543.039 1433.084
543.314 1468.851
543.590 1437.591
543.865 1456.511
544.141 1475.431
544.417 1492.365
544.692 1397.084
544.968 1518.288
545.243 1463.189
545.519 1287.011
545.794 1335.062
546.070 1396.744
546.348 1346.444
546.627 1164.242
546.905 1360.477
547.183 1340.944
547.461 1312.197
547.740 1406.587
548.018 1241.038
548.296 1182.260
548.575 1091.943
548.853 1063.195
549.131 1125.808
549.409 1247.757
549.688 1393.641
549.966 1370.874
550.244 1460.209
550.523 1422.142
550.801 1404.942
551.079 1487.678
551.357 1602.465
551.636 1547.572
551.914 1479.480
552.192 1412.468
552.471 1528.423
552.749 1625.953
553.027 1639.165
553.306 1655.301
553.584 1825.458
553.862 1838.448
554.140 1854.214
554.419 1882.114
554.697 2040.830
554.975 2203.265
555.254 2206.047
555.532 1969.565
555.810 2095.496
556.088 2260.888
556.367 2145.064
556.645 1963.064
556.923 1973.811
557.202 1920.434
557.480 1979.781
557.758 1828.538
558.036 1681.156
558.315 1690.532
558.593 1744.789
558.871 1707.082
559.150 1681.607
559.428 1612.462
559.706 1467.206
559.984 1539.195
560.263 1725.799
560.541 1646.488
560.819 1535.403
561.098 1486.342
561.376 1511.388
561.654 1291.241
561.932 1087.524
562.211 1194.990
562.489 1258.435
562.767 1116.198
563.046 925.192
563.324 831.259
563.602 883.015
563.880 763.210
564.159 808.360
564.437 871.867
564.715 716.318
564.994 612.716
565.272 763.432
565.550 669.743
565.828 543.751
566.107 669.831
566.385 714.390
566.663 610.101
566.942 640.510
567.220 652.081
567.498 774.868
567.776 635.488
568.055 565.340
568.333 633.652
568.611 661.892
568.890 624.363
569.168 557.079
569.446 578.917
569.725 569.298
570.003 456.298
570.281 397.789
570.559 536.130
570.838 628.657
571.116 673.883
571.394 703.965
571.673 751.247
571.951 686.971
572.229 620.995
572.507 629.416
572.786 677.736
573.064 654.096
573.342 597.664
573.621 491.556
573.899 545.257
574.177 773.372
574.455 693.036
574.734 585.147
575.012 702.606
575.290 652.406
575.569 659.951
575.847 716.579
576.125 690.124
576.403 543.497
576.682 618.803
576.960 668.341
577.243 698.237
577.527 605.371
577.810 489.157
578.093 530.116
578.377 553.933
578.660 564.845
578.944 614.294
579.227 570.998
579.510 660.803
579.794 616.858
580.077 540.966
580.360 611.981
580.644 606.673
580.927 587.437
581.210 630.222
581.494 574.746
581.777 588.147
582.061 599.730
582.344 576.442
582.627 451.857
582.911 524.680
583.194 528.239
583.477 643.051
583.761 689.999
584.044 717.984
584.327 677.783
584.611 597.904
584.894 571.972
585.178 567.018
585.461 593.033
585.744 678.988
586.028 589.707
586.311 597.748
586.594 672.789
586.878 605.830
587.161 541.870
587.444 606.911
587.728 619.951
588.011 652.992
588.295 508.032
588.578 599.473
588.861 729.383
589.145 592.153
589.428 624.818
589.711 549.233
589.995 520.752
590.278 717.595
590.562 609.353
590.845 501.890
591.128 689.054
591.412 655.161
591.695 595.915
591.978 710.131
592.262 661.928
592.545 467.228
592.828 691.286
593.112 612.870
593.395 557.076
593.679 502.776
593.962 629.309
594.245 649.617
594.529 556.123
594.812 490.997
595.095 445.753
595.379 616.703
595.662 683.955
595.945 604.864
596.229 458.469
596.512 499.183
596.796 594.860
597.079 638.863
597.362 690.386
597.646 752.056
597.929 633.399
598.212 608.107
598.496 582.453
598.779 715.184
599.062 767.541
599.346 588.901
599.629 552.855
599.913 590.771
600.196 682.434
600.479 691.642
600.763 645.070
601.046 484.546
601.329 569.706
601.613 653.745
601.896 618.383
602.179 690.504
602.463 647.319
602.746 719.064
603.030 785.899
603.313 702.730
603.596 534.955
603.880 644.270
604.163 688.424
604.446 576.131
604.730 536.990
605.013 676.422
605.296 704.545
605.580 631.123
605.863 690.904
606.147 632.174
606.430 628.292
606.713 692.292
606.997 642.076
607.280 811.737
607.563 734.473
607.847 694.690
608.130 727.428
608.414 790.352
608.697 675.906
608.980 660.933
609.264 777.302
609.547 711.933
609.830 677.688
610.114 641.484
610.397 655.231
610.680 736.817
610.964 753.983
611.247 728.528
611.531 612.496
611.814 503.601
612.097 551.722
612.381 711.019
612.664 792.223
612.947 688.234
613.231 667.660
613.514 691.926
613.797 738.129
614.081 745.040
614.364 775.526
614.648 724.480
614.931 639.052
615.214 629.263
615.498 718.412
615.781 765.413
616.064 710.329
616.348 839.300
616.631 874.643
616.914 872.832
617.198 749.588
617.481 671.790
617.765 700.099
618.048 771.900
618.331 781.806
618.615 710.478
618.898 831.065
619.181 843.944
619.465 754.803
619.748 621.305
620.031 607.102
620.315 613.684
620.598 701.628
620.882 800.670
621.165 930.724
621.448 865.151
621.732 746.642
622.015 640.208
622.298 590.671
622.582 684.108
622.865 618.891
623.148 594.948
623.432 726.302
623.715 638.248
623.999 850.193
624.282 822.968
624.565 840.753
624.849 664.730
625.132 561.265
625.415 821.379
625.699 900.949
625.982 727.420
626.265 632.868
626.549 604.989
626.832 753.507
627.116 740.408
627.399 560.643
627.682 557.530
627.966 555.994
628.249 559.491
628.532 552.932
628.816 730.390
629.099 665.563
629.383 658.923
629.666 612.683
629.949 604.909
630.233 643.499
630.516 701.083
630.799 718.521
631.083 563.566
631.366 521.150
631.649 505.412
631.933 472.627
632.216 605.448
632.500 695.828
632.783 648.201
633.066 542.324
633.350 551.411
633.633 642.608
633.916 640.167
634.200 615.345
634.483 645.437
634.766 690.418
635.050 670.380
635.333 547.983
635.617 517.532
635.900 613.263
636.183 669.843
636.467 629.541
636.750 646.307
637.033 658.601
637.317 642.660
637.600 624.228
637.883 616.159
638.167 613.734
638.450 627.595
638.734 593.916
639.017 640.761
639.300 667.943
639.584 614.961
639.867 784.307
640.150 741.305
640.434 754.430
640.717 731.323
641.000 650.977
641.284 773.436
641.567 640.418
641.851 651.388
642.134 791.082
642.417 738.969
642.701 834.169
642.984 864.259
643.267 849.988
643.551 732.975
643.834 619.351
644.117 670.297
644.401 608.160
644.684 705.658
644.968 849.734
645.251 769.227
645.534 640.737
645.818 623.879
646.101 693.976
646.384 727.807
646.668 743.797
646.951 699.693
647.235 740.792
647.518 701.346
647.801 886.524
648.085 994.639
648.368 977.744
648.651 877.208
648.935 998.473
649.218 1134.094
649.501 1051.307
649.785 1050.344
650.068 1274.995
650.352 1372.543
650.635 1414.511
650.918 1440.474
651.202 1595.455
651.485 1770.787
651.768 1816.224
652.052 1762.341
652.335 1830.683
652.618 1953.875
652.902 2209.963
653.185 2527.702
653.469 2554.864
653.752 2536.174
654.035 2616.404
654.319 2838.447
654.602 2915.969
654.885 2906.048
655.169 2997.062
655.452 2979.367
655.735 2906.191
656.019 2985.226
656.302 2975.245
656.586 2950.299
656.869 3102.177
657.152 3032.270
657.436 2954.003
657.719 3175.313
658.002 3230.362
658.286 3145.775
658.569 2912.203
658.852 2807.875
659.136 2883.655
659.419 2650.180
659.703 2506.046
659.986 2499.982
660.269 2458.301
660.553 2351.156
660.836 2426.387
661.119 2511.781
661.403 2401.853
661.686 2285.501
661.969 2206.180
662.253 2125.713
662.536 2098.302
662.820 2140.726
663.103 2013.979
663.386 1987.637
663.670 2047.502
663.953 1901.685
664.236 2030.285
664.520 2002.957
664.803 2000.958
665.086 2025.275
665.370 2126.645
665.653 2230.016
665.937 2199.850
666.220 2227.261
666.503 2157.308
666.787 2118.796
667.070 1989.999
667.353 1945.311
667.637 1796.361
667.920 1806.530
668.204 1592.335
668.487 1407.214
668.770 1478.939
669.054 1308.905
669.337 1184.883
669.620 1077.877
669.904 964.789
670.187 1025.942
670.470 1077.016
670.754 921.940
671.037 800.131
671.321 720.688
671.604 870.736
671.887 866.536
672.171 795.938
672.454 796.173
672.737 732.258
673.021 643.804
673.304 669.132
673.587 821.110
673.871 785.789
674.154 797.548
674.438 872.392
674.721 869.335
675.004 839.392
675.288 763.287
675.571 744.531
675.854 720.871
676.138 693.805
676.421 733.763
676.704 685.994
676.988 799.863
677.271 1036.252
677.555 1000.122
677.838 832.619
678.121 806.992
678.405 781.773
678.688 852.193
678.971 597.763
679.255 743.017
679.538 900.719
679.821 873.774
680.105 775.019
680.388 687.818
680.672 637.623
680.955 628.293
681.238 651.866
681.522 579.488
681.805 659.533
682.088 791.164
682.372 830.596
682.655 705.184
682.938 801.243
683.222 831.540
683.505 735.256
683.789 779.169
684.072 744.712
684.355 722.039
684.639 801.397
684.922 747.142
685.205 708.546
685.489 769.114
685.772 803.381
686.056 810.522
686.339 836.698
686.622 656.480
686.906 610.576
687.189 775.528
687.472 934.217
687.756 769.556
688.039 626.334
688.322 561.641
688.606 839.328
688.889 780.898
689.173 659.837
689.456 818.526
689.739 832.121
690.023 767.670
690.306 743.711
690.589 725.253
690.873 774.471
691.156 777.617
691.439 700.639
691.723 667.365
692.006 744.126
692.290 687.510
692.573 735.626
692.856 794.229
693.140 746.585
693.423 722.027
693.706 674.095
693.990 659.281
694.273 647.261
694.556 907.710
694.840 942.704
695.123 747.539
695.407 717.896
695.690 654.649
695.973 670.812
696.257 709.280
696.540 844.376
696.830 775.700
697.120 813.751
697.410 823.206
697.699 724.949
697.989 937.345
698.279 780.381
698.569 687.391
698.859 790.898
699.149 839.407
699.439 795.671
699.729 723.454
700.018 671.436
700.308 809.409
700.598 709.534
700.888 582.394
701.178 792.993
701.468 752.658
701.758 685.049
702.048 745.622
702.337 651.353
702.627 803.441
702.917 736.865
703.207 612.543
703.497 719.595
703.787 621.407
704.077 650.223
704.366 709.181
704.656 604.179
704.946 547.389
705.236 562.848
705.526 651.131
705.816 714.027
706.106 498.980
706.396 489.541
706.685 550.666
706.975 464.293
707.265 455.466
707.555 669.898
707.845 659.672
708.135 542.746
708.425 475.941
708.715 508.085
709.004 719.067
709.294 704.267
709.584 649.645
709.874 697.989
710.164 676.314
710.454 608.502
710.744 559.552
711.034 667.503
711.323 647.509
711.613 575.680
711.903 663.630
712.193 733.465
712.483 591.893
712.773 616.496
713.063 564.277
713.352 610.205
713.642 627.606
713.932 680.060
714.222 656.361
714.512 623.642
714.802 628.998
715.092 682.313
715.382 596.874
715.671 591.881
715.961 607.139
716.251 500.223
716.541 562.322
716.831 676.224
717.121 556.370
717.411 619.440
717.701 730.465
717.990 681.681
718.280 546.684
718.570 512.320
718.860 524.255
719.150 587.813
719.440 535.745
719.730 543.918
720.019 803.914
720.309 687.224
720.599 607.969
720.889 563.219
721.179 599.603
721.469 655.752
721.759 604.627
722.049 712.988
722.338 573.986
722.628 553.014
722.918 627.359
723.208 707.431
723.498 580.528
723.788 646.554
724.078 817.892
724.368 746.200
724.657 649.162
724.947 651.736
725.237 701.612
725.527 719.006
725.817 627.687
726.107 572.467
726.397 559.914
726.686 483.531
726.976 558.986
727.266 716.645
727.556 608.348
727.846 677.688
728.136 678.986
728.426 590.205
728.716 519.488
729.005 649.352
729.295 589.294
729.585 498.224
729.875 557.355
730.165 606.412
730.455 615.160
730.745 629.369
731.035 610.941
731.324 692.888
731.614 639.135
731.904 567.861
732.194 735.032
732.484 709.502
732.774 591.817
733.064 557.789
733.354 468.314
733.643 519.460
733.933 532.617
734.223 456.613
734.513 628.172
734.803 713.682
735.093 603.457
735.383 570.862
735.672 606.037
735.962 702.154
736.252 523.578
736.542 559.882
736.832 562.839
737.122 452.625
737.412 522.252
737.702 642.509
737.991 645.471
738.281 582.846
738.571 534.159
738.861 521.449
739.151 529.342
739.441 661.584
739.731 587.856
740.021 579.181
740.310 738.548
740.600 740.283
740.890 436.380
741.180 549.797
741.470 621.879
741.760 680.140
742.050 772.952
742.339 680.533
742.629 551.966
742.919 687.494
743.209 520.826
743.499 489.707
743.789 609.023
744.079 595.180
744.369 620.326
744.658 550.217
744.948 390.284
745.238 552.235
745.528 586.942
745.818 706.590
746.108 624.267
746.398 623.912
746.688 631.875
746.977 779.857
747.267 634.890
747.557 694.188
747.847 710.111
748.137 674.020
748.427 672.048
748.717 527.317
749.006 427.308
749.296 553.250
749.586 625.354
749.876 736.553
750.166 597.129
750.456 567.832
750.746 609.335
751.036 526.518
751.325 701.187
751.615 647.959
751.905 596.029
752.195 663.643
752.485 629.661
752.775 568.247
753.065 521.218
753.355 739.454
753.644 726.459
753.934 596.135
754.224 571.483
754.514 771.874
754.804 566.504
755.094 423.091
755.384 494.323
755.674 582.605
755.963 654.840
756.253 615.354
756.543 685.968
756.833 696.410
757.123 643.520
757.413 553.732
757.703 507.518
757.992 541.707
758.282 603.429
758.572 529.682
758.862 499.548
759.152 569.918
759.442 541.251
759.732 635.279
760.022 738.814
760.311 634.947
760.601 510.216
760.891 633.976
761.181 650.442
761.471 594.776
761.761 522.884
762.051 526.930
762.341 651.166
762.630 737.438
762.920 610.567
763.210 631.361
763.500 664.982
763.793 562.280
764.086 583.446
764.379 566.779
764.671 674.442
764.964 611.079
765.257 626.187
765.550 614.362
765.843 467.201
766.136 600.283
766.429 590.219
766.722 572.522
767.014 488.462
767.307 402.365
767.600 467.840
767.893 493.530
768.186 469.353
768.479 570.177
768.772 677.049
769.064 632.711
769.357 551.526
769.650 561.172
769.943 785.195
770.236 704.648
770.529 515.859
770.822 573.336
771.115 657.022
771.407 728.337
771.700 741.472
771.993 768.500
772.286 626.470
772.579 622.831
772.872 527.081
773.165 521.050
773.457 599.695
773.750 640.680
774.043 590.243
774.336 628.229
774.629 612.866
774.922 612.492
775.215 554.991
775.508 571.009
775.800 565.421
776.093 692.895
776.386 650.967
776.679 539.856
776.972 596.267
777.265 830.926
777.558 854.251
777.850 678.534
778.143 643.375
778.436 625.930
778.729 607.226
779.022 635.383
779.315 567.057
779.608 472.601
779.900 511.813
780.193 511.829
780.486 482.215
780.779 531.898
781.072 477.273
781.365 601.137
781.658 586.697
781.951 554.584
782.243 641.665
782.536 671.082
782.829 647.001
783.122 602.840
783.415 609.273
783.708 611.294
784.001 643.407
784.293 633.392
784.586 682.873
784.879 732.989
785.172 675.214
785.465 516.588
785.758 568.708
786.051 617.822
786.344 658.602
786.636 780.398
786.929 609.242
787.222 566.347
787.515 547.211
787.808 598.081
788.101 572.123
788.394 728.981
788.686 819.906
788.979 752.741
789.272 696.060
789.565 648.475
789.858 527.732
790.151 453.349
790.444 508.310
790.737 531.833
791.029 490.867
791.322 597.668
791.615 556.210
791.908 634.260
792.201 578.752
792.494 546.286
792.787 654.323
793.079 740.733
793.372 640.409
793.665 701.880
793.958 650.050
794.251 643.086
794.544 724.134
794.837 798.650
795.130 667.060
795.422 625.200
795.715 612.254
796.008 630.844
796.301 666.455
796.594 578.820
796.887 602.740
797.180 611.332
797.472 487.717
797.765 393.016
798.058 532.082
798.351 539.606
798.644 512.702
798.937 523.684
799.230 578.954
799.523 876.654
799.815 794.914
800.108 537.701
800.401 477.895
800.694 566.211
800.987 559.679
801.280 617.755
801.573 736.651
801.865 763.638
802.158 611.194
802.451 525.381
802.744 496.453
803.037 580.300
803.330 587.887
803.623 674.141
803.915 671.162
804.208 586.932
804.501 667.200
804.794 698.246
805.087 597.562
805.380 483.544
805.673 525.116
805.966 617.223
806.258 578.777
806.551 657.263
806.844 630.169
807.137 685.088
807.430 566.945
807.723 548.887
808.016 715.568
808.308 759.276
808.601 620.215
808.894 537.976
809.187 584.857
809.480 658.729
809.773 612.855
810.066 650.710
810.359 741.006
810.651 698.117
810.944 440.371
811.237 444.866
811.530 641.651
811.825 556.455
812.119 442.890
812.414 407.586
812.709 570.639
813.003 612.294
813.298 536.866
813.593 587.613
813.887 530.352
814.182 822.517
814.476 773.620
814.771 750.284
815.066 653.147
815.360 488.880
815.655 477.715
815.950 578.927
816.244 616.581
816.539 634.162
816.834 652.525
817.128 698.103
817.423 746.335
817.718 882.585
818.012 674.033
818.307 452.045
818.602 562.715
818.896 627.539
819.191 658.003
819.486 650.103
819.780 754.134
820.075 847.552
820.369 766.589
820.664 630.750
820.959 650.433
821.253 671.847
821.548 606.576
821.843 733.499
822.137 741.552
822.432 673.319
822.727 601.043
823.021 579.763
823.316 748.617
823.611 743.916
823.905 551.368
824.200 494.176
824.495 662.954
824.789 718.875
825.084 647.531
825.379 577.553
825.673 592.961
825.968 707.457
826.262 706.102
826.557 713.681
826.852 730.984
827.146 672.612
827.441 654.946
827.736 721.472
828.030 615.983
828.325 427.445
828.620 635.527
828.914 758.427
829.209 580.183
829.504 805.627
829.798 791.237
830.093 596.969
830.388 583.240
830.682 478.098
830.977 605.023
831.271 695.152
831.566 531.169
831.861 559.301
832.155 600.648
832.450 669.603
832.745 739.020
833.039 630.897
833.334 522.368
833.629 571.025
833.923 573.638
834.218 564.738
834.513 552.480
834.807 494.457
835.102 458.824
835.397 583.382
835.691 566.351
835.986 532.408
836.281 513.227
836.575 541.113
836.870 547.881
837.164 529.856
837.459 501.031
837.754 569.403
838.048 538.240
838.343 501.561
838.638 586.954
838.932 640.511
839.227 610.199
839.522 593.800
839.816 559.798
840.111 566.170
840.406 535.324
840.700 642.982
840.995 835.910
841.290 868.458
841.584 743.066
841.879 746.383
842.174 639.935
842.468 604.253
842.763 523.906
843.057 643.699
843.352 625.194
843.647 594.359
843.941 604.659
844.236 680.027
844.531 719.954
844.825 648.492
845.120 727.094
845.415 824.029
845.709 691.822
846.004 733.503
846.299 576.375
846.593 728.381
846.888 713.674
847.183 638.634
847.477 572.777
847.772 624.850
848.066 664.211
848.361 640.681
848.656 677.913
848.950 666.905
849.245 782.099
849.540 664.264
849.834 809.368
850.129 803.430
850.424 665.445
850.718 645.535
851.013 755.893
851.308 701.078
851.602 693.056
851.897 762.559
852.192 895.150
852.486 785.438
852.781 604.467
853.076 713.301
853.370 796.023
853.665 850.956
853.959 806.790
854.254 692.998
854.549 896.095
854.843 734.378
855.138 632.421
855.433 761.956
855.727 852.737
856.022 682.295
856.317 681.539
856.611 666.503
856.906 594.688
857.201 703.900
857.495 804.128
857.790 802.126
858.085 730.417
858.379 662.515
858.674 523.793
858.969 527.660
859.263 617.637
859.558 633.230
859.852 618.665
860.147 668.856
860.442 763.943
860.736 563.202
861.031 693.845
861.326 793.973
861.620 661.332
861.915 758.952
862.210 765.105
862.504 607.162
862.799 694.138
863.094 743.737
863.388 664.676
863.683 643.835
863.978 569.776
864.272 582.273
864.567 639.214
864.861 623.227
865.156 544.519
865.451 489.287
865.745 669.655
866.040 727.790
866.335 725.273
866.629 793.468
866.924 600.269
867.219 529.451
867.513 672.406
867.808 644.249
868.103 617.333
868.397 661.255
868.692 702.354
868.987 598.731
869.281 525.983
869.576 681.728
869.871 744.120
870.165 564.693
870.460 478.485
870.754 582.913
871.049 515.299
871.344 620.230
871.638 668.750
871.933 554.143
872.228 603.805
872.522 622.276
872.817 713.785
873.112 903.620
873.406 744.889
873.701 735.143
873.996 688.932
874.290 627.961
874.585 574.326
874.880 658.163
875.174 576.961
875.469 547.429
875.764 591.313
876.058 531.929
876.353 452.612
876.647 511.655
876.942 527.489
877.237 594.885
877.531 585.559
877.826 630.769
878.121 634.684
878.415 613.199
878.710 512.983
879.005 655.691
879.299 589.757
879.594 532.213
879.889 452.776
880.183 426.608
880.478 582.577
880.773 568.428
881.067 529.168
881.362 570.984
881.656 516.977
881.951 536.879
882.246 472.613
882.540 534.425
882.835 541.233
883.130 556.357
883.424 536.523
883.719 509.958
884.014 603.377
884.308 567.318
884.603 476.772
884.898 522.588
885.192 618.742
885.487 549.195
885.782 508.080
886.076 639.370
886.371 610.404
886.666 393.723
886.960 491.050
887.255 502.258
887.549 509.413
887.844 656.875
888.139 690.779
888.433 684.221
888.728 566.674
889.023 555.138
889.317 611.788
889.612 458.908
889.907 446.122
890.201 554.096
890.496 587.214
890.791 600.838
891.085 519.117
891.380 512.948
891.675 523.128
891.969 592.925
892.264 459.208
892.559 441.104
892.853 592.429
893.148 546.542
893.442 493.606
893.737 596.343
894.032 509.483
894.326 377.334
894.621 451.352
894.916 419.131
895.210 454.894
895.505 572.717
895.800 518.413
896.094 405.416
896.389 446.025
896.684 509.149
896.978 508.708
897.273 423.852
897.568 564.830
897.862 606.010
898.157 541.474
898.451 649.042
898.746 603.034
899.041 623.949
899.335 566.385
899.630 531.435
899.925 546.031
900.219 590.327
900.514 656.157
900.809 517.348
901.103 379.671
901.398 575.062
901.693 510.712
901.987 498.698
902.282 617.586
902.577 514.326
902.871 434.554
903.166 575.896
903.461 606.776
903.755 572.475
904.050 541.765
904.344 414.380
904.639 450.789
904.934 498.779
905.228 482.599
905.523 461.370
905.818 494.297
906.112 607.819
906.407 550.261
906.702 486.166
906.996 540.839
907.291 527.876
907.586 483.450
907.880 661.888
908.175 614.317
908.470 614.326
908.764 645.566
909.059 671.018
909.354 617.507
909.648 521.277
909.943 550.509
910.237 635.698
910.532 681.785
910.827 732.206
911.121 736.557
911.416 628.545
911.711 591.789
912.005 591.967
912.300 529.415
912.599 663.178
912.898 609.533
913.196 585.264
913.495 623.307
913.794 722.058
914.093 630.403
914.391 596.236
914.690 644.555
914.989 579.807
915.288 695.879
915.586 646.722
915.885 516.855
916.184 432.468
916.483 424.035
916.782 582.735
917.080 665.451
917.379 618.691
917.678 552.365
917.977 696.662
918.275 710.575
918.574 682.246
918.873 696.199
919.172 628.075
919.471 547.639
919.769 561.607
920.068 513.023
920.367 503.488
920.666 482.377
920.964 583.811
921.263 587.835
921.562 538.786
921.861 655.558
922.159 567.605
922.458 575.374
922.757 616.945
923.056 571.513
923.355 560.469
923.653 689.763
923.952 618.739
924.251 509.121
924.550 667.267
924.848 688.029
925.147 561.243
925.446 520.143
925.745 636.494
926.043 637.771
926.342 601.730
926.641 503.341
926.940 575.075
927.239 611.026
927.537 664.009
927.836 630.949
928.135 622.096
928.434 712.801
928.732 702.455
929.031 732.257
929.330 715.307
929.629 644.844
929.927 573.061
930.226 535.664
930.525 604.429
930.824 702.262
931.123 637.530
931.421 640.973
931.720 631.993
932.019 734.365
932.318 755.607
932.616 707.199
932.915 637.428
933.214 676.293
933.513 679.991
933.812 676.795
934.110 720.763
934.409 748.694
934.708 652.689
935.007 922.533
935.305 895.310
935.604 646.474
935.903 775.116
936.202 812.138
936.500 870.074
936.799 969.198
937.098 928.063
937.397 848.145
937.696 693.262
937.994 704.580
938.293 856.195
938.592 735.561
938.891 778.134
939.189 818.662
939.488 855.041
939.787 1027.003
940.086 850.067
940.384 852.029
940.683 752.132
940.982 655.488
941.281 824.728
941.580 1142.764
941.878 1149.569
942.177 914.341
942.476 922.589
942.775 872.368
943.073 701.668
943.372 665.462
943.671 838.495
943.970 1004.191
944.268 917.820
944.567 736.667
944.866 846.328
945.165 859.704
945.464 761.907
945.762 634.129
946.061 920.409
946.360 991.269
946.659 985.588
946.957 951.426
947.256 894.827
947.555 803.347
947.854 912.394
948.153 903.067
948.451 821.219
948.750 834.953
949.049 775.804
949.348 947.970
949.646 867.884
949.945 818.722
950.244 942.030
950.543 832.510
950.841 746.748
951.140 798.501
951.439 674.216
951.738 641.573
952.037 716.639
952.335 825.940
952.634 903.743
952.933 799.387
953.232 720.828
953.530 502.070
953.829 853.383
954.128 927.603
954.427 808.898
954.725 944.792
955.024 893.472
955.323 883.299
955.622 691.986
955.921 624.644
956.219 767.447
956.518 688.437
956.817 709.644
957.116 736.377
957.414 687.791
957.713 594.196
958.012 592.121
958.311 582.389
958.610 755.262
958.908 732.743
959.207 702.175
959.506 761.764
959.805 826.493
960.103 742.703
960.402 700.261
960.701 635.411
961.000 631.436
961.298 569.266
961.597 681.258
961.896 687.914
962.195 679.667
962.494 741.579
962.792 630.799
963.091 590.302
963.390 572.981
963.689 565.487
963.987 681.642
964.286 777.649
964.585 799.179
964.884 697.889
965.182 593.810
965.481 934.914
965.780 1061.738
966.080 931.705
966.380 814.709
966.680 720.323
966.981 704.605
967.281 698.847
967.581 637.022
967.881 690.335
968.181 719.129
968.481 682.113
968.781 618.427
969.082 494.791
969.382 598.284
969.682 755.608
969.982 735.637
970.282 764.345
970.582 638.062
970.882 529.440
971.183 719.436
971.483 663.135
971.783 691.690
972.083 690.257
972.383 756.651
972.683 694.182
972.983 721.191
973.284 648.122
973.584 590.820
973.884 633.706
974.184 668.072
974.484 761.557
974.784 601.971
975.084 569.832
975.385 598.098
975.685 691.183
975.985 696.683
976.285 686.807
976.585 731.469
976.885 641.394
977.185 653.585
977.486 730.283
977.786 750.048
978.086 802.023
978.386 740.477
978.686 553.354
978.986 550.828
979.286 595.836
979.587 644.844
979.887 586.851
980.187 606.859
980.487 549.867
980.787 619.875
981.087 625.882
981.387 798.890
981.688 645.898
981.988 491.906
982.288 558.913
982.588 639.921
982.888 604.929
983.188 555.936
983.488 691.944
983.789 731.952
984.089 660.960
984.389 598.967
984.689 565.975
984.989 487.983
985.289 501.990
985.589 697.998
985.890 628.005
986.190 506.013
986.490 543.021
986.790 623.028
987.090 584.036
987.390 611.043
987.690 640.051
987.991 525.059
988.291 573.066
988.591 564.074
988.891 464.081
989.191 443.089
989.491 605.096
989.791 623.104
990.092 615.112
990.392 671.119
990.692 676.127
990.992 679.134
991.292 562.142
991.592 650.149
991.892 648.157
992.193 668.164
992.493 652.172
992.793 575.179
993.093 588.186
993.393 595.194
993.693 621.201
993.993 659.209
994.294 719.216
994.594 629.224
994.894 535.231
995.194 583.238
995.494 507.246
995.794 494.253
996.094 497.261
996.395 596.268
996.695 728.275
996.995 503.283
997.295 395.290
997.595 503.298
997.895 457.305
998.195 428.312
998.496 449.320
998.796 459.327
999.096 711.334
999.396 625.341
999.696 610.349
999.996 625.356
1000.296 769.363
1000.597 753.371
1000.897 587.378
1001.197 578.385
1001.497 762.393
1001.797 596.400
1002.097 480.407
1002.397 581.414
1002.698 654.422
1002.998 712.429
1003.298 704.436
1003.598 594.443
1003.898 531.450
1004.198 646.458
1004.498 677.465
1004.799 666.472
1005.099 721.479
1005.399 715.486
1005.699 696.494
1005.999 691.501
1006.299 536.508
1006.599 722.515
1006.900 769.522
1007.200 671.529
1007.500 690.536
1007.800 663.544
1008.100 597.551
1008.400 549.558
1008.700 496.565
1009.001 495.572
1009.301 524.579
1009.601 703.586
1009.901 718.593
1010.201 641.600
1010.501 674.607
1010.801 751.614
1011.102 601.622
1011.402 604.629
1011.702 507.636
1012.002 473.643
1012.302 647.650
1012.602 626.657
1012.902 586.664
1013.203 623.671
1013.503 719.678
1013.803 755.685
1014.103 549.692
1014.403 571.699
1014.703 508.706
1015.003 468.713
1015.304 672.720
1015.604 796.727
1015.904 591.734
1016.204 544.740
1016.504 543.747
1016.804 583.754
1017.104 543.761
1017.405 549.768
1017.705 568.775
1018.005 504.782
1018.305 567.789
1018.605 582.796
1018.905 478.803
1019.205 491.810
1019.506 822.816
1019.806 792.823
1020.106 687.830
1020.406 657.837
1020.706 604.844
1021.006 632.851
1021.306 775.858
1021.607 673.864
1021.907 787.871
1022.207 738.878
1022.507 575.885
1022.807 560.892
1023.107 601.898
1023.407 541.905
1023.708 544.912
1024.008 493.919
1024.308 553.926
1024.608 523.932
1024.908 437.939
1025.208 600.946
1025.508 792.953
1025.809 757.959
1026.109 584.966
1026.409 640.973
1026.709 671.980
1027.009 654.986
1027.309 685.993
1027.609 580.000
1027.910 592.006
1028.210 672.013
1028.510 736.020
1028.810 934.026
1029.110 837.033
1029.410 713.040
1029.710 767.047
1030.011 780.053
1030.311 840.060
1030.611 677.066
1030.911 643.073
1031.211 676.080
1031.511 588.086
1031.811 771.093
1032.112 739.100
1032.412 656.106
1032.712 519.113
1033.012 572.119
1033.312 757.126
1033.612 717.133
1033.912 633.139
1034.212 553.146
1034.513 551.152
1034.813 548.159
1035.113 618.165
1035.413 554.172
1035.713 588.179
1036.013 579.185
1036.313 643.192
1036.614 736.198
1036.914 628.205
1037.214 444.211
1037.514 594.218
1037.814 646.224
1038.114 655.231
1038.414 589.237
1038.715 651.244
1039.015 538.250
1039.315 452.257
1039.615 563.263
1039.915 543.270
1040.215 512.276
1040.515 533.282
1040.816 620.289
1041.116 673.295
1041.416 565.302
1041.716 485.308
1042.016 533.315
1042.316 729.321
1042.616 677.328
1042.917 533.334
1043.217 545.340
1043.517 640.347
1043.817 690.353
1044.117 634.359
1044.417 621.366
1044.717 589.372
1045.018 563.379
1045.318 685.385
1045.618 656.391
1045.918 568.398
1046.218 496.404
1046.518 532.410
1046.818 646.417
1047.119 527.423
1047.419 708.429
1047.719 700.436
1048.019 654.442
1048.319 669.448
1048.619 619.455
1048.919 649.461
1049.220 551.467
1049.520 617.473
1049.820 554.480
1050.120 480.486
1050.420 689.492
1050.720 673.498
1051.020 659.505
1051.321 715.511
1051.621 748.517
1051.921 583.523
1052.221 470.530
1052.521 464.536
1052.821 470.542
1053.121 631.548
1053.422 692.555
1053.722 740.561
1054.022 641.567
1054.322 735.573
1054.622 624.579
1054.922 542.586
1055.222 654.592
1055.523 632.598
1055.823 617.604
1056.123 671.610
1056.423 627.616
1056.723 706.623
1057.023 624.629
1057.323 460.635
1057.624 558.641
1057.924 644.647
1058.224 672.653
1058.524 578.659
1058.824 623.665
1059.124 622.672
1059.424 564.678
1059.725 674.684
1060.025 590.690
1060.325 578.696
1060.625 552.702
1060.925 554.708
1061.225 586.714
1061.525 716.720
1061.826 647.726
1062.126 626.732
1062.426 687.738
1062.726 743.744
1063.026 687.750
1063.326 812.756
1063.626 777.762
1063.927 679.769
1064.227 650.775
1064.527 548.781
1064.827 690.787
1065.127 638.793
1065.427 452.799
1065.727 474.805
1066.028 688.811
1066.328 696.816
1066.628 496.822
1066.928 508.828
1067.228 579.834
1067.528 534.840
1067.828 596.846
1068.129 533.852
1068.429 694.858
1068.729 755.864
1069.029 596.870
1069.329 450.876
1069.629 594.882
1069.929 691.888
1070.230 750.894
1070.530 700.900
1070.830 629.906
1071.130 699.911
1071.430 591.917
1071.730 627.923
1072.030 725.929
1072.331 614.935
1072.631 653.941
1072.931 673.947
1073.231 621.953
1073.531 598.958
1073.831 586.964
1074.131 640.970
1074.432 795.976
1074.732 642.982
1075.032 456.988
1075.332 499.993
1075.632 550.999
1075.932 544.005
1076.232 524.011
1076.533 523.017
1076.833 659.023
1077.133 598.028
1077.433 517.034
1077.733 532.040
1078.033 667.046
1078.333 668.051
1078.634 629.057
1078.934 642.063
1079.234 538.069
1079.534 673.074
1079.834 722.080
1080.134 657.086
1080.434 704.092
1080.735 655.097
1081.035 601.103
1081.335 489.109
1081.635 495.115
1081.935 568.120
1082.235 562.126
1082.535 586.132
1082.836 565.137
1083.136 539.143
1083.436 650.149
1083.736 655.155
1084.036 580.160
1084.336 544.166
1084.636 574.172
1084.937 698.177
1085.237 730.183
1085.537 655.189
1085.837 672.194
1086.137 583.200
1086.437 674.205
1086.737 610.211
1087.038 652.217
1087.338 772.222
1087.638 709.228
1087.938 561.234
1088.238 477.239
1088.538 582.245
1088.838 706.250
1089.139 679.256
1089.439 504.262
1089.739 645.267
1090.039 703.273
1090.339 777.278
1090.639 610.284
1090.939 639.290
1091.240 575.295
1091.540 607.301
1091.840 546.306
1092.140 663.312
1092.453 685.317
1092.766 542.323
1093.079 498.328
1093.392 570.334
1093.705 562.339
1094.018 597.345
1094.330 760.350
1094.643 717.356
1094.956 732.362
1095.269 642.367
1095.582 658.373
1095.895 597.378
1096.208 575.384
1096.521 577.389
1096.834 617.394
1097.147 585.400
1097.460 641.405
1097.773 753.411
1098.085 588.416
1098.398 491.422
1098.711 485.427
1099.024 447.433
1099.337 598.438
1099.650 720.444
1099.963 686.449
1100.276 497.454
1100.589 498.460
1100.902 603.465
1101.215 624.471
1101.528 712.476
1101.841 644.482
1102.153 711.487
1102.466 751.492
1102.779 537.498
1103.092 493.503
1103.405 660.508
1103.718 580.514
1104.031 533.519
1104.344 654.525
1104.657 587.530
1104.970 845.535
1105.283 704.541
1105.596 585.546
1105.909 574.551
1106.221 680.557
1106.534 661.562
1106.847 475.567
1107.160 437.573
1107.473 497.578
1107.786 592.583
1108.099 501.589
1108.412 560.594
1108.725 640.599
1109.038 529.605
1109.351 644.610
1109.664 660.615
1109.977 501.620
1110.289 555.626
1110.602 613.631
1110.915 635.636
1111.228 589.642
1111.541 519.647
1111.854 481.652
1112.167 386.657
1112.480 459.663
1112.793 585.668
1113.106 627.673
1113.419 688.678
1113.732 603.684
1114.044 537.689
1114.357 613.694
1114.670 641.699
1114.983 558.705
1115.296 601.710
1115.609 702.715
1115.922 661.720
1116.235 664.725
1116.548 645.731
1116.861 540.736
1117.174 502.741
1117.487 585.746
1117.800 770.751
1118.112 629.756
1118.425 578.762
1118.738 529.767
1119.051 524.772
1119.364 549.777
1119.677 644.782
1119.990 582.787
1120.303 602.793
1120.616 649.798
1120.929 505.803
1121.242 635.808
1121.555 674.813
1121.868 642.818
1122.180 615.823
1122.493 438.828
1122.806 457.834
1123.119 611.839
1123.432 669.844
1123.745 671.849
1124.058 552.854
1124.371 512.859
1124.684 651.864
1124.997 604.869
1125.310 563.874
1125.623 493.879
1125.935 432.884
1126.248 536.890
1126.561 647.895
1126.874 634.900
1127.187 692.905
1127.500 678.910
1127.813 618.915
1128.126 581.920
1128.439 654.925
1128.752 841.930
1129.065 589.935
1129.378 398.940
1129.691 543.945
1130.003 568.950
1130.316 527.955
1130.629 471.960
1130.942 572.965
1131.255 585.970
1131.568 493.975
1131.881 584.980
1132.194 646.985
1132.507 578.990
1132.820 534.995
1133.133 673.000
1133.446 548.005
1133.759 754.010
1134.071 1193.015
1134.384 843.020
1134.697 749.025
1135.010 825.030
1135.323 660.035
1135.636 502.040
1135.949 425.044
1136.262 500.049
1136.575 545.054
1136.888 561.059
1137.201 613.064
1137.514 579.069
1137.826 664.074
1138.139 578.079
1138.452 602.084
1138.765 806.089
1139.078 761.094
1139.391 713.098
1139.704 678.103
1140.017 669.108
1140.330 604.113
1140.643 602.118
1140.956 576.123
1141.269 604.128
1141.582 648.133
1141.894 544.137
1142.207 715.142
1142.520 646.147
1142.833 628.152
1143.146 535.157
1143.459 453.162
1143.772 517.167
1144.085 644.171
1144.398 600.176
1144.711 533.181
1145.024 491.186
1145.337 554.191
1145.650 628.195
1145.962 586.200
1146.275 587.205
1146.588 471.210
1146.901 638.215
1147.214 659.220
1147.527 588.224
1147.840 650.229
1148.153 598.234
1148.466 555.239
1148.779 539.243
1149.092 663.248
1149.405 553.253
1149.718 615.258
1150.030 687.262
1150.343 623.267
1150.656 498.272
1150.969 536.277
1151.282 812.281
1151.595 698.286
1151.908 557.291
1152.221 418.296
1152.534 474.300
1152.847 755.305
1153.160 639.310
1153.473 646.315
1153.785 666.319
1154.098 641.324
1154.411 645.329
1154.724 626.333
1155.037 729.338
1155.350 607.343
1155.663 639.347
1155.976 583.352
1156.289 682.357
1156.602 600.362
1156.915 493.366
1157.228 494.371
1157.541 619.376
1157.853 556.380
1158.166 576.385
1158.479 668.389
1158.792 638.394
1159.105 656.399
1159.418 658.403
1159.731 582.408
1160.044 550.413
1160.357 730.417
1160.670 694.422
1160.983 537.427
1161.296 671.431
1161.609 742.436
1161.921 643.440
1162.234 629.445
1162.547 484.450
1162.860 463.454
1163.173 482.459
1163.486 623.463
1163.799 641.468
1164.112 561.473
1164.425 560.477
1164.738 508.482
1165.051 474.486
1165.364 539.491
1165.676 613.496
1165.989 690.500
1166.302 631.505
1166.615 716.509
1166.928 658.514
1167.241 683.518
1167.554 687.523
1167.867 721.527
1168.180 630.532
1168.493 465.537
1168.806 540.541
1169.119 560.546
1169.432 692.550
1169.744 644.555
1170.057 576.559
1170.370 745.564
1170.683 743.568
1170.996 634.573
1171.309 558.577
1171.622 493.582
1171.935 529.586
1172.248 773.591
1172.561 727.595
1172.874 601.600
1173.187 621.604
1173.500 664.609
1173.812 744.613
1174.125 698.618
1174.438 674.622
1174.751 543.626
1175.064 539.631
1175.377 674.635
1175.690 597.640
1176.003 511.644
1176.316 545.649
1176.629 584.653
1176.942 565.658
1177.255 548.662
1177.567 473.667
1177.880 511.671
1178.193 634.675
1178.506 584.680
1178.819 708.684
1179.132 754.689
1179.445 562.693
1179.758 690.697
1180.071 668.702
1180.384 539.706
1180.697 587.711
1181.010 666.715
1181.323 732.719
1181.635 704.724
1181.948 632.728
1182.261 548.733
1182.574 535.737
1182.887 592.741
1183.200 754.746
1183.513 661.750
1183.826 594.754
1184.139 657.759
1184.452 606.763
1184.765 542.768
1185.078 498.772
1185.391 534.776
1185.703 483.781
1186.016 405.785
1186.329 407.789
1186.642 527.794
1186.955 682.798
1187.268 590.802
1187.581 576.807
1187.894 575.811
1188.207 655.815
1188.520 558.820
1188.833 518.824
1189.146 470.828
1189.459 411.832
1189.771 519.837
1190.084 686.841
1190.397 580.845
1190.710 586.850
1191.023 648.854
1191.336 603.858
1191.649 565.862
1191.962 609.867
1192.275 511.871
1192.588 657.875
1192.901 786.880
1193.214 611.884
1193.526 570.888
1193.839 648.892
1194.152 524.897
1194.465 671.901
1194.778 646.905
1195.091 572.909
1195.404 548.914
1195.717 600.918
1196.030 673.922
1196.343 592.926
1196.656 556.930
1196.969 564.935
1197.282 630.939
1197.594 646.943
1197.907 765.947
1198.220 718.952
1198.533 556.956
1198.846 599.960
1199.159 596.964
1199.472 605.968
1199.785 659.973
1200.098 551.977
1200.411 674.981
1200.724 621.985
1201.037 582.989
1201.350 473.993
1201.662 474.998
1201.975 618.002
1202.288 626.006
1202.601 218.010
