165.028 78.425
165.288 -26.944
165.547 16.690
165.807 125.327
166.067 40.968
166.327 -116.389
166.587 -103.742
166.847 65.907
167.107 125.560
167.367 150.216
167.627 155.874
167.886 131.536
168.146 139.201
168.406 296.868
168.666 216.538
168.926 112.212
169.186 121.888
169.446 82.566
169.706 -37.752
169.966 76.932
170.225 135.619
170.485 152.309
170.745 185.001
171.005 335.696
171.265 207.393
171.525 99.093
171.785 40.796
172.045 56.501
172.305 240.208
172.564 163.918
172.824 9.630
173.084 179.345
173.344 126.062
173.604 77.782
173.864 196.503
174.124 150.227
174.384 86.953
174.644 181.682
174.903 266.412
175.163 316.145
175.423 382.880
175.683 135.617
175.943 169.356
176.203 140.097
176.463 126.840
176.723 89.585
176.983 107.333
177.242 171.082
177.502 327.832
177.762 336.585
178.022 105.340
178.282 95.096
178.542 63.855
178.802 60.615
179.062 54.377
179.322 208.140
179.581 249.905
179.841 155.672
180.101 237.441
180.361 251.211
180.621 177.982
180.881 102.756
181.141 116.530
181.401 151.307
181.661 250.084
181.920 349.864
182.180 193.644
182.440 83.426
182.700 78.210
182.960 97.994
183.220 116.781
183.480 305.568
183.740 224.357
184.000 155.146
184.259 47.938
184.519 142.730
184.779 144.523
185.039 196.318
185.299 327.114
185.559 329.911
185.819 319.709
186.079 235.508
186.339 148.308
186.598 135.109
186.858 36.911
187.118 101.713
187.378 232.517
187.638 228.322
187.898 293.128
188.158 331.934
188.418 157.742
188.678 133.550
188.937 198.359
189.197 238.168
189.457 250.979
189.717 175.790
189.977 61.602
190.237 92.414
190.497 267.228
190.757 245.041
191.017 193.856
191.276 122.671
191.536 162.486
191.796 109.303
192.056 90.119
192.316 167.936
192.576 159.754
192.836 93.572
193.096 152.391
193.356 170.210
193.616 172.029
193.875 170.849
194.135 158.669
194.395 287.489
194.655 306.310
194.915 278.131
195.175 264.952
195.435 312.774
195.695 79.595
195.955 -19.583
196.214 133.239
196.474 291.062
196.734 320.884
196.994 276.707
197.254 258.530
197.514 240.352
197.774 199.175
198.034 101.998
198.294 77.821
198.553 190.644
198.813 232.468
199.073 92.291
199.333 124.114
199.593 279.937
199.853 305.760
200.113 408.582
200.373 367.405
200.633 133.228
200.892 90.050
201.152 106.873
201.412 143.695
201.672 256.517
201.932 460.339
202.192 406.160
202.452 175.982
202.712 118.803
202.972 219.624
203.231 297.444
203.491 271.264
203.751 293.084
204.011 326.904
204.271 381.723
204.531 185.542
204.791 128.361
205.051 149.179
205.311 277.997
205.570 189.814
205.830 186.631
206.090 162.448
206.350 265.264
206.610 468.079
206.870 266.894
207.130 168.709
207.390 252.523
207.650 248.337
207.909 257.150
208.169 322.962
208.429 325.774
208.689 181.585
208.949 297.396
209.209 377.206
209.469 184.016
209.729 163.825
209.989 213.633
210.248 106.440
210.508 357.247
210.768 360.054
211.028 238.859
211.288 260.664
211.548 223.468
211.808 277.272
212.068 393.074
212.328 481.876
212.587 440.677
212.847 268.478
213.107 250.278
213.367 308.076
213.627 236.874
213.887 217.672
214.147 161.468
214.407 275.264
214.667 280.058
214.926 363.852
215.186 334.645
215.446 323.437
215.706 212.229
215.966 176.019
216.226 178.809
216.486 167.597
216.746 238.385
217.006 340.171
217.265 253.957
217.525 198.742
217.785 281.526
218.045 300.309
218.305 277.091
218.565 236.872
218.825 268.652
219.085 426.431
219.345 256.209
219.604 199.986
219.864 293.762
220.124 293.537
220.384 288.310
220.644 284.083
220.904 177.855
221.164 250.626
221.424 265.395
221.684 208.164
221.943 226.931
222.203 359.698
222.463 255.463
222.723 143.227
222.983 245.990
223.243 245.752
223.503 286.513
223.763 212.273
224.023 181.032
224.282 356.789
224.542 422.545
224.802 424.301
225.062 345.055
225.322 407.807
225.582 342.559
225.842 310.310
226.102 325.059
226.362 258.807
226.621 333.554
226.881 259.300
227.141 289.044
227.401 334.787
227.661 266.529
227.921 433.270
228.181 301.010
228.441 244.748
228.701 442.486
228.960 442.222
229.220 272.956
229.480 244.690
229.740 400.422
230.000 452.153
230.260 289.883
230.520 225.611
230.780 256.338
231.040 289.064
231.299 216.789
231.559 270.512
231.819 284.234
232.079 314.955
232.339 347.674
232.599 187.393
232.859 281.109
233.119 398.825
233.379 236.539
233.638 289.252
233.898 360.964
234.158 375.674
234.418 324.383
234.678 399.091
234.938 403.797
235.198 261.502
235.458 191.206
235.718 288.908
235.978 303.610
236.237 294.309
236.497 318.008
236.757 407.705
237.017 360.400
237.277 322.095
237.537 312.788
237.797 236.479
238.057 368.170
238.317 268.859
238.576 179.546
238.836 279.232
239.096 356.917
239.356 321.601
239.616 307.283
239.876 344.964
240.136 294.643
240.396 394.321
240.656 481.998
240.915 373.673
241.175 336.347
241.435 244.019
241.695 338.691
241.955 512.360
242.215 554.029
242.475 484.696
242.735 308.361
242.995 335.026
243.254 334.689
243.514 318.350
243.774 131.010
244.034 187.669
244.294 516.326
244.554 409.982
244.814 375.637
245.074 332.290
245.334 287.942
245.593 314.592
245.853 323.241
246.113 264.889
246.373 332.535
246.633 399.180
246.893 308.823
247.153 341.465
247.413 443.106
247.673 376.745
247.932 349.383
248.192 365.019
248.452 462.654
248.712 459.288
248.972 292.920
249.232 496.551
249.492 377.180
249.752 216.809
250.012 405.435
250.271 335.061
250.531 384.684
250.791 612.307
251.051 512.928
251.311 353.548
251.571 215.166
251.831 342.783
252.091 436.399
252.351 360.013
252.610 292.626
252.870 387.237
253.130 342.847
253.390 394.456
253.650 461.063
253.911 423.669
254.172 452.273
254.433 373.876
254.694 328.478
254.955 364.078
255.216 320.677
255.477 467.275
255.738 461.871
255.999 315.466
256.261 434.059
256.522 397.651
256.783 409.242
257.044 269.831
257.305 205.419
257.566 190.005
257.827 160.590
258.088 278.174
258.349 272.757
258.610 348.338
258.871 399.917
259.132 496.496
259.393 396.072
259.654 249.648
259.915 154.222
260.176 244.795
260.437 391.367
260.698 369.937
260.959 328.505
261.221 412.073
261.482 482.639
261.743 438.204
262.004 436.767
262.265 595.329
262.526 483.890
262.787 331.449
263.048 293.007
263.309 284.563
263.570 437.119
263.831 390.673
264.092 331.225
264.353 247.777
264.614 545.326
264.875 516.875
265.136 409.422
265.397 538.968
265.658 575.513
265.919 587.056
266.181 548.598
266.442 437.139
266.703 335.678
266.964 311.216
267.225 289.753
267.486 314.288
267.747 445.822
268.008 541.355
268.269 573.886
268.530 536.416
268.791 493.945
269.052 524.473
269.313 464.999
269.574 453.524
269.835 500.047
270.096 429.570
270.357 424.091
270.618 373.611
270.879 301.129
271.141 421.646
271.402 404.162
271.663 321.677
271.924 423.190
272.185 449.702
272.446 398.213
272.707 363.722
272.968 340.231
273.229 333.738
273.490 391.243
273.751 373.748
274.012 394.251
274.273 469.753
274.534 411.253
274.795 451.753
275.056 439.251
275.317 285.748
275.578 240.243
275.839 317.738
276.101 310.231
276.362 346.723
276.623 395.214
276.884 505.703
277.145 501.191
277.406 414.678
277.667 345.164
277.928 326.648
278.189 474.132
278.450 428.614
278.711 419.095
278.972 460.574
279.233 387.053
279.494 447.530
279.755 566.006
280.016 569.481
280.277 422.954
280.538 452.427
280.799 307.898
281.061 316.368
281.322 337.837
281.583 348.304
281.844 277.771
282.105 273.236
282.366 406.700
282.627 405.163
282.888 449.624
283.149 469.085
283.410 396.544
283.671 448.002
283.932 373.459
284.193 219.915
284.454 310.370
284.715 391.823
284.976 356.275
285.237 444.727
285.498 708.177
285.759 557.625
286.021 528.073
286.282 478.520
286.543 518.965
286.804 534.409
287.065 498.852
287.326 456.294
287.587 300.735
287.848 392.175
288.109 501.613
288.370 475.051
288.631 341.487
288.892 335.922
289.153 351.357
289.414 297.789
289.675 517.221
289.936 598.652
290.197 529.082
290.458 420.510
290.719 339.938
290.981 557.364
291.242 641.789
291.503 569.213
291.764 387.636
292.025 236.058
292.286 275.479
292.547 435.899
292.808 412.318
293.069 463.735
293.330 467.152
293.591 465.567
293.852 427.981
294.113 406.395
294.374 424.807
294.635 467.218
294.896 481.628
295.157 494.037
295.418 542.445
295.679 536.852
295.941 444.258
296.202 460.663
296.463 462.067
296.724 526.469
296.985 586.871
297.246 469.272
297.507 294.671
297.768 300.070
298.029 482.467
298.290 670.864
298.551 636.259
298.812 636.654
299.073 490.047
299.334 340.440
299.595 484.831
299.856 501.222
300.117 696.611
300.378 590.999
300.639 323.387
300.901 291.773
301.162 400.158
301.423 525.543
301.684 632.926
301.945 632.309
302.206 414.690
302.467 417.070
302.728 384.450
302.989 424.828
303.250 463.206
303.511 565.582
303.772 604.958
304.033 518.332
304.294 469.706
304.555 454.078
304.816 411.450
305.077 461.820
305.338 420.190
305.599 401.559
305.861 407.927
306.122 488.293
306.383 457.659
306.644 438.024
306.905 350.388
307.166 476.751
307.427 502.113
307.688 479.474
307.949 455.835
308.210 509.194
308.471 416.552
308.732 383.910
308.993 328.266
309.254 405.622
309.515 326.976
309.776 427.330
310.037 488.683
310.298 340.035
310.559 414.386
310.821 535.736
311.082 535.085
311.343 451.433
311.604 355.781
311.865 324.127
312.126 331.473
312.387 384.817
312.648 437.161
312.909 459.504
313.170 468.846
313.434 468.187
313.698 403.527
313.963 531.867
314.227 426.205
314.491 382.543
314.755 451.880
315.019 447.216
315.284 325.551
315.548 413.885
315.812 423.218
316.076 554.550
316.340 572.882
316.604 529.213
316.869 580.542
317.133 479.871
317.397 569.200
317.661 616.527
317.925 534.853
318.190 465.179
318.454 456.504
318.718 455.828
318.982 534.151
319.246 592.473
319.511 688.794
319.775 495.115
320.039 472.435
320.303 438.754
320.567 486.072
320.832 515.389
321.096 483.706
321.360 493.021
321.624 457.336
321.888 399.650
322.153 409.963
322.417 366.276
322.681 307.588
322.945 394.898
323.209 498.208
323.473 482.518
323.738 439.826
324.002 477.134
324.266 599.441
324.530 558.747
324.794 422.052
325.059 428.356
325.323 389.660
325.587 446.963
325.851 395.265
326.115 576.567
326.380 532.867
326.644 547.167
326.908 513.466
327.172 436.765
327.436 495.062
327.701 518.359
327.965 451.655
328.229 498.950
328.493 363.245
328.757 404.538
329.022 531.831
329.286 358.124
329.550 368.415
329.814 455.706
330.078 460.996
330.342 443.285
330.607 440.574
330.871 518.862
331.135 625.149
331.399 622.435
331.663 508.721
331.928 494.006
332.192 557.290
332.456 503.573
332.720 542.856
332.984 460.138
333.249 470.419
333.513 435.700
333.777 330.980
334.041 368.259
334.305 443.537
334.570 481.815
334.834 388.092
335.098 527.368
335.362 606.644
335.626 504.919
335.891 467.193
336.155 513.467
336.419 474.739
336.683 322.012
336.947 472.283
337.211 451.554
337.476 332.824
337.740 433.093
338.004 467.362
338.268 438.630
338.532 517.897
338.797 494.164
339.061 582.430
339.325 647.695
339.589 610.960
339.853 510.224
340.118 446.487
340.382 538.750
340.646 634.012
340.910 440.273
341.174 449.534
341.439 447.794
341.703 511.053
341.967 484.312
342.231 417.570
342.495 391.827
342.759 552.084
343.024 527.340
343.288 571.596
343.552 565.851
343.816 360.105
344.080 482.358
344.345 512.611
344.609 376.864
344.873 347.115
345.137 484.366
345.401 535.617
345.666 365.866
345.930 554.116
346.194 571.364
346.458 413.612
346.722 422.859
346.987 390.106
347.251 462.352
347.515 665.597
347.779 501.842
348.043 392.086
348.308 456.330
348.572 391.573
348.836 362.815
349.100 416.057
349.364 310.298
349.628 355.539
349.893 445.779
350.157 507.018
350.421 456.257
350.685 509.495
350.949 462.733
351.214 357.970
351.478 482.206
351.742 498.442
352.006 492.677
352.270 463.912
352.535 397.146
352.799 395.379
353.063 506.612
353.327 403.845
353.591 350.076
353.856 469.308
354.120 509.538
354.384 649.768
354.648 690.998
354.912 551.227
355.177 462.455
355.441 397.683
355.705 585.910
355.969 603.137
356.233 555.363
356.497 546.588
356.762 525.813
357.026 480.038
357.290 497.262
357.554 497.485
357.818 466.708
358.083 468.930
358.347 417.152
358.611 464.373
358.875 534.593
359.139 467.813
359.404 378.033
359.668 538.252
359.932 663.470
360.196 650.688
360.460 484.906
360.725 454.122
360.989 539.339
361.253 688.555
361.517 643.770
361.781 621.985
362.046 624.199
362.310 606.412
362.574 562.626
362.838 483.838
363.102 527.050
363.366 542.262
363.631 425.473
363.895 464.684
364.159 593.894
364.423 561.103
364.687 579.312
364.952 582.521
365.216 633.729
365.480 595.936
365.747 494.143
366.013 507.350
366.280 442.556
366.546 535.761
366.813 486.966
367.079 560.171
367.346 589.375
367.612 492.579
367.879 571.782
368.145 624.984
368.412 488.186
368.678 456.388
368.945 542.589
369.211 518.789
369.478 548.990
369.744 512.189
370.011 508.388
370.278 507.587
370.544 470.785
370.811 542.983
371.077 568.180
371.344 499.377
371.610 510.573
371.877 526.769
372.143 606.964
372.410 626.159
372.676 653.354
372.943 659.548
373.209 559.741
373.476 481.934
373.742 457.127
374.009 599.319
374.276 603.511
374.542 541.702
374.809 478.892
375.075 322.083
375.342 290.273
375.608 346.462
375.875 379.651
376.141 633.839
376.408 615.027
376.674 596.215
376.941 549.402
377.207 519.589
377.474 907.775
377.740 783.961
378.007 471.146
378.273 598.331
378.540 706.515
378.807 529.699
379.073 411.883
379.340 382.066
379.606 423.249
379.873 471.431
380.139 485.613
380.406 575.795
380.672 541.976
380.939 443.156
381.205 432.336
381.472 380.516
381.738 325.695
382.005 466.874
382.271 570.053
382.538 567.231
382.804 654.408
383.071 554.585
383.338 498.762
383.604 483.939
383.871 623.115
384.137 661.290
384.404 553.465
384.670 550.640
384.937 454.814
385.203 554.988
385.470 576.162
385.736 597.335
386.003 555.507
386.269 493.680
386.536 465.852
386.802 468.023
387.069 558.194
387.336 716.365
387.602 658.535
387.869 395.705
388.135 386.874
388.402 357.044
388.668 439.212
388.935 559.381
389.201 715.548
389.468 641.716
389.734 623.883
390.001 618.050
390.267 513.216
390.534 539.382
390.800 533.548
391.067 588.713
391.333 610.878
391.600 478.042
391.867 544.206
392.133 596.370
392.400 490.533
392.666 348.696
392.933 575.859
393.199 675.021
393.466 507.183
393.732 485.344
393.999 562.505
394.265 579.666
394.532 507.826
394.798 554.986
395.065 471.146
395.331 504.305
395.598 561.464
395.864 523.622
396.131 546.780
396.398 610.938
396.664 647.095
396.931 688.252
397.197 708.409
397.464 637.565
397.730 798.721
397.997 824.877
398.263 798.032
398.530 804.187
398.796 927.341
399.063 1011.496
399.329 942.649
399.596 1086.803
399.862 1079.956
400.129 1177.109
400.396 1223.261
400.662 1017.413
400.929 1105.565
401.195 1157.716
401.462 1213.867
401.728 1283.018
401.995 1338.168
402.261 1278.318
402.528 1253.468
402.794 1264.617
403.061 1410.766
403.327 1627.915
403.594 1476.063
403.860 1307.211
404.127 1239.359
404.393 1361.506
404.660 1357.653
404.931 1301.800
405.202 1246.946
405.473 1159.092
405.745 1276.238
406.016 1474.383
406.287 1360.528
406.558 1328.673
406.829 1412.817
407.100 1411.961
407.371 1668.105
407.642 1661.249
407.914 1541.392
408.185 1546.534
408.456 1485.677
408.727 1654.819
408.998 1657.961
409.269 1804.102
409.540 1929.243
409.811 1603.384
410.083 1549.525
410.354 1634.665
410.625 1471.805
410.896 1528.944
411.167 1676.084
411.438 1739.223
411.709 1567.361
411.981 1760.500
412.252 1538.638
412.523 1300.775
412.794 1494.913
413.065 1561.050
413.336 1316.187
413.607 1400.323
413.878 1384.459
414.150 1265.595
414.421 1165.731
414.692 1036.866
414.963 985.001
415.234 1069.136
415.505 1076.270
415.776 1104.404
416.047 1100.538
416.319 1053.672
416.590 838.805
416.861 578.938
417.132 739.071
417.403 775.203
417.674 714.335
417.945 611.467
418.217 581.598
418.488 678.729
418.759 552.860
419.030 505.991
419.301 538.121
419.572 606.251
419.843 650.381
420.114 547.510
420.386 549.640
420.657 716.769
420.928 588.897
421.199 531.026
421.470 507.154
421.741 404.281
422.012 447.409
422.283 492.536
422.555 523.663
422.826 592.790
423.097 719.916
423.368 629.042
423.639 476.168
423.910 586.294
424.181 522.419
424.453 455.544
424.724 742.669
424.995 782.793
425.266 581.917
425.537 457.041
425.808 602.165
426.079 670.288
426.350 589.412
426.622 518.534
426.893 619.657
427.164 583.779
427.435 523.901
427.706 523.023
427.977 534.145
428.248 519.266
428.519 603.387
428.791 512.508
429.062 570.628
429.333 467.749
429.604 394.869
429.875 569.988
430.146 654.108
430.417 640.227
430.689 591.346
430.960 487.465
431.231 497.583
431.502 626.701
431.773 629.819
432.044 567.937
432.315 719.054
432.586 667.172
432.858 684.289
433.129 549.405
433.400 528.522
433.671 546.638
433.942 514.754
434.213 383.870
434.484 461.985
434.755 569.100
435.027 434.215
435.298 559.330
435.569 591.444
435.840 466.559
436.116 509.673
436.391 584.786
436.667 568.900
436.942 645.013
437.218 692.126
437.493 692.239
437.769 730.351
438.045 653.464
438.320 645.576
438.596 674.688
438.871 591.799
439.147 510.911
439.422 449.022
439.698 399.133
439.974 435.243
440.249 635.354
440.525 646.464
440.800 421.574
441.076 527.684
441.351 639.793
441.627 649.902
441.903 626.011
442.178 480.120
442.454 478.229
442.729 680.337
443.005 553.445
443.281 646.553
443.556 736.661
443.832 644.768
444.107 482.876
444.383 489.983
444.658 535.089
444.934 391.196
445.210 614.302
445.485 725.408
445.761 714.514
446.036 648.620
446.312 680.725
446.587 680.831
446.863 417.936
447.139 494.040
447.414 547.145
447.690 566.249
447.965 616.353
448.241 535.457
448.516 543.561
448.792 586.665
449.068 528.768
449.343 546.871
449.619 448.974
449.894 478.076
450.170 498.179
450.445 695.281
450.721 698.383
450.997 424.485
451.272 548.587
451.548 495.688
451.823 437.789
452.099 531.890
452.375 459.991
452.650 422.091
452.926 466.192
453.201 522.292
453.477 780.392
453.752 625.492
454.028 425.591
454.304 558.690
454.579 661.789
454.855 608.888
455.130 584.987
455.406 756.086
455.681 667.184
455.957 545.282
456.233 513.380
456.508 545.478
456.784 570.575
457.059 566.672
457.335 718.770
457.610 611.867
457.886 597.963
458.162 531.060
458.437 548.156
458.713 645.252
458.988 648.348
459.264 721.444
459.539 743.539
459.815 679.635
460.091 562.730
460.366 468.825
460.642 411.920
460.917 533.014
461.193 556.109
461.468 514.203
461.744 521.297
462.020 463.391
462.295 571.484
462.571 549.578
462.846 606.671
463.122 681.764
463.397 649.857
463.673 535.414
463.949 567.475
464.224 568.566
464.500 586.640
464.775 479.319
465.051 524.362
465.327 605.896
465.602 644.305
465.878 642.042
466.153 493.788
466.429 725.141
466.704 925.107
466.980 786.048
467.256 828.138
467.531 867.095
467.807 846.010
468.082 834.076
468.358 773.271
468.633 813.842
468.909 738.630
469.185 671.121
469.460 762.428
469.736 837.807
470.011 728.128
470.287 717.424
470.562 857.064
470.838 736.928
471.114 779.175
471.389 773.203
471.665 783.173
471.940 909.561
472.216 895.479
472.491 705.998
472.767 682.461
473.043 830.622
473.318 946.328
473.594 786.754
473.869 718.466
474.145 675.827
474.421 689.139
474.696 650.569
474.972 594.292
475.247 631.682
475.523 697.317
475.798 686.901
476.074 695.453
476.350 655.824
476.625 604.591
476.901 629.142
477.176 621.459
477.452 499.854
477.727 488.749
478.003 365.370
478.279 566.674
478.554 717.165
478.830 701.702
479.105 713.560
479.381 725.090
479.656 584.201
479.932 600.916
480.208 705.654
480.483 710.080
480.759 692.973
481.034 649.932
481.310 614.661
481.585 633.665
481.861 645.844
482.137 552.627
482.412 636.659
482.688 631.446
482.963 607.824
483.239 702.486
483.514 512.186
483.790 566.242
484.066 806.516
484.341 677.048
484.617 630.590
484.892 665.235
485.168 616.558
485.443 551.412
485.719 633.996
485.995 715.157
486.270 701.643
486.546 576.693
486.821 431.370
487.097 440.467
487.373 546.619
487.648 681.446
487.924 650.371
488.199 477.903
488.475 366.977
488.750 357.510
489.026 491.401
489.302 480.682
489.577 426.365
489.853 525.925
490.128 694.462
490.404 637.106
490.679 488.453
490.955 688.441
491.231 749.122
491.506 658.931
491.782 536.242
492.057 528.943
492.333 625.885
492.608 574.100
492.884 559.497
493.160 404.972
493.435 424.467
493.711 602.971
493.986 527.038
494.262 484.490
494.537 473.779
494.813 608.763
495.089 498.431
495.364 482.787
495.640 518.223
495.915 488.826
496.191 687.696
496.467 632.288
496.742 531.867
497.018 592.220
497.293 550.831
497.569 634.451
497.844 588.255
498.120 651.693
498.396 626.273
498.671 562.418
498.947 647.892
499.222 557.157
499.498 496.091
499.773 616.561
500.049 671.700
500.325 584.617
500.600 668.858
500.876 627.557
501.151 748.245
501.427 815.333
501.702 814.214
501.978 791.169
502.254 815.996
502.529 659.310
502.805 799.018
503.080 921.870
503.356 755.364
503.631 749.127
503.907 759.823
504.183 728.517
504.458 770.086
504.734 721.854
505.009 808.881
505.285 747.017
505.560 740.265
505.836 684.404
506.112 746.214
506.387 714.907
506.663 692.009
506.938 721.401
507.214 685.069
507.490 720.810
507.765 706.024
508.041 762.601
508.316 854.496
508.592 696.751
508.867 766.540
509.143 882.421
509.419 721.684
509.694 575.871
509.970 558.887
510.245 526.804
510.521 638.344
510.796 601.809
511.072 541.935
511.348 572.825
511.623 610.778
511.899 628.903
512.174 678.989
512.450 712.111
512.725 631.820
513.001 493.498
513.277 462.382
513.552 686.829
513.828 591.850
514.103 549.952
514.379 729.060
514.654 617.453
514.930 577.010
515.206 940.590
515.481 798.357
515.757 516.739
516.032 479.115
516.308 634.492
516.583 697.350
516.859 615.236
517.135 629.904
517.410 665.671
517.686 691.972
517.961 670.654
518.237 616.068
518.513 516.195
518.788 722.721
519.064 746.483
519.339 669.970
519.615 531.353
519.890 522.223
520.166 626.790
520.442 826.439
520.717 788.001
520.993 722.346
521.268 602.365
521.544 590.875
521.819 563.863
522.095 618.084
522.371 775.748
522.646 766.220
522.922 861.330
523.197 832.653
523.473 914.212
523.748 812.835
524.024 718.157
524.300 734.483
524.575 668.513
524.851 801.585
525.126 823.821
525.402 761.510
525.677 824.726
525.953 814.435
526.229 758.087
526.504 686.143
526.780 852.848
527.055 813.530
527.331 829.856
527.606 914.041
527.882 835.711
528.158 668.944
528.433 838.232
528.709 783.586
528.984 771.167
529.260 764.053
529.535 767.218
529.811 678.898
530.087 608.077
530.362 655.925
530.638 731.385
530.913 804.212
531.189 843.654
531.465 693.131
531.740 673.567
532.016 779.691
532.291 756.536
532.567 763.872
532.842 774.587
533.118 762.785
533.394 842.223
533.669 736.913
533.945 566.735
534.220 606.674
534.496 748.509
534.771 684.966
535.047 710.080
535.323 721.572
535.598 787.264
535.874 833.987
536.149 768.386
536.425 637.100
536.700 562.791
536.976 659.047
537.252 853.076
537.527 789.136
537.803 747.934
538.078 908.999
538.354 1039.831
538.629 944.453
538.905 905.137
539.181 1018.417
539.456 1011.568
539.732 1127.133
540.007 1190.366
540.283 993.968
540.558 946.644
540.834 1023.745
541.110 1063.426
541.385 989.223
541.661 1075.416
541.936 1146.902
542.212 1074.607
542.488 1163.858
542.763 1217.431
543.039 1256.390
543.314 1261.404
543.590 1187.239
543.865 1244.889
544.141 1263.811
544.417 1350.259
544.692 1267.889
544.968 1290.783
545.243 1277.208
545.519 1136.966
545.794 1146.101
546.070 1270.409
546.348 1171.228
546.627 1032.939
546.905 1214.119
547.183 1238.573
547.461 1243.590
547.740 1277.406
548.018 1161.432
548.296 1065.991
548.575 1013.411
548.853 961.825
549.131 1066.146
549.409 1107.799
549.688 1181.263
549.966 1151.553
550.244 1275.612
550.523 1197.095
550.801 1126.654
551.079 1231.426
551.357 1365.997
551.636 1256.003
551.914 1120.440
552.192 1132.325
552.471 1233.197
552.749 1353.970
553.027 1321.191
553.306 1389.755
553.584 1518.615
553.862 1452.340
554.140 1498.559
554.419 1536.321
554.697 1604.930
554.975 1699.299
555.254 1798.372
555.532 1577.914
555.810 1664.229
556.088 1853.831
556.367 1656.216
556.645 1459.129
556.923 1518.515
557.202 1515.144
557.480 1565.178
557.758 1454.105
558.036 1382.378
558.315 1392.334
558.593 1443.689
558.871 1401.142
559.150 1293.168
559.428 1319.959
559.706 1260.412
559.984 1259.242
560.263 1393.080
560.541 1370.233
560.819 1307.053
561.098 1302.663
561.376 1276.748
561.654 1108.525
561.932 975.856
562.211 1006.688
562.489 1045.159
562.767 935.757
563.046 758.988
563.324 730.475
563.602 854.181
563.880 751.679
564.159 815.065
564.437 871.855
564.715 699.993
564.994 580.077
565.272 705.842
565.550 599.745
565.828 509.195
566.107 637.228
566.385 644.261
566.663 548.678
566.942 532.919
567.220 618.459
567.498 768.137
567.776 628.759
568.055 491.303
568.333 576.925
568.611 692.725
568.890 613.771
569.168 544.537
569.446 613.707
569.725 571.239
570.003 391.574
570.281 402.635
570.559 530.339
570.838 561.874
571.116 641.920
571.394 701.073
571.673 719.256
571.951 676.309
572.229 605.479
572.507 637.210
572.786 597.018
573.064 589.853
573.342 594.766
573.621 499.385
573.899 535.526
574.177 778.281
574.455 781.040
574.734 653.668
575.012 720.248
575.290 611.301
575.569 609.002
575.847 687.171
576.125 697.028
576.403 567.107
576.682 598.190
576.960 685.127
577.243 773.078
577.527 640.879
577.810 483.286
578.093 501.558
578.377 557.928
578.660 590.580
578.944 553.074
579.227 525.499
579.510 659.859
579.794 611.945
580.077 549.935
580.360 569.373
580.644 596.793
580.927 573.572
581.210 617.353
581.494 550.896
581.777 616.063
582.061 568.910
582.344 511.693
582.627 453.909
582.911 501.808
583.194 503.350
583.477 607.185
583.761 646.149
584.044 717.050
584.327 680.845
584.611 603.964
584.894 618.991
585.178 586.066
585.461 601.093
585.744 704.032
586.028 586.778
586.311 567.820
586.594 589.862
586.878 573.904
587.161 554.945
587.444 614.987
587.728 645.028
588.011 652.070
588.295 518.111
588.578 587.565
588.861 734.459
589.145 623.235
589.428 591.868
589.711 530.317
589.995 516.841
590.278 713.685
590.562 666.440
590.845 553.926
591.128 746.029
591.412 664.233
591.695 557.045
591.978 679.284
592.262 652.031
592.545 470.313
592.828 674.415
593.112 573.085
593.395 487.382
593.679 458.052
593.962 659.287
594.245 670.612
594.529 550.253
594.812 407.599
595.095 380.183
595.379 642.626
595.662 684.059
595.945 586.101
596.229 494.289
596.512 537.903
596.796 602.896
597.079 639.962
597.362 781.585
597.646 739.307
597.929 636.478
598.212 650.710
598.496 604.305
598.779 683.708
599.062 793.322
599.346 667.003
599.629 544.095
599.913 558.376
600.196 630.335
600.479 632.706
600.763 634.352
601.046 525.965
601.329 546.205
601.613 654.850
601.896 527.061
602.179 621.866
602.463 594.399
602.746 658.287
603.030 715.299
603.313 652.809
603.596 522.326
603.880 569.890
604.163 611.104
604.446 588.995
604.730 476.397
605.013 543.482
605.296 649.830
605.580 574.451
605.863 642.068
606.147 520.655
606.430 518.733
606.713 601.432
606.997 579.531
607.280 743.384
607.563 611.326
607.847 556.024
608.130 590.450
608.414 698.519
608.697 660.395
608.980 578.806
609.264 681.370
609.547 596.507
609.830 626.906
610.114 631.839
610.397 609.348
610.680 654.776
610.964 664.919
611.247 627.700
611.531 566.526
611.814 490.997
612.097 564.634
612.381 692.548
612.664 777.659
612.947 605.958
613.231 541.224
613.514 553.579
613.797 633.182
614.081 648.934
614.364 586.101
614.648 583.189
614.931 532.143
615.214 502.709
615.498 545.519
615.781 542.154
616.064 559.906
616.348 645.571
616.631 681.710
616.914 786.388
617.198 671.927
617.481 589.203
617.765 587.846
618.048 693.101
618.331 577.637
618.615 514.013
618.898 707.724
619.181 754.201
619.465 666.950
619.748 553.235
620.031 527.085
620.315 531.606
620.598 620.461
620.882 705.521
621.165 833.493
621.448 734.124
621.732 672.202
622.015 562.783
622.298 544.000
622.582 658.349
622.865 661.039
623.148 553.181
623.432 665.434
623.715 608.411
623.999 755.102
624.282 738.826
624.565 794.672
624.849 645.813
625.132 577.593
625.415 868.957
625.699 924.359
625.982 746.794
626.265 651.271
626.549 575.899
626.832 689.065
627.116 705.260
627.399 580.041
627.682 560.760
627.966 521.961
628.249 565.735
628.532 583.290
628.816 788.773
629.099 695.832
629.383 631.104
629.666 601.904
629.949 556.314
630.233 564.187
630.516 648.766
630.799 666.308
631.083 575.612
631.366 565.653
631.649 502.682
631.933 424.847
632.216 595.904
632.500 629.828
632.783 647.443
633.066 628.778
633.350 626.020
633.633 683.362
633.916 669.226
634.200 555.156
634.483 587.222
634.766 640.967
635.050 582.023
635.333 494.916
635.617 505.402
635.900 604.000
636.183 653.975
636.467 604.238
636.750 598.411
637.033 669.196
637.317 639.115
637.600 576.514
637.883 533.749
638.167 544.535
638.450 574.443
638.734 576.346
639.017 626.000
639.300 635.393
639.584 571.217
639.867 698.468
640.150 664.821
640.434 664.850
640.717 635.286
641.000 594.194
641.284 669.924
641.567 561.131
641.851 632.008
642.134 764.183
642.417 727.983
642.701 770.789
642.984 816.826
643.267 718.197
643.551 575.904
643.834 491.186
644.117 567.534
644.401 540.916
644.684 623.419
644.968 811.472
645.251 691.603
645.534 543.414
645.818 532.185
646.101 639.756
646.384 713.962
646.668 725.258
646.951 634.207
647.235 575.621
647.518 622.641
647.801 826.617
648.085 872.817
648.368 856.749
648.651 722.378
648.935 820.754
649.218 955.433
649.501 844.203
649.785 857.561
650.068 1027.131
650.352 1146.165
650.635 1155.783
650.918 1067.028
651.202 1202.920
651.485 1414.917
651.768 1465.719
652.052 1354.591
652.335 1365.803
652.618 1466.563
652.902 1559.553
653.185 1818.349
653.469 1735.630
653.752 1714.561
654.035 1831.234
654.319 2044.941
654.602 2051.981
654.885 1992.424
655.169 2000.282
655.452 1971.767
655.735 2051.724
656.019 2073.710
656.302 1975.524
656.586 2082.184
656.869 2312.459
657.152 2236.962
657.436 2086.951
657.719 2206.786
658.002 2261.931
658.286 2240.002
658.569 2103.982
658.852 2022.958
659.136 2042.322
659.419 1890.067
659.703 1759.131
659.986 1853.576
660.269 1893.999
660.553 1699.013
660.836 1691.928
661.119 1840.330
661.403 1786.062
661.686 1713.063
661.969 1682.573
662.253 1579.265
662.536 1544.741
662.820 1674.496
663.103 1642.069
663.386 1622.828
663.670 1655.310
663.953 1513.323
664.236 1601.004
664.520 1543.281
664.803 1517.980
665.086 1641.978
665.370 1751.065
665.653 1751.093
665.937 1738.698
666.220 1693.087
666.503 1638.348
666.787 1658.660
667.070 1572.628
667.353 1569.607
667.637 1399.108
667.920 1421.447
668.204 1230.493
668.487 1087.082
668.770 1246.057
669.054 1063.804
669.337 869.197
669.620 877.379
669.904 862.257
670.187 877.434
670.470 984.479
670.754 855.935
671.037 701.271
671.321 644.402
671.604 803.575
671.887 859.696
672.171 773.746
672.454 740.262
672.737 702.872
673.021 581.569
673.304 595.540
673.587 773.185
673.871 763.486
674.154 790.693
674.438 820.310
674.721 803.893
675.004 752.277
675.288 709.094
675.571 671.747
675.854 630.579
676.138 681.771
676.421 689.726
676.704 630.548
676.988 774.403
677.271 939.486
677.555 860.856
677.838 764.709
678.121 687.500
678.405 691.020
678.688 789.390
678.971 581.511
679.255 706.019
679.538 765.174
679.821 804.620
680.105 740.062
680.388 635.208
680.672 631.736
680.955 647.355
681.238 624.122
681.522 576.722
681.805 636.947
682.088 734.226
682.372 809.054
682.655 684.664
682.938 749.408
683.222 761.961
683.505 677.099
683.789 735.641
684.072 685.511
684.355 674.383
684.639 703.636
684.922 610.761
685.205 679.680
685.489 779.915
685.772 767.172
686.056 746.034
686.339 832.880
686.622 654.758
686.906 594.241
687.189 705.958
687.472 837.507
687.756 714.658
688.039 604.782
688.322 554.703
688.606 785.418
688.889 762.479
689.173 599.665
689.456 730.171
689.739 747.942
690.023 744.059
690.306 748.255
690.589 656.876
690.873 728.018
691.156 759.261
691.439 661.471
691.723 581.372
692.006 672.627
692.290 679.570
692.573 727.695
692.856 806.005
693.140 751.107
693.423 693.419
693.706 598.825
693.990 593.475
694.273 593.920
694.556 772.898
694.840 850.012
695.123 730.357
695.407 756.460
695.690 629.282
695.973 625.832
696.257 719.959
696.540 859.161
696.830 756.555
697.120 697.997
697.410 773.280
697.699 767.383
697.989 939.776
698.279 812.559
698.569 658.062
698.859 781.037
699.149 814.228
699.439 696.975
699.729 621.798
700.018 614.679
700.308 815.911
700.598 724.191
700.888 610.218
701.178 778.150
701.468 727.689
701.758 584.117
702.048 674.290
702.337 577.927
702.627 699.892
702.917 681.752
703.207 666.303
703.497 732.054
703.787 604.708
704.077 606.345
704.366 720.613
704.656 580.494
704.946 481.776
705.236 477.321
705.526 694.432
705.816 783.277
706.106 522.299
706.396 570.606
706.685 610.637
706.975 515.327
707.265 490.541
707.555 659.363
707.845 658.079
708.135 586.743
708.425 476.330
708.715 528.258
709.004 727.362
709.294 696.752
709.584 690.469
709.874 727.966
710.164 647.120
710.454 533.796
710.744 535.265
711.034 653.103
711.323 663.650
711.613 579.026
711.903 745.636
712.193 780.073
712.483 583.438
712.773 605.091
713.063 560.746
713.352 571.422
713.642 577.169
713.932 661.917
714.222 628.517
714.512 586.098
714.802 571.251
715.092 658.481
715.382 589.530
715.671 535.324
715.961 617.165
716.251 515.066
716.541 567.527
716.831 603.540
717.121 508.824
717.411 618.876
717.701 681.097
717.990 658.151
718.280 559.493
718.570 476.419
718.860 525.603
719.150 551.913
719.440 524.689
719.730 570.101
720.019 822.440
720.309 718.184
720.599 613.142
720.889 591.369
721.179 642.107
721.469 649.447
721.759 586.811
722.049 643.399
722.338 529.325
722.628 549.574
722.918 634.480
723.208 689.566
723.498 538.625
723.788 571.887
724.078 753.813
724.368 679.105
724.657 543.596
724.947 641.537
725.237 691.404
725.527 721.347
725.817 578.916
726.107 570.944
726.397 532.280
726.686 495.549
726.976 564.234
727.266 686.111
727.556 584.583
727.846 705.208
728.136 730.658
728.426 628.411
728.716 521.842
729.005 651.707
729.295 576.145
729.585 440.390
729.875 503.510
730.165 576.763
730.455 595.211
730.745 621.052
731.035 577.382
731.324 733.194
731.614 640.528
731.904 513.862
732.194 692.696
732.484 645.724
732.774 583.487
733.064 551.405
733.354 447.339
733.643 508.180
733.933 575.930
734.223 546.710
734.513 698.776
734.803 737.526
735.093 563.886
735.383 518.558
735.672 564.476
735.962 690.844
736.252 510.325
736.542 531.912
736.832 541.726
737.122 454.041
737.412 571.707
737.702 663.554
737.991 624.319
738.281 566.569
738.571 554.243
738.861 591.771
739.151 598.680
739.441 692.506
739.731 566.665
740.021 574.697
740.310 649.247
740.600 639.048
740.890 519.582
741.180 609.472
741.470 607.516
741.760 671.701
742.050 815.847
742.339 670.101
742.629 585.055
742.919 755.203
743.209 515.345
743.499 461.472
743.789 541.156
744.079 639.195
744.369 631.657
744.658 562.562
744.948 397.667
745.238 598.278
745.528 640.913
745.818 706.052
746.108 642.579
746.398 683.951
746.688 611.477
746.977 772.370
747.267 657.195
747.557 672.777
747.847 719.515
748.137 675.474
748.427 674.498
748.717 520.805
749.006 424.783
749.296 567.655
749.586 571.089
749.876 713.111
750.166 630.460
750.456 653.041
750.746 680.658
751.036 575.886
751.325 691.673
751.615 593.481
751.905 566.526
752.195 626.111
752.485 608.130
752.775 655.804
753.065 549.716
753.355 765.951
753.644 805.008
753.934 629.740
754.224 594.022
754.514 787.408
754.804 530.869
755.094 434.598
755.384 539.932
755.674 618.185
755.963 677.381
756.253 663.019
756.543 736.595
756.833 768.244
757.123 679.138
757.413 584.361
757.703 564.279
757.992 570.327
758.282 636.037
758.572 629.659
758.862 543.245
759.152 580.449
759.442 626.069
759.732 735.259
760.022 764.422
760.311 607.262
760.601 461.404
760.891 623.394
761.181 660.976
761.471 606.327
761.761 498.194
762.051 570.719
762.341 716.038
762.630 724.834
762.920 614.076
763.210 600.600
763.500 677.555
763.793 598.016
764.086 618.175
764.379 587.389
764.671 715.173
764.964 619.618
765.257 600.520
765.550 647.112
765.843 481.807
766.136 520.131
766.429 526.196
766.722 584.093
767.014 557.366
767.307 427.028
767.600 471.355
767.893 503.098
768.186 435.575
768.479 546.479
768.772 711.819
769.064 707.804
769.357 633.594
769.650 590.903
769.943 769.580
770.236 669.900
770.529 486.116
770.822 569.803
771.115 615.183
771.407 706.638
771.700 708.674
771.993 746.780
772.286 643.117
772.579 662.647
772.872 540.689
773.165 519.536
773.457 593.142
773.750 609.903
774.043 553.411
774.336 619.644
774.629 661.758
774.922 589.789
775.215 486.879
775.508 572.522
775.800 576.993
776.093 702.465
776.386 696.745
776.679 598.772
776.972 665.254
777.265 884.808
777.558 889.970
777.850 701.153
778.143 657.953
778.436 653.602
778.729 650.951
779.022 661.018
779.315 547.467
779.608 497.232
779.900 536.445
780.193 582.692
780.486 626.300
780.779 603.622
781.072 560.950
781.365 680.887
781.658 645.442
781.951 546.061
782.243 616.125
782.536 651.515
782.829 643.499
783.122 629.459
783.415 672.977
783.708 699.071
784.001 684.042
784.293 710.136
784.586 761.545
784.879 726.491
785.172 612.667
785.465 523.117
785.758 578.243
786.051 660.423
786.344 711.118
786.636 854.989
786.929 644.795
787.222 576.897
787.515 538.721
787.808 548.649
788.101 519.694
788.394 737.492
788.686 886.359
788.979 771.261
789.272 700.577
789.565 678.935
789.858 566.176
790.151 509.815
790.444 457.882
790.737 475.356
791.029 508.355
791.322 622.143
791.615 589.634
791.908 635.783
792.201 648.138
792.494 631.555
792.787 690.702
793.079 791.107
793.372 710.654
793.665 673.491
793.958 541.901
794.251 577.809
794.544 695.775
794.837 815.128
795.130 706.470
795.422 651.649
795.715 650.668
796.008 655.324
796.301 604.234
796.594 537.516
796.887 655.061
797.180 681.651
797.472 494.229
797.765 424.454
798.058 563.488
798.351 562.071
798.644 522.206
798.937 474.365
799.230 551.597
799.523 893.139
799.815 797.441
800.108 554.186
800.401 492.386
800.694 656.565
800.987 665.896
801.280 701.207
801.573 747.177
801.865 731.208
802.158 626.700
802.451 589.789
802.744 574.834
803.037 609.779
803.330 617.396
803.623 771.485
803.915 733.576
804.208 542.516
804.501 637.711
804.794 683.772
805.087 612.103
805.380 464.046
805.673 462.595
805.966 624.772
806.258 585.332
806.551 649.776
806.844 633.726
807.137 676.589
807.430 517.290
807.723 519.313
808.016 737.199
808.308 763.848
808.601 599.678
808.894 567.700
809.187 660.935
809.480 691.472
809.773 577.224
810.066 606.994
810.359 700.268
810.651 643.170
810.944 423.786
811.237 478.718
811.530 652.295
811.825 568.120
812.119 498.944
812.414 417.223
812.709 574.224
813.003 615.887
813.298 520.233
813.593 576.013
813.887 576.457
814.182 900.156
814.476 795.501
814.771 752.875
815.066 649.640
815.360 544.320
815.655 453.887
815.950 510.315
816.244 639.525
816.539 757.051
816.834 712.214
817.128 701.730
817.423 788.695
817.718 944.503
818.012 721.783
818.307 416.754
818.602 508.982
818.896 660.965
819.191 606.161
819.486 576.528
819.780 656.872
820.075 852.256
820.369 863.340
820.664 688.265
820.959 697.596
821.253 680.717
821.548 643.426
821.843 684.237
822.137 667.291
822.432 645.779
822.727 661.065
823.021 612.709
823.316 736.666
823.611 787.437
823.905 632.756
824.200 556.874
824.495 659.329
824.789 672.002
825.084 694.490
825.379 674.140
825.673 683.314
825.968 769.431
826.262 678.100
826.557 701.530
826.852 718.846
827.146 655.167
827.441 679.937
827.736 742.244
828.030 647.405
828.325 483.250
828.620 670.101
828.914 793.037
829.209 633.752
829.504 788.203
829.798 760.094
830.093 594.400
830.388 526.761
830.682 482.924
830.977 662.466
831.271 715.710
831.566 603.943
831.861 577.643
832.155 553.426
832.450 640.175
832.745 707.652
833.039 575.987
833.334 543.404
833.629 633.600
833.923 588.359
834.218 632.652
834.513 573.075
834.807 534.910
835.102 518.859
835.397 543.476
835.691 503.987
835.986 510.381
836.281 467.758
836.575 492.754
836.870 544.538
837.164 602.757
837.459 530.892
837.754 594.381
838.048 537.827
838.343 490.375
838.638 556.119
838.932 590.836
839.227 626.566
839.522 658.795
839.816 600.137
840.111 535.750
840.406 532.895
840.700 700.077
840.995 855.770
841.290 876.202
841.584 679.114
841.879 767.624
842.174 693.500
842.468 634.121
842.763 590.626
843.057 671.830
843.352 664.072
843.647 611.009
843.941 589.158
844.236 643.864
844.531 693.416
844.825 666.618
845.120 757.375
845.415 819.163
845.709 679.196
846.004 725.257
846.299 559.173
846.593 754.795
846.888 749.206
847.183 578.418
847.477 570.056
847.772 648.220
848.066 672.835
848.361 633.379
848.656 653.500
848.950 666.437
849.245 793.072
849.540 663.795
849.834 805.463
850.129 806.401
850.424 661.532
850.718 668.054
851.013 797.953
851.308 730.461
851.602 704.069
851.897 721.814
852.192 863.684
852.486 759.772
852.781 639.512
853.076 772.401
853.370 778.396
853.665 839.051
853.959 847.423
854.254 709.641
854.549 919.553
854.843 798.838
855.138 599.084
855.433 713.934
855.727 856.806
856.022 705.569
856.317 721.716
856.611 738.123
856.906 669.433
857.201 697.844
857.495 827.169
857.790 812.851
858.085 718.835
858.379 675.389
858.674 598.821
858.969 575.997
859.263 631.560
859.558 619.575
859.852 574.270
860.147 605.919
860.442 718.699
860.736 542.072
861.031 715.129
861.326 831.503
861.620 647.959
861.915 762.831
862.210 789.358
862.504 648.494
862.799 748.087
863.094 768.848
863.388 665.317
863.683 666.745
863.978 609.444
864.272 562.910
864.567 594.729
864.861 596.637
865.156 580.605
865.451 512.811
865.745 640.232
866.040 698.488
866.335 705.301
866.629 797.180
866.924 673.713
867.219 630.381
867.513 765.979
867.808 664.197
868.103 632.135
868.397 652.762
868.692 616.102
868.987 566.047
869.281 537.652
869.576 665.306
869.871 695.683
870.165 589.231
870.460 497.022
870.754 543.759
871.049 490.112
871.344 583.213
871.638 688.111
871.933 556.717
872.228 550.275
872.522 567.869
872.817 686.988
873.112 887.587
873.406 703.537
873.701 772.816
873.996 720.689
874.290 659.688
874.585 619.583
874.880 630.632
875.174 593.030
875.469 610.826
875.764 633.413
876.058 537.346
876.353 518.463
876.647 517.051
876.942 545.356
877.237 604.089
877.531 585.195
877.826 633.265
878.121 668.542
878.415 563.455
878.710 505.046
879.005 665.728
879.299 603.536
879.594 548.789
879.889 440.201
880.183 417.809
880.478 551.353
880.773 567.140
881.067 553.978
881.362 608.772
881.656 556.479
881.951 570.789
882.246 501.812
882.540 571.865
882.835 560.188
883.130 546.828
883.424 486.728
883.719 471.223
884.014 538.313
884.308 537.832
884.603 535.469
884.898 548.516
885.192 661.764
885.487 613.897
885.782 526.662
886.076 630.041
886.371 586.729
886.666 384.419
886.960 467.418
887.255 467.904
887.549 476.014
887.844 675.309
888.139 701.142
888.433 632.289
888.728 557.463
889.023 581.451
889.317 591.955
889.612 502.866
889.907 552.873
890.201 620.139
890.496 625.790
890.791 579.310
891.085 520.556
891.380 519.683
891.675 549.303
891.969 597.016
892.264 512.628
892.559 574.818
892.853 673.304
893.148 579.757
893.442 534.692
893.737 630.411
894.032 519.733
894.326 440.447
894.621 508.298
894.916 427.626
895.210 518.008
895.505 580.344
895.800 498.638
896.094 457.167
896.389 503.955
896.684 511.477
896.978 481.026
897.273 435.909
897.568 544.190
897.862 603.920
898.157 542.037
898.451 654.031
898.746 659.350
899.041 696.258
899.335 635.151
899.630 548.844
899.925 568.739
900.219 618.350
900.514 655.836
900.809 499.233
901.103 385.567
901.398 596.944
901.693 539.776
901.987 513.529
902.282 627.951
902.577 525.602
902.871 430.669
903.166 555.950
903.461 618.956
903.755 576.623
904.050 579.974
904.344 437.398
904.639 449.571
904.934 521.797
905.228 511.054
905.523 436.702
905.818 460.642
906.112 633.624
906.407 590.553
906.702 516.585
906.996 565.811
907.291 604.685
907.586 539.288
907.880 677.006
908.175 617.631
908.470 579.458
908.764 636.162
909.059 704.393
909.354 638.170
909.648 522.780
909.943 573.017
910.237 695.759
910.532 682.378
910.827 733.716
911.121 674.765
911.416 595.133
911.711 596.980
912.005 631.238
912.300 626.877
912.599 725.758
912.898 608.283
913.196 622.044
913.495 662.870
913.794 715.227
914.093 584.581
914.391 589.399
914.690 671.281
914.989 631.768
915.288 732.867
915.586 643.592
915.885 488.439
916.184 396.494
916.483 397.441
916.782 582.408
917.080 599.335
917.379 549.625
917.678 555.808
917.977 677.431
918.275 719.708
918.574 680.969
918.873 686.373
919.172 615.376
919.471 523.546
919.769 545.071
920.068 519.379
920.367 478.277
920.666 502.218
920.964 614.249
921.263 569.199
921.562 511.427
921.861 601.982
922.159 530.414
922.458 560.492
922.757 572.837
923.056 552.623
923.355 574.824
923.653 649.271
923.952 634.135
924.251 515.674
924.550 659.048
924.848 674.845
925.147 542.074
925.446 516.828
925.745 600.370
926.043 633.448
926.342 586.405
926.641 536.001
926.940 641.936
927.239 671.046
927.537 735.383
927.836 673.116
928.135 624.795
928.434 689.083
928.732 691.905
929.031 686.874
929.330 685.216
929.629 622.914
929.927 635.535
930.226 582.934
930.525 569.775
930.824 649.773
931.123 620.441
931.421 741.249
931.720 691.827
932.019 658.717
932.318 687.092
932.616 629.752
932.915 568.101
933.214 692.199
933.513 627.281
933.812 572.147
934.110 707.118
934.409 801.833
934.708 672.583
935.007 945.937
935.305 896.073
935.604 605.437
935.903 772.374
936.202 810.557
936.500 884.063
936.799 1000.386
937.098 932.586
937.397 907.805
937.696 799.171
937.994 729.699
938.293 868.687
938.592 690.683
938.891 765.758
939.189 846.368
939.488 824.865
939.787 954.048
940.086 844.069
940.384 807.002
940.683 764.327
940.982 687.599
941.281 828.527
941.580 1155.169
941.878 1078.490
942.177 870.451
942.476 910.466
942.775 933.381
943.073 796.635
943.372 704.571
943.671 912.795
943.970 1075.454
944.268 970.050
944.567 761.042
944.866 822.459
945.165 831.490
945.464 752.671
945.762 627.850
946.061 883.812
946.360 1006.628
946.659 1035.266
946.957 1008.023
947.256 934.138
947.555 828.348
947.854 827.190
948.153 795.870
948.451 755.124
948.750 835.891
949.049 789.114
949.348 976.294
949.646 902.866
949.945 842.642
950.244 936.196
950.543 821.354
950.841 762.318
951.140 790.116
951.439 660.652
951.738 680.267
952.037 812.450
952.335 930.042
952.634 867.341
952.933 683.887
953.232 666.848
953.530 539.592
953.829 824.123
954.128 879.643
954.427 762.538
954.725 880.359
955.024 870.994
955.323 898.744
955.622 740.143
955.921 644.790
956.219 741.731
956.518 671.330
956.817 691.473
957.116 754.936
957.414 738.124
957.713 640.772
958.012 589.411
958.311 536.618
958.610 703.790
958.908 728.918
959.207 746.537
959.506 769.394
959.805 776.133
960.103 821.800
960.402 767.853
960.701 659.913
961.000 617.583
961.298 634.983
961.597 729.057
961.896 678.635
962.195 690.416
962.494 746.763
962.792 652.455
963.091 592.161
963.390 591.317
963.689 606.675
963.987 710.681
964.286 794.700
964.585 808.632
964.884 691.042
965.182 583.764
965.481 942.105
965.780 1081.811
966.080 886.209
966.380 833.708
966.680 733.894
966.981 696.794
967.281 680.392
967.581 640.955
967.881 694.269
968.181 720.930
968.481 662.676
968.781 658.438
969.082 551.486
969.382 650.755
969.682 740.561
969.982 760.549
970.282 750.306
970.582 610.252
970.882 604.509
971.183 748.494
971.483 634.510
971.783 609.949
972.083 758.687
972.383 833.175
972.683 783.648
972.983 770.563
973.284 664.301
973.584 660.535
973.884 664.317
974.184 648.251
974.484 741.654
974.784 609.879
975.084 557.237
975.385 538.663
975.685 639.956
975.985 593.311
976.285 628.392
976.585 634.615
976.885 532.456
977.185 575.103
977.486 584.078
977.786 636.033
978.086 708.881
978.386 671.553
978.686 564.158
978.986 518.525
979.286 566.533
979.587 609.541
979.887 574.549
980.187 531.557
980.487 496.565
980.787 565.573
981.087 616.581
981.387 777.589
981.688 589.596
981.988 473.604
982.288 514.612
982.588 586.620
982.888 606.628
983.188 604.636
983.488 660.644
983.789 701.652
984.089 680.660
984.389 622.667
984.689 554.675
984.989 521.683
985.289 561.691
985.589 671.699
985.890 596.707
986.190 509.714
986.490 576.722
986.790 733.730
987.090 647.738
987.390 604.746
987.690 650.753
987.991 525.761
988.291 582.769
988.591 561.777
988.891 489.784
989.191 521.792
989.491 697.800
989.791 667.808
990.092 652.815
990.392 674.823
990.692 625.831
990.992 625.838
991.292 484.846
991.592 641.854
991.892 614.862
992.193 707.869
992.493 708.877
992.793 558.885
993.093 557.892
993.393 562.900
993.693 626.907
993.993 700.915
994.294 727.923
994.594 622.930
994.894 621.938
995.194 625.945
995.494 544.953
995.794 554.961
996.094 495.968
996.395 556.976
996.695 702.983
996.995 556.991
997.295 455.998
997.595 524.006
997.895 505.014
998.195 450.021
998.496 526.029
998.796 481.036
999.096 700.044
999.396 656.051
999.696 623.059
999.996 696.066
1000.296 781.074
1000.597 768.081
1000.897 635.088
1001.197 650.096
1001.497 851.103
1001.797 619.111
1002.097 546.118
1002.397 640.126
1002.698 615.133
1002.998 715.140
1003.298 728.148
1003.598 602.155
1003.898 538.163
1004.198 711.170
1004.498 723.177
1004.799 630.185
1005.099 674.192
1005.399 699.200
1005.699 705.207
1005.999 710.214
1006.299 612.222
1006.599 806.229
1006.900 793.236
1007.200 618.244
1007.500 610.251
1007.800 639.258
1008.100 563.265
1008.400 517.273
1008.700 548.280
1009.001 533.287
1009.301 571.295
1009.601 804.302
1009.901 840.309
1010.201 703.316
1010.501 670.324
1010.801 788.331
1011.102 651.338
1011.402 646.345
1011.702 562.353
1012.002 500.360
1012.302 673.367
1012.602 675.374
1012.902 631.381
1013.203 657.389
1013.503 695.396
1013.803 659.403
1014.103 546.410
1014.403 611.417
1014.703 568.424
1015.003 552.431
1015.304 753.439
1015.604 806.446
1015.904 521.453
1016.204 497.460
1016.504 564.467
1016.804 595.474
1017.104 556.481
1017.405 573.488
1017.705 603.495
1018.005 590.503
1018.305 572.510
1018.605 541.517
1018.905 404.524
1019.205 414.531
1019.506 757.538
1019.806 792.545
1020.106 727.552
1020.406 724.559
1020.706 659.566
1021.006 741.573
1021.306 854.580
1021.607 659.587
1021.907 765.594
1022.207 717.601
1022.507 595.608
1022.807 628.615
1023.107 641.622
1023.407 583.629
1023.708 579.636
1024.008 543.643
1024.308 606.650
1024.608 581.657
1024.908 473.664
1025.208 606.671
1025.508 831.677
1025.809 803.684
1026.109 579.691
1026.409 686.698
1026.709 752.705
1027.009 628.712
1027.309 652.719
1027.609 561.726
1027.910 528.733
1028.210 673.739
1028.510 772.746
1028.810 978.753
1029.110 867.760
1029.410 671.767
1029.710 773.774
1030.011 776.780
1030.311 766.787
1030.611 632.794
1030.911 650.801
1031.211 734.808
1031.511 649.814
1031.811 842.821
1032.112 829.828
1032.412 650.835
1032.712 482.842
1033.012 588.848
1033.312 760.855
1033.612 698.862
1033.912 618.869
1034.212 592.875
1034.513 610.882
1034.813 560.889
1035.113 676.896
1035.413 574.902
1035.713 609.909
1036.013 651.916
1036.313 610.922
1036.614 672.929
1036.914 667.936
1037.214 548.942
1037.514 683.949
1037.814 640.956
1038.114 633.962
1038.414 614.969
1038.715 699.976
1039.015 533.982
1039.315 419.989
1039.615 591.996
1039.915 598.002
1040.215 578.009
1040.515 606.016
1040.816 695.022
1041.116 626.029
1041.416 571.035
1041.716 531.042
1042.016 475.048
1042.316 657.055
1042.616 658.062
1042.917 521.068
1043.217 531.075
1043.517 611.081
1043.817 756.088
1044.117 709.094
1044.417 638.101
1044.717 646.107
1045.018 612.114
1045.318 695.121
1045.618 748.127
1045.918 634.134
1046.218 538.140
1046.518 551.147
1046.818 626.153
1047.119 539.160
1047.419 722.166
1047.719 669.172
1048.019 594.179
1048.319 680.185
1048.619 637.192
1048.919 623.198
1049.220 582.205
1049.520 652.211
1049.820 552.218
1050.120 477.224
1050.420 683.230
1050.720 615.237
1051.020 641.243
1051.321 668.250
1051.621 736.256
1051.921 663.262
1052.221 536.269
1052.521 488.275
1052.821 467.282
1053.121 617.288
1053.422 686.294
1053.722 731.301
1054.022 628.307
1054.322 747.313
1054.622 662.320
1054.922 544.326
1055.222 666.332
1055.523 676.339
1055.823 642.345
1056.123 699.351
1056.423 625.358
1056.723 658.364
1057.023 574.370
1057.323 465.377
1057.624 644.383
1057.924 688.389
1058.224 696.395
1058.524 585.402
1058.824 631.408
1059.124 640.414
1059.424 581.420
1059.725 685.427
1060.025 583.433
1060.325 557.439
1060.625 595.445
1060.925 621.452
1061.225 645.458
1061.525 788.464
1061.826 665.470
1062.126 671.477
1062.426 662.483
1062.726 684.489
1063.026 643.495
1063.326 803.501
1063.626 809.507
1063.927 710.514
1064.227 670.520
1064.527 560.526
1064.827 710.532
1065.127 638.538
1065.427 431.544
1065.727 473.551
1066.028 706.557
1066.328 723.563
1066.628 537.569
1066.928 481.575
1067.228 527.581
1067.528 540.587
1067.828 562.593
1068.129 486.599
1068.429 709.606
1068.729 808.612
1069.029 622.618
1069.329 540.624
1069.629 644.630
1069.929 726.636
1070.230 740.642
1070.530 696.648
1070.830 621.654
1071.130 692.660
1071.430 600.666
1071.730 612.672
1072.030 692.678
1072.331 588.684
1072.631 620.690
1072.931 623.696
1073.231 629.702
1073.531 607.708
1073.831 578.714
1074.131 635.720
1074.432 788.726
1074.732 670.732
1075.032 545.738
1075.332 522.744
1075.632 572.750
1075.932 539.756
1076.232 509.762
1076.533 566.768
1076.833 615.774
1077.133 584.780
1077.433 608.786
1077.733 573.792
1078.033 690.798
1078.333 724.804
1078.634 638.810
1078.934 640.815
1079.234 551.821
1079.534 750.827
1079.834 770.833
1080.134 685.839
1080.434 714.845
1080.735 647.851
1081.035 653.857
1081.335 550.863
1081.635 540.868
1081.935 550.874
1082.235 520.880
1082.535 586.886
1082.836 627.892
1083.136 608.898
1083.436 691.903
1083.736 709.909
1084.036 585.915
1084.336 512.921
1084.636 577.927
1084.937 731.933
1085.237 717.938
1085.537 591.944
1085.837 645.950
1086.137 610.956
1086.437 684.961
1086.737 606.967
1087.038 623.973
1087.338 744.979
1087.638 703.985
1087.938 519.990
1088.238 402.996
1088.538 613.002
1088.838 705.008
1089.139 688.013
1089.439 545.019
1089.739 666.025
1090.039 679.031
1090.339 740.036
1090.639 641.042
1090.939 646.048
1091.240 546.053
1091.540 586.059
1091.840 654.065
1092.140 752.070
1092.453 731.076
1092.766 561.082
1093.079 527.087
1093.392 590.093
1093.705 553.099
1094.018 582.104
1094.330 725.110
1094.643 707.116
1094.956 756.121
1095.269 669.127
1095.582 673.133
1095.895 586.138
1096.208 593.144
1096.521 644.150
1096.834 624.155
1097.147 638.161
1097.460 712.166
1097.773 762.172
1098.085 656.178
1098.398 567.183
1098.711 563.189
1099.024 494.194
1099.337 604.200
1099.650 705.206
1099.963 751.211
1100.276 618.217
1100.589 570.222
1100.902 682.228
1101.215 707.233
1101.528 700.239
1101.841 604.244
1102.153 697.250
1102.466 778.255
1102.779 591.261
1103.092 537.267
1103.405 617.272
1103.718 582.278
1104.031 540.283
1104.344 685.289
1104.657 671.294
1104.970 893.300
1105.283 725.305
1105.596 609.311
1105.909 640.316
1106.221 717.321
1106.534 681.327
1106.847 537.332
1107.160 500.338
1107.473 492.343
1107.786 573.349
1108.099 534.354
1108.412 556.360
1108.725 612.365
1109.038 548.371
1109.351 656.376
1109.664 625.381
1109.977 487.387
1110.289 569.392
1110.602 632.398
1110.915 598.403
1111.228 541.408
1111.541 530.414
1111.854 518.419
1112.167 448.425
1112.480 506.430
1112.793 546.435
1113.106 578.441
1113.419 682.446
1113.732 618.452
1114.044 513.457
1114.357 625.462
1114.670 633.468
1114.983 613.473
1115.296 635.478
1115.609 668.484
1115.922 699.489
1116.235 640.494
1116.548 631.500
1116.861 573.505
1117.174 552.510
1117.487 591.516
1117.800 763.521
1118.112 657.526
1118.425 587.532
1118.738 558.537
1119.051 565.542
1119.364 630.547
1119.677 668.553
1119.990 604.558
1120.303 629.563
1120.616 718.568
1120.929 577.574
1121.242 672.579
1121.555 756.584
1121.868 689.590
1122.180 651.595
1122.493 501.600
1122.806 479.605
1123.119 599.610
1123.432 645.616
1123.745 673.621
1124.058 579.626
1124.371 529.631
1124.684 650.637
1124.997 645.642
1125.310 590.647
1125.623 513.652
1125.935 463.657
1126.248 551.663
1126.561 640.668
1126.874 615.673
1127.187 755.678
1127.500 772.683
1127.813 720.688
1128.126 698.694
1128.439 712.699
1128.752 770.704
1129.065 624.709
1129.378 442.714
1129.691 557.719
1130.003 615.725
1130.316 560.730
1130.629 532.735
1130.942 592.740
1131.255 598.745
1131.568 517.750
1131.881 556.755
1132.194 652.760
1132.507 656.765
1132.820 626.771
1133.133 688.776
1133.446 588.781
1133.759 792.786
1134.071 1203.791
1134.384 891.796
1134.697 792.801
1135.010 839.806
1135.323 661.811
1135.636 548.816
1135.949 470.821
1136.262 513.826
1136.575 580.831
1136.888 616.837
1137.201 586.842
1137.514 549.847
1137.826 614.852
1138.139 580.857
1138.452 605.862
1138.765 806.867
1139.078 810.872
1139.391 745.877
1139.704 685.882
1140.017 753.887
1140.330 645.892
1140.643 553.897
1140.956 542.902
1141.269 613.907
1141.582 664.912
1141.894 568.917
1142.207 713.922
1142.520 658.927
1142.833 681.932
1143.146 594.937
1143.459 514.942
1143.772 538.947
1144.085 625.951
1144.398 567.956
1144.711 574.961
1145.024 572.966
1145.337 573.971
1145.650 642.976
1145.962 600.981
1146.275 639.986
1146.588 518.991
1146.901 663.996
1147.214 623.001
1147.527 533.006
1147.840 623.011
1148.153 562.015
1148.466 624.020
1148.779 608.025
1149.092 647.030
1149.405 558.035
1149.718 649.040
1150.030 700.045
1150.343 622.050
1150.656 563.055
1150.969 561.059
1151.282 738.064
1151.595 711.069
1151.908 607.074
1152.221 393.079
1152.534 447.084
1152.847 733.089
1153.160 679.093
1153.473 674.098
1153.785 716.103
1154.098 691.108
1154.411 744.113
1154.724 717.117
1155.037 824.122
1155.350 671.127
1155.663 654.132
1155.976 601.137
1156.289 681.142
1156.602 554.146
1156.915 464.151
1157.228 474.156
1157.541 564.161
1157.853 570.165
1158.166 646.170
1158.479 711.175
1158.792 654.180
1159.105 649.185
1159.418 670.189
1159.731 624.194
1160.044 651.199
1160.357 775.204
1160.670 676.208
1160.983 491.213
1161.296 611.218
1161.609 721.222
1161.921 583.227
1162.234 562.232
1162.547 447.237
1162.860 453.241
1163.173 495.246
1163.486 623.251
1163.799 630.256
1164.112 540.260
1164.425 534.265
1164.738 530.270
1165.051 528.274
1165.364 574.279
1165.676 614.284
1165.989 645.288
1166.302 580.293
1166.615 751.298
1166.928 696.302
1167.241 689.307
1167.554 733.312
1167.867 694.316
1168.180 609.321
1168.493 534.326
1168.806 608.330
1169.119 595.335
1169.432 657.340
1169.744 687.344
1170.057 647.349
1170.370 778.353
1170.683 724.358
1170.996 632.363
1171.309 637.367
1171.622 635.372
1171.935 645.377
1172.248 786.381
1172.561 705.386
1172.874 647.390
1173.187 654.395
1173.500 674.400
1173.812 702.404
1174.125 633.409
1174.438 666.413
1174.751 569.418
1175.064 622.422
1175.377 742.427
1175.690 641.432
1176.003 558.436
1176.316 600.441
1176.629 606.445
1176.942 577.450
1177.255 562.454
1177.567 502.459
1177.880 582.463
1178.193 635.468
1178.506 590.473
1178.819 744.477
1179.132 750.482
1179.445 547.486
1179.758 697.491
1180.071 726.495
1180.384 641.500
1180.697 662.504
1181.010 687.509
1181.323 789.513
1181.635 796.518
1181.948 731.522
1182.261 589.527
1182.574 550.531
1182.887 660.536
1183.200 802.540
1183.513 738.545
1183.826 646.549
1184.139 708.554
1184.452 642.558
1184.765 553.562
1185.078 510.567
1185.391 562.571
1185.703 524.576
1186.016 452.580
1186.329 474.585
1186.642 617.589
1186.955 724.594
1187.268 601.598
1187.581 615.602
1187.894 588.607
1188.207 633.611
1188.520 644.616
1188.833 650.620
1189.146 520.625
1189.459 463.629
1189.771 557.633
1190.084 686.638
1190.397 582.642
1190.710 635.647
1191.023 677.651
1191.336 662.655
1191.649 605.660
1191.962 615.664
1192.275 557.668
1192.588 718.673
1192.901 829.677
1193.214 626.682
1193.526 630.686
1193.839 692.690
1194.152 588.695
1194.465 725.699
1194.778 643.703
1195.091 643.708
1195.404 580.712
1195.717 554.716
1196.030 696.721
1196.343 631.725
1196.656 505.729
1196.969 544.734
1197.282 620.738
1197.594 661.742
1197.907 774.747
1198.220 748.751
1198.533 605.755
1198.846 674.760
1199.159 614.764
1199.472 553.768
1199.785 627.773
1200.098 534.777
1200.411 705.781
1200.724 657.785
1201.037 579.790
1201.350 512.794
1201.662 448.798
1201.975 598.803
1202.288 682.807
1202.601 260.811
