165.028 37.346
165.288 12.976
165.547 72.609
165.807 134.245
166.067 52.884
166.327 -61.473
166.587 -43.828
166.847 57.821
167.107 94.472
167.367 133.127
167.627 173.784
167.886 151.445
168.146 103.108
168.406 266.775
168.666 213.444
168.926 105.116
169.186 150.791
169.446 123.468
169.706 -13.852
169.966 77.832
170.225 160.517
170.485 201.206
170.745 237.897
171.005 340.590
171.265 158.287
171.525 82.985
171.785 25.687
172.045 56.390
172.305 202.097
172.564 116.805
172.824 -29.483
173.084 106.230
173.344 77.946
173.604 104.664
173.864 183.384
174.124 143.107
174.384 103.832
174.644 204.559
174.903 367.288
175.163 368.020
175.423 372.754
175.683 179.489
175.943 207.227
176.203 158.967
176.463 124.709
176.723 94.453
176.983 134.198
177.242 229.946
177.502 311.696
177.762 301.447
178.022 83.200
178.282 104.956
178.542 108.713
178.802 116.471
179.062 93.232
179.322 324.994
179.581 372.758
179.841 181.523
180.101 226.290
180.361 221.059
180.621 177.830
180.881 160.601
181.141 128.375
181.401 172.150
181.661 267.926
181.920 326.704
182.180 187.483
182.440 110.264
182.700 82.046
182.960 29.830
183.220 123.614
183.480 368.400
183.740 276.188
184.000 149.976
184.259 73.766
184.519 203.557
184.779 140.349
185.039 184.142
185.299 323.936
185.559 304.732
185.819 300.529
186.079 264.326
186.339 184.125
186.598 142.924
186.858 40.725
187.118 82.526
187.378 230.329
187.638 217.132
187.898 256.937
188.158 310.742
188.418 150.548
188.678 133.354
188.937 179.162
189.197 216.970
189.457 266.779
189.717 216.589
189.977 83.399
190.237 76.211
190.497 269.022
190.757 264.835
191.017 231.648
191.276 157.461
191.536 167.276
191.796 118.090
192.056 108.905
192.316 229.721
192.576 197.537
192.836 145.354
193.096 149.171
193.356 123.989
193.616 206.807
193.875 234.625
194.135 207.444
194.395 310.262
194.655 285.082
194.915 263.901
195.175 207.721
195.435 343.541
195.695 128.362
195.955 -58.818
196.214 162.003
196.474 299.824
196.734 272.645
196.994 272.466
197.254 305.287
197.514 236.109
197.774 200.930
198.034 104.752
198.294 87.573
198.553 184.395
198.813 172.217
199.073 71.038
199.333 140.860
199.593 276.682
199.853 296.503
200.113 414.324
200.373 395.146
200.633 164.967
200.892 93.788
201.152 47.609
201.412 110.430
201.672 306.250
201.932 474.071
202.192 434.891
202.452 268.711
202.712 185.530
202.972 229.350
203.231 355.169
203.491 270.988
203.751 233.806
204.011 289.625
204.271 365.443
204.531 165.260
204.791 117.077
205.051 137.894
205.311 248.710
205.570 221.526
205.830 196.342
206.090 207.157
206.350 248.972
206.610 491.786
206.870 267.599
207.130 184.413
207.390 279.225
207.650 267.037
207.909 292.849
208.169 272.660
208.429 277.471
208.689 81.281
208.949 206.090
209.209 357.899
209.469 140.707
209.729 116.514
209.989 188.321
210.248 110.127
210.508 384.933
210.768 320.738
211.028 192.542
211.288 320.345
211.548 339.148
211.808 301.950
212.068 404.751
212.328 455.552
212.587 419.352
212.847 257.151
213.107 299.949
213.367 321.746
213.627 346.543
213.887 301.339
214.147 149.134
214.407 241.928
214.667 242.721
214.926 345.514
215.186 328.306
215.446 321.096
215.706 226.886
215.966 185.675
216.226 245.463
216.486 215.251
216.746 281.037
217.006 345.822
217.265 308.607
217.525 223.390
217.785 296.173
218.045 323.954
218.305 250.735
218.565 209.514
218.825 263.293
219.085 388.071
219.345 210.847
219.604 119.623
219.864 292.397
220.124 327.171
220.384 269.944
220.644 285.715
220.904 224.485
221.164 275.255
221.424 255.023
221.684 182.790
221.943 221.557
222.203 363.322
222.463 283.086
222.723 212.848
222.983 276.610
223.243 199.371
223.503 249.130
223.763 178.889
224.023 167.646
224.282 316.402
224.542 365.157
224.802 367.911
225.062 285.664
225.322 346.415
225.582 326.166
225.842 277.915
226.102 291.663
226.362 283.410
226.621 327.155
226.881 269.900
227.141 292.643
227.401 314.385
227.661 237.126
227.921 386.865
228.181 335.604
228.441 292.341
228.701 461.077
228.960 465.811
229.220 289.545
229.480 240.277
229.740 390.008
230.000 432.738
230.260 244.466
230.520 221.193
230.780 214.919
231.040 277.644
231.299 264.367
231.559 279.089
231.819 292.810
232.079 408.530
232.339 371.248
232.599 189.965
232.859 338.680
233.119 414.395
233.379 288.108
233.638 362.819
233.898 448.530
234.158 384.239
234.418 278.947
234.678 357.653
234.938 364.358
235.198 273.062
235.458 234.765
235.718 335.466
235.978 316.166
236.237 319.864
236.497 365.561
236.757 429.257
237.017 355.952
237.277 308.645
237.537 347.337
237.797 296.027
238.057 368.716
238.317 359.404
238.576 252.090
238.836 304.775
239.096 421.459
239.356 356.141
239.616 298.822
239.876 310.502
240.136 312.180
240.396 397.857
240.656 426.532
240.915 388.207
241.175 358.879
241.435 257.551
241.695 336.221
241.955 459.889
242.215 511.556
242.475 440.222
242.735 305.887
242.995 367.550
243.254 413.212
243.514 315.872
243.774 150.531
244.034 235.188
244.294 499.845
244.554 442.499
244.814 398.153
245.074 349.805
245.334 281.456
245.593 281.105
245.853 284.753
246.113 285.399
246.373 416.044
246.633 452.688
246.893 397.330
247.153 400.971
247.413 478.611
247.673 431.249
247.932 337.885
248.192 394.521
248.452 484.155
248.712 402.787
248.972 265.419
249.232 451.048
249.492 362.677
249.752 154.304
250.012 331.929
250.271 344.554
250.531 359.176
250.791 541.798
251.051 585.418
251.311 426.036
251.571 217.654
251.831 344.270
252.091 419.884
252.351 357.497
252.610 300.109
252.870 377.719
253.130 328.328
253.390 327.936
253.650 469.542
253.911 441.147
254.172 419.750
254.433 414.352
254.694 354.953
254.955 379.552
255.216 298.150
255.477 406.746
255.738 403.341
255.999 293.935
256.261 466.528
256.522 490.119
256.783 477.708
257.044 311.296
257.305 225.883
257.566 245.469
257.827 172.053
258.088 296.636
258.349 304.217
258.610 403.797
258.871 462.376
259.132 504.953
259.393 415.529
259.654 286.103
259.915 218.677
260.176 283.249
260.437 350.819
260.698 329.388
260.959 289.956
261.221 410.522
261.482 499.087
261.743 437.651
262.004 389.213
262.265 565.775
262.526 572.334
262.787 349.893
263.048 260.450
263.309 283.005
263.570 440.559
263.831 395.112
264.092 333.664
264.353 203.214
264.614 461.763
264.875 444.311
265.136 355.857
265.397 589.402
265.658 624.946
265.919 640.488
266.181 606.029
266.442 459.569
266.703 346.107
266.964 326.644
267.225 287.180
267.486 344.715
267.747 423.248
268.008 459.780
268.269 539.310
268.530 529.839
268.791 494.367
269.052 442.894
269.313 446.419
269.574 425.943
269.835 376.466
270.096 401.987
270.357 421.507
270.618 368.026
270.879 304.544
271.141 380.060
271.402 378.575
271.663 276.089
271.924 352.601
272.185 424.112
272.446 413.622
272.707 395.131
272.968 375.638
273.229 369.144
273.490 363.649
273.751 324.153
274.012 362.655
274.273 506.156
274.534 421.656
274.795 413.154
275.056 488.652
275.317 363.148
275.578 271.642
275.839 355.136
276.101 296.628
276.362 253.119
276.623 364.609
276.884 480.098
277.145 459.585
277.406 496.071
277.667 355.556
277.928 253.040
278.189 423.522
278.450 430.003
278.711 410.483
278.972 427.962
279.233 380.440
279.494 474.916
279.755 580.391
280.016 544.865
280.277 444.338
280.538 460.810
280.799 315.280
281.061 381.749
281.322 405.217
281.583 417.684
281.844 323.149
282.105 324.614
282.366 472.077
282.627 426.539
282.888 484.000
283.149 469.460
283.410 427.918
283.671 422.375
283.932 349.832
284.193 234.287
284.454 323.741
284.715 445.193
284.976 345.645
285.237 462.095
285.498 695.544
285.759 573.992
286.021 574.439
286.282 516.885
286.543 456.330
286.804 432.773
287.065 478.215
287.326 486.657
287.587 296.097
287.848 443.536
288.109 597.974
288.370 546.410
288.631 340.846
288.892 282.280
289.153 342.714
289.414 282.146
289.675 442.577
289.936 607.007
290.197 577.436
290.458 410.864
290.719 374.290
290.981 547.716
291.242 621.140
291.503 590.564
291.764 389.986
292.025 217.407
292.286 294.827
292.547 448.246
292.808 455.664
293.069 469.081
293.330 474.497
293.591 511.912
293.852 443.325
294.113 398.738
294.374 372.149
294.635 405.560
294.896 484.969
295.157 488.378
295.418 507.785
295.679 553.191
295.941 559.596
296.202 495.000
296.463 462.403
296.724 545.805
296.985 551.206
297.246 533.606
297.507 367.005
297.768 301.403
298.029 453.800
298.290 613.196
298.551 649.591
298.812 670.984
299.073 491.377
299.334 320.769
299.595 467.160
299.856 506.549
300.117 637.938
300.378 543.326
300.639 347.712
300.901 336.098
301.162 431.483
301.423 486.867
301.684 619.249
301.945 649.631
302.206 443.012
302.467 458.391
302.728 386.770
302.989 420.148
303.250 523.525
303.511 599.900
303.772 570.275
304.033 497.649
304.294 443.022
304.555 438.394
304.816 493.765
305.077 528.135
305.338 386.504
305.599 356.872
305.861 476.239
306.122 540.605
306.383 482.971
306.644 482.335
306.905 382.698
307.166 507.061
307.427 476.422
307.688 469.783
307.949 457.142
308.210 504.501
308.471 537.859
308.732 433.215
308.993 354.571
309.254 414.926
309.515 319.280
309.776 477.633
310.037 494.986
310.298 307.337
310.559 348.687
310.821 550.037
311.082 579.385
311.343 423.733
311.604 324.080
311.865 319.426
312.126 327.771
312.387 400.115
312.648 418.458
312.909 427.800
313.170 486.142
313.434 484.482
313.698 435.822
313.963 512.160
314.227 406.498
314.491 396.835
314.755 511.172
315.019 496.507
315.284 275.841
315.548 473.175
315.812 530.507
316.076 589.839
316.340 565.170
316.604 501.500
316.869 569.830
317.133 532.158
317.397 596.486
317.661 613.812
317.925 543.138
318.190 510.463
318.454 429.788
318.718 410.111
318.982 517.433
319.246 582.755
319.511 655.076
319.775 472.396
320.039 536.715
320.303 533.034
320.567 548.351
320.832 565.668
321.096 492.984
321.360 489.299
321.624 475.613
321.888 380.927
322.153 388.240
322.417 343.551
322.681 305.863
322.945 544.173
323.209 550.482
323.473 479.791
323.738 482.099
324.002 495.406
324.266 600.712
324.530 577.018
324.794 488.323
325.059 396.627
325.323 378.930
325.587 453.232
325.851 429.534
326.115 601.835
326.380 544.135
326.644 481.434
326.908 445.733
327.172 393.031
327.436 508.328
327.701 533.624
327.965 516.919
328.229 558.214
328.493 401.508
328.757 417.801
329.022 521.094
329.286 357.386
329.550 376.677
329.814 458.967
330.078 484.256
330.342 471.545
330.607 477.833
330.871 509.121
331.135 604.407
331.399 658.693
331.663 472.978
331.928 463.263
332.192 551.546
332.456 483.829
332.720 534.111
332.984 461.393
333.249 505.674
333.513 485.954
333.777 411.233
334.041 375.512
334.305 446.790
334.570 479.067
334.834 369.344
335.098 586.619
335.362 636.895
335.626 547.169
335.891 451.443
336.155 500.716
336.419 476.988
336.683 306.260
336.947 462.531
337.211 489.801
337.476 378.071
337.740 449.340
338.004 472.608
338.268 461.875
338.532 552.142
338.797 531.408
339.061 572.674
339.325 609.939
339.589 671.203
339.853 525.467
340.118 432.729
340.382 546.992
340.646 662.253
340.910 516.514
341.174 485.774
341.439 450.034
341.703 477.293
341.967 468.551
342.231 450.809
342.495 406.066
342.759 544.322
343.024 557.578
343.288 649.833
343.552 547.087
343.816 353.341
344.080 454.594
344.345 492.846
344.609 355.098
344.873 278.349
345.137 454.600
345.401 549.850
345.666 389.099
345.930 560.348
346.194 633.596
346.458 411.843
346.722 410.090
346.987 412.337
347.251 537.582
347.515 707.827
347.779 504.072
348.043 434.315
348.308 417.558
348.572 380.801
348.836 350.043
349.100 435.284
349.364 312.525
349.628 306.765
349.893 413.005
350.157 496.244
350.421 505.482
350.685 522.720
350.949 497.957
351.214 370.194
351.478 406.430
351.742 502.665
352.006 522.900
352.270 488.134
352.535 412.368
352.799 388.601
353.063 503.833
353.327 434.065
353.591 390.297
353.856 452.527
354.120 550.758
354.384 640.987
354.648 667.216
354.912 609.445
355.177 529.673
355.441 438.900
355.705 633.127
355.969 634.353
356.233 534.579
356.497 545.804
356.762 562.029
357.026 510.253
357.290 435.476
357.554 478.699
357.818 546.922
358.083 542.144
358.347 516.365
358.611 498.586
358.875 525.806
359.139 464.025
359.404 364.245
359.668 507.463
359.932 634.681
360.196 637.899
360.460 553.116
360.725 553.332
360.989 548.548
361.253 658.764
361.517 662.979
361.781 607.193
362.046 579.407
362.310 636.620
362.574 612.833
362.838 482.045
363.102 523.257
363.366 582.468
363.631 490.679
363.895 463.889
364.159 615.099
364.423 593.308
364.687 620.517
364.952 628.725
365.216 675.932
365.480 592.140
365.747 442.346
366.013 490.552
366.280 472.758
366.546 548.963
366.813 499.168
367.079 590.372
367.346 669.576
367.612 591.779
367.879 576.982
368.145 599.184
368.412 516.386
368.678 449.587
368.945 509.787
369.211 478.988
369.478 503.187
369.744 446.387
370.011 445.586
370.278 500.784
370.544 473.982
370.811 538.179
371.077 552.376
371.344 482.572
371.610 470.768
371.877 490.964
372.143 586.159
372.410 674.354
372.676 683.548
372.943 688.741
373.209 584.934
373.476 425.127
373.742 398.319
374.009 580.511
374.276 601.702
374.542 546.893
374.809 468.084
375.075 331.274
375.342 322.463
375.608 358.652
375.875 378.841
376.141 636.029
376.408 641.216
376.674 566.404
376.941 496.591
377.207 533.777
377.474 889.963
377.740 765.148
378.007 481.333
378.273 564.518
378.540 687.702
378.807 538.886
379.073 443.069
379.340 469.252
379.606 489.434
379.873 443.616
380.139 520.798
380.406 572.979
380.672 509.160
380.939 451.340
381.205 411.520
381.472 312.699
381.738 342.878
382.005 442.057
382.271 513.235
382.538 503.413
382.804 626.590
383.071 553.767
383.338 525.943
383.604 533.119
383.871 629.295
384.137 590.470
384.404 491.645
384.670 477.819
384.937 422.993
385.203 526.167
385.470 544.340
385.736 564.513
386.003 546.685
386.269 559.857
386.536 531.029
386.802 492.200
387.069 603.371
387.336 747.541
387.602 699.711
387.869 456.881
388.135 409.050
388.402 380.219
388.668 455.387
388.935 569.555
389.201 696.723
389.468 659.890
389.734 587.057
390.001 528.223
390.267 489.389
390.534 579.555
390.800 580.720
391.067 650.885
391.333 620.050
391.600 501.214
391.867 546.378
392.133 541.541
392.400 460.704
392.666 397.867
392.933 626.029
393.199 688.191
393.466 532.352
393.732 494.514
393.999 604.674
394.265 559.835
394.532 451.995
394.798 539.154
395.065 487.314
395.331 547.473
395.598 562.631
395.864 565.789
396.131 626.947
396.398 654.105
396.664 663.262
396.931 696.418
397.197 816.575
397.464 752.731
397.730 907.887
397.997 974.042
398.263 979.197
398.530 1066.351
398.796 1226.506
399.063 1260.660
399.329 1190.813
399.596 1380.966
399.862 1423.119
400.129 1547.272
400.396 1598.424
400.662 1379.576
400.929 1509.727
401.195 1620.878
401.462 1776.029
401.728 1883.180
401.995 1909.330
402.261 1790.479
402.528 1818.629
402.794 1869.778
403.061 1994.927
403.327 2073.075
403.594 1935.223
403.860 1793.371
404.127 1766.518
404.393 1834.665
404.660 1773.812
404.931 1687.958
405.202 1696.104
405.473 1534.250
405.745 1626.396
406.016 1880.541
406.287 1727.685
406.558 1601.830
406.829 1790.974
407.100 1671.118
407.371 1902.261
407.642 2004.404
407.914 1848.547
408.185 1724.690
408.456 1756.832
408.727 1937.974
408.998 1878.115
409.269 1999.256
409.540 2206.397
409.811 1923.538
410.083 1863.678
410.354 1852.818
410.625 1733.958
410.896 1813.097
411.167 1966.236
411.438 1990.375
411.709 1777.513
411.981 1910.651
412.252 1710.789
412.523 1522.927
412.794 1656.064
413.065 1689.201
413.336 1429.337
413.607 1471.474
413.878 1460.610
414.150 1375.745
414.421 1225.881
414.692 1141.016
414.963 1078.151
415.234 1239.285
415.505 1197.419
415.776 1199.553
416.047 1168.687
416.319 1101.820
416.590 871.953
416.861 654.086
417.132 892.218
417.403 927.350
417.674 754.482
417.945 613.613
418.217 609.745
418.488 718.876
418.759 576.006
419.030 512.137
419.301 571.267
419.572 659.397
419.843 655.526
420.114 535.655
420.386 493.784
420.657 626.913
420.928 590.041
421.199 507.170
421.470 506.297
421.741 429.425
422.012 479.552
422.283 464.679
422.555 445.806
422.826 561.932
423.097 631.059
423.368 606.184
423.639 533.310
423.910 549.435
424.181 530.561
424.453 478.685
424.724 751.810
424.995 787.934
425.266 568.058
425.537 483.182
425.808 622.305
426.079 649.429
426.350 556.551
426.622 573.674
426.893 694.796
427.164 612.919
427.435 532.040
427.706 526.162
427.977 556.283
428.248 541.405
428.519 608.525
428.791 541.646
429.062 595.766
429.333 548.886
429.604 576.006
429.875 647.126
430.146 709.245
430.417 679.364
430.689 615.483
430.960 477.601
431.231 503.719
431.502 702.837
431.773 694.955
432.044 587.073
432.315 730.190
432.586 699.307
432.858 712.423
433.129 533.540
433.400 543.656
433.671 581.772
433.942 547.888
434.213 445.003
434.484 497.119
434.755 647.234
435.027 525.348
435.298 586.463
435.569 596.577
435.840 444.691
436.116 513.805
436.391 594.919
436.667 588.032
436.942 613.145
437.218 671.258
437.493 713.370
437.769 759.483
438.045 673.595
438.320 606.707
438.596 636.818
438.871 557.930
439.147 542.041
439.422 488.152
439.698 433.263
439.974 478.373
440.249 588.483
440.525 604.593
440.800 450.703
441.076 517.813
441.351 631.922
441.627 721.031
441.903 663.140
442.178 477.248
442.454 505.357
442.729 715.465
443.005 552.573
443.281 658.681
443.556 803.788
443.832 694.895
444.107 532.002
444.383 526.109
444.658 561.216
444.934 447.322
445.210 655.428
445.485 711.534
445.761 701.640
446.036 643.746
446.312 675.851
446.587 662.956
446.863 490.061
447.139 518.165
447.414 586.270
447.690 615.374
447.965 610.478
448.241 568.582
448.516 582.685
448.792 544.788
449.068 565.892
449.343 625.994
449.619 509.097
449.894 538.200
450.170 514.302
450.445 670.404
450.721 671.506
450.997 444.607
451.272 616.709
451.548 484.810
451.823 398.911
452.099 555.012
452.375 497.112
452.650 440.213
452.926 569.313
453.201 627.413
453.477 836.513
453.752 711.612
454.028 509.712
454.304 537.811
454.579 660.910
454.855 647.008
455.130 663.107
455.406 779.205
455.681 710.303
455.957 647.401
456.233 627.499
456.508 606.597
456.784 632.694
457.059 601.791
457.335 780.888
457.610 695.985
457.886 621.081
458.162 611.178
458.437 629.274
458.713 681.370
458.988 656.466
459.264 729.561
459.539 728.657
459.815 630.752
460.091 558.847
460.366 520.942
460.642 504.036
460.917 544.131
461.193 615.225
461.468 572.319
461.744 564.413
462.020 486.506
462.295 535.600
462.571 502.693
462.846 496.786
463.122 683.879
463.397 743.972
463.673 601.463
463.949 558.598
464.224 595.653
464.500 637.703
464.775 499.433
465.051 501.521
465.327 641.974
465.602 734.238
465.878 722.076
466.153 558.771
466.429 796.183
466.704 992.086
466.980 866.160
467.256 826.250
467.531 945.286
467.807 932.295
468.082 894.308
468.358 858.468
468.633 912.348
468.909 833.120
469.185 776.760
469.460 894.331
469.736 945.673
470.011 788.663
470.287 800.031
470.562 944.877
470.838 850.057
471.114 894.438
471.389 906.648
471.665 889.453
471.940 975.461
472.216 965.428
472.491 841.874
472.767 865.128
473.043 1007.204
473.318 1083.356
473.594 910.849
473.869 828.445
474.145 751.218
474.421 704.509
474.696 733.080
474.972 641.246
475.247 649.122
475.523 766.673
475.798 797.103
476.074 681.306
476.350 648.806
476.625 631.204
476.901 699.588
477.176 662.301
477.452 551.845
477.727 534.636
478.003 408.161
478.279 612.514
478.554 732.517
478.830 705.880
479.105 702.500
479.381 705.928
479.656 598.507
479.932 663.840
480.208 740.174
480.483 694.008
480.759 730.491
481.034 663.169
481.310 626.888
481.585 650.908
481.861 639.901
482.137 576.901
482.412 656.885
482.688 668.699
482.963 713.245
483.239 764.715
483.514 511.288
483.790 581.346
484.066 804.621
484.341 684.137
484.617 584.831
484.892 707.129
485.168 727.109
485.443 570.401
485.719 561.533
485.995 656.727
486.270 637.324
486.546 535.251
486.821 471.036
487.097 400.094
487.373 513.189
487.648 715.011
487.924 687.836
488.199 489.791
488.475 325.820
488.750 392.904
489.026 527.811
489.302 512.185
489.577 499.013
489.853 552.468
490.128 721.005
490.404 644.054
490.679 424.950
490.955 596.653
491.231 762.905
491.506 736.328
491.782 574.538
492.057 487.944
492.333 626.961
492.608 589.853
492.884 576.228
493.160 459.863
493.435 466.721
493.711 599.147
493.986 565.332
494.262 565.960
494.537 549.366
494.813 562.735
495.089 500.493
495.364 591.921
495.640 587.082
495.915 535.091
496.191 707.477
496.467 662.926
496.742 597.973
497.018 616.995
497.293 579.555
497.569 614.784
497.844 556.668
498.120 674.561
498.396 667.043
498.671 560.528
498.947 646.995
499.222 610.930
499.498 552.903
499.773 648.497
500.049 688.745
500.325 582.717
500.600 657.954
500.876 671.697
501.151 771.410
501.427 810.409
501.702 832.400
501.978 763.124
502.254 794.944
502.529 747.937
502.805 889.748
503.080 1008.659
503.356 880.585
503.631 794.677
503.907 797.368
504.183 779.220
504.458 864.310
504.734 835.195
505.009 916.155
505.285 877.678
505.560 819.227
505.836 822.150
506.112 845.499
506.387 760.548
506.663 758.837
506.938 769.017
507.214 806.498
507.490 863.328
507.765 777.762
508.041 805.076
508.316 908.071
508.592 762.302
508.867 824.983
509.143 887.538
509.419 780.068
509.694 660.215
509.970 697.394
510.245 647.016
510.521 682.435
510.796 586.915
511.072 493.075
511.348 563.943
511.623 658.725
511.899 623.029
512.174 750.579
512.450 739.979
512.725 623.973
513.001 510.436
513.277 454.550
513.552 652.333
513.828 683.655
514.103 612.110
514.379 663.074
514.654 590.966
514.930 641.931
515.206 953.436
515.481 840.643
515.757 612.811
516.032 530.082
516.308 684.383
516.583 718.900
516.859 621.165
517.135 588.121
517.410 652.152
517.686 667.763
517.961 615.346
518.237 618.094
518.513 544.354
518.788 731.510
519.064 788.073
519.339 698.074
519.615 609.623
519.890 626.454
520.166 654.812
520.442 808.236
520.717 817.921
520.993 800.465
521.268 716.020
521.544 742.066
521.819 702.275
522.095 699.741
522.371 785.419
522.646 794.107
522.922 905.474
523.197 852.851
523.473 900.897
523.748 869.377
524.024 767.043
524.300 793.895
524.575 792.997
524.851 860.997
525.126 852.584
525.402 889.821
525.677 962.606
525.953 830.769
526.229 813.618
526.504 758.951
526.780 920.807
527.055 897.822
527.331 872.999
527.606 973.509
527.882 953.496
528.158 781.094
528.433 960.194
528.709 856.604
528.984 866.257
529.260 942.018
529.535 932.524
529.811 774.079
530.087 671.680
530.362 718.626
530.638 822.899
530.913 881.438
531.189 870.762
531.465 748.231
531.740 723.889
532.016 836.831
532.291 775.959
532.567 779.456
532.842 809.551
533.118 839.490
533.394 937.448
533.669 813.841
533.945 676.738
534.220 684.575
534.496 840.117
534.771 734.754
535.047 743.331
535.323 745.089
535.598 766.856
535.874 831.137
536.149 782.151
536.425 680.232
536.700 682.244
536.976 745.402
537.252 864.932
537.527 787.251
537.803 833.475
538.078 934.644
538.354 1038.927
538.629 988.823
538.905 981.988
539.181 1128.950
539.456 1097.446
539.732 1282.197
540.007 1327.661
540.283 1138.316
540.558 1099.734
540.834 1145.485
541.110 1096.179
541.385 1105.144
541.661 1223.019
541.936 1261.946
542.212 1190.642
542.488 1203.580
542.763 1324.546
543.039 1374.524
543.314 1468.824
543.590 1425.649
543.865 1406.834
544.141 1385.041
544.417 1366.226
544.692 1340.460
544.968 1521.248
545.243 1469.135
545.519 1248.265
545.794 1332.064
546.070 1391.759
546.348 1273.793
546.627 1105.581
546.905 1263.948
547.183 1288.302
547.461 1342.972
547.740 1406.579
548.018 1280.793
548.296 1196.157
548.575 1058.175
548.853 1048.296
549.131 1128.785
549.409 1232.876
549.688 1358.919
549.966 1352.026
550.244 1419.538
550.523 1353.762
550.801 1333.660
551.079 1343.272
551.357 1429.377
551.636 1386.513
551.914 1410.456
552.192 1424.313
552.471 1458.346
552.749 1519.562
553.027 1535.833
553.306 1583.537
553.584 1690.764
553.862 1692.100
554.140 1766.806
554.419 1761.664
554.697 1920.381
554.975 2034.989
555.254 2045.757
555.532 1858.261
555.810 1868.204
556.088 1995.092
556.367 1879.269
556.645 1767.567
556.923 1801.662
557.202 1748.453
557.480 1798.260
557.758 1669.502
558.036 1646.272
558.315 1564.720
558.593 1619.946
558.871 1578.367
559.150 1520.292
559.428 1549.760
559.706 1441.160
559.984 1433.059
560.263 1604.337
560.541 1532.961
560.819 1476.681
561.098 1515.234
561.376 1417.203
561.654 1218.211
561.932 1095.272
562.211 1155.654
562.489 1139.369
562.767 974.215
563.046 843.592
563.324 759.335
563.602 852.329
563.880 811.250
564.159 830.489
564.437 866.172
564.715 696.223
564.994 615.654
565.272 738.540
565.550 632.412
565.828 539.974
566.107 695.782
566.385 676.030
566.663 541.069
566.942 533.949
567.220 606.040
567.498 759.552
567.776 584.596
568.055 525.026
568.333 657.763
568.611 720.732
568.890 624.437
569.168 547.502
569.446 566.433
569.725 542.322
570.003 416.763
570.281 418.177
570.559 568.125
570.838 569.687
571.116 647.803
571.394 713.738
571.673 751.332
571.951 732.688
572.229 642.441
572.507 629.503
572.786 621.405
573.064 581.158
573.342 599.702
573.621 487.746
573.899 578.521
574.177 806.669
574.455 769.378
574.734 616.554
575.012 631.275
575.290 611.368
575.569 647.305
575.847 672.518
576.125 621.531
576.403 493.501
576.682 598.258
576.960 733.470
577.243 769.209
577.527 644.887
577.810 524.733
578.093 525.294
578.377 549.102
578.660 577.802
578.944 583.773
579.227 589.923
579.510 643.078
579.794 629.870
580.077 562.886
580.360 571.424
580.644 574.020
580.927 561.711
581.210 596.545
581.494 586.820
581.777 658.916
582.061 625.750
582.344 581.551
582.627 536.728
582.911 556.711
583.194 535.353
583.477 608.249
583.761 669.170
584.044 721.108
584.327 618.974
584.611 573.062
584.894 607.070
585.178 557.162
585.461 549.212
585.744 631.172
586.028 592.845
586.311 668.886
586.594 671.928
586.878 598.970
587.161 601.011
587.444 679.053
587.728 614.094
588.011 698.136
588.295 597.177
588.578 561.656
588.861 725.534
589.145 592.300
589.428 615.957
589.711 541.382
589.995 506.916
590.278 670.793
590.562 611.505
590.845 562.983
591.128 765.056
591.412 717.192
591.695 612.055
591.978 724.259
592.262 667.081
592.545 553.129
592.828 703.422
593.112 597.078
593.395 543.279
593.679 538.794
593.962 645.407
594.245 628.885
594.529 569.223
594.812 461.341
595.095 410.098
595.379 615.877
595.662 671.200
595.945 604.039
596.229 513.201
596.512 533.016
596.796 584.128
597.079 635.074
597.362 710.360
597.646 755.196
597.929 678.083
598.212 639.903
598.496 623.143
598.779 699.565
599.062 744.026
599.346 596.976
599.629 548.102
599.913 567.305
600.196 632.368
600.479 631.783
600.763 608.798
601.046 501.444
601.329 569.889
601.613 639.179
601.896 582.186
602.179 677.919
602.463 625.894
602.746 627.896
603.030 720.271
603.313 725.490
603.596 534.163
603.880 562.108
604.163 644.498
604.446 586.117
604.730 538.162
605.013 593.445
605.296 695.924
605.580 665.598
605.863 732.236
606.147 576.543
606.430 557.971
606.713 689.555
606.997 591.344
607.280 769.863
607.563 646.611
607.847 578.567
608.130 678.659
608.414 723.041
608.697 650.670
608.980 652.323
609.264 743.194
609.547 656.312
609.830 619.130
610.114 662.261
610.397 638.790
610.680 672.447
610.964 663.998
611.247 690.504
611.531 622.522
611.814 502.833
612.097 504.831
612.381 651.430
612.664 819.916
612.947 613.867
613.231 535.394
613.514 627.311
613.797 709.861
614.081 733.472
614.364 696.179
614.648 670.674
614.931 589.176
615.214 567.600
615.498 602.608
615.781 587.488
616.064 600.319
616.348 710.590
616.631 715.265
616.914 769.714
617.198 704.497
617.481 638.522
617.765 669.758
618.048 698.095
618.331 638.899
618.615 584.229
618.898 716.675
619.181 744.377
619.465 687.779
619.748 603.738
620.031 568.727
620.315 572.298
620.598 683.019
620.882 753.245
621.165 881.265
621.448 801.776
621.732 749.872
622.015 611.597
622.298 618.833
622.582 713.297
622.865 669.089
623.148 628.164
623.432 685.512
623.715 583.444
623.999 793.274
624.282 760.972
624.565 810.827
624.849 649.895
625.132 499.022
625.415 798.451
625.699 917.353
625.982 785.197
626.265 664.473
626.549 614.341
626.832 751.748
627.116 742.691
627.399 544.745
627.682 571.906
627.966 599.561
628.249 625.148
628.532 629.578
628.816 803.875
629.099 687.872
629.383 636.166
629.666 597.965
629.949 562.346
630.233 576.171
630.516 619.089
630.799 655.484
631.083 554.957
631.366 484.015
631.649 422.345
631.933 432.737
632.216 612.543
632.500 631.830
632.783 639.730
633.066 638.522
633.350 656.026
633.633 657.354
633.916 626.972
634.200 575.343
634.483 612.179
634.766 683.999
635.050 621.123
635.333 508.289
635.617 551.988
635.900 630.593
636.183 690.924
636.467 626.974
636.750 623.935
637.033 619.248
637.317 584.604
637.600 592.543
637.883 565.725
638.167 570.853
638.450 608.203
638.734 549.243
639.017 647.587
639.300 690.688
639.584 594.655
639.867 777.097
640.150 681.710
640.434 706.997
640.717 719.449
641.000 651.254
641.284 738.199
641.567 646.308
641.851 647.931
642.134 760.491
642.417 740.183
642.701 838.192
642.984 825.287
643.267 785.663
643.551 682.696
643.834 606.513
644.117 647.172
644.401 587.826
644.684 647.836
644.968 733.588
645.251 694.467
645.534 587.554
645.818 553.811
646.101 724.313
646.384 772.228
646.668 798.548
646.951 757.261
647.235 750.483
647.518 708.218
647.801 798.471
648.085 914.182
648.368 908.490
648.651 784.458
648.935 919.673
649.218 1094.843
649.501 1032.754
649.785 995.087
650.068 1151.709
650.352 1244.421
650.635 1306.116
650.918 1284.674
651.202 1349.080
651.485 1563.114
651.768 1595.997
652.052 1568.177
652.335 1666.712
652.618 1797.397
652.902 1953.077
653.185 2201.091
653.469 2140.120
653.752 2120.226
654.035 2291.478
654.319 2448.688
654.602 2392.852
654.885 2412.240
655.169 2497.385
655.452 2408.826
655.735 2456.913
656.019 2570.292
656.302 2460.153
656.586 2482.036
656.869 2639.511
657.152 2641.823
657.436 2560.370
657.719 2747.079
658.002 2794.778
658.286 2694.599
658.569 2469.789
658.852 2397.883
659.136 2473.846
659.419 2328.697
659.703 2156.137
659.986 2179.516
660.269 2133.114
660.553 2002.926
660.836 2056.816
661.119 2202.170
661.403 2120.126
661.686 1979.645
661.969 1927.792
662.253 1857.772
662.536 1827.312
662.820 1928.096
663.103 1906.826
663.386 1920.039
663.670 1924.124
663.953 1812.969
664.236 1836.111
664.520 1804.730
664.803 1849.338
665.086 1894.052
665.370 1966.921
665.653 2093.595
665.937 2080.534
666.220 1869.608
666.503 1794.585
666.787 1872.706
667.070 1840.971
667.353 1811.527
667.637 1590.841
667.920 1587.826
668.204 1399.414
668.487 1262.106
668.770 1325.537
669.054 1135.137
669.337 1040.501
669.620 1038.490
669.904 950.901
670.187 958.014
670.470 1029.427
670.754 938.638
671.037 812.773
671.321 691.439
671.604 800.558
671.887 826.993
672.171 788.125
672.454 728.042
672.737 730.586
673.021 711.875
673.304 663.351
673.587 819.436
673.871 834.524
674.154 803.063
674.438 765.888
674.721 758.721
675.004 741.010
675.288 729.720
675.571 729.469
675.854 670.793
676.138 709.656
676.421 662.943
676.704 614.068
676.988 803.348
677.271 995.320
677.555 882.622
677.838 738.905
678.121 745.400
678.405 704.527
678.688 817.390
678.971 619.942
679.255 769.347
679.538 864.809
679.821 858.611
680.105 694.420
680.388 613.450
680.672 634.904
680.955 688.985
681.238 641.861
681.522 592.364
681.805 692.262
682.088 805.109
682.372 770.521
682.655 577.197
682.938 734.844
683.222 796.456
683.505 653.114
683.789 706.432
684.072 768.109
684.355 800.736
684.639 780.929
684.922 667.177
685.205 637.975
685.489 807.103
685.772 800.658
686.056 800.476
686.339 827.698
686.622 626.622
686.906 607.859
687.189 719.576
687.472 888.704
687.756 744.946
688.039 554.726
688.322 535.962
688.606 805.299
688.889 799.061
689.173 686.352
689.456 791.806
689.739 736.507
690.023 683.627
690.306 725.363
690.589 678.799
690.873 709.335
691.156 745.781
691.439 647.991
691.723 563.729
692.006 651.841
692.290 627.642
692.573 725.666
692.856 809.161
693.140 781.206
693.423 688.290
693.706 613.380
693.990 650.399
694.273 687.975
694.556 846.216
694.840 917.277
695.123 765.528
695.407 721.418
695.690 634.478
695.973 661.961
696.257 755.021
696.540 938.425
696.830 767.906
697.120 753.542
697.410 834.928
697.699 769.480
697.989 996.175
698.279 880.297
698.569 721.632
698.859 754.443
699.149 799.959
699.439 811.423
699.729 693.272
700.018 676.969
700.308 814.937
700.598 685.500
700.888 591.971
701.178 775.149
701.468 737.875
701.758 620.636
702.048 719.789
702.337 695.262
702.627 796.808
702.917 709.041
703.207 636.136
703.497 720.026
703.787 624.853
704.077 655.685
704.366 700.576
704.656 603.608
704.946 585.819
705.236 561.281
705.526 709.446
705.816 844.199
706.106 576.181
706.396 575.630
706.685 615.645
706.975 539.203
707.265 466.799
707.555 651.462
707.845 670.015
708.135 539.214
708.425 488.231
708.715 533.246
709.004 701.713
709.294 727.427
709.584 702.346
709.874 762.525
710.164 657.024
710.454 602.021
710.744 594.538
711.034 623.559
711.323 667.629
711.613 626.312
711.903 751.578
712.193 787.981
712.483 603.145
712.773 589.401
713.063 543.123
713.352 578.320
713.642 603.603
713.932 682.447
714.222 708.403
714.512 616.295
714.802 601.331
715.092 700.189
715.382 594.407
715.671 540.191
715.961 574.817
716.251 482.352
716.541 553.131
716.831 629.543
717.121 502.153
717.411 629.442
717.701 732.812
717.990 635.225
718.280 539.476
718.570 529.945
718.860 558.086
719.150 557.684
719.440 511.371
719.730 584.468
720.019 820.571
720.309 736.371
720.599 652.341
720.889 545.476
721.179 602.912
721.469 678.223
721.759 604.109
722.049 656.861
722.338 593.602
722.628 587.078
722.918 621.084
723.208 682.875
723.498 542.510
723.788 624.862
724.078 765.402
724.368 736.040
724.657 659.243
724.947 687.864
725.237 724.262
725.527 747.448
725.817 650.315
726.107 606.767
726.397 558.431
726.686 504.293
726.976 580.715
727.266 663.907
727.556 597.195
727.846 688.790
728.136 696.848
728.426 600.350
728.716 554.827
729.005 634.304
729.295 595.564
729.585 479.265
729.875 477.387
730.165 634.998
730.455 728.131
730.745 665.751
731.035 615.285
731.324 732.261
731.614 714.354
731.904 573.182
732.194 618.877
732.484 586.424
732.774 571.853
733.064 593.273
733.354 488.234
733.643 537.487
733.933 609.107
734.223 543.825
734.513 705.637
734.803 789.272
735.093 629.291
735.383 552.777
735.672 612.366
735.962 747.635
736.252 569.993
736.542 555.458
736.832 572.127
737.122 455.060
737.412 520.766
737.702 682.238
737.991 687.164
738.281 619.705
738.571 597.504
738.861 603.621
739.151 639.073
739.441 741.709
739.731 583.419
740.021 534.341
740.310 687.748
740.600 743.727
740.890 538.340
741.180 580.882
741.470 616.439
741.760 729.983
742.050 845.500
742.339 722.563
742.629 617.735
742.919 703.807
743.209 486.728
743.499 499.097
743.789 538.224
744.079 645.174
744.369 654.446
744.658 543.770
744.948 393.745
745.238 573.540
745.528 659.782
745.818 793.392
746.108 674.363
746.398 666.114
746.688 679.043
746.977 800.213
747.267 623.469
747.557 709.595
747.847 764.285
748.137 647.651
748.427 602.894
748.717 483.991
749.006 376.065
749.296 549.765
749.586 618.889
749.876 710.161
750.166 641.454
750.456 630.148
750.746 640.776
751.036 521.034
751.325 663.767
751.615 614.498
751.905 582.548
752.195 607.149
752.485 580.168
752.775 603.790
753.065 570.775
753.355 786.009
753.644 748.990
753.934 627.770
754.224 633.177
754.514 790.457
754.804 562.000
755.094 452.690
755.384 528.937
755.674 611.202
755.963 677.419
756.253 656.029
756.543 705.539
756.833 735.116
757.123 681.183
757.413 597.464
757.703 512.055
757.992 473.882
758.282 621.014
758.572 631.707
758.862 569.413
759.152 634.758
759.442 596.990
759.732 703.135
760.022 699.133
760.311 538.889
760.601 494.641
760.891 666.691
761.181 714.280
761.471 632.521
761.761 542.542
762.051 555.651
762.341 683.882
762.630 722.857
762.920 615.120
763.210 624.830
763.500 657.451
763.793 533.602
764.086 574.909
764.379 616.601
764.671 727.283
764.964 633.739
765.257 646.835
765.550 672.350
765.843 515.110
766.136 651.216
766.429 625.023
766.722 656.637
767.014 581.547
767.307 413.973
767.600 457.293
767.893 503.135
768.186 516.257
768.479 599.943
768.772 711.856
769.064 686.672
769.357 658.807
769.650 646.383
769.943 745.448
770.236 639.725
770.529 512.362
770.822 568.831
771.115 716.026
771.407 787.401
771.700 750.082
771.993 730.655
772.286 690.580
772.579 706.030
772.872 606.249
773.165 536.709
773.457 621.404
773.750 661.402
774.043 558.493
774.336 588.367
774.629 660.786
774.922 664.497
775.215 613.051
775.508 590.685
775.800 570.992
776.093 659.197
776.386 659.557
776.679 622.977
776.972 653.205
777.265 830.463
777.558 844.734
777.850 678.073
778.143 693.165
778.436 684.824
778.729 624.856
779.022 584.672
779.315 549.512
779.608 497.267
779.900 534.470
780.193 578.707
780.486 616.295
780.779 632.745
781.072 544.953
781.365 651.835
781.658 615.357
781.951 565.172
782.243 629.186
782.536 621.430
782.829 647.550
783.122 678.691
783.415 687.054
783.708 687.070
784.001 682.071
784.293 685.096
784.586 697.452
784.879 719.512
785.172 652.742
785.465 549.203
785.758 645.412
786.051 636.410
786.344 732.153
786.636 843.012
786.929 657.843
787.222 546.841
787.515 526.743
787.808 561.671
788.101 557.690
788.394 722.541
788.686 890.389
788.979 844.296
789.272 770.541
789.565 700.925
789.858 577.188
790.151 539.819
790.444 549.824
790.737 578.390
791.029 562.281
791.322 661.099
791.615 577.704
791.908 617.835
792.201 658.152
792.494 584.729
792.787 654.880
793.079 844.980
793.372 685.787
793.665 698.450
793.958 626.681
794.251 633.675
794.544 763.538
794.837 877.973
795.130 704.509
795.422 609.809
795.715 576.923
796.008 628.412
796.301 633.151
796.594 579.382
796.887 673.023
797.180 640.808
797.472 518.191
797.765 458.385
798.058 542.605
798.351 526.212
798.644 516.257
798.937 518.266
799.230 599.439
799.523 950.998
799.815 875.241
800.108 586.123
800.401 483.446
800.694 610.690
800.987 566.228
801.280 625.317
801.573 706.251
801.865 758.214
802.158 664.657
802.451 600.800
802.744 600.815
803.037 623.784
803.330 632.414
803.623 738.584
803.915 665.745
804.208 525.566
804.501 637.744
804.794 658.779
805.087 570.136
805.380 488.127
805.673 497.663
805.966 631.812
806.258 588.371
806.551 587.559
806.844 641.791
807.137 751.999
807.430 521.339
807.723 492.237
808.016 780.404
808.308 817.200
808.601 648.907
808.894 586.847
809.187 618.672
809.480 618.064
809.773 539.065
810.066 627.147
810.359 697.280
810.651 711.820
810.944 483.294
811.237 459.578
811.530 609.946
811.825 591.385
812.119 510.076
812.414 432.391
812.709 589.408
813.003 626.041
813.298 520.266
813.593 615.559
813.887 593.696
814.182 895.117
814.476 831.066
814.771 790.471
815.066 641.535
815.360 567.726
815.655 517.944
815.950 549.004
816.244 633.454
816.539 727.522
816.834 705.111
817.128 688.498
817.423 761.205
817.718 937.378
818.012 746.431
818.307 446.500
818.602 564.342
818.896 654.838
819.191 621.609
819.486 584.799
819.780 677.501
820.075 819.265
820.369 790.984
820.664 645.855
820.959 695.559
821.253 695.257
821.548 651.749
821.843 718.537
822.137 748.404
822.432 696.853
822.727 627.730
823.021 583.514
823.316 746.103
823.611 743.491
823.905 635.937
824.200 539.012
824.495 626.662
824.789 697.351
825.084 715.598
825.379 667.844
825.673 648.500
825.968 697.506
826.262 611.395
826.557 644.177
826.852 663.678
827.146 680.677
827.441 675.728
827.736 718.923
828.030 693.133
828.325 544.854
828.620 662.702
828.914 725.057
829.209 602.005
829.504 767.026
829.798 752.719
830.093 651.515
830.388 622.988
830.682 456.557
830.977 618.287
831.271 729.397
831.566 555.857
831.861 544.272
832.155 555.537
832.450 674.368
832.745 781.910
833.039 642.822
833.334 535.255
833.629 662.086
833.923 628.794
834.218 534.190
834.513 506.038
834.807 575.818
835.102 495.103
835.397 507.968
835.691 513.850
835.986 536.933
836.281 543.204
836.575 564.212
836.870 560.193
837.164 578.348
837.459 544.593
837.754 592.458
838.048 582.867
838.343 553.088
838.638 561.056
838.932 623.378
839.227 659.172
839.522 677.656
839.816 644.898
840.111 582.780
840.406 605.214
840.700 706.162
840.995 871.013
841.290 890.533
841.584 730.374
841.879 760.431
842.174 710.146
842.468 660.275
842.763 559.177
843.057 627.417
843.352 638.599
843.647 596.084
843.941 625.749
844.236 704.502
844.531 733.666
844.825 696.159
845.120 761.798
845.415 800.453
845.709 710.203
846.004 747.537
846.299 629.518
846.593 764.906
846.888 752.614
847.183 626.929
847.477 589.276
847.772 658.469
848.066 681.959
848.361 604.939
848.656 666.076
848.950 676.756
849.245 805.691
849.540 697.010
849.834 854.752
850.129 913.086
850.424 770.636
850.718 695.674
851.013 778.447
851.308 723.606
851.602 781.026
851.897 827.716
852.192 849.940
852.486 716.278
852.781 670.473
853.076 783.889
853.370 780.718
853.665 833.363
853.959 801.794
854.254 612.753
854.549 854.665
854.843 785.203
855.138 683.017
855.433 783.050
855.727 834.214
856.022 654.754
856.317 672.087
856.611 752.795
856.906 633.551
857.201 725.903
857.495 858.521
857.790 841.933
858.085 756.728
858.379 725.365
858.674 635.479
858.969 564.943
859.263 644.851
859.558 611.897
859.852 517.159
860.147 657.485
860.442 756.982
860.736 525.763
861.031 724.932
861.326 806.588
861.620 632.887
861.915 780.084
862.210 766.856
862.504 604.627
862.799 719.332
863.094 706.112
863.388 627.131
863.683 610.572
863.978 617.912
864.272 618.729
864.567 609.449
864.861 627.033
865.156 506.599
865.451 440.000
865.745 655.805
866.040 677.878
866.335 703.270
866.629 771.488
866.924 656.306
867.219 604.821
867.513 770.094
867.808 748.661
868.103 615.953
868.397 611.292
868.692 633.301
868.987 563.047
869.281 559.791
869.576 718.440
869.871 745.761
870.165 581.282
870.460 531.910
870.754 640.208
871.049 549.664
871.344 616.903
871.638 645.690
871.933 578.419
872.228 631.995
872.522 607.189
872.817 671.360
873.112 884.678
873.406 767.954
873.701 777.721
873.996 736.295
874.290 613.022
874.585 597.280
874.880 621.930
875.174 609.498
875.469 656.263
875.764 666.258
876.058 608.732
876.353 528.087
876.647 471.928
876.942 516.592
877.237 593.589
877.531 601.442
877.826 630.431
878.121 607.732
878.415 606.216
878.710 560.943
879.005 654.411
879.299 613.929
879.594 544.111
879.889 417.670
880.183 417.835
880.478 555.120
880.773 543.823
881.067 548.411
881.362 631.122
881.656 546.309
881.951 549.517
882.246 457.516
882.540 497.236
882.835 518.853
883.130 550.526
883.424 534.372
883.719 508.725
884.014 599.413
884.308 551.518
884.603 543.667
884.898 549.446
885.192 611.201
885.487 579.594
885.782 510.470
886.076 622.871
886.371 628.046
886.666 476.820
886.960 492.531
887.255 454.499
887.549 451.016
887.844 634.225
888.139 675.319
888.433 624.305
888.728 537.949
889.023 576.146
889.317 631.872
889.612 455.945
889.907 498.029
890.201 623.703
890.496 630.234
890.791 603.185
891.085 561.179
891.380 529.415
891.675 553.743
891.969 612.940
892.264 516.175
892.559 530.749
892.853 660.971
893.148 570.954
893.442 553.217
893.737 628.670
894.032 533.853
894.326 466.902
894.621 514.488
894.916 456.750
895.210 503.934
895.505 580.367
895.800 527.839
896.094 459.838
896.389 502.213
896.684 535.351
896.978 490.757
897.273 436.816
897.568 565.414
897.862 568.576
898.157 489.010
898.451 616.885
898.746 661.142
899.041 696.281
899.335 641.374
899.630 543.548
899.925 577.620
900.219 635.202
900.514 701.999
900.809 547.299
901.103 409.568
901.398 585.421
901.693 510.414
901.987 549.202
902.282 625.303
902.577 485.482
902.871 436.930
903.166 562.218
903.461 660.050
903.755 642.776
904.050 614.943
904.344 486.793
904.639 466.634
904.934 462.574
905.228 437.336
905.523 418.691
905.818 512.016
906.112 631.845
906.407 591.479
906.702 521.129
906.996 551.381
907.291 543.002
907.586 483.151
907.880 683.387
908.175 663.108
908.470 654.026
908.764 670.699
909.059 693.487
909.354 606.259
909.648 518.237
909.943 529.205
910.237 636.312
910.532 696.150
910.827 745.655
911.121 703.229
911.416 668.685
911.711 642.040
912.005 618.370
912.300 571.549
912.599 661.026
912.898 603.681
913.196 600.732
913.495 618.366
913.794 705.956
914.093 614.316
914.391 568.957
914.690 677.834
914.989 625.255
915.288 741.286
915.586 686.606
915.885 509.062
916.184 463.122
916.483 473.450
916.782 570.214
917.080 614.396
917.379 599.554
917.678 554.888
917.977 702.029
918.275 728.246
918.574 682.890
918.873 639.863
919.172 589.710
919.471 503.607
919.769 554.628
920.068 504.121
920.367 519.449
920.666 593.500
920.964 654.657
921.263 504.675
921.562 479.597
921.861 654.281
922.159 571.175
922.458 568.275
922.757 631.227
923.056 665.928
923.355 613.046
923.653 676.719
923.952 671.523
924.251 501.918
924.550 693.555
924.848 708.466
925.147 561.920
925.446 539.670
925.745 621.269
926.043 621.520
926.342 539.476
926.641 518.025
926.940 599.834
927.239 601.654
927.537 691.973
927.836 599.254
928.135 609.607
928.434 738.904
928.732 760.297
929.031 724.770
929.330 703.702
929.629 649.660
929.927 586.126
930.226 551.903
930.525 647.762
930.824 787.442
931.123 662.307
931.421 694.104
931.720 646.446
932.019 742.517
932.318 770.184
932.616 680.099
932.915 665.110
933.214 745.370
933.513 673.108
933.812 613.885
934.110 703.826
934.409 772.874
934.708 642.204
935.007 905.194
935.305 949.938
935.604 653.083
935.903 735.974
936.202 785.674
936.500 876.897
936.799 1014.996
937.098 884.526
937.397 798.948
937.696 744.771
937.994 720.789
938.293 797.658
938.592 702.479
938.891 788.336
939.189 897.338
939.488 961.383
939.787 1063.519
940.086 841.332
940.384 861.352
940.683 822.025
940.982 742.874
941.281 837.095
941.580 1126.591
941.878 1143.366
942.177 918.241
942.476 877.021
942.775 904.133
943.073 768.769
943.372 750.060
943.671 896.700
943.970 974.463
944.268 893.949
944.567 784.468
944.866 831.265
945.165 818.386
945.464 783.362
945.762 728.029
946.061 945.984
946.360 980.762
946.659 1036.732
946.957 988.085
947.256 894.398
947.555 752.002
947.854 842.760
948.153 835.229
948.451 830.575
948.750 908.045
949.049 849.669
949.348 1048.929
949.646 891.998
949.945 766.895
950.244 917.334
950.543 765.084
950.841 715.682
951.140 786.168
951.439 631.773
951.738 672.474
952.037 863.195
952.335 926.200
952.634 896.933
952.933 811.794
953.232 722.999
953.530 494.109
953.829 777.727
954.128 910.960
954.427 818.467
954.725 919.796
955.024 885.746
955.323 909.734
955.622 696.481
955.921 627.909
956.219 727.283
956.518 679.721
956.817 731.832
957.116 721.826
957.414 669.755
957.713 578.592
958.012 556.689
958.311 531.988
958.610 760.727
958.908 785.461
959.207 769.499
959.506 812.799
959.805 779.568
960.103 803.665
960.402 827.901
960.701 698.356
961.000 613.109
961.298 618.211
961.597 776.115
961.896 706.562
962.195 691.551
962.494 761.168
962.792 666.782
963.091 632.980
963.390 636.397
963.689 631.836
963.987 719.410
964.286 800.159
964.585 834.771
964.884 681.305
965.182 603.205
965.481 924.924
965.780 1029.203
966.080 881.932
966.380 777.878
966.680 720.014
966.981 726.732
967.281 736.919
967.581 623.921
967.881 718.812
968.181 728.416
968.481 690.300
968.781 658.462
969.082 612.755
969.382 690.905
969.682 743.739
969.982 775.293
970.282 805.181
970.582 641.987
970.882 595.108
971.183 732.777
971.483 638.726
971.783 694.523
972.083 754.543
972.383 777.123
972.683 688.728
972.983 741.600
973.284 648.859
973.584 597.736
973.884 625.165
974.184 650.326
974.484 717.965
974.784 601.679
975.084 563.400
975.385 606.983
975.685 652.198
975.985 608.639
976.285 637.589
976.585 625.490
976.885 563.950
977.185 619.795
977.486 686.430
977.786 664.482
978.086 762.384
978.386 732.120
978.686 570.241
978.986 555.547
979.286 590.554
979.587 653.562
979.887 552.570
980.187 508.578
980.487 520.586
980.787 606.594
981.087 624.602
981.387 768.610
981.688 656.618
981.988 499.626
982.288 562.634
982.588 639.642
982.888 642.650
983.188 564.657
983.488 696.665
983.789 723.673
984.089 685.681
984.389 630.689
984.689 565.697
984.989 555.705
985.289 578.712
985.589 654.720
985.890 639.728
986.190 543.736
986.490 592.744
986.790 702.751
987.090 658.759
987.390 659.767
987.690 676.775
987.991 580.782
988.291 592.790
988.591 574.798
988.891 470.806
989.191 483.813
989.491 654.821
989.791 636.829
990.092 652.837
990.392 708.844
990.692 678.852
990.992 619.860
991.292 538.867
991.592 675.875
991.892 685.883
992.193 704.890
992.493 644.898
992.793 608.906
993.093 591.913
993.393 573.921
993.693 579.928
993.993 652.936
994.294 735.944
994.594 640.951
994.894 599.959
995.194 629.966
995.494 515.974
995.794 523.982
996.094 531.989
996.395 635.997
996.695 787.004
996.995 582.012
997.295 485.019
997.595 504.027
997.895 473.034
998.195 512.042
998.496 552.049
998.796 504.057
999.096 725.064
999.396 638.072
999.696 669.079
999.996 693.087
1000.296 789.094
1000.597 794.102
1000.897 677.109
1001.197 633.117
1001.497 781.124
1001.797 582.131
1002.097 520.139
1002.397 653.146
1002.698 680.154
1002.998 748.161
1003.298 706.168
1003.598 578.176
1003.898 489.183
1004.198 622.191
1004.498 700.198
1004.799 638.205
1005.099 747.213
1005.399 817.220
1005.699 803.227
1005.999 774.235
1006.299 686.242
1006.599 811.249
1006.900 775.257
1007.200 619.264
1007.500 683.271
1007.800 649.279
1008.100 562.286
1008.400 508.293
1008.700 537.300
1009.001 534.308
1009.301 568.315
1009.601 764.322
1009.901 807.329
1010.201 721.337
1010.501 688.344
1010.801 818.351
1011.102 612.358
1011.402 630.366
1011.702 562.373
1012.002 509.380
1012.302 658.387
1012.602 678.394
1012.902 635.401
1013.203 669.409
1013.503 754.416
1013.803 732.423
1014.103 571.430
1014.403 687.437
1014.703 612.444
1015.003 594.452
1015.304 742.459
1015.604 814.466
1015.904 588.473
1016.204 513.480
1016.504 579.487
1016.804 635.494
1017.104 577.501
1017.405 598.508
1017.705 597.515
1018.005 593.523
1018.305 600.530
1018.605 578.537
1018.905 467.544
1019.205 454.551
1019.506 775.558
1019.806 788.565
1020.106 689.572
1020.406 721.579
1020.706 625.586
1021.006 672.593
1021.306 819.600
1021.607 650.607
1021.907 751.614
1022.207 758.621
1022.507 615.628
1022.807 572.635
1023.107 583.642
1023.407 587.649
1023.708 619.656
1024.008 538.662
1024.308 581.669
1024.608 589.676
1024.908 456.683
1025.208 607.690
1025.508 815.697
1025.809 796.704
1026.109 658.711
1026.409 716.718
1026.709 703.725
1027.009 636.732
1027.309 630.738
1027.609 498.745
1027.910 492.752
1028.210 692.759
1028.510 795.766
1028.810 880.773
1029.110 797.779
1029.410 690.786
1029.710 765.793
1030.011 778.800
1030.311 772.807
1030.611 624.814
1030.911 654.820
1031.211 685.827
1031.511 670.834
1031.811 794.841
1032.112 762.847
1032.412 613.854
1032.712 471.861
1033.012 581.868
1033.312 791.874
1033.612 721.881
1033.912 662.888
1034.212 583.895
1034.513 531.901
1034.813 549.908
1035.113 681.915
1035.413 543.922
1035.713 580.928
1036.013 650.935
1036.313 611.942
1036.614 669.948
1036.914 611.955
1037.214 501.962
1037.514 618.968
1037.814 567.975
1038.114 604.982
1038.414 626.988
1038.715 686.995
1039.015 540.002
1039.315 457.008
1039.615 626.015
1039.915 632.021
1040.215 558.028
1040.515 550.035
1040.816 698.041
1041.116 628.048
1041.416 519.054
1041.716 486.061
1042.016 518.068
1042.316 703.074
1042.616 614.081
1042.917 577.087
1043.217 591.094
1043.517 632.100
1043.817 691.107
1044.117 694.113
1044.417 614.120
1044.717 583.126
1045.018 596.133
1045.318 644.139
1045.618 660.146
1045.918 623.152
1046.218 546.159
1046.518 583.165
1046.818 615.172
1047.119 544.178
1047.419 801.185
1047.719 726.191
1048.019 586.198
1048.319 690.204
1048.619 678.211
1048.919 668.217
1049.220 633.223
1049.520 691.230
1049.820 593.236
1050.120 458.243
1050.420 656.249
1050.720 616.256
1051.020 630.262
1051.321 662.268
1051.621 722.275
1051.921 646.281
1052.221 555.288
1052.521 514.294
1052.821 470.300
1053.121 598.307
1053.422 707.313
1053.722 744.319
1054.022 630.326
1054.322 701.332
1054.622 636.338
1054.922 591.345
1055.222 686.351
1055.523 642.357
1055.823 640.364
1056.123 682.370
1056.423 636.376
1056.723 743.382
1057.023 684.389
1057.323 546.395
1057.624 628.401
1057.924 675.408
1058.224 637.414
1058.524 504.420
1058.824 682.426
1059.124 683.433
1059.424 572.439
1059.725 638.445
1060.025 590.451
1060.325 616.458
1060.625 586.464
1060.925 572.470
1061.225 571.476
1061.525 735.482
1061.826 663.489
1062.126 613.495
1062.426 687.501
1062.726 732.507
1063.026 678.513
1063.326 891.520
1063.626 826.526
1063.927 676.532
1064.227 656.538
1064.527 589.544
1064.827 758.550
1065.127 680.556
1065.427 483.563
1065.727 499.569
1066.028 693.575
1066.328 690.581
1066.628 549.587
1066.928 534.593
1067.228 594.599
1067.528 570.605
1067.828 528.611
1068.129 478.618
1068.429 670.624
1068.729 793.630
1069.029 636.636
1069.329 492.642
1069.629 603.648
1069.929 702.654
1070.230 747.660
1070.530 735.666
1070.830 634.672
1071.130 699.678
1071.430 676.684
1071.730 665.690
1072.030 713.696
1072.331 573.702
1072.631 578.708
1072.931 662.714
1073.231 660.720
1073.531 648.726
1073.831 613.732
1074.131 653.738
1074.432 746.744
1074.732 660.750
1075.032 580.756
1075.332 545.762
1075.632 562.768
1075.932 542.774
1076.232 503.780
1076.533 550.786
1076.833 635.792
1077.133 621.798
1077.433 613.804
1077.733 578.809
1078.033 672.815
1078.333 651.821
1078.634 634.827
1078.934 708.833
1079.234 567.839
1079.534 718.845
1079.834 828.851
1080.134 703.857
1080.434 675.863
1080.735 597.868
1081.035 623.874
1081.335 512.880
1081.635 540.886
1081.935 608.892
1082.235 587.898
1082.535 556.903
1082.836 622.909
1083.136 671.915
1083.436 699.921
1083.736 701.927
1084.036 634.933
1084.336 549.938
1084.636 602.944
1084.937 731.950
1085.237 741.956
1085.537 653.962
1085.837 698.967
1086.137 628.973
1086.437 715.979
1086.737 619.985
1087.038 622.990
1087.338 735.996
1087.638 748.002
1087.938 581.008
1088.238 457.013
1088.538 564.019
1088.838 729.025
1089.139 704.031
1089.439 546.036
1089.739 674.042
1090.039 681.048
1090.339 749.054
1090.639 659.059
1090.939 677.065
1091.240 565.071
1091.540 628.076
1091.840 605.082
1092.140 689.088
1092.453 654.093
1092.766 547.099
1093.079 547.105
1093.392 620.110
1093.705 591.116
1094.018 625.122
1094.330 797.127
1094.643 700.133
1094.956 785.139
1095.269 651.144
1095.582 657.150
1095.895 596.155
1096.208 551.161
1096.521 623.167
1096.834 694.172
1097.147 667.178
1097.460 696.183
1097.773 759.189
1098.085 603.195
1098.398 520.200
1098.711 570.206
1099.024 496.211
1099.337 578.217
1099.650 743.223
1099.963 780.228
1100.276 587.234
1100.589 540.239
1100.902 675.245
1101.215 668.250
1101.528 700.256
1101.841 583.261
1102.153 657.267
1102.466 758.272
1102.779 575.278
1103.092 544.283
1103.405 692.289
1103.718 633.294
1104.031 538.300
1104.344 628.305
1104.657 574.311
1104.970 922.316
1105.283 737.322
1105.596 561.327
1105.909 636.333
1106.221 733.338
1106.534 681.344
1106.847 533.349
1107.160 474.355
1107.473 488.360
1107.786 606.366
1108.099 468.371
1108.412 551.376
1108.725 682.382
1109.038 561.387
1109.351 647.393
1109.664 692.398
1109.977 607.404
1110.289 624.409
1110.602 621.414
1110.915 589.420
1111.228 601.425
1111.541 504.431
1111.854 494.436
1112.167 461.441
1112.480 517.447
1112.793 571.452
1113.106 573.457
1113.419 625.463
1113.732 589.468
1114.044 518.473
1114.357 664.479
1114.670 676.484
1114.983 558.490
1115.296 584.495
1115.609 692.500
1115.922 654.505
1116.235 637.511
1116.548 636.516
1116.861 590.521
1117.174 598.527
1117.487 632.532
1117.800 791.537
1118.112 692.543
1118.425 601.548
1118.738 536.553
1119.051 546.559
1119.364 581.564
1119.677 623.569
1119.990 562.574
1120.303 612.580
1120.616 713.585
1120.929 605.590
1121.242 672.595
1121.555 704.601
1121.868 686.606
1122.180 634.611
1122.493 461.616
1122.806 467.622
1123.119 662.627
1123.432 703.632
1123.745 687.637
1124.058 575.642
1124.371 569.648
1124.684 732.653
1124.997 635.658
1125.310 572.663
1125.623 504.668
1125.935 465.674
1126.248 574.679
1126.561 660.684
1126.874 620.689
1127.187 714.694
1127.500 766.699
1127.813 712.705
1128.126 645.710
1128.439 649.715
1128.752 740.720
1129.065 533.725
1129.378 371.730
1129.691 561.735
1130.003 599.741
1130.316 530.746
1130.629 551.751
1130.942 582.756
1131.255 556.761
1131.568 542.766
1131.881 578.771
1132.194 681.776
1132.507 686.782
1132.820 629.787
1133.133 718.792
1133.446 595.797
1133.759 786.802
1134.071 1196.807
1134.384 831.812
1134.697 714.817
1135.010 847.822
1135.323 677.827
1135.636 565.832
1135.949 504.837
1136.262 528.842
1136.575 560.847
1136.888 596.852
1137.201 581.857
1137.514 543.862
1137.826 661.868
1138.139 595.873
1138.452 599.878
1138.765 800.883
1139.078 823.888
1139.391 741.893
1139.704 691.898
1140.017 696.903
1140.330 594.908
1140.643 589.913
1140.956 580.918
1141.269 616.923
1141.582 661.928
1141.894 588.932
1142.207 729.937
1142.520 619.942
1142.833 722.947
1143.146 644.952
1143.459 522.957
1143.772 582.962
1144.085 662.967
1144.398 614.972
1144.711 578.977
1145.024 592.982
1145.337 639.987
1145.650 720.992
1145.962 603.997
1146.275 596.002
1146.588 507.007
1146.901 700.011
1147.214 683.016
1147.527 573.021
1147.840 667.026
1148.153 640.031
1148.466 679.036
1148.779 645.041
1149.092 713.046
1149.405 579.051
1149.718 611.055
1150.030 692.060
1150.343 637.065
1150.656 526.070
1150.969 583.075
1151.282 788.080
1151.595 700.085
1151.908 623.089
1152.221 442.094
1152.534 478.099
1152.847 779.104
1153.160 668.109
1153.473 681.114
1153.785 711.118
1154.098 652.123
1154.411 727.128
1154.724 660.133
1155.037 740.138
1155.350 660.143
1155.663 698.147
1155.976 640.152
1156.289 707.157
1156.602 576.162
1156.915 533.166
1157.228 534.171
1157.541 579.176
1157.853 576.181
1158.166 696.186
1158.479 765.190
1158.792 622.195
1159.105 642.200
1159.418 642.205
1159.731 655.209
1160.044 659.214
1160.357 720.219
1160.670 671.224
1160.983 550.228
1161.296 615.233
1161.609 735.238
1161.921 622.242
1162.234 567.247
1162.547 481.252
1162.860 483.257
1163.173 536.261
1163.486 703.266
1163.799 690.271
1164.112 632.275
1164.425 614.280
1164.738 547.285
1165.051 509.289
1165.364 545.294
1165.676 629.299
1165.989 727.303
1166.302 636.308
1166.615 694.313
1166.928 626.317
1167.241 688.322
1167.554 708.327
1167.867 690.331
1168.180 708.336
1168.493 592.341
1168.806 628.345
1169.119 607.350
1169.432 685.355
1169.744 645.359
1170.057 615.364
1170.370 703.369
1170.683 708.373
1170.996 587.378
1171.309 574.382
1171.622 562.387
1171.935 607.392
1172.248 804.396
1172.561 701.401
1172.874 632.405
1173.187 687.410
1173.500 718.414
1173.812 773.419
1174.125 691.424
1174.438 687.428
1174.751 590.433
1175.064 616.437
1175.377 721.442
1175.690 634.446
1176.003 567.451
1176.316 601.456
1176.629 612.460
1176.942 607.465
1177.255 576.469
1177.567 530.474
1177.880 550.478
1178.193 669.483
1178.506 587.487
1178.819 637.492
1179.132 696.496
1179.445 526.501
1179.758 692.505
1180.071 718.510
1180.384 532.514
1180.697 594.519
1181.010 684.523
1181.323 803.528
1181.635 752.532
1181.948 675.537
1182.261 596.541
1182.574 535.546
1182.887 625.550
1183.200 811.555
1183.513 748.559
1183.826 677.564
1184.139 686.568
1184.452 629.573
1184.765 561.577
1185.078 493.582
1185.391 594.586
1185.703 536.590
1186.016 441.595
1186.329 507.599
1186.642 655.604
1186.955 776.608
1187.268 631.613
1187.581 636.617
1187.894 607.621
1188.207 646.626
1188.520 585.630
1188.833 612.635
1189.146 496.639
1189.459 462.643
1189.771 562.648
1190.084 714.652
1190.397 618.657
1190.710 648.661
1191.023 715.665
1191.336 652.670
1191.649 614.674
1191.962 644.679
1192.275 538.683
1192.588 624.687
1192.901 787.692
1193.214 672.696
1193.526 615.700
1193.839 657.705
1194.152 524.709
1194.465 627.713
1194.778 601.718
1195.091 628.722
1195.404 557.726
1195.717 625.731
1196.030 703.735
1196.343 629.739
1196.656 506.744
1196.969 570.748
1197.282 641.752
1197.594 643.757
1197.907 746.761
1198.220 767.765
1198.533 608.770
1198.846 541.774
1199.159 582.778
1199.472 569.783
1199.785 650.787
1200.098 557.791
1200.411 704.795
1200.724 654.800
1201.037 598.804
1201.350 548.808
1201.662 526.813
1201.975 594.817
1202.288 619.821
1202.601 255.825
