165.028 71.927
165.288 19.537
165.547 53.150
165.807 116.766
166.067 37.385
166.327 -71.992
166.587 -35.367
166.847 101.261
167.107 118.892
167.367 114.526
167.627 187.163
167.886 137.803
168.146 136.446
168.406 308.091
168.666 262.739
168.926 174.390
169.186 164.044
169.446 173.700
169.706 70.359
169.966 112.021
170.225 137.685
170.485 153.352
170.745 213.022
171.005 358.694
171.265 187.368
171.525 113.045
171.785 46.724
172.045 3.406
172.305 166.090
172.564 148.777
172.824 -4.534
173.084 126.157
173.344 92.850
173.604 99.546
173.864 186.244
174.124 147.944
174.384 119.646
174.644 227.350
174.903 307.057
175.163 296.765
175.423 324.476
175.683 144.189
175.943 224.903
176.203 144.620
176.463 77.339
176.723 57.059
176.983 128.782
177.242 212.506
177.502 361.232
177.762 353.960
178.022 108.690
178.282 82.421
178.542 52.155
178.802 52.890
179.062 42.626
179.322 262.365
179.581 340.105
179.841 186.846
180.101 220.589
180.361 231.334
180.621 215.080
180.881 145.828
181.141 98.577
181.401 76.328
181.661 214.080
181.920 299.833
182.180 223.588
182.440 114.345
182.700 42.102
182.960 46.861
183.220 150.621
183.480 336.383
183.740 208.145
184.000 91.909
184.259 11.674
184.519 153.440
184.779 135.208
185.039 211.976
185.299 305.745
185.559 281.516
185.819 327.288
186.079 296.060
186.339 157.834
186.598 137.608
186.858 63.384
187.118 95.160
187.378 223.938
187.638 221.716
187.898 282.495
188.158 322.275
188.418 164.056
188.678 186.837
188.937 191.619
189.197 227.402
189.457 231.186
189.717 182.971
189.977 90.756
190.237 99.541
190.497 282.328
190.757 293.115
191.017 266.902
191.276 108.690
191.536 97.479
191.796 116.268
192.056 116.058
192.316 198.848
192.576 148.639
192.836 129.430
193.096 170.221
193.356 140.013
193.616 221.806
193.875 163.598
194.135 152.391
194.395 294.185
194.655 241.978
194.915 223.772
195.175 185.566
195.435 294.361
195.695 137.155
195.955 -2.050
196.214 194.745
196.474 334.541
196.734 279.336
196.994 261.131
197.254 227.927
197.514 180.723
197.774 236.519
198.034 176.314
198.294 148.110
198.553 175.906
198.813 141.702
199.073 36.498
199.333 118.294
199.593 320.090
199.853 332.886
200.113 416.681
200.373 400.477
200.633 215.272
200.892 154.068
201.152 130.863
201.412 131.658
201.672 234.453
201.932 434.248
202.192 370.042
202.452 194.836
202.712 167.630
202.972 217.424
203.231 373.218
203.491 338.011
203.751 224.804
204.011 254.596
204.271 330.389
204.531 143.181
204.791 129.972
205.051 187.763
205.311 302.554
205.570 183.345
205.830 181.135
206.090 181.924
206.350 271.713
206.610 453.502
206.870 246.290
207.130 181.078
207.390 216.865
207.650 189.652
207.909 283.438
208.169 319.224
208.429 275.009
208.689 112.793
208.949 212.577
209.209 340.361
209.469 184.144
209.729 143.926
209.989 207.707
210.248 69.488
210.508 377.269
210.768 392.048
211.028 198.827
211.288 248.606
211.548 216.383
211.808 301.160
212.068 385.936
212.328 352.712
212.587 390.487
212.847 311.261
213.107 341.034
213.367 290.806
213.627 291.578
213.887 239.349
214.147 172.119
214.407 268.889
214.667 271.657
214.926 369.425
215.186 307.192
215.446 367.958
215.706 310.723
215.966 274.487
216.226 275.251
216.486 241.013
216.746 272.775
217.006 311.536
217.265 242.295
217.525 217.054
217.785 298.812
218.045 346.570
218.305 258.326
218.565 215.081
218.825 320.835
219.085 395.588
219.345 253.341
219.604 173.092
219.864 287.842
220.124 315.592
220.384 277.340
220.644 300.087
220.904 221.834
221.164 210.579
221.424 203.323
221.684 197.067
221.943 237.809
222.203 347.550
222.463 292.290
222.723 200.029
222.983 266.767
223.243 229.504
223.503 268.239
223.763 168.974
224.023 133.708
224.282 318.440
224.542 379.171
224.802 372.902
225.062 337.631
225.322 436.359
225.582 366.086
225.842 304.811
226.102 329.536
226.362 269.259
226.621 319.982
226.881 238.703
227.141 310.423
227.401 357.142
227.661 270.859
227.921 414.576
228.181 307.291
228.441 251.005
228.701 406.718
228.960 461.430
229.220 298.140
229.480 189.849
229.740 350.557
230.000 439.264
230.260 262.970
230.520 202.674
230.780 256.377
231.040 276.079
231.299 244.780
231.559 239.480
231.819 265.178
232.079 383.875
232.339 395.571
232.599 208.265
232.859 360.958
233.119 490.650
233.379 300.341
233.638 288.030
233.898 392.719
234.158 386.405
234.418 280.091
234.678 350.775
234.938 379.459
235.198 221.140
235.458 211.821
235.718 291.500
235.978 274.178
236.237 277.855
236.497 316.530
236.757 387.204
237.017 320.877
237.277 361.548
237.537 387.218
237.797 281.887
238.057 413.555
238.317 321.221
238.576 170.886
238.836 279.549
239.096 354.212
239.356 321.873
239.616 355.532
239.876 347.191
240.136 279.847
240.396 431.503
240.656 505.157
240.915 363.810
241.175 300.462
241.435 256.113
241.695 349.762
241.955 430.409
242.215 515.056
242.475 475.701
242.735 311.344
242.995 405.987
243.254 390.628
243.514 288.267
243.774 154.906
244.034 299.543
244.294 533.178
244.554 403.813
244.814 374.445
245.074 319.077
245.334 298.707
245.593 339.336
245.853 316.964
246.113 258.590
246.373 330.215
246.633 389.839
246.893 342.461
247.153 385.082
247.413 451.701
247.673 372.319
247.932 333.936
248.192 389.551
248.452 411.166
248.712 378.778
248.972 253.390
249.232 422.000
249.492 355.609
249.752 222.216
250.012 411.822
250.271 366.427
250.531 399.030
250.791 610.632
251.051 556.233
251.311 381.832
251.571 230.430
251.831 331.026
252.091 391.622
252.351 350.216
252.610 366.808
252.870 506.399
253.130 362.989
253.390 307.578
253.650 452.165
253.911 409.751
254.172 383.335
254.433 345.918
254.694 320.500
254.955 385.081
255.216 346.660
255.477 510.238
255.738 454.814
255.999 258.389
256.261 378.963
256.522 391.536
256.783 395.107
257.044 272.677
257.305 232.245
257.566 251.812
257.827 256.378
258.088 300.943
258.349 292.506
258.610 401.068
258.871 434.628
259.132 480.187
259.393 369.745
259.654 288.302
259.915 255.857
260.176 335.411
260.437 405.964
260.698 326.515
260.959 280.065
261.221 385.614
261.482 482.161
261.743 416.707
262.004 368.252
262.265 578.795
262.526 545.338
262.787 341.879
263.048 333.418
263.309 358.956
263.570 479.493
263.831 403.029
264.092 346.563
264.353 246.096
264.614 473.628
264.875 421.159
265.136 335.688
265.397 557.216
265.658 602.742
265.919 628.268
266.181 568.792
266.442 406.315
266.703 349.836
266.964 297.356
267.225 315.875
267.486 359.393
267.747 479.910
268.008 479.425
268.269 533.939
268.530 521.451
268.791 479.963
269.052 493.473
269.313 422.982
269.574 435.489
269.835 498.996
270.096 442.501
270.357 469.005
270.618 397.507
270.879 303.008
271.141 351.509
271.402 426.007
271.663 372.505
271.924 448.001
272.185 435.497
272.446 402.991
272.707 397.483
272.968 316.975
273.229 364.465
273.490 405.954
273.751 361.442
274.012 382.928
274.273 493.414
274.534 434.898
274.795 431.381
275.056 458.862
275.317 375.343
275.578 296.822
275.839 358.300
276.101 300.777
276.362 273.253
276.623 330.727
276.884 492.201
277.145 489.673
277.406 501.144
277.667 399.613
277.928 323.082
278.189 545.549
278.450 548.015
278.711 467.480
278.972 448.944
279.233 399.407
279.494 514.868
279.755 653.329
280.016 636.788
280.277 398.246
280.538 473.703
280.799 397.158
281.061 369.613
281.322 345.066
281.583 319.518
281.844 305.969
282.105 305.419
282.366 470.868
282.627 455.315
282.888 495.762
283.149 490.207
283.410 406.651
283.671 440.094
283.932 448.536
284.193 262.977
284.454 331.416
284.715 395.855
284.976 366.292
285.237 460.729
285.498 713.164
285.759 594.598
286.021 575.031
286.282 473.463
286.543 469.893
286.804 501.323
287.065 489.751
287.326 506.179
287.587 341.605
287.848 424.030
288.109 571.454
288.370 523.877
288.631 315.299
288.892 281.720
289.153 392.140
289.414 375.559
289.675 546.976
289.936 655.393
290.197 597.808
290.458 457.223
290.719 388.636
290.981 536.048
291.242 609.459
291.503 552.869
291.764 384.279
292.025 245.687
292.286 325.094
292.547 472.499
292.808 423.904
293.069 468.308
293.330 465.711
293.591 470.113
293.852 462.513
294.113 399.913
294.374 397.312
294.635 448.709
294.896 446.106
295.157 493.501
295.418 501.896
295.679 523.289
295.941 505.682
296.202 485.073
296.463 505.464
296.724 566.853
296.985 573.242
297.246 514.629
297.507 398.016
297.768 336.401
298.029 496.785
298.290 673.169
298.551 627.551
298.812 667.933
299.073 486.313
299.334 397.693
299.595 536.071
299.856 553.449
300.117 648.825
300.378 568.201
300.639 369.575
300.901 351.949
301.162 431.322
301.423 528.693
301.684 640.064
301.945 666.434
302.206 409.803
302.467 409.170
302.728 378.537
302.989 416.903
303.250 489.268
303.511 562.632
303.772 534.995
304.033 517.358
304.294 484.719
304.555 416.079
304.816 509.438
305.077 581.797
305.338 440.154
305.599 410.511
305.861 457.867
306.122 545.221
306.383 477.575
306.644 489.928
306.905 372.280
307.166 584.631
307.427 552.981
307.688 433.330
307.949 386.679
308.210 436.026
308.471 469.373
308.732 452.718
308.993 369.063
309.254 379.407
309.515 278.750
309.776 445.092
310.037 497.433
310.298 257.773
310.559 308.113
310.821 500.451
311.082 464.789
311.343 348.126
311.604 317.462
311.865 317.797
312.126 338.131
312.387 381.464
312.648 425.797
312.909 400.128
313.170 424.459
313.434 498.789
313.698 419.118
313.963 517.446
314.227 423.773
314.491 431.100
314.755 512.425
315.019 474.750
315.284 287.074
315.548 458.397
315.812 481.719
316.076 534.041
316.340 514.361
316.604 485.681
316.869 562.000
317.133 559.318
317.397 646.636
317.661 636.952
317.925 476.268
318.190 432.583
318.454 427.897
318.718 364.210
318.982 506.522
319.246 624.834
319.511 730.145
319.775 507.455
320.039 478.764
320.303 483.073
320.567 544.380
320.832 544.687
321.096 461.993
321.360 477.298
321.624 462.603
321.888 379.907
322.153 408.209
322.417 374.512
322.681 311.813
322.945 489.114
323.209 567.413
323.473 500.712
323.738 494.011
324.002 479.308
324.266 593.605
324.530 570.901
324.794 478.196
325.059 435.491
325.323 411.784
325.587 445.077
325.851 420.369
326.115 638.661
326.380 554.952
326.644 534.241
326.908 521.531
327.172 436.819
327.436 449.107
327.701 443.394
327.965 435.680
328.229 492.966
328.493 348.251
328.757 362.535
329.022 523.818
329.286 394.101
329.550 410.382
329.814 467.664
330.078 513.944
330.342 464.224
330.607 428.503
330.871 523.781
331.135 660.059
331.399 613.336
331.663 488.612
331.928 486.887
332.192 567.162
332.456 560.436
332.720 522.710
332.984 464.982
333.249 508.254
333.513 485.526
333.777 392.796
334.041 402.066
334.305 487.335
334.570 528.604
334.834 359.872
335.098 554.139
335.362 638.406
335.626 556.671
335.891 440.937
336.155 446.201
336.419 438.465
336.683 348.728
336.947 450.991
337.211 440.252
337.476 327.514
337.740 397.774
338.004 417.034
338.268 399.293
338.532 469.552
338.797 451.810
339.061 527.067
339.325 629.323
339.589 700.579
339.853 540.835
340.118 501.089
340.382 608.343
340.646 687.597
340.910 453.849
341.174 449.101
341.439 464.353
341.703 518.604
341.967 489.854
342.231 434.103
342.495 392.352
342.759 497.601
343.024 527.848
343.288 619.095
343.552 547.342
343.816 348.587
344.080 422.833
344.345 520.077
344.609 406.321
344.873 300.565
345.137 462.807
345.401 501.049
345.666 349.291
345.930 518.532
346.194 606.772
346.458 445.012
346.722 413.251
346.987 388.489
347.251 522.727
347.515 677.965
347.779 497.201
348.043 421.438
348.308 437.673
348.572 386.908
348.836 306.143
349.100 345.376
349.364 324.610
349.628 315.842
349.893 433.074
350.157 589.306
350.421 542.537
350.685 554.767
350.949 459.997
351.214 345.226
351.478 428.454
351.742 433.683
352.006 478.910
352.270 462.137
352.535 380.363
352.799 426.589
353.063 507.814
353.327 389.039
353.591 332.263
353.856 412.487
354.120 492.710
354.384 565.932
354.648 607.154
354.912 586.375
355.177 490.596
355.441 376.816
355.705 584.036
355.969 641.255
356.233 531.474
356.497 476.692
356.762 450.910
357.026 434.127
357.290 468.343
357.554 491.559
357.818 481.775
358.083 472.989
358.347 444.204
358.611 464.418
358.875 493.631
359.139 490.844
359.404 413.056
359.668 514.268
359.932 615.479
360.196 594.690
360.460 443.900
360.725 481.110
360.989 564.319
361.253 682.528
361.517 644.736
361.781 613.943
362.046 602.150
362.310 628.357
362.574 601.563
362.838 483.769
363.102 513.974
363.366 523.179
363.631 430.383
363.895 466.586
364.159 599.790
364.423 579.992
364.687 577.194
364.952 631.396
365.216 634.597
365.480 549.798
365.747 450.998
366.013 462.198
366.280 496.397
366.546 582.596
366.813 499.794
367.079 549.992
367.346 627.189
367.612 584.386
367.879 557.582
368.145 636.778
368.412 527.973
368.678 486.168
368.945 605.363
369.211 517.557
369.478 524.750
369.744 525.943
370.011 547.136
370.278 557.328
370.544 477.520
370.811 478.711
371.077 470.902
371.344 464.092
371.610 531.282
371.877 561.471
372.143 602.660
372.410 652.849
372.676 706.037
372.943 696.224
373.209 596.411
373.476 469.598
373.742 425.784
374.009 567.970
374.276 601.155
374.542 546.340
374.809 448.524
375.075 336.708
375.342 313.892
375.608 346.075
375.875 398.258
376.141 588.440
376.408 579.622
376.674 523.803
376.941 409.984
377.207 426.165
377.474 850.345
377.740 749.524
378.007 449.704
378.273 528.883
378.540 635.061
378.807 516.239
379.073 417.416
379.340 448.594
379.606 517.770
379.873 513.947
380.139 530.122
380.406 606.298
380.672 530.473
380.939 460.648
381.205 421.822
381.472 317.996
381.738 344.169
382.005 528.342
382.271 599.514
382.538 524.687
382.804 598.858
383.071 564.030
383.338 535.201
383.604 515.371
383.871 620.541
384.137 630.711
384.404 529.880
384.670 570.049
384.937 514.218
385.203 568.386
385.470 545.554
385.736 527.721
386.003 550.888
386.269 520.055
386.536 460.221
386.802 481.387
387.069 579.552
387.336 704.717
387.602 671.882
387.869 453.046
388.135 389.210
388.402 342.374
388.668 431.537
388.935 554.700
389.201 665.862
389.468 652.024
389.734 655.186
390.001 643.347
390.267 508.508
390.534 585.668
390.800 550.828
391.067 576.988
391.333 600.147
391.600 501.306
391.867 528.465
392.133 574.623
392.400 503.781
392.666 411.939
392.933 581.096
393.199 675.253
393.466 526.409
393.732 476.565
393.999 573.721
394.265 602.876
394.532 506.031
394.798 578.186
395.065 442.340
395.331 546.494
395.598 651.648
395.864 633.801
396.131 692.954
396.398 702.107
396.664 752.259
396.931 830.411
397.197 1025.562
397.464 1050.713
397.730 1341.864
397.997 1429.015
398.263 1425.165
398.530 1612.314
398.796 1907.464
399.063 2020.613
399.329 1977.762
399.596 2158.910
399.862 2127.058
400.129 2164.206
400.396 2261.353
400.662 2033.500
400.929 2064.647
401.195 2031.793
401.462 2072.939
401.728 2250.085
401.995 2271.231
402.261 2214.376
402.528 2280.520
402.794 2388.665
403.061 2553.809
403.327 2696.953
403.594 2651.096
403.860 2605.239
404.127 2506.382
404.393 2638.524
404.660 2757.667
404.931 2748.808
405.202 2671.950
405.473 2627.091
405.745 2788.232
406.016 3098.372
406.287 3083.513
406.558 2996.653
406.829 3196.792
407.100 3129.931
407.371 3331.070
407.642 3407.209
407.914 3275.347
408.185 3173.485
408.456 3126.623
408.727 3335.761
408.998 3426.898
409.269 3618.035
409.540 3622.171
409.811 3274.307
410.083 3224.443
410.354 3307.579
410.625 3214.714
410.896 3256.849
411.167 3245.984
411.438 3233.118
411.709 3001.252
411.981 3084.386
412.252 2760.519
412.523 2490.653
412.794 2540.785
413.065 2491.918
413.336 2255.050
413.607 2220.182
413.878 2135.314
414.150 2011.445
414.421 1830.577
414.692 1683.707
414.963 1532.838
415.234 1648.968
415.505 1563.098
415.776 1570.228
416.047 1545.357
416.319 1369.486
416.590 1120.615
416.861 921.744
417.132 1035.872
417.403 1007.000
417.674 915.128
417.945 782.255
418.217 748.382
418.488 867.509
418.759 680.636
419.030 574.762
419.301 615.888
419.572 668.014
419.843 636.139
420.114 539.264
420.386 495.389
420.657 710.514
420.928 636.638
421.199 556.763
421.470 526.886
421.741 413.010
422.012 496.133
422.283 501.256
422.555 538.379
422.826 561.501
423.097 659.624
423.368 636.746
423.639 473.867
423.910 559.989
424.181 518.110
424.453 438.231
424.724 723.351
424.995 763.472
425.266 572.592
425.537 515.712
425.808 649.831
426.079 722.951
426.350 625.070
426.622 564.189
426.893 714.307
427.164 618.426
427.435 488.544
427.706 519.661
427.977 569.779
428.248 538.896
428.519 634.013
428.791 580.130
429.062 635.247
429.333 500.363
429.604 474.479
429.875 611.595
430.146 675.710
430.417 652.825
430.689 620.940
430.960 500.055
431.231 489.170
431.502 652.284
431.773 664.398
432.044 602.512
432.315 773.626
432.586 723.739
432.858 702.852
433.129 530.965
433.400 545.077
433.671 653.190
433.942 633.302
434.213 446.414
434.484 422.525
434.755 533.637
435.027 471.748
435.298 552.859
435.569 556.970
435.840 442.080
436.116 495.190
436.391 603.300
436.667 650.410
436.942 683.520
437.218 703.629
437.493 709.738
437.769 722.847
438.045 650.955
438.320 651.064
438.596 682.172
438.871 601.280
439.147 565.388
439.422 463.495
439.698 399.602
439.974 465.709
440.249 624.816
440.525 612.923
440.800 426.029
441.076 541.135
441.351 693.241
441.627 772.347
441.903 681.452
442.178 485.557
442.454 521.662
442.729 709.767
443.005 563.872
443.281 649.976
443.556 810.080
443.832 756.184
444.107 584.288
444.383 600.391
444.658 610.494
444.934 457.597
445.210 635.700
445.485 719.803
445.761 683.905
446.036 658.007
446.312 695.109
446.587 675.211
446.863 486.313
447.139 554.414
447.414 572.515
447.690 626.616
447.965 634.717
448.241 543.817
448.516 590.918
448.792 591.018
449.068 620.118
449.343 623.217
449.619 505.317
449.894 562.416
450.170 538.515
450.445 716.614
450.721 747.713
450.997 478.811
451.272 588.909
451.548 588.007
451.823 571.105
452.099 601.203
452.375 535.300
452.650 551.397
452.926 572.494
453.201 597.591
453.477 875.688
453.752 742.784
454.028 603.881
454.304 635.977
454.579 737.072
454.855 706.168
455.130 632.264
455.406 787.359
455.681 718.454
455.957 599.549
456.233 572.643
456.508 598.738
456.784 683.832
457.059 724.926
457.335 833.020
457.610 692.114
457.886 654.207
458.162 600.301
458.437 563.394
458.713 703.487
458.988 682.580
459.264 723.672
459.539 699.765
459.815 632.857
460.091 539.949
460.366 497.041
460.642 491.132
460.917 529.224
461.193 580.315
461.468 526.406
461.744 480.497
462.020 444.588
462.295 557.678
462.571 574.769
462.846 596.859
463.122 657.949
463.397 668.039
463.673 541.587
463.949 576.641
464.224 553.753
464.500 602.793
464.775 576.485
465.051 568.437
465.327 695.966
465.602 792.166
465.878 773.066
466.153 621.684
466.429 869.146
466.704 1103.895
466.980 1026.190
467.256 1080.277
467.531 1175.540
467.807 1146.745
468.082 1114.768
468.358 1106.732
468.633 1147.301
468.909 1105.219
469.185 1114.456
469.460 1212.243
469.736 1259.875
470.011 1102.861
470.287 1131.013
470.562 1265.435
470.838 1079.109
471.114 1198.467
471.389 1183.401
471.665 1161.427
471.940 1149.530
472.216 1128.360
472.491 934.047
472.767 952.320
473.043 1098.450
473.318 1124.904
473.594 953.495
473.869 915.892
474.145 819.334
474.421 776.692
474.696 780.845
474.972 693.130
475.247 763.237
475.523 851.139
475.798 774.618
476.074 690.410
476.350 719.006
476.625 681.086
476.901 706.654
477.176 706.017
477.452 595.513
477.727 525.402
478.003 391.821
478.279 636.821
478.554 749.708
478.830 672.221
479.105 666.876
479.381 635.855
479.656 515.247
479.932 589.780
480.208 702.624
480.483 745.472
480.759 751.619
481.034 634.778
481.310 599.504
481.585 592.327
481.861 605.511
482.137 574.769
482.412 640.668
482.688 685.645
482.963 732.177
483.239 789.637
483.514 544.224
483.790 569.213
484.066 791.499
484.341 687.992
484.617 574.721
484.892 656.241
485.168 668.258
485.443 595.105
485.719 610.092
485.995 689.314
486.270 666.903
486.546 568.725
486.821 507.475
487.097 462.125
487.373 562.336
487.648 744.374
487.924 694.552
488.199 543.649
488.475 385.570
488.750 366.260
489.026 521.747
489.302 480.603
489.577 461.577
489.853 533.676
490.128 659.116
490.404 609.620
490.679 444.330
490.955 629.696
491.231 689.397
491.506 666.660
491.782 582.174
492.057 509.269
492.333 576.856
492.608 553.444
492.884 582.869
493.160 423.449
493.435 455.723
493.711 655.794
493.986 622.901
494.262 593.191
494.537 497.183
494.813 593.914
495.089 460.973
495.364 479.707
495.640 582.921
495.915 516.193
496.191 708.224
496.467 693.228
496.742 652.904
497.018 618.725
497.293 526.988
497.569 618.488
497.844 614.832
498.120 661.436
498.396 667.778
498.671 630.775
498.947 691.421
499.222 640.487
499.498 611.343
499.773 713.900
500.049 770.228
500.325 716.176
500.600 780.677
500.876 728.475
501.151 842.342
501.427 906.510
501.702 957.741
501.978 936.704
502.254 972.899
502.529 905.591
502.805 1095.896
503.080 1224.086
503.356 1104.300
503.631 1081.241
503.907 1116.899
504.183 1059.275
504.458 1154.485
504.734 1136.196
505.009 1163.564
505.285 1120.275
505.560 1097.977
505.836 1126.483
506.112 1137.684
506.387 1064.877
506.663 1036.567
506.938 1019.445
507.214 967.945
507.490 982.185
507.765 987.315
508.041 1057.008
508.316 1042.947
508.592 885.827
508.867 919.206
509.143 1001.765
509.419 870.172
509.694 771.200
509.970 767.253
510.245 646.663
510.521 748.081
510.796 687.458
511.072 613.596
511.348 669.266
511.623 704.225
511.899 636.583
512.174 721.416
512.450 800.129
512.725 678.168
513.001 510.066
513.277 464.080
513.552 661.842
513.828 636.930
514.103 652.128
514.379 721.867
514.654 631.925
514.930 611.099
515.206 936.370
515.481 820.632
515.757 594.796
516.032 588.404
516.308 673.253
516.583 742.901
516.859 706.461
517.135 714.310
517.410 749.911
517.686 775.238
517.961 738.369
518.237 704.989
518.513 658.184
518.788 907.123
519.064 952.729
519.339 837.766
519.615 782.962
519.890 827.589
520.166 903.921
520.442 1138.913
520.717 1138.009
520.993 1100.627
521.268 1055.353
521.544 1050.598
521.819 993.882
522.095 1046.729
522.371 1211.650
522.646 1244.306
522.922 1268.075
523.197 1186.714
523.473 1246.880
523.748 1190.477
524.024 1144.600
524.300 1143.700
524.575 1136.101
524.851 1234.722
525.126 1278.531
525.402 1213.781
525.677 1281.780
525.953 1254.798
526.229 1176.460
526.504 1126.923
526.780 1280.777
527.055 1263.877
527.331 1240.008
527.606 1301.596
527.882 1334.856
528.158 1201.132
528.433 1296.583
528.709 1256.331
528.984 1253.507
529.260 1265.588
529.535 1298.048
529.811 1143.444
530.087 988.818
530.362 1040.885
530.638 1149.659
530.913 1212.683
531.189 1215.838
531.465 1105.854
531.740 1098.281
532.016 1169.997
532.291 1058.833
532.567 1003.769
532.842 1107.505
533.118 1095.054
533.394 1113.647
533.669 939.798
533.945 823.120
534.220 879.594
534.496 1011.955
534.771 893.112
535.047 910.623
535.323 893.011
535.598 919.510
535.874 952.688
536.149 916.528
536.425 833.329
536.700 767.825
536.976 865.462
537.252 986.090
537.527 973.359
537.803 1136.477
538.078 1385.435
538.354 1578.212
538.629 1519.779
538.905 1571.013
539.181 1752.666
539.456 1771.456
539.732 1979.576
540.007 2170.151
540.283 2105.155
540.558 2068.578
540.834 2136.027
541.110 2240.174
541.385 2313.494
541.661 2467.012
541.936 2507.170
542.212 2531.008
542.488 2659.900
542.763 2701.578
543.039 2692.405
543.314 2752.973
543.590 2780.585
543.865 2839.226
544.141 2788.632
544.417 2746.976
544.692 2600.056
544.968 2652.739
545.243 2601.750
545.519 2428.413
545.794 2446.782
546.070 2414.030
546.348 2381.657
546.627 2233.218
546.905 2219.570
547.183 2219.185
547.461 2310.596
547.740 2362.285
548.018 2147.984
548.296 1984.034
548.575 1946.348
548.853 1939.447
549.131 2037.809
549.409 2125.123
549.688 2223.387
549.966 2269.072
550.244 2388.169
550.523 2365.039
550.801 2374.628
551.079 2492.012
551.357 2633.505
551.636 2677.395
551.914 2692.873
552.192 2617.971
552.471 2679.834
552.749 2845.046
553.027 2897.412
553.306 2967.374
553.584 3143.431
553.862 3156.108
554.140 3283.857
554.419 3442.718
554.697 3593.599
554.975 3776.040
555.254 3818.340
555.532 3570.518
555.810 3729.033
556.088 3952.587
556.367 3814.367
556.645 3676.462
556.923 3689.155
557.202 3659.377
557.480 3700.531
557.758 3527.250
558.036 3483.649
558.315 3419.836
558.593 3446.019
558.871 3315.378
559.150 3230.756
559.428 3204.518
559.706 3102.345
559.984 3016.385
560.263 3076.202
560.541 2873.021
560.819 2687.973
561.098 2596.310
561.376 2490.586
561.654 2167.554
561.932 1887.683
562.211 1875.456
562.489 1756.384
562.767 1536.893
563.046 1356.857
563.324 1262.509
563.602 1278.176
563.880 1136.878
564.159 1107.172
564.437 1156.011
564.715 970.024
564.994 838.590
565.272 915.409
565.550 800.481
565.828 694.767
566.107 820.703
566.385 793.505
566.663 677.624
566.942 699.452
567.220 769.620
567.498 869.442
567.776 717.562
568.055 612.797
568.333 721.494
568.611 803.853
568.890 663.241
569.168 583.483
569.446 651.723
569.725 661.428
570.003 503.983
570.281 457.124
570.559 583.860
570.838 636.742
571.116 700.387
571.394 749.848
571.673 777.776
571.951 724.205
572.229 645.607
572.507 682.234
572.786 697.532
573.064 666.121
573.342 609.688
573.621 512.384
573.899 580.719
574.177 774.688
574.455 681.646
574.734 600.163
575.012 696.096
575.290 667.437
575.569 642.643
575.847 686.495
576.125 671.817
576.403 571.340
576.682 635.858
576.960 656.857
577.243 731.056
577.527 613.591
577.810 481.613
578.093 546.233
578.377 590.832
578.660 562.218
578.944 579.058
579.227 551.533
579.510 672.042
579.794 626.124
580.077 542.294
580.360 572.635
580.644 590.127
580.927 542.048
581.210 553.023
581.494 526.278
581.777 621.318
582.061 633.930
582.344 577.774
582.627 467.147
582.911 504.078
583.194 508.614
583.477 630.411
583.761 692.329
584.044 742.270
584.327 729.066
584.611 639.197
584.894 591.285
585.178 566.351
585.461 583.375
585.744 681.317
586.028 607.039
586.311 615.080
586.594 679.120
586.878 587.160
587.161 501.201
587.444 559.241
587.728 573.281
588.011 710.321
588.295 592.361
588.578 598.802
588.861 719.721
589.145 619.481
589.428 616.136
589.711 566.560
589.995 540.059
590.278 682.956
590.562 621.679
590.845 582.136
591.128 770.217
591.412 705.386
591.695 631.205
591.978 759.356
592.262 683.231
592.545 519.395
592.828 608.775
593.112 541.407
593.395 529.482
593.679 520.029
593.962 643.573
594.245 630.036
594.529 560.423
594.812 446.584
595.095 372.440
595.379 625.959
595.662 673.339
595.945 548.577
596.229 477.634
596.512 508.409
596.796 592.202
597.079 677.792
597.362 844.166
597.646 760.283
597.929 538.757
598.212 610.397
598.496 649.960
598.779 736.226
599.062 818.198
599.346 653.378
599.629 545.276
599.913 530.983
600.196 589.147
600.479 625.022
600.763 640.453
601.046 533.035
601.329 575.919
601.613 639.303
601.896 546.911
602.179 638.748
602.463 609.314
602.746 690.883
603.030 762.628
603.313 661.818
603.596 536.241
603.880 606.339
604.163 665.199
604.446 600.920
604.730 533.375
605.013 611.166
605.296 701.908
605.580 633.384
605.863 674.555
606.147 594.277
606.430 582.560
606.713 674.980
606.997 647.273
607.280 778.769
607.563 661.387
607.847 632.428
608.130 688.550
608.414 722.158
608.697 656.635
608.980 666.128
609.264 766.816
609.547 628.979
609.830 627.055
610.114 618.275
610.397 605.577
610.680 694.060
610.964 673.887
611.247 683.725
611.531 650.083
611.814 524.504
612.097 578.513
612.381 728.961
612.664 795.461
612.947 633.572
613.231 572.762
613.514 585.147
613.797 674.572
614.081 725.687
614.364 661.870
614.648 656.010
614.931 615.769
615.214 618.750
615.498 657.740
615.781 695.823
616.064 740.148
616.348 823.843
616.631 802.028
616.914 858.359
617.198 758.746
617.481 657.302
617.765 707.293
618.048 843.267
618.331 758.404
618.615 616.894
618.898 784.912
619.181 842.257
619.465 731.353
619.748 663.137
620.031 613.332
620.315 597.125
620.598 679.100
620.882 765.209
621.165 957.852
621.448 882.339
621.732 796.682
622.015 629.551
622.298 576.004
622.582 675.415
622.865 696.102
623.148 632.199
623.432 733.598
623.715 664.562
623.999 862.518
624.282 776.068
624.565 820.922
624.849 690.170
625.132 574.659
625.415 843.845
625.699 921.420
625.982 742.845
626.265 669.557
626.549 629.519
626.832 793.189
627.116 822.514
627.399 630.628
627.682 628.381
627.966 647.921
628.249 647.302
628.532 618.543
628.816 800.885
629.099 654.824
629.383 647.193
629.666 642.935
629.949 604.193
630.233 612.964
630.516 652.798
630.799 705.940
631.083 620.056
631.366 550.953
631.649 521.373
631.933 474.860
632.216 636.940
632.500 673.705
632.783 658.181
633.066 600.734
633.350 660.859
633.633 766.429
633.916 698.126
634.200 593.559
634.483 641.871
634.766 681.131
635.050 630.643
635.333 533.974
635.617 549.133
635.900 646.700
636.183 725.922
636.467 672.335
636.750 673.925
637.033 717.351
637.317 716.296
637.600 696.854
637.883 652.097
638.167 660.895
638.450 688.712
638.734 677.505
639.017 702.814
639.300 711.269
639.584 671.343
639.867 822.915
640.150 796.751
640.434 817.359
640.717 806.343
641.000 737.212
641.284 792.380
641.567 696.798
641.851 751.547
642.134 875.526
642.417 828.006
642.701 981.288
642.984 971.053
643.267 841.813
643.551 790.342
643.834 755.497
644.117 793.207
644.401 711.504
644.684 817.436
644.968 969.233
645.251 928.952
645.534 811.719
645.818 784.542
646.101 863.240
646.384 1002.235
646.668 1035.126
646.951 923.417
647.235 965.665
647.518 1012.685
647.801 1229.818
648.085 1390.192
648.368 1405.624
648.651 1284.411
648.935 1405.501
649.218 1617.392
649.501 1613.289
649.785 1658.878
650.068 1890.337
650.352 2023.405
650.635 2098.123
650.918 2148.385
651.202 2361.358
651.485 2676.068
651.768 2795.559
652.052 2866.498
652.335 2998.076
652.618 3212.250
652.902 3606.566
653.185 4036.606
653.469 4075.384
653.752 4146.299
654.035 4239.956
654.319 4462.240
654.602 4576.378
654.885 4644.069
655.169 4890.242
655.452 4930.408
655.735 5054.667
656.019 5271.903
656.302 5286.944
656.586 5285.549
656.869 5399.434
657.152 5370.202
657.436 5181.396
657.719 5176.576
658.002 5162.002
658.286 4987.446
658.569 4809.118
658.852 4626.775
659.136 4633.152
659.419 4564.144
659.703 4260.618
659.986 4242.372
660.269 4208.305
660.553 3998.771
660.836 4116.685
661.119 4199.030
661.403 4146.510
661.686 4055.849
661.969 3967.372
662.253 3874.953
662.536 3899.370
662.820 4097.371
663.103 4115.653
663.386 4229.271
663.670 4245.525
663.953 3988.983
664.236 3999.130
664.520 3876.564
664.803 3773.247
665.086 3750.224
665.370 3832.065
665.653 4000.278
665.937 3942.496
666.220 3918.182
666.503 3879.669
666.787 3802.617
667.070 3646.755
667.353 3474.017
667.637 3111.014
667.920 2998.464
668.204 2593.603
668.487 2298.615
668.770 2207.296
669.054 1869.237
669.337 1619.385
669.620 1415.538
669.904 1279.703
670.187 1251.472
670.470 1266.041
670.754 1130.353
671.037 960.912
671.321 904.799
671.604 1069.349
671.887 985.516
672.171 904.683
672.454 897.649
672.737 947.670
673.021 851.233
673.304 867.533
673.587 1070.845
673.871 1037.066
674.154 1006.216
674.438 1121.356
674.721 1122.410
675.004 1127.706
675.288 1136.991
675.571 1177.323
675.854 1154.692
676.138 1115.702
676.421 1112.752
676.704 1069.506
676.988 1186.075
677.271 1253.442
677.555 1087.236
677.838 979.712
678.121 928.106
678.405 861.731
678.688 976.663
678.971 747.387
679.255 896.791
679.538 1014.036
679.821 936.261
680.105 864.570
680.388 774.253
680.672 733.503
680.955 757.437
681.238 787.387
681.522 725.264
681.805 760.926
682.088 790.367
682.372 816.243
682.655 708.561
682.938 784.787
683.222 802.558
683.505 741.771
683.789 834.795
684.072 814.967
684.355 794.308
684.639 760.931
684.922 725.465
685.205 683.737
685.489 804.848
685.772 833.927
686.056 854.699
686.339 849.494
686.622 690.125
686.906 681.799
687.189 779.945
687.472 935.503
687.756 804.208
688.039 732.003
688.322 618.250
688.606 813.473
688.889 793.664
689.173 671.560
689.456 827.117
689.739 783.300
690.023 717.857
690.306 787.746
690.589 782.783
690.873 822.576
691.156 836.128
691.439 796.610
691.723 716.510
692.006 792.280
692.290 821.842
692.573 838.666
692.856 876.330
693.140 883.608
693.423 888.929
693.706 774.848
693.990 738.109
694.273 727.040
694.556 914.136
694.840 979.132
695.123 862.442
695.407 869.831
695.690 776.405
695.973 798.879
696.257 854.722
696.540 976.295
696.830 897.206
697.120 929.089
697.410 985.654
697.699 877.999
697.989 1045.156
698.279 903.687
698.569 766.514
698.859 891.537
699.149 970.514
699.439 921.537
699.729 819.600
700.018 799.214
700.308 946.231
700.598 856.549
700.888 732.009
701.178 985.096
701.468 964.850
701.758 839.275
702.048 902.411
702.337 841.667
702.627 912.645
702.917 924.776
703.207 839.351
703.497 819.414
703.787 748.261
704.077 757.084
704.366 796.751
704.656 686.646
704.946 703.608
705.236 643.986
705.526 796.059
705.816 862.948
706.106 594.911
706.396 587.368
706.685 666.076
706.975 619.425
707.265 504.244
707.555 639.329
707.845 653.940
708.135 529.086
708.425 488.013
708.715 543.908
709.004 746.949
709.294 696.575
709.584 681.416
709.874 719.898
710.164 708.085
710.454 614.644
710.744 574.572
711.034 651.935
711.323 661.500
711.613 581.796
711.903 633.359
712.193 729.742
712.483 627.501
712.773 594.091
713.063 552.710
713.352 653.509
713.642 606.309
713.932 684.170
714.222 697.464
714.512 560.619
714.802 578.816
715.092 651.511
715.382 577.737
715.671 584.364
715.961 584.221
716.251 486.939
716.541 543.276
716.831 632.196
717.121 535.479
717.411 667.489
717.701 747.891
717.990 634.993
718.280 566.942
718.570 529.712
718.860 559.761
719.150 571.776
719.440 553.121
719.730 529.791
720.019 797.435
720.309 712.256
720.599 601.483
720.889 602.653
721.179 647.649
721.469 657.867
721.759 624.961
722.049 685.383
722.338 555.009
722.628 545.528
722.918 602.606
723.208 672.053
723.498 533.611
723.788 619.803
724.078 793.066
724.368 753.150
724.657 645.507
724.947 683.757
725.237 711.464
725.527 724.031
725.817 614.384
726.107 558.159
726.397 534.967
726.686 453.749
726.976 541.776
727.266 687.830
727.556 594.038
727.846 710.799
728.136 707.230
728.426 573.929
728.716 493.522
729.005 648.580
729.295 608.870
729.585 462.499
729.875 466.467
730.165 565.871
730.455 597.898
730.745 593.643
731.035 615.021
731.324 705.731
731.614 647.098
731.904 569.029
732.194 669.145
732.484 620.204
732.774 578.394
733.064 550.202
733.354 475.318
733.643 528.436
733.933 558.154
734.223 522.110
734.513 741.427
734.803 748.999
735.093 614.383
735.383 571.057
735.672 604.278
735.962 656.360
736.252 515.952
736.542 579.665
736.832 555.198
737.122 476.350
737.412 561.662
737.702 727.100
737.991 671.181
738.281 612.539
738.571 589.363
738.861 599.400
739.151 585.639
739.441 634.246
739.731 547.735
740.021 646.370
740.310 747.618
740.600 713.823
740.890 514.406
741.180 549.990
741.470 577.650
741.760 693.166
742.050 809.671
742.339 701.498
742.629 585.790
742.919 696.589
743.209 529.912
743.499 537.378
743.789 530.998
744.079 571.610
744.369 639.312
744.658 580.141
744.948 422.160
745.238 594.053
745.528 651.554
745.818 768.290
746.108 674.062
746.398 637.014
746.688 622.136
746.977 777.070
747.267 615.221
747.557 622.809
747.847 682.469
748.137 622.470
748.427 599.602
748.717 505.596
749.006 409.588
749.296 612.205
749.586 619.574
749.876 734.751
750.166 614.251
750.456 586.965
750.746 619.505
751.036 540.681
751.325 660.459
751.615 617.181
751.905 636.179
752.195 672.833
752.485 627.851
752.775 638.507
753.065 555.442
753.355 784.689
753.644 771.694
753.934 613.393
754.224 622.826
754.514 810.216
754.804 572.711
755.094 446.349
755.384 523.599
755.674 605.863
755.963 686.121
756.253 660.723
756.543 707.220
756.833 674.488
757.123 644.712
757.413 593.116
757.703 577.053
757.992 543.905
758.282 595.585
758.572 583.135
758.862 565.062
759.152 622.366
759.442 576.578
759.732 650.542
760.022 739.001
760.311 568.736
760.601 493.300
760.891 698.549
761.181 675.754
761.471 622.125
761.761 517.028
762.051 567.398
762.341 723.786
762.630 756.758
762.920 603.703
763.210 656.748
763.500 686.316
763.793 532.254
764.086 576.581
764.379 608.211
764.671 720.904
764.964 634.402
765.257 632.407
765.550 635.715
765.843 471.418
766.136 565.185
766.429 575.282
766.722 593.854
767.014 545.989
767.307 401.541
767.600 397.530
767.893 448.350
768.186 455.424
768.479 577.416
768.772 748.804
769.064 709.506
769.357 623.209
769.650 605.709
769.943 774.300
770.236 710.872
770.529 517.049
770.822 596.703
771.115 640.066
771.407 686.137
771.700 675.054
771.993 752.520
772.286 715.450
772.579 712.729
772.872 557.504
773.165 510.141
773.457 629.109
773.750 659.024
774.043 582.350
774.336 609.217
774.629 675.546
774.922 643.953
775.215 549.116
775.508 585.287
775.800 568.618
776.093 712.208
776.386 705.471
776.679 608.514
776.972 691.108
777.265 857.287
777.558 892.658
777.850 699.818
778.143 675.713
778.436 663.330
778.729 597.353
779.022 637.570
779.315 598.390
779.608 497.904
779.900 505.960
780.193 577.332
780.486 581.789
780.779 562.164
781.072 550.594
781.365 612.346
781.658 590.888
781.951 549.739
782.243 643.844
782.536 686.317
782.829 643.160
783.122 659.240
783.415 634.522
783.708 657.607
784.001 651.605
784.293 688.732
784.586 730.141
784.879 746.189
785.172 651.364
785.465 580.890
785.758 642.027
786.051 632.023
786.344 713.774
786.636 834.624
786.929 638.443
787.222 592.598
787.515 564.400
787.808 562.289
788.101 584.282
788.394 682.200
788.686 780.117
788.979 749.912
789.272 681.246
789.565 654.634
789.858 544.868
790.151 485.488
790.444 496.492
790.737 566.004
791.029 480.059
791.322 617.798
791.615 616.201
791.908 671.393
792.201 647.784
792.494 588.329
792.787 640.547
793.079 748.878
793.372 652.529
793.665 675.129
793.958 576.440
794.251 624.312
794.544 729.282
794.837 821.749
795.130 676.201
795.422 648.299
795.715 640.338
796.008 655.962
796.301 630.766
796.594 539.147
796.887 658.684
797.180 678.298
797.472 494.863
797.765 425.087
798.058 564.121
798.351 570.680
798.644 499.907
798.937 489.952
799.230 574.140
799.523 917.698
799.815 795.080
800.108 557.807
800.401 505.977
800.694 632.245
800.987 595.737
801.280 659.879
801.573 743.809
801.865 777.790
802.158 653.275
802.451 543.509
802.744 567.476
803.037 594.437
803.330 592.048
803.623 738.178
803.915 696.276
804.208 604.079
804.501 653.351
804.794 675.387
805.087 590.726
805.380 472.686
805.673 503.258
805.966 623.392
806.258 544.873
806.551 634.335
806.844 672.502
807.137 700.328
807.430 525.944
807.723 464.713
808.016 695.651
808.308 753.403
808.601 598.290
808.894 549.206
809.187 579.985
809.480 632.735
809.773 612.013
810.066 654.897
810.359 708.944
810.651 641.771
810.944 446.582
811.237 478.328
811.530 571.178
811.825 558.638
812.119 502.588
812.414 459.212
812.709 596.053
813.003 601.323
813.298 567.362
813.593 615.131
813.887 599.340
814.182 947.426
814.476 807.285
814.771 762.629
815.066 692.984
815.360 565.262
815.655 540.885
815.950 581.124
816.244 602.501
816.539 699.564
816.834 676.132
817.128 721.734
817.423 831.104
817.718 924.670
818.012 672.144
818.307 446.060
818.602 603.860
818.896 706.757
819.191 660.221
819.486 628.639
819.780 699.714
820.075 848.747
820.369 870.164
820.664 656.793
820.959 725.130
821.253 748.694
821.548 626.428
821.843 670.318
822.137 703.253
822.432 657.857
822.727 629.360
823.021 602.891
823.316 710.118
823.611 765.022
823.905 650.168
824.200 510.129
824.495 666.283
824.789 719.040
825.084 627.674
825.379 549.236
825.673 624.804
825.968 733.019
826.262 648.004
826.557 697.905
826.852 761.934
827.146 713.116
827.441 614.813
827.736 704.651
828.030 648.028
828.325 390.454
828.620 632.506
828.914 813.851
829.209 642.846
829.504 799.427
829.798 796.691
830.093 588.674
830.388 537.948
830.682 479.316
830.977 580.973
831.271 677.456
831.566 540.743
831.861 569.899
832.155 575.859
832.450 739.119
832.745 808.250
833.039 628.998
833.334 560.356
833.629 628.090
833.923 586.923
834.218 554.841
834.513 550.630
834.807 580.351
835.102 505.555
835.397 528.250
835.691 514.386
835.986 526.663
836.281 554.511
836.575 589.206
836.870 529.474
837.164 521.206
837.459 481.647
837.754 528.534
838.048 575.569
838.343 536.968
838.638 581.214
838.932 674.157
839.227 588.630
839.522 605.842
839.816 598.715
840.111 565.319
840.406 617.803
840.700 733.950
840.995 832.005
841.290 864.524
841.584 728.875
841.879 770.273
842.174 684.742
842.468 670.239
842.763 572.331
843.057 647.030
843.352 681.675
843.647 634.048
843.941 629.549
844.236 653.131
844.531 674.462
844.825 706.577
845.120 813.974
845.415 842.935
845.709 718.534
846.004 761.476
846.299 643.503
846.593 857.325
846.888 827.450
847.183 668.112
847.477 585.359
847.772 628.422
848.066 648.468
848.361 607.818
848.656 670.098
848.950 680.787
849.245 763.959
849.540 659.854
849.834 804.954
850.129 841.441
850.424 716.130
850.718 698.576
851.013 800.888
851.308 767.836
851.602 771.294
851.897 867.444
852.192 898.761
852.486 650.438
852.781 584.015
853.076 740.958
853.370 741.268
853.665 809.932
853.959 843.484
854.254 712.547
854.549 889.426
854.843 741.376
855.138 640.521
855.433 783.637
855.727 890.230
856.022 714.096
856.317 630.911
856.611 676.800
856.906 610.562
857.201 707.424
857.495 827.778
857.790 842.509
858.085 729.462
858.379 715.948
858.674 596.094
858.969 538.905
859.263 643.209
859.558 649.907
859.852 542.997
860.147 659.143
860.442 747.705
860.736 513.248
861.031 696.171
861.326 829.919
861.620 696.005
861.915 812.926
862.210 808.176
862.504 615.879
862.799 733.734
863.094 772.611
863.388 675.441
863.683 646.105
863.978 588.912
864.272 586.632
864.567 581.649
864.861 618.139
865.156 564.478
865.451 482.150
865.745 668.764
866.040 766.118
866.335 801.627
866.629 804.929
866.924 653.746
867.219 612.501
867.513 724.643
867.808 657.616
868.103 596.198
868.397 615.849
868.692 674.212
868.987 589.790
869.281 526.123
869.576 674.854
869.871 757.272
870.165 617.673
870.460 554.320
870.754 580.068
871.049 511.468
871.344 583.734
871.638 629.400
871.933 608.466
872.228 608.863
872.522 596.872
872.817 728.597
873.112 930.174
873.406 758.682
873.701 813.327
873.996 774.752
874.290 660.196
874.585 590.964
874.880 671.876
875.174 619.647
875.469 564.952
875.764 611.715
876.058 571.599
876.353 486.333
876.647 519.471
876.942 608.235
877.237 621.810
877.531 653.437
877.826 675.704
878.121 634.814
878.415 581.990
878.710 522.581
879.005 685.120
879.299 635.125
879.594 626.414
879.889 493.317
880.183 479.268
880.478 558.382
880.773 562.018
881.067 572.164
881.362 601.807
881.656 529.151
881.951 572.189
882.246 493.975
882.540 586.162
882.835 602.019
883.130 625.351
883.424 566.866
883.719 495.456
884.014 603.500
884.308 562.887
884.603 496.876
884.898 521.804
885.192 626.993
885.487 593.579
885.782 531.624
886.076 605.318
886.371 580.004
886.666 420.749
886.960 434.718
887.255 431.652
887.549 483.616
887.844 705.252
888.139 745.265
888.433 646.083
888.728 493.080
889.023 545.487
889.317 629.636
889.612 484.712
889.907 505.531
890.201 563.947
890.496 617.392
890.791 568.270
891.085 503.346
891.380 515.712
891.675 525.894
891.969 569.190
892.264 476.945
892.559 505.594
892.853 641.089
893.148 561.663
893.442 518.391
893.737 633.496
894.032 573.035
894.326 483.176
894.621 518.428
894.916 452.756
895.210 531.661
895.505 638.203
895.800 559.201
896.094 440.835
896.389 518.514
896.684 514.564
896.978 492.936
897.273 448.724
897.568 578.195
897.862 649.449
898.157 568.999
898.451 685.440
898.746 719.078
899.041 740.981
899.335 680.760
899.630 567.897
899.925 584.232
900.219 648.900
900.514 692.651
900.809 553.940
901.103 419.750
901.398 624.021
901.693 547.336
901.987 546.050
902.282 654.210
902.577 509.980
902.871 392.779
903.166 549.249
903.461 647.070
903.755 620.847
904.050 580.410
904.344 450.402
904.639 450.007
904.934 478.247
905.228 520.483
905.523 487.635
905.818 489.006
906.112 627.754
906.407 572.939
906.702 505.268
906.996 547.278
907.291 518.917
907.586 513.456
907.880 710.141
908.175 666.250
908.470 612.623
908.764 593.002
909.059 689.349
909.354 648.645
909.648 521.392
909.943 532.360
910.237 700.772
910.532 750.645
910.827 788.234
911.121 759.608
911.416 635.094
911.711 593.743
912.005 576.429
912.300 603.331
912.599 722.499
912.898 617.975
913.196 621.559
913.495 701.345
913.794 782.583
914.093 660.231
914.391 650.306
914.690 690.381
914.989 607.001
915.288 717.451
915.586 631.885
915.885 492.628
916.184 484.180
916.483 491.693
916.782 590.371
917.080 593.199
917.379 565.135
917.678 521.379
917.977 689.218
918.275 722.045
918.574 664.337
918.873 700.115
919.172 657.688
919.471 540.152
919.769 577.930
920.068 541.794
920.367 552.409
920.666 582.399
920.964 607.968
921.263 534.967
921.562 517.669
921.861 654.709
922.159 575.484
922.458 607.501
922.757 631.656
923.056 580.422
923.355 550.794
923.653 678.130
923.952 679.823
924.251 545.658
924.550 666.402
924.848 638.742
925.147 553.436
925.446 533.160
925.745 648.544
926.043 592.076
926.342 565.887
926.641 527.462
926.940 609.300
927.239 654.407
927.537 762.111
927.836 672.570
928.135 619.177
928.434 738.331
928.732 682.170
929.031 680.180
929.330 707.225
929.629 649.079
929.927 595.842
930.226 560.633
930.525 673.161
930.824 760.782
931.123 646.024
931.421 759.547
931.720 711.317
932.019 720.706
932.318 731.241
932.616 680.561
932.915 661.264
933.214 723.061
933.513 701.931
933.812 640.703
934.110 705.408
934.409 831.324
934.708 708.003
935.007 898.885
935.305 886.283
935.604 665.196
935.903 779.956
936.202 838.376
936.500 903.789
936.799 1027.666
937.098 940.540
937.397 933.400
937.696 852.906
937.994 822.228
938.293 888.648
938.592 761.859
938.891 780.943
939.189 875.120
939.488 928.174
939.787 1073.676
940.086 846.075
940.384 857.764
940.683 739.639
940.982 662.737
941.281 873.259
941.580 1180.128
941.878 1155.502
942.177 975.293
942.476 960.605
942.775 857.898
943.073 745.893
943.372 803.463
943.671 1021.951
943.970 1087.817
944.268 913.599
944.567 736.837
944.866 868.429
945.165 859.874
945.464 791.274
945.762 712.672
946.061 971.156
946.360 1043.235
946.659 1010.110
946.957 1002.946
947.256 939.026
947.555 879.891
947.854 956.343
948.153 855.477
948.451 748.754
948.750 843.435
949.049 850.241
949.348 1026.211
949.646 891.202
949.945 848.648
950.244 1020.458
950.543 918.455
950.841 852.235
951.140 776.107
951.439 631.003
951.738 676.925
952.037 811.716
952.335 920.282
952.634 874.328
952.933 754.776
953.232 756.688
953.530 511.064
953.829 840.979
954.128 934.003
954.427 841.338
954.725 951.091
955.024 909.563
955.323 947.993
955.622 800.134
955.921 688.791
956.219 755.521
956.518 716.052
956.817 764.346
957.116 769.647
957.414 750.425
957.713 628.367
958.012 586.406
958.311 576.700
958.610 787.913
958.908 867.822
959.207 783.727
959.506 755.044
959.805 756.166
960.103 729.211
960.402 708.316
960.701 657.007
961.000 643.936
961.298 619.784
961.597 726.176
961.896 732.683
962.195 713.088
962.494 735.066
962.792 693.628
963.091 652.168
963.390 613.763
963.689 598.396
963.987 751.404
964.286 845.162
964.585 876.558
964.884 814.062
965.182 652.182
965.481 974.818
965.780 1053.264
966.080 900.642
966.380 806.235
966.680 770.709
966.981 803.014
967.281 799.178
967.581 706.436
967.881 775.741
968.181 772.552
968.481 716.201
968.781 705.594
969.082 619.511
969.382 719.837
969.682 812.506
969.982 809.360
970.282 810.875
970.582 662.492
970.882 624.843
971.183 805.596
971.483 710.420
971.783 717.901
972.083 759.122
972.383 740.150
972.683 714.935
972.983 760.642
973.284 700.813
973.584 664.054
973.884 702.891
974.184 745.187
974.484 820.433
974.784 669.915
975.084 635.451
975.385 659.371
975.685 759.522
975.985 736.591
976.285 727.693
976.585 727.515
976.885 671.962
977.185 690.244
977.486 707.090
977.786 692.290
978.086 765.805
978.386 785.995
978.686 590.837
978.986 650.936
979.286 687.944
979.587 681.952
979.887 582.960
980.187 590.967
980.487 512.975
980.787 623.983
981.087 613.990
981.387 771.998
981.688 720.006
981.988 510.013
982.288 499.021
982.588 578.029
982.888 641.036
983.188 637.044
983.488 741.051
983.789 736.059
984.089 688.067
984.389 709.074
984.689 629.082
984.989 562.089
985.289 608.097
985.589 720.105
985.890 660.112
986.190 524.120
986.490 577.127
986.790 738.135
987.090 616.142
987.390 654.150
987.690 697.157
987.991 539.165
988.291 579.172
988.591 598.180
988.891 480.187
989.191 508.195
989.491 709.202
989.791 705.210
990.092 686.217
990.392 686.225
990.692 655.232
990.992 569.240
991.292 447.247
991.592 632.255
991.892 668.262
992.193 752.269
992.493 722.277
992.793 601.284
993.093 630.292
993.393 564.299
993.693 612.306
993.993 704.314
994.294 733.321
994.594 617.328
994.894 586.336
995.194 599.343
995.494 523.350
995.794 517.358
996.094 544.365
996.395 574.372
996.695 685.380
996.995 546.387
997.295 448.394
997.595 558.402
997.895 554.409
998.195 481.416
998.496 538.423
998.796 561.431
999.096 790.438
999.396 622.445
999.696 590.452
999.996 669.460
1000.296 750.467
1000.597 721.474
1000.897 629.481
1001.197 602.489
1001.497 791.496
1001.797 645.503
1002.097 453.510
1002.397 520.517
1002.698 642.525
1002.998 707.532
1003.298 654.539
1003.598 528.546
1003.898 504.553
1004.198 636.560
1004.498 727.567
1004.799 693.575
1005.099 750.582
1005.399 710.589
1005.699 697.596
1005.999 694.603
1006.299 581.610
1006.599 783.617
1006.900 810.624
1007.200 667.631
1007.500 700.638
1007.800 651.645
1008.100 561.653
1008.400 505.660
1008.700 504.667
1009.001 548.674
1009.301 546.681
1009.601 760.688
1009.901 803.695
1010.201 677.702
1010.501 647.709
1010.801 798.716
1011.102 607.723
1011.402 572.730
1011.702 512.737
1012.002 511.744
1012.302 687.751
1012.602 657.758
1012.902 612.765
1013.203 657.772
1013.503 729.778
1013.803 702.785
1014.103 557.792
1014.403 623.799
1014.703 561.806
1015.003 523.813
1015.304 728.820
1015.604 780.827
1015.904 571.834
1016.204 530.841
1016.504 543.848
1016.804 548.854
1017.104 518.861
1017.405 563.868
1017.705 572.875
1018.005 563.882
1018.305 577.889
1018.605 587.895
1018.905 505.902
1019.205 522.909
1019.506 802.916
1019.806 796.923
1020.106 675.930
1020.406 711.936
1020.706 708.943
1021.006 705.950
1021.306 768.957
1021.607 663.963
1021.907 763.970
1022.207 704.977
1022.507 565.984
1022.807 593.990
1023.107 632.997
1023.407 580.004
1023.708 650.011
1024.008 594.017
1024.308 620.024
1024.608 583.031
1024.908 474.038
1025.208 629.044
1025.508 796.051
1025.809 761.058
1026.109 597.064
1026.409 666.071
1026.709 646.078
1027.009 654.084
1027.309 702.091
1027.609 530.098
1027.910 503.104
1028.210 598.111
1028.510 730.117
1028.810 922.124
1029.110 808.131
1029.410 714.137
1029.710 760.144
1030.011 714.151
1030.311 730.157
1030.611 628.164
1030.911 590.170
1031.211 621.177
1031.511 572.183
1031.811 734.190
1032.112 785.197
1032.412 657.203
1032.712 503.210
1033.012 596.216
1033.312 782.223
1033.612 737.229
1033.912 627.236
1034.212 512.242
1034.513 532.249
1034.813 533.255
1035.113 597.262
1035.413 517.268
1035.713 612.275
1036.013 655.281
1036.313 607.288
1036.614 679.294
1036.914 589.301
1037.214 471.307
1037.514 628.314
1037.814 588.320
1038.114 563.327
1038.414 562.333
1038.715 654.339
1039.015 554.346
1039.315 447.352
1039.615 572.359
1039.915 570.365
1040.215 538.371
1040.515 564.378
1040.816 650.384
1041.116 666.391
1041.416 624.397
1041.716 540.403
1042.016 499.410
1042.316 662.416
1042.616 618.422
1042.917 557.429
1043.217 587.435
1043.517 618.441
1043.817 704.448
1044.117 671.454
1044.417 607.460
1044.717 540.467
1045.018 590.473
1045.318 726.479
1045.618 704.486
1045.918 566.492
1046.218 458.498
1046.518 523.505
1046.818 611.511
1047.119 479.517
1047.419 722.523
1047.719 678.530
1048.019 573.536
1048.319 638.542
1048.619 599.548
1048.919 634.555
1049.220 640.561
1049.520 754.567
1049.820 633.573
1050.120 485.580
1050.420 748.586
1050.720 670.592
1051.020 643.598
1051.321 664.604
1051.621 719.610
1051.921 616.617
1052.221 524.623
1052.521 488.629
1052.821 444.635
1053.121 616.641
1053.422 740.648
1053.722 767.654
1054.022 649.660
1054.322 782.666
1054.622 685.672
1054.922 580.678
1055.222 697.684
1055.523 702.690
1055.823 712.697
1056.123 708.703
1056.423 627.709
1056.723 718.715
1057.023 664.721
1057.323 503.727
1057.624 598.733
1057.924 716.739
1058.224 698.745
1058.524 615.751
1058.824 692.757
1059.124 628.763
1059.424 572.769
1059.725 658.776
1060.025 574.782
1060.325 589.788
1060.625 543.794
1060.925 575.800
1061.225 626.806
1061.525 755.812
1061.826 639.818
1062.126 663.824
1062.426 704.830
1062.726 734.836
1063.026 682.842
1063.326 849.848
1063.626 816.854
1063.927 700.860
1064.227 664.866
1064.527 567.871
1064.827 720.877
1065.127 671.883
1065.427 454.889
1065.727 475.895
1066.028 649.901
1066.328 684.907
1066.628 553.913
1066.928 506.919
1067.228 593.925
1067.528 615.931
1067.828 635.937
1068.129 487.943
1068.429 665.948
1068.729 784.954
1069.029 648.960
1069.329 534.966
1069.629 627.972
1069.929 722.978
1070.230 796.984
1070.530 757.990
1070.830 599.995
1071.130 647.001
1071.430 588.007
1071.730 678.013
1072.030 788.019
1072.331 599.025
1072.631 601.030
1072.931 658.036
1073.231 630.042
1073.531 623.048
1073.831 632.054
1074.131 680.059
1074.432 758.065
1074.732 619.071
1075.032 479.077
1075.332 518.082
1075.632 590.088
1075.932 546.094
1076.232 563.100
1076.533 554.106
1076.833 677.111
1077.133 623.117
1077.433 559.123
1077.733 560.128
1078.033 665.134
1078.333 665.140
1078.634 648.146
1078.934 686.151
1079.234 557.157
1079.534 692.163
1079.834 751.168
1080.134 665.174
1080.434 719.180
1080.735 636.186
1081.035 597.191
1081.335 492.197
1081.635 545.203
1081.935 628.208
1082.235 598.214
1082.535 584.220
1082.836 604.225
1083.136 597.231
1083.436 705.236
1083.736 731.242
1084.036 596.248
1084.336 560.253
1084.636 575.259
1084.937 689.265
1085.237 778.270
1085.537 679.276
1085.837 677.281
1086.137 619.287
1086.437 748.293
1086.737 647.298
1087.038 625.304
1087.338 755.309
1087.638 743.315
1087.938 517.321
1088.238 405.326
1088.538 541.332
1088.838 687.337
1089.139 693.343
1089.439 526.348
1089.739 652.354
1090.039 658.359
1090.339 725.365
1090.639 624.370
1090.939 627.376
1091.240 546.381
1091.540 611.387
1091.840 575.392
1092.140 662.398
1092.453 737.403
1092.766 615.409
1093.079 509.414
1093.392 559.420
1093.705 561.425
1094.018 621.431
1094.330 729.436
1094.643 690.442
1094.956 730.447
1095.269 624.453
1095.582 640.458
1095.895 578.464
1096.208 583.469
1096.521 621.474
1096.834 645.480
1097.147 660.485
1097.460 676.491
1097.773 701.496
1098.085 608.502
1098.398 561.507
1098.711 603.512
1099.024 538.518
1099.337 607.523
1099.650 720.529
1099.963 709.534
1100.276 564.539
1100.589 579.545
1100.902 671.550
1101.215 687.555
1101.528 697.561
1101.841 582.566
1102.153 630.572
1102.466 780.577
1102.779 552.582
1103.092 505.588
1103.405 630.593
1103.718 564.598
1104.031 527.604
1104.344 644.609
1104.657 640.614
1104.970 912.620
1105.283 708.625
1105.596 569.630
1105.909 624.635
1106.221 721.641
1106.534 682.646
1106.847 531.651
1107.160 450.657
1107.473 507.662
1107.786 583.667
1108.099 475.672
1108.412 555.678
1108.725 633.683
1109.038 533.688
1109.351 619.693
1109.664 605.699
1109.977 522.704
1110.289 565.709
1110.602 578.714
1110.915 573.720
1111.228 587.725
1111.541 533.730
1111.854 495.735
1112.167 371.741
1112.480 420.746
1112.793 581.751
1113.106 554.756
1113.419 594.761
1113.732 622.767
1114.044 547.772
1114.357 620.777
1114.670 636.782
1114.983 555.787
1115.296 504.792
1115.609 603.798
1115.922 670.803
1116.235 616.808
1116.548 599.813
1116.861 574.818
1117.174 558.823
1117.487 598.828
1117.800 782.834
1118.112 634.839
1118.425 578.844
1118.738 588.849
1119.051 581.854
1119.364 592.859
1119.677 686.864
1119.990 639.869
1120.303 675.874
1120.616 762.880
1120.929 643.885
1121.242 663.890
1121.555 645.895
1121.868 651.900
1122.180 643.905
1122.493 518.910
1122.806 503.915
1123.119 614.920
1123.432 610.925
1123.745 635.930
1124.058 587.935
1124.371 513.940
1124.684 652.945
1124.997 678.950
1125.310 621.956
1125.623 504.961
1125.935 445.966
1126.248 530.971
1126.561 605.976
1126.874 539.981
1127.187 664.986
1127.500 765.991
1127.813 697.996
1128.126 666.001
1128.439 672.006
1128.752 789.011
1129.065 550.016
1129.378 350.021
1129.691 525.026
1130.003 599.030
1130.316 520.035
1130.629 477.040
1130.942 561.045
1131.255 594.050
1131.568 529.055
1131.881 536.060
1132.194 593.065
1132.507 579.070
1132.820 577.075
1133.133 675.080
1133.446 514.085
1133.759 724.090
1134.071 1194.095
1134.384 831.100
1134.697 825.105
1135.010 902.109
1135.323 657.114
1135.636 560.119
1135.949 528.124
1136.262 573.129
1136.575 607.134
1136.888 602.139
1137.201 628.144
1137.514 637.149
1137.826 707.153
1138.139 574.158
1138.452 570.163
1138.765 814.168
1139.078 847.173
1139.391 755.178
1139.704 706.183
1140.017 678.187
1140.330 564.192
1140.643 521.197
1140.956 566.202
1141.269 620.207
1141.582 632.212
1141.894 575.216
1142.207 720.221
1142.520 640.226
1142.833 707.231
1143.146 632.236
1143.459 493.240
1143.772 585.245
1144.085 689.250
1144.398 558.255
1144.711 488.260
1145.024 521.264
1145.337 590.269
1145.650 718.274
1145.962 619.279
1146.275 650.283
1146.588 535.288
1146.901 654.293
1147.214 632.298
1147.527 521.302
1147.840 597.307
1148.153 600.312
1148.466 591.317
1148.779 603.321
1149.092 719.326
1149.405 561.331
1149.718 584.335
1150.030 693.340
1150.343 625.345
1150.656 505.350
1150.969 515.354
1151.282 741.359
1151.595 668.364
1151.908 579.368
1152.221 382.373
1152.534 430.378
1152.847 702.382
1153.160 622.387
1153.473 612.392
1153.785 643.396
1154.098 658.401
1154.411 736.406
1154.724 667.410
1155.037 753.415
1155.350 641.420
1155.663 663.424
1155.976 572.429
1156.289 616.434
1156.602 540.438
1156.915 437.443
1157.228 481.448
1157.541 578.452
1157.853 593.457
1158.166 627.461
1158.479 710.466
1158.792 661.471
1159.105 619.475
1159.418 653.480
1159.731 631.485
1160.044 616.489
1160.357 777.494
1160.670 720.498
1160.983 503.503
1161.296 686.507
1161.609 781.512
1161.921 601.517
1162.234 582.521
1162.547 469.526
1162.860 502.530
1163.173 516.535
1163.486 585.539
1163.799 654.544
1164.112 586.549
1164.425 605.553
1164.738 560.558
1165.051 486.562
1165.364 528.567
1165.676 571.571
1165.989 614.576
1166.302 581.580
1166.615 717.585
1166.928 696.589
1167.241 718.594
1167.554 684.598
1167.867 672.603
1168.180 614.607
1168.493 534.612
1168.806 570.616
1169.119 533.621
1169.432 636.625
1169.744 663.630
1170.057 645.634
1170.370 725.639
1170.683 694.643
1170.996 595.648
1171.309 579.652
1171.622 560.657
1171.935 581.661
1172.248 771.665
1172.561 749.670
1172.874 677.674
1173.187 656.679
1173.500 676.683
1173.812 701.688
1174.125 636.692
1174.438 657.697
1174.751 530.701
1175.064 551.705
1175.377 643.710
1175.690 576.714
1176.003 491.719
1176.316 599.723
1176.629 673.727
1176.942 600.732
1177.255 536.736
1177.567 490.741
1177.880 541.745
1178.193 652.749
1178.506 567.754
1178.819 672.758
1179.132 718.763
1179.445 538.767
1179.758 718.771
1180.071 704.776
1180.384 562.780
1180.697 616.784
1181.010 664.789
1181.323 799.793
1181.635 785.797
1181.948 708.802
1182.261 604.806
1182.574 517.810
1182.887 568.815
1183.200 716.819
1183.513 694.823
1183.826 582.828
1184.139 630.832
1184.452 593.836
1184.765 524.841
1185.078 474.845
1185.391 514.849
1185.703 534.854
1186.016 452.858
1186.329 514.862
1186.642 588.867
1186.955 693.871
1187.268 611.875
1187.581 637.879
1187.894 605.884
1188.207 647.888
1188.520 612.892
1188.833 588.897
1189.146 497.901
1189.459 451.905
1189.771 562.909
1190.084 698.914
1190.397 576.918
1190.710 622.922
1191.023 620.926
1191.336 627.931
1191.649 594.935
1191.962 564.939
1192.275 473.943
1192.588 641.948
1192.901 780.952
1193.214 572.956
1193.526 597.960
1193.839 653.964
1194.152 518.969
1194.465 616.973
1194.778 527.977
1195.091 562.981
1195.404 560.985
1195.717 601.990
1196.030 674.994
1196.343 564.998
1196.656 510.002
1196.969 586.006
1197.282 646.011
1197.594 641.015
1197.907 731.019
1198.220 714.023
1198.533 541.027
1198.846 561.031
1199.159 538.036
1199.472 543.040
1199.785 673.044
1200.098 549.048
1200.411 697.052
1200.724 622.056
1201.037 605.061
1201.350 550.065
1201.662 454.069
1201.975 560.073
1202.288 649.077
1202.601 243.081
