165.028 20.397
165.288 -61.945
165.547 34.716
165.807 98.381
166.067 -16.951
166.327 -138.279
166.587 -104.604
166.847 58.073
167.107 78.754
167.367 97.439
167.627 140.126
167.886 116.816
168.146 92.510
168.406 262.206
168.666 247.906
168.926 106.608
169.186 96.313
169.446 36.021
169.706 -61.267
169.966 78.447
170.225 94.163
170.485 161.883
170.745 225.605
171.005 334.330
171.265 168.058
171.525 88.788
171.785 45.521
172.045 39.257
172.305 144.995
172.564 49.736
172.824 -49.521
173.084 132.225
173.344 80.973
173.604 63.724
173.864 124.477
174.124 104.232
174.384 69.990
174.644 167.750
174.903 298.512
175.163 283.277
175.423 309.043
175.683 135.812
175.943 220.583
176.203 136.357
176.463 64.132
176.723 69.910
176.983 71.689
177.242 169.471
177.502 325.254
177.762 298.040
178.022 97.827
178.282 96.616
178.542 73.407
178.802 40.200
179.062 39.995
179.322 238.792
179.581 244.590
179.841 138.390
180.101 227.192
180.361 245.996
180.621 199.801
180.881 148.608
181.141 102.416
181.401 165.226
181.661 174.038
181.920 201.851
182.180 131.665
182.440 71.481
182.700 74.299
182.960 57.117
183.220 92.938
183.480 315.759
183.740 215.582
184.000 82.406
184.259 -39.768
184.519 102.058
184.779 138.886
185.039 195.716
185.299 277.546
185.559 307.377
185.819 342.210
186.079 273.043
186.339 162.878
186.598 119.714
186.858 -0.449
187.118 37.389
187.378 151.227
187.638 80.067
187.898 196.908
188.158 297.749
188.418 177.591
188.678 115.435
188.937 207.279
189.197 213.124
189.457 252.969
189.717 232.816
189.977 81.663
190.237 83.511
190.497 250.359
190.757 254.208
191.017 227.058
191.276 106.908
191.536 138.759
191.796 123.611
192.056 92.463
192.316 130.316
192.576 136.169
192.836 111.022
193.096 147.876
193.356 154.731
193.616 189.586
193.875 198.441
194.135 162.297
194.395 318.153
194.655 304.009
194.915 265.866
195.175 217.722
195.435 326.580
195.695 136.437
195.955 -16.705
196.214 177.153
196.474 280.011
196.734 224.869
196.994 226.727
197.254 291.586
197.514 236.444
197.774 205.303
198.034 118.162
198.294 96.020
198.553 162.879
198.813 174.738
199.073 92.597
199.333 81.455
199.593 237.314
199.853 325.173
200.113 414.031
200.373 389.890
200.633 123.748
200.892 73.606
201.152 135.464
201.412 134.322
201.672 279.180
201.932 464.037
202.192 397.895
202.452 185.752
202.712 144.608
202.972 221.465
203.231 375.321
203.491 307.177
203.751 253.032
204.011 299.888
204.271 397.743
204.531 208.597
204.791 152.451
205.051 172.305
205.311 231.158
205.570 191.011
205.830 156.863
206.090 89.715
206.350 189.567
206.610 444.418
206.870 266.268
207.130 200.118
207.390 291.968
207.650 246.817
207.909 249.665
208.169 328.513
208.429 349.360
208.689 172.206
208.949 255.052
209.209 324.897
209.469 174.742
209.729 167.586
209.989 198.429
210.248 113.272
210.508 369.114
210.768 338.955
211.028 231.796
211.288 306.636
211.548 259.475
211.808 280.313
212.068 430.150
212.328 436.987
212.587 385.823
212.847 290.658
213.107 328.493
213.367 277.326
213.627 254.159
213.887 285.991
214.147 167.822
214.407 252.652
214.667 265.481
214.926 316.309
215.186 235.137
215.446 300.963
215.706 248.789
215.966 201.614
216.226 219.437
216.486 183.260
216.746 237.082
217.006 312.903
217.265 265.723
217.525 212.542
217.785 275.360
218.045 317.176
218.305 224.992
218.565 192.807
218.825 224.621
219.085 384.434
219.345 235.246
219.604 160.056
219.864 315.866
220.124 287.674
220.384 254.482
220.644 263.288
220.904 237.094
221.164 264.898
221.424 190.701
221.684 136.503
221.943 210.303
222.203 363.103
222.463 265.902
222.723 197.699
222.983 273.495
223.243 182.290
223.503 270.084
223.763 158.877
224.023 137.668
224.282 311.459
224.542 365.248
224.802 360.036
225.062 355.823
225.322 445.608
225.582 290.392
225.842 248.175
226.102 286.957
226.362 251.738
226.621 311.517
226.881 273.295
227.141 281.072
227.401 311.848
227.661 205.622
227.921 392.395
228.181 272.167
228.441 223.937
228.701 458.706
228.960 427.474
229.220 224.241
229.480 166.006
229.740 363.770
230.000 446.533
230.260 295.294
230.520 224.054
230.780 229.813
231.040 279.570
231.299 216.326
231.559 236.081
231.819 233.835
232.079 297.587
232.339 334.337
232.599 179.087
232.859 307.835
233.119 426.581
233.379 271.327
233.638 292.070
233.898 437.813
234.158 421.554
234.418 310.294
234.678 382.032
234.938 403.769
235.198 289.505
235.458 242.239
235.718 349.972
235.978 291.704
236.237 269.434
236.497 317.162
236.757 351.890
237.017 336.616
237.277 345.340
237.537 336.063
237.797 288.785
238.057 366.505
238.317 289.224
238.576 212.941
238.836 291.657
239.096 378.372
239.356 289.085
239.616 286.797
239.876 369.507
240.136 348.216
240.396 421.924
240.656 440.630
240.915 345.334
241.175 312.037
241.435 265.739
241.695 372.439
241.955 522.138
242.215 557.836
242.475 479.532
242.735 301.226
242.995 304.919
243.254 328.611
243.514 340.301
243.774 170.990
244.034 222.677
244.294 508.363
244.554 412.047
244.814 329.730
245.074 321.412
245.334 336.092
245.593 291.770
245.853 277.448
246.113 250.123
246.373 369.798
246.633 450.470
246.893 368.142
247.153 349.812
247.413 447.480
247.673 430.147
247.932 321.812
248.192 387.477
248.452 484.139
248.712 406.800
248.972 270.460
249.232 463.118
249.492 358.775
249.752 236.430
250.012 393.084
250.271 303.737
250.531 402.388
250.791 597.037
251.051 501.685
251.311 323.332
251.571 166.977
251.831 312.621
252.091 379.263
252.351 361.904
252.610 344.543
252.870 375.181
253.130 310.818
253.390 316.453
253.650 417.086
253.911 425.719
254.172 469.349
254.433 390.978
254.694 347.606
254.955 385.233
255.216 291.858
255.477 416.481
255.738 359.103
255.999 272.724
256.261 450.343
256.522 422.960
256.783 446.577
257.044 280.192
257.305 214.805
257.566 224.417
257.827 206.027
258.088 288.637
258.349 282.244
258.610 384.850
258.871 438.455
259.132 490.059
259.393 394.661
259.654 246.261
259.915 177.860
260.176 234.458
260.437 353.054
260.698 380.649
260.959 346.243
261.221 424.835
261.482 471.425
261.743 378.014
262.004 383.602
262.265 561.189
262.526 492.774
262.787 255.357
263.048 249.939
263.309 315.520
263.570 468.100
263.831 435.678
264.092 373.254
264.353 255.829
264.614 520.403
264.875 482.976
265.136 346.547
265.397 557.116
265.658 586.684
265.919 591.251
266.181 576.817
266.442 420.381
266.703 348.944
266.964 358.505
267.225 314.065
267.486 364.623
267.747 527.181
268.008 540.737
268.269 532.291
268.530 508.844
268.791 477.396
269.052 461.946
269.313 475.495
269.574 460.043
269.835 416.589
270.096 367.134
270.357 418.678
270.618 385.220
270.879 341.761
271.141 343.301
271.402 356.839
271.663 317.376
271.924 470.912
272.185 467.446
272.446 414.979
272.707 397.511
272.968 384.041
273.229 371.570
273.490 360.098
273.751 320.624
274.012 390.149
274.273 460.673
274.534 436.195
274.795 477.716
275.056 478.236
275.317 295.754
275.578 201.271
275.839 333.787
276.101 345.302
276.362 318.815
276.623 362.327
276.884 519.838
277.145 524.347
277.406 448.855
277.667 324.362
277.928 290.868
278.189 476.372
278.450 519.875
278.711 507.377
278.972 523.877
279.233 437.376
279.494 511.874
279.755 599.371
280.016 567.866
280.277 410.360
280.538 437.853
280.799 332.345
281.061 380.835
281.322 369.324
281.583 378.812
281.844 403.299
282.105 377.784
282.366 444.268
282.627 394.751
282.888 484.233
283.149 465.713
283.410 419.193
283.671 482.671
283.932 349.148
284.193 205.623
284.454 373.097
284.715 467.571
284.976 386.043
285.237 459.513
285.498 701.983
285.759 591.451
286.021 524.918
286.282 466.384
286.543 507.849
286.804 491.312
287.065 495.775
287.326 552.236
287.587 367.696
287.848 441.155
288.109 518.612
288.370 456.069
288.631 258.524
288.892 238.978
289.153 293.431
289.414 277.883
289.675 579.333
289.936 640.783
290.197 509.231
290.458 441.678
290.719 447.124
290.981 544.569
291.242 619.013
291.503 611.455
291.764 415.897
292.025 271.337
292.286 346.776
292.547 475.214
292.808 440.651
293.069 492.086
293.330 453.521
293.591 469.955
293.852 431.387
294.113 403.818
294.374 379.248
294.635 407.677
294.896 462.105
295.157 521.532
295.418 543.958
295.679 521.382
295.941 439.806
296.202 510.228
296.463 506.649
296.724 566.070
296.985 530.489
297.246 500.907
297.507 341.324
297.768 342.740
298.029 487.154
298.290 666.568
298.551 623.981
298.812 589.392
299.073 419.803
299.334 360.212
299.595 494.621
299.856 457.028
300.117 644.434
300.378 584.840
300.639 342.244
300.901 335.647
301.162 448.049
301.423 506.450
301.684 609.850
301.945 654.249
302.206 463.647
302.467 456.044
302.728 378.440
302.989 419.835
303.250 472.228
303.511 565.621
303.772 557.013
304.033 497.404
304.294 460.794
304.555 396.182
304.816 460.570
305.077 521.957
305.338 437.342
305.599 404.727
305.861 454.111
306.122 582.494
306.383 495.875
306.644 525.256
306.905 405.636
307.166 522.015
307.427 463.393
307.688 431.769
307.949 428.145
308.210 459.520
308.471 476.894
308.732 425.267
308.993 327.639
309.254 410.010
309.515 334.380
309.776 440.749
310.037 510.117
310.298 367.484
310.559 385.851
310.821 543.216
311.082 547.580
311.343 397.943
311.604 319.306
311.865 350.667
312.126 361.028
312.387 415.388
312.648 430.746
312.909 454.104
313.170 485.461
313.434 466.817
313.698 391.172
313.963 472.526
314.227 393.879
314.491 452.231
314.755 445.583
315.019 461.933
315.284 328.283
315.548 469.631
315.812 503.979
316.076 557.326
316.340 565.672
316.604 518.017
316.869 574.361
317.133 546.704
317.397 552.047
317.661 569.388
317.925 514.729
318.190 490.069
318.454 453.407
318.718 418.745
318.982 579.083
319.246 596.419
319.511 690.754
319.775 559.089
320.039 521.422
320.303 504.755
320.567 538.087
320.832 581.418
321.096 492.748
321.360 434.078
321.624 432.406
321.888 403.734
322.153 425.061
322.417 362.387
322.681 305.712
322.945 442.036
323.209 489.360
323.473 471.682
323.738 443.004
324.002 442.325
324.266 595.645
324.530 591.965
324.794 482.283
325.059 468.601
325.323 339.918
325.587 415.234
325.851 442.549
326.115 632.864
326.380 560.178
326.644 563.490
326.908 537.802
327.172 442.114
327.436 466.424
327.701 452.734
327.965 459.043
328.229 492.351
328.493 355.658
328.757 409.965
329.022 520.270
329.286 410.575
329.550 397.879
329.814 456.183
330.078 520.485
330.342 468.787
330.607 456.088
330.871 490.389
331.135 634.688
331.399 648.987
331.663 506.285
331.928 497.582
332.192 561.879
332.456 467.175
332.720 513.470
332.984 445.764
333.249 519.057
333.513 501.350
333.777 407.642
334.041 397.933
334.305 448.224
334.570 482.514
334.834 388.803
335.098 545.091
335.362 587.378
335.626 521.665
335.891 441.951
336.155 481.237
336.419 475.521
336.683 353.805
336.947 463.089
337.211 475.371
337.476 360.653
337.740 420.934
338.004 465.214
338.268 449.494
338.532 520.773
338.797 482.051
339.061 550.329
339.325 620.606
339.589 639.882
339.853 542.157
340.118 475.432
340.382 583.706
340.646 673.979
340.910 485.252
341.174 444.524
341.439 425.795
341.703 509.066
341.967 468.336
342.231 437.605
342.495 399.874
342.759 536.142
343.024 542.409
343.288 614.675
343.552 557.941
343.816 385.207
344.080 381.471
344.345 466.735
344.609 409.998
344.873 351.261
345.137 433.523
345.401 479.784
345.666 348.045
345.930 540.305
346.194 624.564
346.458 435.822
346.722 410.080
346.987 401.338
347.251 535.595
347.515 643.851
347.779 474.106
348.043 445.361
348.308 449.615
348.572 343.869
348.836 294.121
349.100 365.374
349.364 327.625
349.628 365.876
349.893 419.127
350.157 507.377
350.421 525.626
350.685 554.874
350.949 499.122
351.214 412.369
351.478 478.616
351.742 458.862
352.006 462.108
352.270 493.352
352.535 386.597
352.799 403.840
353.063 473.083
353.327 383.326
353.591 340.568
353.856 405.809
354.120 453.049
354.384 562.289
354.648 657.529
354.912 590.768
355.177 490.006
355.441 407.244
355.705 630.481
355.969 680.717
356.233 585.953
356.497 544.188
356.762 547.423
357.026 514.657
357.290 513.891
357.554 504.124
357.818 488.356
358.083 487.588
358.347 486.820
358.611 473.050
358.875 494.281
359.139 499.510
359.404 420.739
359.668 521.968
359.932 636.196
360.196 595.423
360.460 466.650
360.725 542.876
360.989 614.102
361.253 687.327
361.517 594.551
361.781 612.776
362.046 608.999
362.310 602.222
362.574 626.444
362.838 533.666
363.102 524.888
363.366 527.108
363.631 489.329
363.895 502.548
364.159 633.768
364.423 592.986
364.687 587.204
364.952 633.422
365.216 645.639
365.480 554.855
365.747 398.071
366.013 467.287
366.280 434.502
366.546 540.716
366.813 493.930
367.079 569.144
367.346 636.357
367.612 554.569
367.879 579.781
368.145 624.992
368.412 498.203
368.678 434.413
368.945 557.623
369.211 557.832
369.478 558.041
369.744 559.249
370.011 518.457
370.278 474.665
370.544 445.871
370.811 504.078
371.077 554.283
371.344 541.489
371.610 530.694
371.877 526.898
372.143 585.102
372.410 598.305
372.676 698.508
372.943 702.710
373.209 626.912
373.476 526.114
373.742 427.315
374.009 522.515
374.276 584.715
374.542 544.914
374.809 423.113
375.075 289.312
375.342 320.510
375.608 339.708
375.875 405.905
376.141 666.101
376.408 621.298
376.674 563.493
376.941 513.689
377.207 510.883
377.474 876.078
377.740 752.271
378.007 422.465
378.273 511.658
378.540 604.850
378.807 483.042
379.073 441.234
379.340 425.425
379.606 467.616
379.873 499.806
380.139 541.996
380.406 610.185
380.672 544.374
380.939 410.562
381.205 354.750
381.472 323.938
381.738 341.125
382.005 538.311
382.271 640.498
382.538 606.683
382.804 671.869
383.071 506.054
383.338 485.238
383.604 523.422
383.871 650.606
384.137 627.789
384.404 553.972
384.670 566.154
384.937 486.336
385.203 541.517
385.470 509.698
385.736 504.879
386.003 513.059
386.269 548.239
386.536 483.418
386.802 472.597
387.069 581.775
387.336 717.954
387.602 652.131
387.869 383.308
388.135 373.485
388.402 355.662
388.668 452.838
388.935 562.013
389.201 677.189
389.468 663.363
389.734 662.538
390.001 601.712
390.267 484.885
390.534 557.058
390.800 535.231
391.067 572.404
391.333 582.576
391.600 519.747
391.867 603.918
392.133 536.089
392.400 443.259
392.666 383.429
392.933 628.599
393.199 711.768
393.466 530.937
393.732 492.105
393.999 577.273
394.265 584.441
394.532 498.608
394.798 580.775
395.065 508.942
395.331 524.108
395.598 541.274
395.864 547.439
396.131 571.604
396.398 653.769
396.664 628.933
396.931 606.097
397.197 670.260
397.464 668.423
397.730 859.586
397.997 835.748
398.263 812.910
398.530 842.072
398.796 1014.233
399.063 1006.394
399.329 914.554
399.596 1048.714
399.862 968.874
400.129 1026.034
400.396 1103.193
400.662 867.351
400.929 874.510
401.195 906.668
401.462 978.825
401.728 1048.982
401.995 1075.139
402.261 1042.296
402.528 1012.452
402.794 1094.608
403.061 1268.763
403.327 1438.918
403.594 1285.073
403.860 1146.228
404.127 1214.382
404.393 1447.535
404.660 1494.689
404.931 1439.842
405.202 1439.994
405.473 1390.147
405.745 1589.299
406.016 1859.450
406.287 1797.602
406.558 1707.753
406.829 1893.903
407.100 1822.054
407.371 2064.203
407.642 2092.353
407.914 1915.502
408.185 1844.651
408.456 1858.800
408.727 1969.948
408.998 2039.096
409.269 2212.244
409.540 2382.391
409.811 2123.538
410.083 2056.685
410.354 1988.831
410.625 1949.977
410.896 2057.122
411.167 2149.268
411.438 2122.413
411.709 1964.557
411.981 2111.702
412.252 1825.846
412.523 1672.990
412.794 1783.133
413.065 1737.276
413.336 1500.419
413.607 1555.561
413.878 1471.703
414.150 1314.845
414.421 1211.987
414.692 1168.128
414.963 1144.269
415.234 1222.409
415.505 1164.549
415.776 1200.689
416.047 1135.829
416.319 1061.968
416.590 900.107
416.861 692.246
417.132 833.384
417.403 856.522
417.674 739.660
417.945 641.798
418.217 597.935
418.488 686.072
418.759 549.208
419.030 525.345
419.301 664.481
419.572 697.616
419.843 632.752
420.114 516.887
420.386 500.022
420.657 627.156
420.928 516.290
421.199 529.424
421.470 558.558
421.741 442.691
422.012 494.824
422.283 500.957
422.555 507.089
422.826 574.222
423.097 689.353
423.368 623.485
423.639 444.616
423.910 500.747
424.181 513.878
424.453 425.009
424.724 674.139
424.995 762.269
425.266 582.398
425.537 526.527
425.808 644.657
426.079 648.785
426.350 553.914
426.622 473.042
426.893 574.170
427.164 516.298
427.435 432.425
427.706 460.552
427.977 534.679
428.248 471.805
428.519 540.932
428.791 543.058
429.062 592.183
429.333 443.309
429.604 416.434
429.875 590.559
430.146 631.684
430.417 553.808
430.689 526.932
430.960 481.056
431.231 444.180
431.502 585.303
431.773 682.426
432.044 545.549
432.315 644.671
432.586 624.794
432.858 644.916
433.129 516.037
433.400 537.159
433.671 630.280
433.942 526.401
434.213 377.522
434.484 484.642
434.755 542.763
435.027 404.882
435.298 543.002
435.569 576.122
435.840 480.241
436.116 545.360
436.391 591.478
436.667 573.597
436.942 655.715
437.218 703.833
437.493 662.951
437.769 732.068
438.045 602.185
438.320 596.302
438.596 623.419
438.871 569.535
439.147 522.652
439.422 478.767
439.698 373.883
439.974 388.999
440.249 582.114
440.525 624.229
440.800 431.344
441.076 521.458
441.351 695.572
441.627 686.686
441.903 627.800
442.178 496.914
442.454 499.027
442.729 685.140
443.005 555.253
443.281 680.365
443.556 776.478
443.832 638.590
444.107 482.702
444.383 512.813
444.658 576.925
444.934 455.036
445.210 676.147
445.485 741.258
445.761 702.368
446.036 602.478
446.312 685.588
446.587 696.698
446.863 423.808
447.139 448.917
447.414 518.026
447.690 567.135
447.965 602.244
448.241 540.352
448.516 593.460
448.792 599.568
449.068 551.676
449.343 580.784
449.619 474.891
449.894 519.998
450.170 499.105
450.445 642.212
450.721 713.318
450.997 473.424
451.272 554.530
451.548 535.636
451.823 486.742
452.099 552.847
452.375 437.952
452.650 437.057
452.926 563.162
453.201 551.266
453.477 795.371
453.752 672.475
454.028 475.579
454.304 565.682
454.579 635.786
454.855 602.889
455.130 623.992
455.406 750.095
455.681 677.197
455.957 604.299
456.233 596.402
456.508 628.504
456.784 628.605
457.059 570.707
457.335 663.808
457.610 586.909
457.886 544.010
458.162 516.111
458.437 516.211
458.713 612.312
458.988 633.412
459.264 669.512
459.539 669.611
459.815 595.711
460.091 503.810
460.366 478.909
460.642 436.008
460.917 524.107
461.193 584.205
461.468 502.304
461.744 459.402
462.020 472.500
462.295 582.597
462.571 568.695
462.846 593.792
463.122 763.889
463.397 695.986
463.673 549.533
463.949 554.625
464.224 546.729
464.500 589.782
464.775 546.468
465.051 554.455
465.327 593.066
465.602 627.499
465.878 618.231
466.153 515.913
466.429 729.310
466.704 965.204
466.980 819.228
467.256 807.323
467.531 901.318
467.807 822.155
468.082 754.112
468.358 737.435
468.633 816.055
468.909 696.671
469.185 639.173
469.460 769.688
469.736 880.325
470.011 720.297
470.287 719.665
470.562 767.579
470.838 638.275
471.114 702.649
471.389 733.044
471.665 719.722
471.940 754.956
472.216 779.339
472.491 593.797
472.767 617.818
473.043 744.684
473.318 820.841
473.594 681.340
473.869 637.364
474.145 618.127
474.421 598.889
474.696 580.669
474.972 592.552
475.247 642.177
475.523 702.713
475.798 734.101
476.074 648.922
476.350 628.645
476.625 669.131
476.901 683.492
477.176 617.712
477.452 524.599
477.727 497.221
478.003 414.487
478.279 615.795
478.554 762.225
478.830 721.379
479.105 686.500
479.381 665.607
479.656 572.389
479.932 623.568
480.208 731.323
480.483 763.026
480.759 740.868
481.034 599.802
481.310 536.251
481.585 576.587
481.861 638.164
482.137 603.367
482.412 652.141
482.688 686.057
482.963 716.546
483.239 755.993
483.514 490.546
483.790 577.648
484.066 850.881
484.341 669.477
484.617 555.233
484.892 690.529
485.168 681.656
485.443 516.051
485.719 594.662
485.995 737.413
486.270 687.210
486.546 583.063
486.821 490.167
487.097 421.166
487.373 495.782
487.648 714.374
487.924 712.768
488.199 466.568
488.475 319.300
488.750 353.067
489.026 523.267
489.302 555.731
489.577 499.383
489.853 449.021
490.128 670.451
490.404 643.455
490.679 453.709
490.955 658.622
491.231 731.036
491.506 657.465
491.782 551.428
492.057 517.698
492.333 596.053
492.608 526.658
492.884 572.723
493.160 450.491
493.435 486.745
493.711 602.508
493.986 589.262
494.262 571.288
494.537 508.619
494.813 551.393
495.089 433.150
495.364 490.200
495.640 570.826
495.915 528.662
496.191 687.259
496.467 607.223
496.742 579.713
497.018 630.291
497.293 549.418
497.569 667.625
497.844 557.142
498.120 582.959
498.396 569.310
498.671 543.138
498.947 694.156
499.222 597.506
499.498 511.608
499.773 635.065
500.049 642.388
500.325 587.216
500.600 659.465
500.876 648.187
501.151 753.875
501.427 773.783
501.702 789.710
501.978 733.503
502.254 780.372
502.529 647.870
502.805 778.506
503.080 957.792
503.356 830.679
503.631 783.107
503.907 825.252
504.183 733.220
504.458 751.512
504.734 751.837
505.009 868.189
505.285 846.874
505.560 799.579
505.836 714.428
506.112 748.914
506.387 704.452
506.663 653.256
506.938 641.195
507.214 610.933
507.490 728.570
507.765 755.152
508.041 734.032
508.316 793.640
508.592 670.259
508.867 683.740
509.143 854.983
509.419 762.592
509.694 620.711
509.970 575.646
510.245 522.511
510.521 622.058
510.796 605.522
511.072 598.599
511.348 623.397
511.623 632.439
511.899 559.051
512.174 591.335
512.450 655.301
512.725 655.369
513.001 572.528
513.277 467.078
513.552 616.420
513.828 592.589
514.103 612.762
514.379 776.155
514.654 624.104
514.930 603.298
515.206 887.365
515.481 769.668
515.757 524.348
516.032 496.504
516.308 625.482
516.583 735.181
516.859 653.970
517.135 619.955
517.410 665.462
517.686 721.893
517.961 676.282
518.237 658.545
518.513 590.538
518.788 799.896
519.064 838.956
519.339 699.733
519.615 648.928
519.890 742.869
520.166 723.912
520.442 848.398
520.717 912.946
520.993 884.987
521.268 719.616
521.544 751.440
521.819 711.634
522.095 775.312
522.371 899.271
522.646 900.292
522.922 965.583
523.197 923.499
523.473 1019.327
523.748 938.048
524.024 857.727
524.300 888.409
524.575 803.303
524.851 863.651
525.126 893.478
525.402 934.585
525.677 955.698
525.953 887.923
526.229 812.457
526.504 785.544
526.780 1016.210
527.055 970.353
527.331 964.671
527.606 1020.252
527.882 988.713
528.158 810.601
528.433 982.082
528.709 951.431
528.984 912.143
529.260 938.957
529.535 957.326
529.811 789.278
530.087 696.535
530.362 732.910
530.638 841.022
530.913 900.562
531.189 914.038
531.465 750.004
531.740 715.039
532.016 860.857
532.291 851.244
532.567 827.758
532.842 883.049
533.118 871.355
533.394 910.123
533.669 769.929
533.945 679.520
534.220 663.041
534.496 790.327
534.771 782.384
535.047 789.059
535.323 749.848
535.598 756.979
535.874 813.440
536.149 847.529
536.425 682.075
536.700 617.553
536.976 762.940
537.252 910.949
537.527 802.864
537.803 861.860
538.078 1052.539
538.354 1197.139
538.629 1105.855
538.905 1146.266
539.181 1292.568
539.456 1319.253
539.732 1484.481
540.007 1591.152
540.283 1428.750
540.558 1403.704
540.834 1537.101
541.110 1602.046
541.385 1649.627
541.661 1746.714
541.936 1783.189
542.212 1680.173
542.488 1719.872
542.763 1794.259
543.039 1830.818
543.314 1855.675
543.590 1783.095
543.865 1825.852
544.141 1836.831
544.417 1892.498
544.692 1800.200
544.968 1903.532
545.243 1890.569
545.519 1707.019
545.794 1717.718
546.070 1818.170
546.348 1738.442
546.627 1526.034
546.905 1711.687
547.183 1727.210
547.461 1708.396
547.740 1811.728
548.018 1652.549
548.296 1577.477
548.575 1493.122
548.853 1431.607
549.131 1538.910
549.409 1614.819
549.688 1790.468
549.966 1747.863
550.244 1771.726
550.523 1751.193
550.801 1767.334
551.079 1820.041
551.357 1907.136
551.636 1915.186
551.914 1866.096
552.192 1792.185
552.471 1906.543
552.749 2068.356
553.027 2032.908
553.306 2086.025
553.584 2336.815
553.862 2268.756
554.140 2313.994
554.419 2271.008
554.697 2384.673
554.975 2604.505
555.254 2638.178
555.532 2337.802
555.810 2421.425
556.088 2643.635
556.367 2561.894
556.645 2358.091
556.923 2363.978
557.202 2359.787
557.480 2363.371
557.758 2239.888
558.036 2218.599
558.315 2205.641
558.593 2241.509
558.871 2197.028
559.150 2073.991
559.428 1983.235
559.706 1881.819
559.984 1900.322
560.263 1964.112
560.541 1823.711
560.819 1730.141
561.098 1670.131
561.376 1629.795
561.654 1389.459
561.932 1173.328
562.211 1247.971
562.489 1255.704
562.767 1071.246
563.046 877.318
563.324 801.668
563.602 904.311
563.880 816.159
564.159 858.433
564.437 942.989
564.715 786.551
564.994 656.081
565.272 808.719
565.550 650.752
565.828 531.462
566.107 676.733
566.385 700.175
566.663 610.298
566.942 624.380
567.220 702.237
567.498 824.112
567.776 671.275
568.055 571.321
568.333 622.329
568.611 701.610
568.890 630.365
569.168 549.582
569.446 580.112
569.725 590.786
570.003 463.296
570.281 400.928
570.559 567.318
570.838 585.339
571.116 657.657
571.394 720.688
571.673 769.930
571.951 702.762
572.229 622.225
572.507 659.805
572.786 648.820
573.064 625.155
573.342 627.148
573.621 500.612
573.899 592.365
574.177 801.974
574.455 763.703
574.734 592.284
575.012 654.952
575.290 605.688
575.569 642.602
575.847 717.861
576.125 661.969
576.403 521.211
576.682 619.114
576.960 668.655
577.243 716.271
577.527 624.411
577.810 491.451
578.093 478.174
578.377 537.465
578.660 582.964
578.944 605.736
579.227 557.476
579.510 632.404
579.794 602.323
580.077 532.395
580.360 545.865
580.644 580.215
580.927 577.855
581.210 574.917
581.494 539.255
581.777 629.310
582.061 567.232
582.344 521.980
582.627 491.117
582.911 545.997
583.194 524.630
583.477 634.455
583.761 682.403
584.044 721.369
584.327 639.217
584.611 557.343
584.894 549.395
585.178 544.444
585.461 560.471
585.744 652.423
586.028 584.119
586.311 583.163
586.594 641.207
586.878 605.250
587.161 592.294
587.444 631.337
587.728 642.380
588.011 670.423
588.295 528.467
588.578 595.914
588.861 756.796
589.145 653.596
589.428 608.247
589.711 510.681
589.995 508.216
590.278 652.115
590.562 634.809
590.845 558.294
591.128 743.408
591.412 691.554
591.695 558.421
591.978 712.596
592.262 685.378
592.545 492.628
592.828 682.782
593.112 578.454
593.395 511.697
593.679 498.281
593.962 688.561
594.245 666.027
594.529 574.526
594.812 458.688
595.095 431.325
595.379 655.932
595.662 686.446
595.945 606.362
596.229 508.579
596.512 529.395
596.796 587.443
597.079 679.971
597.362 726.547
597.646 724.879
597.929 655.681
598.212 600.726
598.496 596.814
598.779 763.096
599.062 846.058
599.346 669.395
599.629 557.335
599.913 512.491
600.196 616.964
600.479 655.767
600.763 648.571
601.046 489.026
601.329 572.224
601.613 661.180
601.896 626.804
602.179 702.848
602.463 619.390
602.746 669.528
603.030 705.913
603.313 635.583
603.596 548.281
603.880 606.606
604.163 610.566
604.446 584.541
604.730 479.781
605.013 602.638
605.296 677.703
605.580 597.428
605.863 648.397
606.147 565.183
606.430 524.085
606.713 649.834
606.997 557.462
607.280 719.382
607.563 671.474
607.847 596.564
608.130 629.113
608.414 688.222
608.697 638.357
608.980 596.905
609.264 688.704
609.547 639.096
609.830 657.742
610.114 627.417
610.397 585.339
610.680 662.103
610.964 701.674
611.247 643.868
611.531 562.103
611.814 504.241
612.097 498.390
612.381 642.056
612.664 772.262
612.947 617.245
613.231 581.953
613.514 597.296
613.797 656.272
614.081 673.008
614.364 634.734
614.648 610.213
614.931 508.089
615.214 476.691
615.498 550.943
615.781 635.183
616.064 596.833
616.348 699.232
616.631 701.928
616.914 729.816
617.198 654.710
617.481 597.603
617.765 638.662
618.048 712.379
618.331 647.263
618.615 595.567
618.898 684.536
619.181 681.607
619.465 641.763
619.748 608.169
620.031 566.233
620.315 534.124
620.598 593.222
620.882 669.319
621.165 810.179
621.448 759.519
621.732 707.574
622.015 595.172
622.298 557.511
622.582 622.973
622.865 645.609
623.148 568.722
623.432 737.063
623.715 595.958
623.999 756.667
624.282 765.495
624.565 797.251
624.849 623.243
625.132 549.938
625.415 798.966
625.699 875.488
625.982 736.271
626.265 659.938
626.549 653.247
626.832 747.221
627.116 751.297
627.399 543.251
627.682 581.506
627.966 573.906
628.249 601.532
628.532 586.892
628.816 781.336
629.099 696.420
629.383 635.697
629.666 635.460
629.949 574.831
630.233 544.895
630.516 620.613
630.799 649.093
631.083 591.980
631.366 581.990
631.649 475.819
631.933 445.024
632.216 624.784
632.500 661.575
632.783 683.953
633.066 651.652
633.350 650.762
633.633 736.074
633.916 705.391
634.200 551.908
634.483 614.630
634.766 659.701
635.050 617.848
635.333 518.339
635.617 543.977
635.900 656.721
636.183 699.976
636.467 681.387
636.750 708.434
637.033 716.956
637.317 639.705
637.600 607.180
637.883 532.463
638.167 557.322
638.450 637.770
638.734 616.265
639.017 661.240
639.300 680.934
639.584 616.716
639.867 741.162
640.150 665.421
640.434 691.644
640.717 691.963
641.000 635.918
641.284 708.846
641.567 644.993
641.851 651.288
642.134 750.760
642.417 729.527
642.701 837.817
642.984 850.148
643.267 742.220
643.551 605.546
643.834 607.080
644.117 712.347
644.401 676.493
644.684 684.021
644.968 800.828
645.251 749.450
645.534 623.776
645.818 607.859
646.101 715.501
646.384 846.047
646.668 833.870
646.951 738.125
647.235 788.661
647.518 828.164
647.801 979.509
648.085 1094.112
648.368 1040.658
648.651 979.597
648.935 1113.298
649.218 1274.344
649.501 1233.162
649.785 1274.403
650.068 1532.497
650.352 1613.293
650.635 1569.479
650.918 1495.307
651.202 1661.831
651.485 1786.896
651.768 1884.631
652.052 1909.116
652.335 1931.894
652.618 2083.866
652.902 2199.380
653.185 2399.793
653.469 2296.154
653.752 2360.935
654.035 2439.685
654.319 2597.185
654.602 2654.235
654.885 2645.760
655.169 2679.761
655.452 2652.586
655.735 2790.570
656.019 2820.701
656.302 2801.112
656.586 2883.497
656.869 3084.177
657.152 2971.149
657.436 2792.198
657.719 2988.196
658.002 3037.635
658.286 2893.259
658.569 2608.263
658.852 2524.200
659.136 2604.482
659.419 2553.751
659.703 2500.989
659.986 2551.780
660.269 2566.158
660.553 2444.677
660.836 2534.138
661.119 2574.818
661.403 2553.616
661.686 2537.823
661.969 2463.590
662.253 2416.400
662.536 2465.210
662.820 2587.014
663.103 2591.101
663.386 2609.386
663.670 2671.281
663.953 2518.130
664.236 2604.803
664.520 2477.173
664.803 2462.004
665.086 2476.748
665.370 2544.130
665.653 2627.239
665.937 2588.350
666.220 2511.300
666.503 2498.144
666.787 2537.727
667.070 2446.369
667.353 2435.219
667.637 2188.929
667.920 2063.197
668.204 1817.233
668.487 1722.654
668.770 1718.327
669.054 1456.645
669.337 1310.350
669.620 1211.500
669.904 1099.297
670.187 1087.194
670.470 1089.352
670.754 979.177
671.037 800.226
671.321 718.743
671.604 887.195
671.887 872.779
672.171 791.947
672.454 764.581
672.737 754.905
673.021 720.836
673.304 707.231
673.587 867.423
673.871 838.372
674.154 851.053
674.438 878.677
674.721 877.678
675.004 883.753
675.288 870.406
675.571 835.285
675.854 761.163
676.138 750.636
676.421 764.854
676.704 734.681
676.988 874.301
677.271 1042.588
677.555 973.373
677.838 803.805
678.121 765.812
678.405 755.003
678.688 841.987
678.971 658.077
679.255 755.616
679.538 874.938
679.821 879.115
680.105 789.713
680.388 706.667
680.672 684.560
680.955 690.825
681.238 683.247
681.522 659.695
681.805 727.480
682.088 782.999
682.372 795.314
682.655 702.225
682.938 784.716
683.222 813.971
683.505 738.569
683.789 772.035
684.072 695.782
684.355 729.530
684.639 752.521
684.922 697.225
685.205 676.375
685.489 799.576
685.772 725.203
686.056 757.370
686.339 807.606
686.622 671.291
686.906 665.055
687.189 791.387
687.472 973.042
687.756 762.461
688.039 578.524
688.322 561.849
688.606 744.548
688.889 719.523
689.173 639.174
689.456 774.900
689.739 768.663
690.023 719.921
690.306 748.102
690.589 679.641
690.873 758.044
691.156 790.329
691.439 692.540
691.723 641.578
692.006 725.606
692.290 687.741
692.573 786.741
692.856 874.256
693.140 858.738
693.423 788.517
693.706 701.277
693.990 686.409
694.273 700.188
694.556 868.738
694.840 931.574
695.123 764.315
695.407 756.327
695.690 684.764
695.973 713.331
696.257 772.354
696.540 924.877
696.830 780.067
697.120 785.231
697.410 839.891
697.699 770.337
697.989 983.712
698.279 888.336
698.569 718.393
698.859 796.287
699.149 879.551
699.439 797.982
699.729 761.479
700.018 717.626
700.308 768.907
700.598 706.750
700.888 640.595
701.178 836.924
701.468 852.327
701.758 702.551
702.048 769.134
702.337 719.379
702.627 821.887
702.917 774.485
703.207 628.941
703.497 693.724
703.787 642.800
704.077 680.694
704.366 769.712
704.656 653.618
704.946 584.681
705.236 535.169
705.526 688.351
705.816 795.161
706.106 532.179
706.396 570.517
706.685 643.319
706.975 560.919
707.265 491.446
707.555 675.167
707.845 625.289
708.135 540.079
708.425 457.473
708.715 512.350
709.004 723.330
709.294 689.756
709.584 634.177
709.874 681.538
710.164 681.560
710.454 575.223
710.744 549.011
711.034 598.789
711.323 626.176
711.613 598.639
711.903 764.248
712.193 806.552
712.483 645.316
712.773 641.405
713.063 568.530
713.352 557.644
713.642 596.655
713.932 698.927
714.222 718.036
714.512 622.029
714.802 603.167
715.092 715.592
715.382 625.255
715.671 588.356
715.961 600.731
716.251 508.267
716.541 572.285
716.831 640.987
717.121 544.246
717.411 684.853
717.701 743.248
717.990 650.446
718.280 596.694
718.570 583.344
718.860 541.778
719.150 557.598
719.440 506.515
719.730 437.297
720.019 747.969
720.309 714.321
720.599 631.247
720.889 580.802
721.179 627.713
721.469 675.270
721.759 581.979
722.049 624.186
722.338 552.299
722.628 563.948
722.918 639.243
723.208 700.109
723.498 528.976
723.788 627.678
724.078 830.778
724.368 729.219
724.657 639.906
724.947 601.007
725.237 686.550
725.527 751.242
725.817 632.892
726.107 595.097
726.397 541.926
726.686 484.887
726.976 535.198
727.266 642.569
727.556 584.562
727.846 661.625
728.136 691.954
728.426 544.091
728.716 495.662
729.005 661.380
729.295 605.199
729.585 487.948
729.875 483.147
730.165 566.080
730.455 643.696
730.745 665.700
731.035 635.624
731.324 733.184
731.614 705.567
731.904 577.994
732.194 717.956
732.484 647.663
732.774 582.508
733.064 577.665
733.354 463.872
733.643 517.933
733.933 547.662
734.223 535.987
734.513 690.003
734.803 724.843
735.093 595.107
735.383 596.685
735.672 643.580
735.962 699.654
736.252 534.768
736.542 512.329
736.832 560.341
737.122 463.852
737.412 551.127
737.702 700.854
737.991 651.806
738.281 600.011
738.571 585.689
738.861 556.350
739.151 610.504
739.441 708.252
739.731 545.047
740.021 560.919
740.310 685.752
740.600 696.321
740.890 475.264
741.180 505.838
741.470 552.254
741.760 690.478
742.050 834.624
742.339 714.633
742.629 581.122
742.919 731.488
743.209 554.895
743.499 502.051
743.789 547.123
744.079 622.390
744.369 655.424
744.658 552.679
744.948 375.914
745.238 575.514
745.528 632.025
745.818 730.886
746.108 655.508
746.398 677.033
746.688 642.296
746.977 743.606
747.267 617.509
747.557 687.724
747.847 728.499
748.137 667.552
748.427 604.885
748.717 557.698
749.006 451.690
749.296 573.673
749.586 609.938
749.876 726.102
750.166 623.532
750.456 606.227
750.746 655.753
751.036 559.964
751.325 635.832
751.615 630.492
751.905 609.533
752.195 678.161
752.485 630.181
752.775 609.809
753.065 531.751
753.355 779.017
753.644 735.993
753.934 587.627
754.224 643.225
754.514 805.536
754.804 573.052
755.094 504.867
755.384 551.024
755.674 579.128
755.963 673.429
756.253 678.141
756.543 723.618
756.833 702.981
757.123 689.241
757.413 613.571
757.703 579.419
757.992 569.388
758.282 651.164
758.572 656.863
758.862 626.731
759.152 616.699
759.442 524.733
759.732 649.902
760.022 770.524
760.311 666.690
760.601 508.761
760.891 630.510
761.181 683.161
761.471 696.946
761.761 616.095
762.051 569.790
762.341 686.941
762.630 754.117
762.920 600.057
763.210 653.099
763.500 758.200
763.793 579.971
764.086 575.961
764.379 609.605
764.671 722.300
764.964 650.889
765.257 662.980
765.550 644.174
765.843 500.039
766.136 582.718
766.429 568.624
766.722 580.154
767.014 533.311
767.307 431.147
767.600 471.447
767.893 506.215
768.186 508.249
768.479 602.017
768.772 674.616
769.064 685.722
769.357 635.704
769.650 593.017
769.943 747.523
770.236 668.991
770.529 533.595
770.822 591.072
771.115 652.582
771.407 760.221
771.700 736.021
771.993 772.136
772.286 750.184
772.579 730.292
772.872 652.689
773.165 588.191
773.457 656.757
773.750 687.710
774.043 586.819
774.336 593.490
774.629 642.714
774.922 611.090
775.215 550.563
775.508 585.725
775.800 519.761
776.093 666.324
776.386 662.653
776.679 523.358
776.972 621.059
777.265 857.733
777.558 864.936
777.850 660.064
778.143 642.996
778.436 657.745
778.729 582.729
779.022 621.942
779.315 597.839
779.608 489.313
779.900 564.708
780.193 589.850
780.486 565.179
780.779 584.689
781.072 548.048
781.365 703.078
781.658 665.649
781.951 540.164
782.243 605.231
782.536 692.808
782.829 669.733
783.122 616.537
783.415 616.939
783.708 667.106
784.001 714.264
784.293 765.435
784.586 753.662
784.879 757.687
785.172 639.828
785.465 575.356
785.758 613.449
786.051 671.582
786.344 758.255
786.636 868.140
786.929 682.972
787.222 598.100
787.515 569.892
787.808 606.732
788.101 592.762
788.394 734.637
788.686 841.547
788.979 825.405
789.272 778.642
789.565 687.063
789.858 627.200
790.151 552.917
790.444 505.981
790.737 553.503
791.029 512.495
791.322 604.327
791.615 565.855
791.908 592.975
792.201 642.300
792.494 640.679
792.787 715.754
793.079 837.122
793.372 709.810
793.665 715.519
793.958 660.700
794.251 719.540
794.544 833.381
794.837 879.093
795.130 729.558
795.422 630.870
795.715 654.814
796.008 682.430
796.301 641.246
796.594 589.469
796.887 681.118
797.180 664.864
797.472 497.382
797.765 458.515
798.058 559.668
798.351 584.170
798.644 528.353
798.937 492.477
799.230 602.560
799.523 935.180
799.815 806.582
800.108 533.417
800.401 453.672
800.694 599.849
800.987 574.341
801.280 648.432
801.573 730.365
801.865 735.376
802.158 628.869
802.451 578.985
802.744 601.954
803.037 666.840
803.330 638.551
803.623 738.728
803.915 711.797
804.208 577.658
804.501 635.887
804.794 669.937
805.087 633.283
805.380 516.331
805.673 492.806
805.966 671.000
806.258 630.605
806.551 621.847
806.844 645.959
807.137 725.015
807.430 540.568
807.723 502.431
808.016 721.321
808.308 740.897
808.601 573.762
808.894 501.491
809.187 610.773
809.480 656.451
809.773 618.621
810.066 697.729
810.359 771.962
810.651 757.389
810.944 480.431
811.237 448.641
811.530 654.509
811.825 563.266
812.119 496.113
812.414 448.702
812.709 533.008
813.003 574.588
813.298 602.334
813.593 651.189
813.887 648.520
814.182 980.480
814.476 803.825
814.771 777.445
815.066 735.298
815.360 579.078
815.655 524.215
815.950 603.095
816.244 625.490
816.539 704.253
816.834 681.842
817.128 731.532
817.423 779.731
817.718 903.815
818.012 720.970
818.307 497.910
818.602 620.876
818.896 713.542
819.191 644.403
819.486 602.491
819.780 686.955
820.075 842.155
820.369 886.311
820.664 689.521
820.959 729.908
821.253 714.100
821.548 632.249
821.843 669.922
822.137 721.569
822.432 689.754
822.727 665.462
823.021 694.356
823.316 797.500
823.611 774.054
823.905 651.874
824.200 499.211
824.495 611.039
824.789 709.155
825.084 656.790
825.379 583.658
825.673 633.920
825.968 746.387
826.262 681.515
826.557 668.825
826.852 674.500
827.146 671.330
827.441 676.996
827.736 749.916
828.030 701.844
828.325 517.462
828.620 677.775
828.914 798.595
829.209 661.538
829.504 830.865
829.798 745.524
830.093 594.645
830.388 580.917
830.682 520.129
830.977 644.817
831.271 678.141
831.566 617.786
831.861 663.484
832.155 580.698
832.450 677.687
832.745 824.391
833.039 667.701
833.334 528.310
833.629 658.233
833.923 640.116
834.218 575.607
834.513 536.279
834.807 557.085
835.102 533.964
835.397 540.754
835.691 540.607
835.986 580.365
836.281 511.092
836.575 546.809
836.870 610.207
837.164 613.750
837.459 595.586
837.754 618.060
838.048 601.670
838.343 566.034
838.638 606.412
838.932 610.786
839.227 595.223
839.522 627.329
839.816 623.249
840.111 631.002
840.406 635.557
840.700 749.777
840.995 895.580
841.290 895.869
841.584 695.767
841.879 776.143
842.174 717.649
842.468 649.017
842.763 569.908
843.057 662.578
843.352 626.088
843.647 566.413
843.941 612.017
844.236 755.616
844.531 749.133
844.825 724.826
845.120 770.833
845.415 822.759
845.709 751.389
846.004 795.627
846.299 678.886
846.593 747.251
846.888 745.004
847.183 668.908
847.477 670.806
847.772 733.652
848.066 731.092
848.361 707.715
848.656 726.781
848.950 704.457
849.245 789.946
849.540 664.103
849.834 805.772
850.129 814.739
850.424 723.840
850.718 703.998
851.013 846.541
851.308 776.698
851.602 768.676
851.897 825.696
852.192 905.330
852.486 786.433
852.781 652.427
853.076 732.625
853.370 787.865
853.665 866.827
853.959 851.164
854.254 735.043
854.549 852.671
854.843 754.736
855.138 763.799
855.433 846.754
855.727 858.254
856.022 729.615
856.317 698.332
856.611 706.908
856.906 629.346
857.201 738.520
857.495 852.095
857.790 795.291
858.085 758.127
858.379 676.815
858.674 542.534
858.969 524.208
859.263 646.241
859.558 640.816
859.852 552.608
860.147 639.129
860.442 773.659
860.736 569.620
861.031 685.042
861.326 781.926
861.620 744.281
861.915 830.959
862.210 814.349
862.504 675.574
862.799 715.350
863.094 721.288
863.388 671.999
863.683 694.629
863.978 601.316
864.272 565.326
864.567 590.842
864.861 597.994
865.156 602.812
865.451 590.124
865.745 741.059
866.040 718.404
866.335 728.266
866.629 793.373
866.924 646.329
867.219 612.265
867.513 791.823
867.808 723.507
868.103 627.375
868.397 668.250
868.692 718.428
868.987 629.925
869.281 597.254
869.576 727.735
869.871 797.089
870.165 677.272
870.460 562.068
870.754 635.515
871.049 583.671
871.344 621.141
871.638 649.915
871.933 601.356
872.228 615.540
872.522 571.120
872.817 663.808
873.112 873.213
873.406 724.328
873.701 815.071
873.996 797.916
874.290 700.848
874.585 601.440
874.880 662.944
875.174 664.901
875.469 628.521
875.764 661.710
876.058 603.224
876.353 498.613
876.647 507.749
876.942 561.016
877.237 590.995
877.531 605.536
877.826 642.148
878.121 640.328
878.415 639.731
878.710 593.417
879.005 720.851
879.299 672.641
879.594 587.661
879.889 483.736
880.183 426.555
880.478 540.429
880.773 557.171
881.067 579.443
881.362 642.561
881.656 571.608
881.951 619.238
882.246 551.974
882.540 600.737
882.835 584.385
883.130 604.061
883.424 570.361
883.719 532.766
884.014 624.300
884.308 580.937
884.603 495.804
884.898 530.699
885.192 672.903
885.487 632.263
885.782 506.240
886.076 621.347
886.371 615.753
886.666 418.798
886.960 502.663
887.255 508.490
887.549 470.058
887.844 680.077
888.139 731.744
888.433 672.623
888.728 540.888
889.023 572.869
889.317 626.828
889.612 497.851
889.907 553.172
890.201 592.120
890.496 584.533
890.791 578.726
891.085 520.856
891.380 526.161
891.675 590.240
891.969 626.469
892.264 494.427
892.559 502.809
892.853 635.654
893.148 549.168
893.442 543.805
893.737 642.178
894.032 563.208
894.326 455.729
894.621 469.835
894.916 414.704
895.210 494.524
895.505 602.735
895.800 534.312
896.094 475.126
896.389 560.750
896.684 603.657
896.978 512.225
897.273 460.090
897.568 614.287
897.862 624.566
898.157 550.305
898.451 694.164
898.746 707.448
899.041 725.800
899.335 639.892
899.630 535.859
899.925 552.223
900.219 647.893
900.514 721.812
900.809 543.143
901.103 389.435
901.398 614.134
901.693 593.522
901.987 579.800
902.282 665.669
902.577 485.778
902.871 398.902
903.166 572.327
903.461 624.634
903.755 582.306
904.050 603.594
904.344 479.912
904.639 488.460
904.934 478.136
905.228 525.768
905.523 495.640
905.818 519.527
906.112 650.167
906.407 582.758
906.702 487.981
906.996 589.627
907.291 589.590
907.586 519.691
907.880 646.457
908.175 648.872
908.470 644.337
908.764 673.734
909.059 725.675
909.354 627.556
909.648 519.463
909.943 563.308
910.237 706.160
910.532 712.047
910.827 720.306
911.121 698.041
911.416 617.532
911.711 633.167
912.005 645.392
912.300 615.227
912.599 719.627
912.898 639.155
913.196 624.246
913.495 658.579
913.794 717.433
914.093 641.568
914.391 590.678
914.690 661.370
914.989 647.058
915.288 742.546
915.586 656.093
915.885 529.055
916.184 436.248
916.483 447.515
916.782 579.945
917.080 601.571
917.379 599.888
917.678 549.568
917.977 682.516
918.275 731.421
918.574 694.613
918.873 691.484
919.172 645.235
919.471 535.316
919.769 519.698
920.068 531.206
920.367 534.146
920.666 497.784
920.964 634.811
921.263 564.753
921.562 552.339
921.861 667.215
922.159 556.007
922.458 604.514
922.757 620.879
923.056 613.548
923.355 618.299
923.653 706.458
923.952 694.497
924.251 561.332
924.550 654.506
924.848 704.875
925.147 538.497
925.446 522.176
925.745 615.669
926.043 626.866
926.342 606.776
926.641 562.393
926.940 624.276
927.239 691.562
927.537 741.841
927.836 619.871
928.135 623.167
928.434 728.102
928.732 687.206
929.031 703.656
929.330 699.981
929.629 652.098
929.927 659.631
930.226 582.310
930.525 650.230
930.824 735.694
931.123 630.272
931.421 714.413
931.720 755.607
932.019 810.784
932.318 796.144
932.616 726.541
932.915 680.602
933.214 736.018
933.513 753.128
933.812 716.386
934.110 739.643
934.409 819.005
934.708 705.694
935.007 903.359
935.305 922.882
935.604 711.598
935.903 842.180
936.202 897.633
936.500 963.686
936.799 1031.256
937.098 1005.837
937.397 912.069
937.696 708.548
937.994 680.411
938.293 870.506
938.592 759.191
938.891 713.250
939.189 810.724
939.488 909.202
939.787 1054.472
940.086 850.178
940.384 838.215
940.683 821.164
940.982 795.831
941.281 884.589
941.580 1167.204
941.878 1129.518
942.177 836.316
942.476 908.157
942.775 900.312
943.073 729.696
943.372 760.897
943.671 982.319
943.970 1045.316
944.268 951.625
944.567 821.593
944.866 865.466
945.165 821.880
945.464 725.544
945.762 619.748
946.061 913.318
946.360 1031.691
946.659 1028.703
946.957 987.224
947.256 909.166
947.555 854.402
947.854 916.768
948.153 883.540
948.451 814.371
948.750 885.019
949.049 836.462
949.348 1064.544
949.646 977.012
949.945 924.406
950.244 994.797
950.543 871.520
950.841 802.884
951.140 736.303
951.439 655.955
951.738 717.328
952.037 803.901
952.335 906.076
952.634 923.159
952.933 853.231
953.232 745.199
953.530 559.096
953.829 864.811
954.128 925.235
954.427 841.332
954.725 954.780
955.024 916.920
955.323 907.794
955.622 769.791
955.921 712.943
956.219 756.726
956.518 702.909
956.817 783.326
957.116 802.785
957.414 785.804
957.713 624.848
958.012 501.029
958.311 535.959
958.610 762.367
958.908 826.305
959.207 811.256
959.506 837.242
959.805 810.719
960.103 779.162
960.402 740.035
960.701 649.107
961.000 655.195
961.298 644.432
961.597 766.502
961.896 703.677
962.195 723.090
962.494 830.213
962.792 711.245
963.091 601.467
963.390 640.153
963.689 709.888
963.987 761.215
964.286 772.353
964.585 811.288
964.884 756.597
965.182 639.257
965.481 908.172
965.780 1050.063
966.080 935.073
966.380 856.741
966.680 802.818
966.981 751.756
967.281 733.105
967.581 629.702
967.881 669.157
968.181 712.876
968.481 685.442
968.781 702.437
969.082 604.756
969.382 671.291
969.682 734.722
969.982 764.174
970.282 816.180
970.582 662.523
970.882 574.613
971.183 795.135
971.483 701.019
971.783 662.611
972.083 668.531
972.383 701.763
972.683 741.802
972.983 790.699
973.284 689.509
973.584 633.195
973.884 676.124
974.184 693.890
974.484 764.801
974.784 633.983
975.084 612.973
975.385 664.508
975.685 757.527
975.985 696.836
976.285 657.399
976.585 712.313
976.885 655.761
977.185 647.648
977.486 668.634
977.786 650.711
978.086 816.305
978.386 790.077
978.686 572.702
978.986 571.983
979.286 670.992
979.587 728.000
979.887 633.008
980.187 593.017
980.487 568.025
980.787 682.033
981.087 679.042
981.387 817.050
981.688 699.058
981.988 544.066
982.288 555.075
982.588 606.083
982.888 661.091
983.188 615.099
983.488 719.108
983.789 778.116
984.089 733.124
984.389 621.132
984.689 580.140
984.989 518.149
985.289 573.157
985.589 752.165
985.890 645.173
986.190 519.181
986.490 609.189
986.790 725.198
987.090 685.206
987.390 740.214
987.690 731.222
987.991 601.230
988.291 602.238
988.591 617.246
988.891 513.254
989.191 539.262
989.491 688.270
989.791 707.278
990.092 674.287
990.392 685.295
990.692 706.303
990.992 644.311
991.292 563.319
991.592 715.327
991.892 679.335
992.193 755.343
992.493 725.351
992.793 598.359
993.093 576.367
993.393 597.375
993.693 679.383
993.993 732.391
994.294 774.398
994.594 679.406
994.894 669.414
995.194 688.422
995.494 579.430
995.794 577.438
996.094 561.446
996.395 587.454
996.695 714.462
996.995 521.470
997.295 446.478
997.595 593.485
997.895 542.493
998.195 467.501
998.496 526.509
998.796 514.517
999.096 718.525
999.396 637.532
999.696 640.540
999.996 642.548
1000.296 781.556
1000.597 801.564
1000.897 632.571
1001.197 615.579
1001.497 790.587
1001.797 615.595
1002.097 530.603
1002.397 639.610
1002.698 649.618
1002.998 717.626
1003.298 673.633
1003.598 545.641
1003.898 536.649
1004.198 724.657
1004.498 777.664
1004.799 640.672
1005.099 630.680
1005.399 656.687
1005.699 761.695
1005.999 768.703
1006.299 668.710
1006.599 839.718
1006.900 840.726
1007.200 708.733
1007.500 698.741
1007.800 661.749
1008.100 574.756
1008.400 519.764
1008.700 568.771
1009.001 620.779
1009.301 595.787
1009.601 762.794
1009.901 809.802
1010.201 732.809
1010.501 704.817
1010.801 760.824
1011.102 600.832
1011.402 664.839
1011.702 595.847
1012.002 512.855
1012.302 704.862
1012.602 707.870
1012.902 623.877
1013.203 642.885
1013.503 707.892
1013.803 745.899
1014.103 564.907
1014.403 641.914
1014.703 569.922
1015.003 542.929
1015.304 744.937
1015.604 777.944
1015.904 581.952
1016.204 484.959
1016.504 550.967
1016.804 606.974
1017.104 594.981
1017.405 619.989
1017.705 569.996
1018.005 514.004
1018.305 511.011
1018.605 601.018
1018.905 469.026
1019.205 502.033
1019.506 854.040
1019.806 839.048
1020.106 710.055
1020.406 721.062
1020.706 642.070
1021.006 718.077
1021.306 831.084
1021.607 703.092
1021.907 806.099
1022.207 728.106
1022.507 568.114
1022.807 565.121
1023.107 618.128
1023.407 621.135
1023.708 654.143
1024.008 591.150
1024.308 625.157
1024.608 609.164
1024.908 483.172
1025.208 604.179
1025.508 830.186
1025.809 788.193
1026.109 601.200
1026.409 705.208
1026.709 748.215
1027.009 677.222
1027.309 714.229
1027.609 562.236
1027.910 550.244
1028.210 676.251
1028.510 728.258
1028.810 939.265
1029.110 851.272
1029.410 713.279
1029.710 777.286
1030.011 766.294
1030.311 790.301
1030.611 637.308
1030.911 631.315
1031.211 679.322
1031.511 600.329
1031.811 800.336
1032.112 815.343
1032.412 715.350
1032.712 540.357
1033.012 598.364
1033.312 806.371
1033.612 788.378
1033.912 660.386
1034.212 553.393
1034.513 573.400
1034.813 536.407
1035.113 657.414
1035.413 585.421
1035.713 640.428
1036.013 630.435
1036.313 604.442
1036.614 697.449
1036.914 601.456
1037.214 485.463
1037.514 639.469
1037.814 602.476
1038.114 628.483
1038.414 620.490
1038.715 681.497
1039.015 520.504
1039.315 416.511
1039.615 606.518
1039.915 631.525
1040.215 545.532
1040.515 569.539
1040.816 655.546
1041.116 667.553
1041.416 614.559
1041.716 504.566
1042.016 460.573
1042.316 699.580
1042.616 706.587
1042.917 572.594
1043.217 557.601
1043.517 586.607
1043.817 687.614
1044.117 676.621
1044.417 644.628
1044.717 574.635
1045.018 598.642
1045.318 741.648
1045.618 716.655
1045.918 604.662
1046.218 554.669
1046.518 608.675
1046.818 652.682
1047.119 501.689
1047.419 688.696
1047.719 668.703
1048.019 588.709
1048.319 657.716
1048.619 636.723
1048.919 646.729
1049.220 595.736
1049.520 680.743
1049.820 597.750
1050.120 527.756
1050.420 742.763
1050.720 659.770
1051.020 659.776
1051.321 720.783
1051.621 812.790
1051.921 671.796
1052.221 606.803
1052.521 586.810
1052.821 522.816
1053.121 629.823
1053.422 694.830
1053.722 808.836
1054.022 673.843
1054.322 741.850
1054.622 636.856
1054.922 595.863
1055.222 732.869
1055.523 685.876
1055.823 677.883
1056.123 742.889
1056.423 691.896
1056.723 695.902
1057.023 601.909
1057.323 494.916
1057.624 613.922
1057.924 712.929
1058.224 721.935
1058.524 634.942
1058.824 698.948
1059.124 641.955
1059.424 573.961
1059.725 658.968
1060.025 596.974
1060.325 579.981
1060.625 614.987
1060.925 600.994
1061.225 633.000
1061.525 746.007
1061.826 645.013
1062.126 672.020
1062.426 721.026
1062.726 736.033
1063.026 662.039
1063.326 867.046
1063.626 814.052
1063.927 673.058
1064.227 689.065
1064.527 585.071
1064.827 731.078
1065.127 685.084
1065.427 472.091
1065.727 514.097
1066.028 771.103
1066.328 839.110
1066.628 634.116
1066.928 541.123
1067.228 576.129
1067.528 545.135
1067.828 591.142
1068.129 531.148
1068.429 655.154
1068.729 794.161
1069.029 655.167
1069.329 516.173
1069.629 633.180
1069.929 706.186
1070.230 819.192
1070.530 740.199
1070.830 625.205
1071.130 734.211
1071.430 673.218
1071.730 673.224
1072.030 722.230
1072.331 594.237
1072.631 650.243
1072.931 670.249
1073.231 659.255
1073.531 608.262
1073.831 593.268
1074.131 667.274
1074.432 794.280
1074.732 678.287
1075.032 578.293
1075.332 572.299
1075.632 621.305
1075.932 577.312
1076.232 535.318
1076.533 523.324
1076.833 605.330
1077.133 635.336
1077.433 556.343
1077.733 542.349
1078.033 778.355
1078.333 772.361
1078.634 639.367
1078.934 661.373
1079.234 587.380
1079.534 742.386
1079.834 811.392
1080.134 727.398
1080.434 745.404
1080.735 666.410
1081.035 677.416
1081.335 522.423
1081.635 540.429
1081.935 577.435
1082.235 537.441
1082.535 603.447
1082.836 656.453
1083.136 613.459
1083.436 720.465
1083.736 775.471
1084.036 621.477
1084.336 531.483
1084.636 546.490
1084.937 671.496
1085.237 773.502
1085.537 673.508
1085.837 668.514
1086.137 621.520
1086.437 730.526
1086.737 654.532
1087.038 639.538
1087.338 788.544
1087.638 713.550
1087.938 534.556
1088.238 392.562
1088.538 567.568
1088.838 768.574
1089.139 732.580
1089.439 573.586
1089.739 736.592
1090.039 712.598
1090.339 756.604
1090.639 645.610
1090.939 627.616
1091.240 590.622
1091.540 666.628
1091.840 644.634
1092.140 716.639
1092.453 753.645
1092.766 593.651
1093.079 546.657
1093.392 621.663
1093.705 573.669
1094.018 581.675
1094.330 723.681
1094.643 714.687
1094.956 724.693
1095.269 660.699
1095.582 709.704
1095.895 650.710
1096.208 596.716
1096.521 623.722
1096.834 683.728
1097.147 670.734
1097.460 706.740
1097.773 743.745
1098.085 627.751
1098.398 592.757
1098.711 580.763
1099.024 481.769
1099.337 580.775
1099.650 735.780
1099.963 751.786
1100.276 603.792
1100.589 579.798
1100.902 687.804
1101.215 689.809
1101.528 684.815
1101.841 591.821
1102.153 643.827
1102.466 672.833
1102.779 555.838
1103.092 554.844
1103.405 645.850
1103.718 574.856
1104.031 570.861
1104.344 707.867
1104.657 652.873
1104.970 924.879
1105.283 727.884
1105.596 565.890
1105.909 590.896
1106.221 671.901
1106.534 703.907
1106.847 578.913
1107.160 490.919
1107.473 522.924
1107.786 637.930
1108.099 489.936
1108.412 549.941
1108.725 687.947
1109.038 529.953
1109.351 663.958
1109.664 656.964
1109.977 575.970
1110.289 599.975
1110.602 597.981
1110.915 619.987
1111.228 607.992
1111.541 557.998
1111.854 560.003
1112.167 439.009
1112.480 512.015
1112.793 600.020
1113.106 562.026
1113.419 620.032
1113.732 579.037
1114.044 506.043
1114.357 626.048
1114.670 636.054
1114.983 588.059
1115.296 585.065
1115.609 636.071
1115.922 654.076
1116.235 685.082
1116.548 689.087
1116.861 637.093
1117.174 609.098
1117.487 636.104
1117.800 797.109
1118.112 634.115
1118.425 550.121
1118.738 565.126
1119.051 560.132
1119.364 554.137
1119.677 642.143
1119.990 604.148
1120.303 626.154
1120.616 738.159
1120.929 629.165
1121.242 690.170
1121.555 678.176
1121.868 661.181
1122.180 625.187
1122.493 446.192
1122.806 504.197
1123.119 593.203
1123.432 674.208
1123.745 666.214
1124.058 548.219
1124.371 541.225
1124.684 671.230
1124.997 662.236
1125.310 636.241
1125.623 506.246
1125.935 430.252
1126.248 562.257
1126.561 685.263
1126.874 610.268
1127.187 728.274
1127.500 761.279
1127.813 665.284
1128.126 675.290
1128.439 722.295
1128.752 831.300
1129.065 605.306
1129.378 396.311
1129.691 545.317
1130.003 593.322
1130.316 562.327
1130.629 521.333
1130.942 645.338
1131.255 575.343
1131.568 523.349
1131.881 608.354
1132.194 674.359
1132.507 610.365
1132.820 576.370
1133.133 677.375
1133.446 562.381
1133.759 752.386
1134.071 1164.391
1134.384 860.397
1134.697 816.402
1135.010 884.407
1135.323 732.412
1135.636 584.418
1135.949 506.423
1136.262 486.428
1136.575 555.434
1136.888 580.439
1137.201 627.444
1137.514 615.449
1137.826 693.455
1138.139 599.460
1138.452 588.465
1138.765 860.470
1139.078 898.476
1139.391 784.481
1139.704 740.486
1140.017 751.491
1140.330 622.496
1140.643 563.502
1140.956 566.507
1141.269 651.512
1141.582 682.517
1141.894 588.522
1142.207 792.528
1142.520 690.533
1142.833 737.538
1143.146 615.543
1143.459 495.548
1143.772 584.554
1144.085 722.559
1144.398 613.564
1144.711 567.569
1145.024 588.574
1145.337 651.579
1145.650 688.585
1145.962 615.590
1146.275 634.595
1146.588 542.600
1146.901 675.605
1147.214 620.610
1147.527 549.615
1147.840 625.620
1148.153 610.626
1148.466 652.631
1148.779 646.636
1149.092 716.641
1149.405 594.646
1149.718 602.651
1150.030 692.656
1150.343 631.661
1150.656 550.666
1150.969 570.671
1151.282 771.676
1151.595 712.682
1151.908 622.687
1152.221 420.692
1152.534 469.697
1152.847 760.702
1153.160 690.707
1153.473 713.712
1153.785 723.717
1154.098 734.722
1154.411 791.727
1154.724 686.732
1155.037 779.737
1155.350 698.742
1155.663 642.747
1155.976 577.752
1156.289 681.757
1156.602 582.762
1156.915 477.767
1157.228 472.772
1157.541 535.777
1157.853 539.782
1158.166 604.787
1158.479 719.792
1158.792 674.797
1159.105 651.802
1159.418 585.807
1159.731 565.812
1160.044 632.817
1160.357 812.822
1160.670 724.827
1160.983 540.832
1161.296 667.837
1161.609 740.842
1161.921 635.846
1162.234 534.851
1162.547 450.856
1162.860 491.861
1163.173 490.866
1163.486 599.871
1163.799 697.876
1164.112 658.881
1164.425 575.886
1164.738 531.891
1165.051 511.896
1165.364 568.900
1165.676 633.905
1165.989 735.910
1166.302 652.915
1166.615 710.920
1166.928 690.925
1167.241 707.930
1167.554 693.935
1167.867 688.939
1168.180 620.944
1168.493 519.949
1168.806 590.954
1169.119 594.959
1169.432 685.964
1169.744 685.969
1170.057 648.973
1170.370 779.978
1170.683 710.983
1170.996 553.988
1171.309 586.993
1171.622 543.997
1171.935 611.002
1172.248 802.007
1172.561 711.012
1172.874 646.017
1173.187 657.021
1173.500 698.026
1173.812 711.031
1174.125 713.036
1174.438 738.041
1174.751 598.045
1175.064 575.050
1175.377 691.055
1175.690 633.060
1176.003 525.064
1176.316 587.069
1176.629 655.074
1176.942 641.079
1177.255 552.083
1177.567 501.088
1177.880 566.093
1178.193 649.098
1178.506 599.102
1178.819 640.107
1179.132 715.112
1179.445 546.117
1179.758 710.121
1180.071 721.126
1180.384 595.131
1180.697 638.135
1181.010 693.140
1181.323 804.145
1181.635 825.150
1181.948 743.154
1182.261 630.159
1182.574 568.164
1182.887 628.168
1183.200 778.173
1183.513 765.178
1183.826 682.182
1184.139 699.187
1184.452 659.192
1184.765 551.196
1185.078 474.201
1185.391 515.206
1185.703 505.210
1186.016 479.215
1186.329 508.219
1186.642 599.224
1186.955 772.229
1187.268 659.233
1187.581 644.238
1187.894 629.243
1188.207 700.247
1188.520 652.252
1188.833 642.256
1189.146 519.261
1189.459 424.266
1189.771 550.270
1190.084 726.275
1190.397 599.279
1190.710 669.284
1191.023 712.289
1191.336 685.293
1191.649 616.298
1191.962 634.302
1192.275 541.307
1192.588 631.311
1192.901 777.316
1193.214 655.321
1193.526 624.325
1193.839 677.330
1194.152 534.334
1194.465 674.339
1194.778 659.343
1195.091 625.348
1195.404 555.352
1195.717 617.357
1196.030 717.361
1196.343 633.366
1196.656 564.370
1196.969 616.375
1197.282 625.379
1197.594 667.384
1197.907 807.389
1198.220 757.393
1198.533 633.398
1198.846 602.402
1199.159 582.406
1199.472 597.411
1199.785 687.415
1200.098 560.420
1200.411 631.424
1200.724 649.429
1201.037 632.433
1201.350 496.438
1201.662 442.442
1201.975 606.447
1202.288 606.451
1202.601 245.456
