165.028 54.977
165.288 2.616
165.547 65.257
165.807 138.902
166.067 19.550
166.327 -72.798
166.587 -48.144
166.847 98.514
167.107 103.174
167.367 129.838
167.627 158.505
167.886 149.174
168.146 116.847
168.406 269.523
168.666 156.201
168.926 59.883
169.186 100.567
169.446 97.254
169.706 -19.056
169.966 106.636
170.225 164.331
170.485 179.029
170.745 190.730
171.005 297.433
171.265 154.139
171.525 68.848
171.785 6.559
172.045 -6.728
172.305 138.989
172.564 136.707
172.824 21.428
173.084 139.151
173.344 59.877
173.604 65.605
173.864 188.336
174.124 158.069
174.384 107.804
174.644 163.541
174.903 319.280
175.163 332.022
175.423 327.766
175.683 142.512
175.943 142.260
176.203 116.010
176.463 106.762
176.723 87.516
176.983 135.272
177.242 156.030
177.502 333.791
177.762 282.552
178.022 64.316
178.282 103.082
178.542 31.849
178.802 35.619
179.062 57.390
179.322 291.163
179.581 298.937
179.841 171.713
180.101 217.491
180.361 224.271
180.621 173.052
180.881 133.834
181.141 185.618
181.401 181.404
181.661 220.191
181.920 308.980
182.180 163.770
182.440 79.562
182.700 89.355
182.960 90.149
183.220 139.945
183.480 369.741
183.740 192.540
184.000 115.339
184.259 -16.860
184.519 53.942
184.779 140.745
185.039 242.549
185.299 364.355
185.559 286.161
185.819 222.969
186.079 217.778
186.339 147.587
186.598 83.398
186.858 12.210
187.118 89.022
187.378 203.836
187.638 231.651
187.898 309.466
188.158 306.282
188.418 172.100
188.678 105.918
188.937 158.736
189.197 262.556
189.457 257.376
189.717 216.197
189.977 42.019
190.237 64.841
190.497 274.664
190.757 201.488
191.017 184.312
191.276 128.137
191.536 124.963
191.796 137.789
192.056 148.615
192.316 166.443
192.576 123.270
192.836 143.098
193.096 175.927
193.356 133.755
193.616 135.585
193.875 152.414
194.135 168.244
194.395 275.075
194.655 276.906
194.915 262.736
195.175 213.568
195.435 305.399
195.695 94.231
195.955 4.063
196.214 187.895
196.474 299.727
196.734 260.560
196.994 272.393
197.254 308.225
197.514 212.058
197.774 154.891
198.034 149.724
198.294 110.557
198.553 185.390
198.813 201.223
199.073 71.056
199.333 88.889
199.593 280.722
199.853 299.555
200.113 384.388
200.373 408.221
200.633 199.053
200.892 96.886
201.152 112.718
201.412 166.550
201.672 231.382
201.932 414.214
202.192 411.046
202.452 246.877
202.712 159.708
202.972 248.539
203.231 347.370
203.491 340.200
203.751 270.030
204.011 295.859
204.271 353.689
204.531 179.518
204.791 117.346
205.051 140.174
205.311 233.002
205.570 162.829
205.830 203.656
206.090 215.483
206.350 242.309
206.610 402.134
206.870 233.959
207.130 249.784
207.390 323.608
207.650 240.431
207.909 243.254
208.169 301.076
208.429 256.898
208.689 138.719
208.949 249.540
209.209 279.360
209.469 158.179
209.729 175.998
209.989 201.816
210.248 101.633
210.508 348.450
210.768 337.266
211.028 199.081
211.288 250.896
211.548 268.710
211.808 318.523
212.068 447.336
212.328 445.147
212.587 382.958
212.847 249.768
213.107 317.578
213.367 298.386
213.627 248.194
213.887 233.001
214.147 167.807
214.407 221.612
214.667 205.417
214.926 332.220
215.186 260.023
215.446 311.825
215.706 206.626
215.966 211.426
216.226 217.225
216.486 174.023
216.746 239.820
217.006 335.616
217.265 274.412
217.525 216.206
217.785 308.999
218.045 307.792
218.305 209.583
218.565 192.374
218.825 275.163
219.085 375.952
219.345 240.739
219.604 215.525
219.864 328.311
220.124 346.095
220.384 306.878
220.644 279.661
220.904 222.442
221.164 272.222
221.424 240.001
221.684 187.779
221.943 247.556
222.203 375.331
222.463 245.106
222.723 171.879
222.983 290.652
223.243 231.423
223.503 256.193
223.763 168.962
224.023 159.730
224.282 309.497
224.542 311.262
224.802 373.026
225.062 355.790
225.322 440.552
225.582 311.312
225.842 231.072
226.102 311.830
226.362 303.588
226.621 340.344
226.881 270.098
227.141 285.852
227.401 338.604
227.661 212.355
227.921 379.105
228.181 342.854
228.441 293.601
228.701 433.347
228.960 459.092
229.220 302.836
229.480 205.578
229.740 361.319
230.000 432.059
230.260 292.798
230.520 261.535
230.780 220.271
231.040 269.006
231.299 260.739
231.559 274.471
231.819 266.202
232.079 348.932
232.339 329.660
232.599 186.387
232.859 262.112
233.119 355.837
233.379 250.560
233.638 282.281
233.898 405.002
234.158 391.721
234.418 289.438
234.678 365.155
234.938 404.869
235.198 253.583
235.458 218.295
235.718 266.006
235.978 284.716
236.237 267.424
236.497 277.131
236.757 357.836
237.017 351.541
237.277 333.243
237.537 315.945
237.797 209.645
238.057 379.344
238.317 326.041
238.576 208.737
238.836 283.431
239.096 387.125
239.356 332.816
239.616 312.507
239.876 361.196
240.136 344.883
240.396 421.570
240.656 474.255
240.915 383.938
241.175 357.620
241.435 274.301
241.695 371.980
241.955 536.658
242.215 591.335
242.475 541.010
242.735 339.683
242.995 374.356
243.254 349.027
243.514 279.696
243.774 149.364
244.034 286.031
244.294 608.696
244.554 462.360
244.814 369.023
245.074 314.684
245.334 293.344
245.593 270.002
245.853 299.659
246.113 243.314
246.373 374.968
246.633 441.621
246.893 355.272
247.153 385.922
247.413 472.570
247.673 403.217
247.932 344.863
248.192 397.507
248.452 432.150
248.712 419.791
248.972 301.431
249.232 448.070
249.492 343.707
249.752 242.343
250.012 409.977
250.271 366.610
250.531 407.241
250.791 574.871
251.051 552.500
251.311 388.127
251.571 249.753
251.831 292.378
252.091 368.001
252.351 366.622
252.610 304.243
252.870 387.861
253.130 358.479
253.390 338.095
253.650 414.709
253.911 420.323
254.172 492.934
254.433 416.545
254.694 389.154
254.955 417.761
255.216 303.368
255.477 405.972
255.738 422.576
255.999 318.178
256.261 423.778
256.522 399.378
256.783 415.975
257.044 283.572
257.305 252.167
257.566 218.761
257.827 198.353
258.088 298.944
258.349 288.533
258.610 382.121
258.871 431.708
259.132 466.293
259.393 344.877
259.654 233.460
259.915 197.041
260.176 341.621
260.437 424.199
260.698 331.776
260.959 276.352
261.221 394.926
261.482 422.499
261.743 410.071
262.004 420.641
262.265 580.210
262.526 517.777
262.787 306.343
263.048 303.908
263.309 310.471
263.570 441.033
263.831 382.594
264.092 344.153
264.353 252.711
264.614 530.268
264.875 462.823
265.136 305.377
265.397 592.930
265.658 644.481
265.919 635.031
266.181 568.579
266.442 391.126
266.703 320.672
266.964 317.217
267.225 291.760
267.486 320.302
267.747 441.843
268.008 496.382
268.269 518.920
268.530 498.456
268.791 444.991
269.052 469.525
269.313 441.058
269.574 447.589
269.835 434.119
270.096 394.648
270.357 440.175
270.618 349.701
270.879 293.226
271.141 353.750
271.402 421.272
271.663 366.793
271.924 463.312
272.185 491.830
272.446 410.347
272.707 371.863
272.968 362.377
273.229 389.891
273.490 413.402
273.751 374.913
274.012 393.422
274.273 482.930
274.534 456.437
274.795 460.943
275.056 505.447
275.317 357.950
275.578 268.451
275.839 384.952
276.101 349.451
276.362 335.949
276.623 375.445
276.884 493.941
277.145 557.435
277.406 507.928
277.667 337.419
277.928 318.910
278.189 537.399
278.450 477.887
278.711 477.374
278.972 503.859
279.233 381.343
279.494 462.826
279.755 589.308
280.016 621.789
280.277 491.268
280.538 469.746
280.799 352.223
281.061 395.699
281.322 414.173
281.583 408.646
281.844 302.118
282.105 310.589
282.366 441.059
282.627 426.527
282.888 493.995
283.149 494.461
283.410 427.926
283.671 467.389
283.932 433.852
284.193 298.313
284.454 404.773
284.715 441.232
284.976 393.690
285.237 506.147
285.498 719.602
285.759 599.057
286.021 566.510
286.282 535.962
286.543 529.412
286.804 528.862
287.065 487.311
287.326 475.758
287.587 298.204
287.848 426.649
288.109 557.093
288.370 509.536
288.631 335.978
288.892 327.418
289.153 404.857
289.414 387.296
289.675 587.733
289.936 661.169
290.197 557.604
290.458 492.037
290.719 352.470
290.981 515.901
291.242 613.332
291.503 595.761
291.764 423.189
292.025 305.616
292.286 350.042
292.547 445.467
292.808 438.891
293.069 489.314
293.330 490.735
293.591 498.156
293.852 454.575
294.113 411.993
294.374 400.411
294.635 462.827
294.896 451.242
295.157 519.656
295.418 550.069
295.679 571.481
295.941 474.891
296.202 478.301
296.463 470.710
296.724 552.117
296.985 550.524
297.246 487.930
297.507 360.334
297.768 308.737
298.029 473.140
298.290 642.541
298.551 652.941
298.812 645.341
299.073 464.739
299.334 366.136
299.595 528.532
299.856 520.927
300.117 586.322
300.378 472.715
300.639 311.107
300.901 323.498
301.162 439.888
301.423 510.277
301.684 632.665
301.945 722.052
302.206 444.438
302.467 394.823
302.728 323.207
302.989 405.590
303.250 535.972
303.511 558.353
303.772 539.733
304.033 520.112
304.294 518.490
304.555 514.867
304.816 497.243
305.077 451.619
305.338 380.993
305.599 460.366
305.861 524.738
306.122 548.109
306.383 491.480
306.644 512.849
306.905 372.218
307.166 519.585
307.427 486.951
307.688 449.317
307.949 455.682
308.210 505.045
308.471 511.408
308.732 426.770
308.993 342.131
309.254 415.490
309.515 338.849
309.776 420.207
310.037 421.565
310.298 305.921
310.559 393.276
310.821 518.630
311.082 547.984
311.343 407.336
311.604 338.688
311.865 315.038
312.126 368.388
312.387 442.737
312.648 410.085
312.909 388.432
313.170 443.778
313.434 455.124
313.698 400.468
313.963 528.811
314.227 451.154
314.491 399.496
314.755 429.837
315.019 464.177
315.284 344.516
315.548 420.854
315.812 435.191
316.076 552.528
316.340 576.863
316.604 525.198
316.869 594.532
317.133 556.865
317.397 563.197
317.661 566.528
317.925 526.858
318.190 530.188
318.454 494.517
318.718 437.845
318.982 570.172
319.246 645.498
319.511 743.823
319.775 507.148
320.039 503.471
320.303 472.794
320.567 564.116
320.832 571.437
321.096 466.758
321.360 486.077
321.624 452.396
321.888 410.714
322.153 374.031
322.417 327.347
322.681 267.662
322.945 436.977
323.209 509.291
323.473 462.604
323.738 480.916
324.002 449.227
324.266 596.538
324.530 558.848
324.794 457.157
325.059 440.465
325.323 385.772
325.587 475.079
325.851 438.385
326.115 607.690
326.380 519.994
326.644 468.298
326.908 486.600
327.172 449.902
327.436 492.203
327.701 467.504
327.965 434.803
328.229 516.102
328.493 396.400
328.757 397.698
329.022 548.994
329.286 448.290
329.550 452.585
329.814 463.880
330.078 459.173
330.342 411.466
330.607 431.758
330.871 544.049
331.135 625.340
331.399 613.630
331.663 520.919
331.928 525.207
332.192 550.495
332.456 533.782
332.720 581.068
332.984 502.353
333.249 540.638
333.513 492.922
333.777 363.205
334.041 371.488
334.305 505.769
334.570 590.051
334.834 425.331
335.098 549.611
335.362 642.890
335.626 569.168
335.891 468.445
336.155 478.722
336.419 477.998
336.683 310.274
336.947 434.549
337.211 548.823
337.476 438.096
337.740 437.369
338.004 497.641
338.268 447.912
338.532 509.182
338.797 475.452
339.061 550.722
339.325 613.990
339.589 632.258
339.853 557.525
340.118 467.792
340.382 532.058
340.646 618.323
340.910 482.587
341.174 495.851
341.439 477.114
341.703 503.377
341.967 497.639
342.231 472.900
342.495 447.160
342.759 547.420
343.024 535.680
343.288 651.938
343.552 572.196
343.816 334.453
344.080 414.710
344.345 543.966
344.609 427.221
344.873 319.476
345.137 472.730
345.401 560.983
345.666 389.236
345.930 545.488
346.194 592.740
346.458 423.991
346.722 406.241
346.987 413.491
347.251 534.740
347.515 670.988
347.779 458.236
348.043 420.483
348.308 452.730
348.572 397.976
348.836 376.221
349.100 396.466
349.364 384.710
349.628 380.953
349.893 376.196
350.157 487.438
350.421 501.680
350.685 545.921
350.949 515.162
351.214 362.402
351.478 453.641
351.742 515.880
352.006 523.118
352.270 467.355
352.535 376.592
352.799 394.828
353.063 500.064
353.327 413.299
353.591 319.534
353.856 479.768
354.120 514.001
354.384 573.234
354.648 674.466
354.912 559.698
355.177 452.929
355.441 414.160
355.705 640.390
355.969 624.619
356.233 543.848
356.497 503.076
356.762 542.304
357.026 519.531
357.290 444.758
357.554 495.984
357.818 539.209
358.083 531.434
358.347 540.659
358.611 508.882
358.875 550.106
359.139 524.328
359.404 428.551
359.668 522.772
359.932 611.993
360.196 610.214
360.460 498.434
360.725 540.653
360.989 598.872
361.253 678.091
361.517 606.309
361.781 594.526
362.046 620.743
362.310 591.959
362.574 575.175
362.838 476.390
363.102 534.605
363.366 574.819
363.631 467.033
363.895 498.246
364.159 635.458
364.423 592.670
364.687 568.882
364.952 606.093
365.216 682.304
365.480 606.514
365.747 441.723
366.013 459.932
366.280 460.141
366.546 585.349
366.813 534.556
367.079 542.763
367.346 632.970
367.612 552.176
367.879 538.381
368.145 617.586
368.412 485.791
368.678 452.995
368.945 612.198
369.211 521.401
369.478 577.604
369.744 555.806
370.011 502.008
370.278 496.209
370.544 452.409
370.811 497.609
371.077 532.809
371.344 501.008
371.610 503.207
371.877 543.405
372.143 573.603
372.410 585.800
372.676 651.997
372.943 592.193
373.209 504.389
373.476 443.584
373.742 394.779
374.009 528.974
374.276 624.168
374.542 553.361
374.809 487.554
375.075 346.747
375.342 300.939
375.608 343.131
375.875 386.322
376.141 637.513
376.408 650.703
376.674 613.893
376.941 540.082
377.207 527.271
377.474 875.460
377.740 777.648
378.007 454.835
378.273 531.022
378.540 670.209
378.807 528.395
379.073 460.581
379.340 455.767
379.606 491.952
379.873 520.136
380.139 562.320
380.406 584.504
380.672 552.687
380.939 472.870
381.205 422.052
381.472 342.234
381.738 350.416
382.005 525.597
382.271 608.777
382.538 582.957
382.804 669.137
383.071 582.317
383.338 555.496
383.604 521.674
383.871 619.852
384.137 664.030
384.404 564.207
384.670 537.384
384.937 508.560
385.203 561.736
385.470 524.912
385.736 567.087
386.003 564.262
386.269 542.436
386.536 461.610
386.802 481.784
387.069 610.957
387.336 756.130
387.602 658.302
387.869 395.474
388.135 380.645
388.402 320.817
388.668 435.987
388.935 598.158
389.201 721.328
389.468 652.497
389.734 656.666
390.001 633.835
390.267 500.003
390.534 572.171
390.800 568.339
391.067 613.506
391.333 593.673
391.600 529.840
391.867 564.006
392.133 579.171
392.400 469.337
392.666 380.501
392.933 595.666
393.199 675.830
393.466 484.994
393.732 467.157
393.999 620.320
394.265 647.483
394.532 572.645
394.798 610.807
395.065 526.968
395.331 581.130
395.598 641.290
395.864 625.451
396.131 656.611
396.398 724.770
396.664 847.930
396.931 945.089
397.197 1046.247
397.464 1061.405
397.730 1382.563
397.997 1512.721
398.263 1627.878
398.530 1799.035
398.796 1972.191
399.063 2085.347
399.329 2096.503
399.596 2239.658
399.862 2166.813
400.129 2229.968
400.396 2296.122
400.662 2070.276
400.929 2161.429
401.195 2203.583
401.462 2297.736
401.728 2371.888
401.995 2295.040
402.261 2279.192
402.528 2307.344
402.794 2370.495
403.061 2585.646
403.327 2691.796
403.594 2553.946
403.860 2538.096
404.127 2558.245
404.393 2683.394
404.660 2776.543
404.931 2672.692
405.202 2662.840
405.473 2605.988
405.745 2773.135
406.016 3091.282
406.287 2901.429
406.558 2804.575
406.829 2992.721
407.100 2864.867
407.371 3074.013
407.642 3196.158
407.914 3080.303
408.185 2920.447
408.456 2883.591
408.727 3054.735
408.998 3080.879
409.269 3337.022
409.540 3333.165
409.811 3050.307
410.083 3052.449
410.354 3007.591
410.625 2770.733
410.896 2734.874
411.167 2821.015
411.438 2865.156
411.709 2642.296
411.981 2728.436
412.252 2524.576
412.523 2318.715
412.794 2371.854
413.065 2308.993
413.336 2027.132
413.607 2020.270
413.878 1953.408
414.150 1856.545
414.421 1614.682
414.692 1482.819
414.963 1370.956
415.234 1450.092
415.505 1374.228
415.776 1366.364
416.047 1319.500
416.319 1253.635
416.590 1087.770
416.861 840.904
417.132 934.038
417.403 931.172
417.674 799.306
417.945 710.439
418.217 676.572
418.488 763.705
418.759 639.838
419.030 582.970
419.301 644.102
419.572 702.233
419.843 698.365
420.114 582.496
420.386 590.627
420.657 711.757
420.928 596.887
421.199 538.017
421.470 495.147
421.741 453.276
422.012 485.405
422.283 547.534
422.555 587.662
422.826 701.791
423.097 757.919
423.368 633.046
423.639 502.174
423.910 604.301
424.181 544.427
424.453 452.554
424.724 772.680
424.995 812.806
425.266 597.932
425.537 516.057
425.808 718.183
426.079 761.308
426.350 651.432
426.622 633.557
426.893 727.681
427.164 675.804
427.435 546.928
427.706 545.051
427.977 564.174
428.248 576.297
428.519 614.420
428.791 546.542
429.062 640.664
429.333 559.786
429.604 532.907
429.875 697.028
430.146 795.149
430.417 773.270
430.689 746.390
430.960 550.510
431.231 581.630
431.502 755.750
431.773 721.869
432.044 594.988
432.315 752.107
432.586 775.226
432.858 763.344
433.129 516.462
433.400 545.580
433.671 595.698
433.942 535.815
434.213 450.932
434.484 498.049
434.755 602.166
435.027 490.282
435.298 613.398
435.569 653.514
435.840 511.630
436.116 530.745
436.391 539.860
436.667 563.975
436.942 616.090
437.218 646.204
437.493 704.318
437.769 763.432
438.045 637.546
438.320 630.659
438.596 674.772
438.871 579.885
439.147 548.998
439.422 529.111
439.698 424.223
439.974 459.335
440.249 668.447
440.525 723.558
440.800 475.669
441.076 549.780
441.351 709.891
441.627 729.002
441.903 678.112
442.178 543.222
442.454 538.332
442.729 719.442
443.005 573.551
443.281 643.661
443.556 782.770
443.832 666.878
444.107 529.987
444.383 577.095
444.658 611.203
444.934 466.311
445.210 621.419
445.485 659.526
445.761 691.633
446.036 617.740
446.312 661.847
446.587 681.954
446.863 452.060
447.139 547.166
447.414 594.272
447.690 669.377
447.965 699.483
448.241 586.588
448.516 621.693
448.792 616.798
449.068 575.902
449.343 601.007
449.619 550.111
449.894 568.215
450.170 537.318
450.445 728.422
450.721 763.525
450.997 481.628
451.272 624.731
451.548 623.833
451.823 558.936
452.099 626.038
452.375 579.140
452.650 563.242
452.926 631.343
453.201 659.445
453.477 934.546
453.752 849.647
454.028 673.748
454.304 720.848
454.579 800.948
454.855 721.049
455.130 782.148
455.406 840.248
455.681 755.348
455.957 647.447
456.233 637.546
456.508 672.645
456.784 668.744
457.059 668.842
457.335 805.940
457.610 708.038
457.886 646.136
458.162 583.234
458.437 593.332
458.713 719.429
458.988 673.526
459.264 719.623
459.539 757.720
459.815 713.816
460.091 583.912
460.366 534.009
460.642 565.104
460.917 593.200
461.193 628.296
461.468 585.391
461.744 571.486
462.020 541.581
462.295 633.676
462.571 603.771
462.846 606.865
463.122 641.959
463.397 658.053
463.673 531.615
463.949 557.683
464.224 592.741
464.500 634.792
464.775 608.520
465.051 612.388
465.327 681.025
465.602 790.218
465.878 827.064
466.153 694.594
466.429 950.125
466.704 1211.743
466.980 1167.258
467.256 1168.350
467.531 1251.693
467.807 1294.120
468.082 1277.177
468.358 1208.922
468.633 1317.072
468.909 1265.958
469.185 1216.065
469.460 1374.320
469.736 1445.281
470.011 1248.997
470.287 1277.005
470.562 1375.436
470.838 1195.279
471.114 1225.869
471.389 1239.090
471.665 1277.844
471.940 1294.409
472.216 1259.073
472.491 1065.909
472.767 1057.951
473.043 1180.758
473.318 1253.869
473.594 1044.108
473.869 966.927
474.145 963.964
474.421 860.288
474.696 808.494
474.972 760.526
475.247 756.292
475.523 848.278
475.798 797.242
476.074 744.583
476.350 761.982
476.625 715.955
476.901 683.422
477.176 675.684
477.452 613.029
477.727 631.426
478.003 494.692
478.279 670.590
478.554 765.188
478.830 706.032
479.105 709.760
479.381 729.409
479.656 641.258
479.932 675.141
480.208 769.684
480.483 733.600
480.759 740.762
481.034 652.219
481.310 619.979
481.585 645.022
481.861 674.339
482.137 628.425
482.412 703.328
482.688 680.914
482.963 726.451
483.239 817.989
483.514 562.560
483.790 607.516
484.066 866.730
484.341 694.289
484.617 598.962
484.892 709.293
485.168 705.393
485.443 609.344
485.719 641.233
485.995 689.643
486.270 651.378
486.546 636.320
486.821 546.389
487.097 468.389
487.373 530.136
487.648 720.115
487.924 713.585
488.199 511.586
488.475 363.333
488.750 378.384
489.026 557.439
489.302 521.205
489.577 515.869
489.853 585.959
490.128 739.806
490.404 654.031
490.679 483.852
490.955 673.093
491.231 735.729
491.506 707.170
491.782 592.365
492.057 550.765
492.333 680.977
492.608 632.128
492.884 641.008
493.160 472.785
493.435 463.003
493.711 651.312
493.986 585.127
494.262 556.362
494.537 555.456
494.813 571.777
495.089 459.445
495.364 540.069
495.640 589.259
495.915 534.322
496.191 676.195
496.467 659.201
496.742 564.693
497.018 600.432
497.293 596.556
497.569 693.068
497.844 637.088
498.120 732.210
498.396 722.823
498.671 632.253
498.947 687.937
499.222 626.069
499.498 603.879
499.773 704.448
500.049 746.803
500.325 694.726
500.600 764.188
500.876 780.040
501.151 894.014
501.427 963.257
501.702 1054.750
501.978 1101.053
502.254 1155.709
502.529 1049.990
502.805 1214.262
503.080 1360.719
503.356 1267.310
503.631 1274.722
503.907 1272.313
504.183 1194.449
504.458 1283.590
504.734 1234.840
505.009 1318.834
505.285 1297.973
505.560 1300.776
505.836 1206.009
506.112 1195.958
506.387 1135.300
506.663 1106.922
506.938 1105.980
507.214 1082.795
507.490 1145.407
507.765 1133.221
508.041 1098.981
508.316 1133.359
508.592 997.208
508.867 1027.461
509.143 1129.009
509.419 978.324
509.694 789.870
509.970 751.824
510.245 689.326
510.521 760.704
510.796 694.077
511.072 644.195
511.348 676.875
511.623 718.817
511.899 682.943
512.174 762.768
512.450 811.681
512.725 750.239
513.001 592.970
513.277 543.934
513.552 757.352
513.828 705.627
514.103 698.101
514.379 802.404
514.654 707.386
514.930 651.051
515.206 1019.465
515.481 866.438
515.757 631.700
516.032 588.093
516.308 751.071
516.583 841.133
516.859 744.134
517.135 761.724
517.410 816.672
517.686 859.495
517.961 818.741
518.237 843.403
518.513 838.928
518.788 1078.024
519.064 1080.831
519.339 983.386
519.615 954.506
519.890 1002.827
520.166 1034.678
520.442 1255.109
520.717 1290.781
520.993 1295.939
521.268 1217.756
521.544 1262.089
521.819 1227.064
522.095 1300.803
522.371 1444.390
522.646 1397.470
522.922 1480.482
523.197 1447.975
523.473 1533.730
523.748 1497.426
524.024 1371.169
524.300 1433.429
524.575 1460.283
524.851 1485.222
525.126 1524.970
525.402 1515.005
525.677 1538.030
525.953 1460.136
526.229 1433.425
526.504 1382.224
526.780 1537.748
527.055 1515.354
527.331 1499.145
527.606 1558.110
527.882 1522.227
528.158 1389.643
528.433 1579.508
528.709 1534.460
528.984 1536.437
529.260 1501.949
529.535 1516.894
529.811 1352.686
530.087 1275.463
530.362 1356.710
530.638 1418.022
530.913 1489.280
531.189 1428.034
531.465 1305.504
531.740 1249.817
532.016 1313.945
532.291 1294.660
532.567 1218.737
532.842 1215.887
533.118 1217.123
533.394 1261.079
533.669 1106.002
533.945 985.436
534.220 1001.056
534.496 1090.695
534.771 1044.056
535.047 1057.814
535.323 1005.192
535.598 984.755
535.874 1004.328
536.149 974.085
536.425 911.493
536.700 906.657
536.976 969.274
537.252 1144.962
537.527 1143.196
537.803 1304.352
538.078 1560.361
538.354 1687.260
538.629 1711.614
538.905 1765.803
539.181 1910.367
539.456 1970.580
539.732 2233.192
540.007 2355.656
540.283 2194.007
540.558 2184.986
540.834 2441.589
541.110 2596.537
541.385 2555.998
541.661 2715.458
541.936 2843.080
542.212 2802.501
542.488 2884.815
542.763 3019.656
543.039 3010.802
543.314 3033.673
543.590 3008.935
543.865 2996.079
544.141 2975.279
544.417 3092.513
544.692 2930.700
544.968 2938.698
545.243 2911.852
545.519 2648.835
545.794 2596.850
546.070 2650.581
546.348 2535.859
546.627 2369.376
546.905 2528.005
547.183 2457.496
547.461 2460.528
547.740 2531.088
548.018 2370.635
548.296 2274.987
548.575 2290.928
548.853 2222.460
549.131 2271.172
549.409 2427.701
549.688 2592.436
549.966 2556.774
550.244 2757.222
550.523 2795.176
550.801 2856.817
551.079 2989.552
551.357 3095.439
551.636 3058.835
551.914 2978.888
552.192 2957.243
552.471 3134.942
552.749 3311.082
553.027 3283.267
553.306 3446.264
553.584 3688.203
553.862 3717.047
554.140 3730.849
554.419 3870.770
554.697 4127.431
554.975 4319.137
555.254 4386.323
555.532 4352.792
555.810 4408.107
556.088 4437.547
556.367 4314.908
556.645 4224.184
556.923 4232.988
557.202 4129.798
557.480 4192.827
557.758 4011.311
558.036 3957.044
558.315 3916.517
558.593 3902.044
558.871 3793.670
559.150 3705.228
559.428 3568.495
559.706 3365.227
559.984 3370.714
560.263 3425.370
560.541 3247.505
560.819 3042.589
561.098 2962.746
561.376 2876.255
561.654 2499.379
561.932 2198.655
562.211 2096.495
562.489 1951.489
562.767 1789.394
563.046 1538.518
563.324 1377.779
563.602 1401.243
563.880 1241.595
564.159 1257.956
564.437 1267.343
564.715 1029.642
564.994 933.718
565.272 1025.895
565.550 870.595
565.828 765.910
566.107 904.243
566.385 869.523
566.663 738.216
566.942 752.419
567.220 782.243
567.498 840.733
567.776 733.086
568.055 674.478
568.333 726.446
568.611 737.525
568.890 701.924
569.168 645.409
569.446 686.658
569.725 678.007
570.003 513.801
570.281 473.724
570.559 620.771
570.838 665.947
571.116 739.311
571.394 765.519
571.673 830.322
571.951 778.745
572.229 671.023
572.507 640.621
572.786 687.009
573.064 671.169
573.342 643.950
573.621 540.860
573.899 592.612
574.177 778.782
574.455 793.273
574.734 661.999
575.012 683.570
575.290 657.839
575.569 676.175
575.847 710.249
576.125 717.162
576.403 590.209
576.682 665.563
576.960 764.456
577.243 793.275
577.527 648.287
577.810 529.119
578.093 541.519
578.377 582.159
578.660 586.155
578.944 584.222
579.227 594.334
579.510 660.378
579.794 635.283
580.077 605.955
580.360 624.457
580.644 598.308
580.927 576.084
581.210 647.697
581.494 564.370
581.777 688.229
582.061 634.177
582.344 545.122
582.627 554.138
582.911 580.103
583.194 528.829
583.477 606.716
583.761 648.675
584.044 749.517
584.327 715.343
584.611 606.495
584.894 565.578
585.178 574.612
585.461 647.581
585.744 707.564
586.028 592.314
586.311 666.356
586.594 712.398
586.878 595.441
587.161 587.483
587.444 702.525
587.728 715.567
588.011 716.609
588.295 532.651
588.578 595.097
588.861 707.027
589.145 568.776
589.428 535.353
589.711 445.859
589.995 523.377
590.278 745.197
590.562 651.983
590.845 615.409
591.128 771.523
591.412 687.731
591.695 599.548
591.978 733.721
592.262 725.504
592.545 538.655
592.828 652.007
593.112 595.566
593.395 542.765
593.679 522.344
593.962 694.695
594.245 656.233
594.529 570.701
594.812 482.699
595.095 463.319
595.379 683.889
595.662 694.549
595.945 597.573
596.229 531.544
596.512 546.372
596.796 595.516
597.079 634.570
597.362 804.907
597.646 823.932
597.929 638.017
598.212 614.698
598.496 707.623
598.779 792.847
599.062 827.436
599.346 665.580
599.629 566.343
599.913 586.513
600.196 644.680
600.479 700.186
600.763 697.959
601.046 561.915
601.329 608.766
601.613 653.437
601.896 569.896
602.179 745.209
602.463 704.972
602.746 719.745
603.030 780.686
603.313 706.356
603.596 535.638
603.880 593.974
604.163 694.992
604.446 670.843
604.730 608.197
605.013 659.498
605.296 700.338
605.580 660.218
605.863 759.178
606.147 657.354
606.430 589.811
606.713 711.580
606.997 690.766
607.280 849.618
607.563 724.410
607.847 638.695
608.130 710.502
608.414 777.358
608.697 696.181
608.980 683.188
609.264 819.188
609.547 721.459
609.830 695.050
610.114 746.017
610.397 701.979
610.680 700.350
610.964 685.093
611.247 693.952
611.531 654.434
611.814 551.428
612.097 601.513
612.381 805.861
612.664 904.823
612.947 701.719
613.231 642.873
613.514 670.063
613.797 762.437
614.081 804.712
614.364 799.836
614.648 790.048
614.931 709.534
615.214 699.746
615.498 799.781
615.781 800.604
616.064 746.505
616.348 844.966
616.631 920.711
616.914 968.068
617.198 863.638
617.481 802.589
617.765 848.781
618.048 958.242
618.331 883.253
618.615 770.524
618.898 936.567
619.181 958.341
619.465 882.172
619.748 834.730
620.031 787.076
620.315 682.836
620.598 747.041
620.882 857.053
621.165 1005.057
621.448 960.360
621.732 865.827
622.015 694.718
622.298 664.233
622.582 729.801
622.865 763.532
623.148 713.616
623.432 784.149
623.715 675.074
623.999 844.968
624.282 851.875
624.565 867.708
624.849 647.421
625.132 552.995
625.415 865.529
625.699 918.909
625.982 795.836
626.265 708.501
626.549 679.536
626.832 803.813
627.116 828.090
627.399 688.730
627.682 694.432
627.966 648.449
628.249 664.933
628.532 627.113
628.816 784.364
629.099 703.451
629.383 654.733
629.666 667.444
629.949 621.658
630.233 630.396
630.516 723.698
630.799 771.755
631.083 666.940
631.366 558.377
631.649 521.906
631.933 508.694
632.216 591.619
632.500 653.790
632.783 670.365
633.066 649.717
633.350 674.919
633.633 730.284
633.916 701.545
634.200 628.609
634.483 671.142
634.766 686.442
635.050 660.702
635.333 569.714
635.617 557.266
635.900 690.838
636.183 736.865
636.467 670.036
636.750 661.255
637.033 714.116
637.317 698.020
637.600 666.379
637.883 684.562
638.167 679.260
638.450 646.182
638.734 648.085
639.017 738.939
639.300 807.321
639.584 761.693
639.867 903.912
640.150 810.396
640.434 816.974
640.717 872.314
641.000 798.512
641.284 837.794
641.567 747.868
641.851 814.661
642.134 978.048
642.417 940.715
642.701 1040.782
642.984 984.698
643.267 921.028
643.551 838.660
643.834 799.176
644.117 849.954
644.401 777.678
644.684 821.756
644.968 981.074
645.251 928.588
645.534 847.003
645.818 877.989
646.101 973.678
646.384 1088.261
646.668 1078.900
646.951 1016.018
647.235 1081.851
647.518 1127.932
647.801 1300.893
648.085 1364.489
648.368 1398.694
648.651 1467.332
648.935 1663.156
649.218 1820.435
649.501 1795.789
649.785 1909.945
650.068 2135.275
650.352 2311.069
650.635 2383.225
650.918 2333.474
651.202 2610.542
651.485 2877.057
651.768 3016.703
652.052 3048.237
652.335 3394.108
652.618 3715.737
652.902 3956.516
653.185 4418.000
653.469 4488.175
653.752 4561.257
654.035 4821.173
654.319 5029.998
654.602 5200.065
654.885 5257.237
655.169 5401.695
655.452 5582.633
655.735 5766.783
656.019 5891.985
656.302 6008.002
656.586 6097.778
656.869 6165.100
657.152 5966.062
657.436 5818.250
657.719 5876.446
658.002 5933.619
658.286 5802.268
658.569 5503.823
658.852 5345.798
659.136 5301.859
659.419 5149.604
659.703 4964.861
659.986 4928.342
660.269 4901.776
660.553 4612.271
660.836 4621.446
661.119 4701.759
661.403 4686.924
661.686 4646.580
661.969 4590.657
662.253 4582.972
662.536 4629.749
662.820 4759.331
663.103 4751.246
663.386 4789.814
663.670 4817.226
663.953 4565.600
664.236 4524.662
664.520 4463.900
664.803 4292.702
665.086 4240.815
665.370 4362.667
665.653 4493.395
665.937 4548.690
666.220 4419.915
666.503 4338.807
666.787 4202.932
667.070 4043.820
667.353 3878.198
667.637 3505.247
667.920 3316.634
668.204 2943.264
668.487 2599.447
668.770 2494.179
669.054 2126.590
669.337 1807.684
669.620 1617.090
669.904 1434.208
670.187 1370.459
670.470 1416.783
670.754 1299.463
671.037 1135.482
671.321 1005.647
671.604 1122.244
671.887 1086.573
672.171 1004.717
672.454 1002.695
672.737 996.581
673.021 965.835
673.304 1044.883
673.587 1204.048
673.871 1180.833
674.154 1120.941
674.438 1159.119
674.721 1234.172
675.004 1195.346
675.288 1222.122
675.571 1293.439
675.854 1228.584
676.138 1230.909
676.421 1259.038
676.704 1194.250
676.988 1290.052
677.271 1387.486
677.555 1144.895
677.838 969.120
678.121 949.551
678.405 890.467
678.688 1028.176
678.971 863.323
679.255 975.383
679.538 1037.651
679.821 1089.545
680.105 922.479
680.388 767.781
680.672 775.883
680.955 812.292
681.238 784.028
681.522 786.358
681.805 814.913
682.088 859.924
682.372 889.002
682.655 794.967
682.938 887.896
683.222 916.106
683.505 852.304
683.789 880.544
684.072 907.739
684.355 867.152
684.639 865.090
684.922 795.179
685.205 735.707
685.489 886.046
685.772 918.346
686.056 914.103
686.339 918.314
686.622 748.364
686.906 734.820
687.189 878.897
687.472 1007.315
687.756 887.417
688.039 734.925
688.322 650.399
688.606 875.895
688.889 866.526
689.173 772.606
689.456 844.657
689.739 839.464
690.023 810.460
690.306 839.683
690.589 774.250
690.873 852.555
691.156 890.041
691.439 806.820
691.723 789.155
692.006 878.545
692.290 807.097
692.573 890.396
692.856 991.167
693.140 992.228
693.423 934.290
693.706 845.128
693.990 835.132
694.273 837.394
694.556 1052.241
694.840 1121.660
695.123 922.179
695.407 919.188
695.690 828.751
695.973 865.713
696.257 880.294
696.540 1029.619
696.830 957.670
697.120 946.390
697.410 991.644
697.699 920.907
697.989 1164.865
698.279 1031.725
698.569 917.988
698.859 1039.938
699.149 1084.870
699.439 1019.435
699.729 918.419
700.018 923.545
700.308 1094.900
700.598 982.794
700.888 847.708
701.178 1024.536
701.468 1034.676
701.758 909.032
702.048 978.018
702.337 961.841
702.627 1067.895
702.917 1032.601
703.207 889.558
703.497 855.487
703.787 754.148
704.077 784.105
704.366 856.850
704.656 753.707
704.946 689.469
705.236 599.892
705.526 768.977
705.816 902.732
706.106 652.603
706.396 611.139
706.685 672.896
706.975 633.197
707.265 555.651
707.555 672.964
707.845 710.305
708.135 597.344
708.425 545.200
708.715 558.621
709.004 685.561
709.294 677.678
709.584 676.364
709.874 757.254
710.164 722.759
710.454 668.874
710.744 596.173
711.034 670.557
711.323 698.787
711.613 592.510
711.903 738.458
712.193 820.093
712.483 700.154
712.773 693.293
713.063 635.035
713.352 675.929
713.642 678.539
713.932 686.992
714.222 688.597
714.512 632.501
714.802 569.994
715.092 705.674
715.382 626.961
715.671 562.065
715.961 551.369
716.251 497.440
716.541 604.778
716.831 684.987
717.121 568.944
717.411 659.742
717.701 716.222
717.990 644.472
718.280 586.910
718.570 574.514
718.860 551.086
719.150 543.037
719.440 573.074
719.730 575.552
720.019 763.000
720.309 673.014
720.599 655.843
720.889 639.893
721.179 662.880
721.469 671.199
721.759 601.872
722.049 693.935
722.338 571.232
722.628 622.302
722.918 673.549
723.208 735.441
723.498 591.231
723.788 638.981
724.078 797.808
724.368 761.758
724.657 640.621
724.947 664.402
725.237 750.006
725.527 781.880
725.817 685.678
726.107 590.976
726.397 566.818
726.686 542.660
726.976 595.872
727.266 644.248
727.556 612.353
727.846 754.302
728.136 712.974
728.426 560.306
728.716 542.884
729.005 681.470
729.295 592.342
729.585 469.241
729.875 463.506
730.165 568.728
730.455 649.253
730.745 678.058
731.035 657.690
731.324 688.172
731.614 677.147
731.904 644.783
732.194 743.928
732.484 658.096
732.774 595.858
733.064 613.388
733.354 484.030
733.643 540.101
733.933 591.251
734.223 553.259
734.513 721.894
734.803 762.618
735.093 587.028
735.383 550.512
735.672 617.914
735.962 698.399
736.252 519.828
736.542 555.146
736.832 552.227
737.122 529.259
737.412 595.945
737.702 708.424
737.991 735.921
738.281 640.043
738.571 622.734
738.861 630.869
739.151 574.786
739.441 666.669
739.731 589.009
740.021 625.657
740.310 750.553
740.600 756.250
740.890 513.399
741.180 533.189
741.470 610.207
741.760 720.789
742.050 853.088
742.339 748.959
742.629 640.175
742.919 766.802
743.209 590.174
743.499 545.278
743.789 549.797
744.079 656.747
744.369 667.986
744.658 581.123
744.948 378.586
745.238 518.723
745.528 634.698
745.818 718.680
746.108 654.215
746.398 672.759
746.688 632.063
746.977 796.928
747.267 655.934
747.557 676.485
747.847 755.033
748.137 708.042
748.427 662.290
748.717 535.478
749.006 410.586
749.296 546.472
749.586 631.519
749.876 743.721
750.166 649.118
750.456 616.882
750.746 632.487
751.036 561.647
751.325 716.357
751.615 657.151
751.905 622.204
752.195 680.845
752.485 575.864
752.775 591.474
753.065 592.494
753.355 726.646
753.644 759.698
753.934 669.635
754.224 610.808
754.514 730.917
754.804 513.553
755.094 425.306
755.384 509.578
755.674 585.825
755.963 655.051
756.253 652.715
756.543 718.277
756.833 757.930
757.123 716.023
757.413 648.419
757.703 646.427
757.992 587.149
758.282 571.518
758.572 574.120
758.862 566.098
759.152 651.544
759.442 609.743
759.732 657.610
760.022 693.809
760.311 639.193
760.601 536.596
760.891 708.646
761.181 725.037
761.471 635.242
761.761 563.392
762.051 590.600
762.341 678.555
762.630 724.574
762.920 635.971
763.210 667.880
763.500 698.444
763.793 564.524
764.086 615.902
764.379 634.415
764.671 754.151
764.964 665.637
765.257 642.516
765.550 613.587
765.843 501.710
766.136 624.712
766.429 594.487
766.722 624.118
767.014 597.351
767.307 397.567
767.600 470.092
767.893 540.140
768.186 463.545
768.479 558.320
768.772 688.378
769.064 699.484
769.357 649.452
769.650 592.664
769.943 752.206
770.236 700.864
770.529 582.636
770.822 602.815
771.115 612.913
771.407 708.402
771.700 727.592
771.993 809.153
772.286 694.327
772.579 685.580
772.872 604.952
773.165 553.558
773.457 612.043
773.750 645.977
774.043 531.968
774.336 534.543
774.629 660.498
774.922 656.137
775.215 549.191
775.508 552.130
775.800 533.483
776.093 703.222
776.386 672.350
776.679 580.395
776.972 639.828
777.265 821.114
777.558 807.226
777.850 699.899
778.143 705.946
778.436 663.414
778.729 665.779
779.022 701.976
779.315 587.420
779.608 481.909
779.900 485.946
780.193 565.360
780.486 581.877
780.779 599.364
781.072 548.680
781.365 637.512
781.658 626.120
781.951 550.835
782.243 639.928
782.536 698.459
782.829 679.399
783.122 684.435
783.415 683.765
783.708 705.848
784.001 708.873
784.293 736.974
784.586 750.280
784.879 724.244
785.172 670.482
785.465 574.978
785.758 603.050
786.051 680.221
786.344 769.877
786.636 910.804
786.929 668.578
787.222 655.893
787.515 591.533
787.808 620.337
788.101 611.362
788.394 736.253
788.686 821.184
788.979 789.021
789.272 731.306
789.565 683.686
789.858 609.850
790.151 536.549
790.444 511.590
790.737 541.117
791.029 568.995
791.322 711.725
791.615 604.352
791.908 600.580
792.201 612.970
792.494 579.474
792.787 681.502
793.079 787.880
793.372 642.688
793.665 669.267
793.958 599.492
794.251 665.310
794.544 794.145
794.837 869.728
795.130 717.201
795.422 645.432
795.715 629.496
796.008 634.132
796.301 679.697
796.594 637.879
796.887 700.644
797.180 666.462
797.472 510.944
797.765 438.178
798.058 563.255
798.351 585.766
798.644 540.916
798.937 480.114
799.230 551.364
799.523 919.826
799.815 850.050
800.108 598.819
800.401 511.098
800.694 683.280
800.987 607.838
801.280 683.993
801.573 722.969
801.865 723.983
802.158 664.393
802.451 621.494
802.744 597.557
803.037 585.596
803.330 625.158
803.623 753.291
803.915 698.416
804.208 551.277
804.501 606.449
804.794 658.517
805.087 631.873
805.380 485.860
805.673 498.401
805.966 684.603
806.258 624.181
806.551 668.622
806.844 670.645
807.137 654.249
807.430 540.153
807.723 514.064
808.016 783.155
808.308 818.951
808.601 633.586
808.894 600.671
809.187 665.741
809.480 684.201
809.773 608.151
810.066 633.929
810.359 686.949
810.651 658.077
810.944 438.679
811.237 475.463
811.530 675.276
811.825 618.397
812.119 529.998
812.414 420.023
812.709 546.724
813.003 637.927
813.298 548.318
813.593 603.141
813.887 572.181
814.182 862.403
814.476 797.304
814.771 794.273
815.066 729.779
815.360 630.475
815.655 543.091
815.950 599.609
816.244 624.039
816.539 680.372
816.834 659.999
817.128 708.646
817.423 793.565
817.718 973.928
818.012 727.709
818.307 472.880
818.602 569.206
818.896 655.605
819.191 628.544
819.486 599.987
819.780 712.257
820.075 866.476
820.369 866.215
820.664 687.002
820.959 706.685
821.253 731.266
821.548 650.452
821.843 717.238
822.137 759.578
822.432 736.175
822.727 734.872
823.021 670.935
823.316 754.201
823.611 748.465
823.905 631.477
824.200 544.012
824.495 673.867
824.789 708.692
825.084 677.401
825.379 615.894
825.673 609.167
825.968 725.815
826.262 679.988
826.557 749.121
826.852 756.833
827.146 756.847
827.441 699.856
827.736 736.707
828.030 669.491
828.325 506.375
828.620 674.118
828.914 811.937
829.209 651.532
829.504 842.057
829.798 788.437
830.093 659.711
830.388 518.077
830.682 468.970
830.977 688.556
831.271 794.266
831.566 643.467
831.861 634.831
832.155 628.048
832.450 710.347
832.745 829.081
833.039 696.015
833.334 567.726
833.629 657.773
833.923 588.144
834.218 545.001
834.513 581.871
834.807 571.588
835.102 461.166
835.397 502.793
835.691 495.912
835.986 559.289
836.281 548.844
836.575 555.169
836.870 597.066
837.164 610.371
837.459 530.686
837.754 567.808
838.048 589.480
838.343 575.379
838.638 565.726
838.932 658.609
839.227 671.768
839.522 656.605
839.816 635.713
840.111 602.541
840.406 599.954
840.700 724.084
840.995 831.217
841.290 851.474
841.584 714.760
841.879 778.761
842.174 715.090
842.468 683.015
842.763 566.273
843.057 641.980
843.352 659.600
843.647 644.975
843.941 655.602
844.236 705.328
844.531 722.539
844.825 699.179
845.120 790.078
845.415 821.140
845.709 671.224
846.004 735.039
846.299 629.255
846.593 834.071
846.888 782.720
847.183 623.282
847.477 627.386
847.772 655.932
848.066 694.192
848.361 685.537
848.656 685.193
848.950 698.202
849.245 830.595
849.540 693.309
849.834 809.811
850.129 869.240
850.424 746.257
850.718 736.785
851.013 841.397
851.308 776.152
851.602 765.833
851.897 842.409
852.192 916.264
852.486 745.794
852.781 680.516
853.076 785.914
853.370 773.588
853.665 773.602
853.959 767.284
854.254 688.886
854.549 853.263
854.843 765.578
855.138 699.762
855.433 804.306
855.727 900.695
856.022 776.528
856.317 740.677
856.611 741.274
856.906 683.798
857.201 743.583
857.495 831.419
857.790 860.671
858.085 812.153
858.379 743.979
858.674 588.610
858.969 611.253
859.263 696.533
859.558 670.016
859.852 618.007
860.147 694.516
860.442 755.640
860.736 572.356
861.031 718.170
861.326 815.018
861.620 718.942
861.915 868.107
862.210 834.209
862.504 660.059
862.799 745.743
863.094 717.574
863.388 633.260
863.683 650.629
863.978 568.096
864.272 635.334
864.567 643.840
864.861 592.242
865.156 578.314
865.451 538.621
865.745 745.727
866.040 772.589
866.335 748.353
866.629 771.258
866.924 644.794
867.219 610.733
867.513 781.101
867.808 697.569
868.103 619.779
868.397 630.297
868.692 663.379
868.987 630.431
869.281 617.858
869.576 705.191
869.871 723.516
870.165 611.968
870.460 543.641
870.754 596.250
871.049 555.396
871.344 640.446
871.638 680.022
871.933 593.965
872.228 647.525
872.522 628.583
872.817 696.584
873.112 935.343
873.406 728.714
873.701 757.994
873.996 763.345
874.290 610.863
874.585 595.125
874.880 683.792
875.174 612.187
875.469 588.418
875.764 649.637
876.058 622.021
876.353 505.804
876.647 547.607
876.942 592.198
877.237 608.690
877.531 665.165
877.826 697.907
878.121 636.042
878.415 592.713
878.710 551.267
879.005 681.616
879.299 609.011
879.594 592.825
879.889 482.316
880.183 447.650
880.478 554.917
880.773 562.295
881.067 539.822
881.362 615.107
881.656 585.034
881.951 602.095
882.246 540.419
882.540 589.203
882.835 538.875
883.130 533.799
883.424 541.501
883.719 507.614
884.014 622.006
884.308 615.985
884.603 586.161
884.898 593.636
885.192 644.431
885.487 597.467
885.782 548.115
886.076 658.650
886.371 579.380
886.666 421.920
886.960 497.717
887.255 483.852
887.549 500.870
887.844 697.484
888.139 755.344
888.433 666.821
888.728 578.612
889.023 576.846
889.317 629.911
889.612 557.618
889.907 557.134
890.201 610.241
890.496 603.522
890.791 605.648
891.085 554.815
891.380 508.046
891.675 583.592
891.969 603.037
892.264 501.893
892.559 539.382
892.853 687.264
893.148 610.486
893.442 547.746
893.737 602.030
894.032 549.527
894.326 501.078
894.621 529.281
894.916 460.975
895.210 501.988
895.505 610.218
895.800 525.886
896.094 442.002
896.389 495.850
896.684 512.199
896.978 522.348
897.273 427.790
897.568 581.132
897.862 651.505
898.157 532.151
898.451 614.932
898.746 644.145
899.041 736.841
899.335 696.993
899.630 550.457
899.925 560.607
900.219 626.161
900.514 696.492
900.809 538.218
901.103 424.483
901.398 619.874
901.693 554.754
901.987 524.955
902.282 642.039
902.577 517.413
902.871 446.551
903.166 578.092
903.461 659.867
903.755 617.571
904.050 568.165
904.344 406.717
904.639 470.038
904.934 543.180
905.228 520.785
905.523 450.066
905.818 502.823
906.112 643.373
906.407 581.367
906.702 533.603
906.996 589.137
907.291 576.393
907.586 525.540
907.880 688.652
908.175 620.197
908.470 610.206
908.764 670.515
909.059 724.269
909.354 651.694
909.648 508.007
909.943 516.235
910.237 669.065
910.532 721.629
910.827 776.634
911.121 749.833
911.416 681.368
911.711 643.693
912.005 676.195
912.300 629.482
912.599 683.042
912.898 611.821
913.196 641.362
913.495 643.227
913.794 713.205
914.093 651.271
914.391 629.236
914.690 696.305
914.989 640.008
915.288 721.510
915.586 678.943
915.885 534.156
916.184 426.349
916.483 441.368
916.782 580.365
917.080 629.247
917.379 627.616
917.678 584.862
917.977 720.745
918.275 663.726
918.574 641.905
918.873 714.699
919.172 624.726
919.471 542.393
919.769 601.151
920.068 546.912
920.367 520.217
920.666 565.453
920.964 636.198
921.263 562.289
921.562 522.844
921.861 635.698
922.159 559.346
922.458 588.453
922.757 596.016
923.056 571.010
923.355 583.471
923.653 675.548
923.952 649.699
924.251 498.773
924.550 654.939
924.848 694.440
925.147 567.673
925.446 547.413
925.745 649.902
926.043 642.242
926.342 633.188
926.641 570.831
926.940 626.720
927.239 625.603
927.537 699.858
927.836 628.410
928.135 636.794
928.434 759.033
928.732 678.467
929.031 719.455
929.330 779.402
929.629 711.127
929.927 676.556
930.226 642.800
930.525 620.535
930.824 762.215
931.123 686.165
931.421 718.011
931.720 710.657
932.019 756.099
932.318 797.669
932.616 708.802
932.915 656.282
933.214 764.685
933.513 714.339
933.812 642.215
934.110 735.694
934.409 899.751
934.708 757.980
935.007 992.181
935.305 997.829
935.604 779.459
935.903 875.586
936.202 898.141
936.500 986.981
936.799 1090.099
937.098 985.402
937.397 957.660
937.696 867.316
937.994 817.610
938.293 922.736
938.592 848.637
938.891 842.462
939.189 864.913
939.488 900.317
939.787 1061.893
940.086 989.270
940.384 962.761
940.683 870.986
940.982 773.768
941.281 933.556
941.580 1166.379
941.878 1150.300
942.177 944.019
942.476 984.463
942.775 952.175
943.073 830.168
943.372 771.779
943.671 1003.464
943.970 1185.024
944.268 1043.017
944.567 880.687
944.866 911.402
945.165 857.530
945.464 806.448
945.762 685.669
946.061 950.050
946.360 1075.459
946.659 1045.061
946.957 1042.028
947.256 931.066
947.555 835.190
947.854 886.283
948.153 851.822
948.451 800.987
948.750 859.245
949.049 856.292
949.348 1059.635
949.646 914.907
949.945 901.963
950.244 1046.639
950.543 921.674
950.841 804.770
951.140 770.009
951.439 691.978
951.738 732.209
952.037 851.252
952.335 991.770
952.634 876.132
952.933 729.718
953.232 785.266
953.530 596.279
953.829 843.997
954.128 927.002
954.427 846.811
954.725 974.990
955.024 922.332
955.323 942.399
955.622 766.648
955.921 669.960
956.219 784.965
956.518 752.383
956.817 799.233
957.116 823.387
957.414 768.597
957.713 640.586
958.012 570.512
958.311 649.355
958.610 841.818
958.908 797.940
959.207 753.236
959.506 798.894
959.805 820.272
960.103 854.538
960.402 820.902
960.701 689.113
961.000 623.030
961.298 606.811
961.597 775.914
961.896 684.040
962.195 732.417
962.494 791.943
962.792 716.089
963.091 703.345
963.390 613.123
963.689 661.148
963.987 770.358
964.286 877.139
964.585 841.106
964.884 772.217
965.182 680.683
965.481 1003.227
965.780 1114.941
966.080 980.665
966.380 913.025
966.680 776.508
966.981 759.662
967.281 796.431
967.581 704.755
967.881 726.086
968.181 744.219
968.481 743.190
968.781 753.815
969.082 633.688
969.382 713.950
969.682 810.850
969.982 839.250
970.282 837.696
970.582 681.970
970.882 622.149
971.183 801.847
971.483 705.628
971.783 678.682
972.083 782.485
972.383 818.477
972.683 743.242
972.983 743.489
973.284 663.112
973.584 657.288
973.884 676.531
974.184 727.149
974.484 819.846
974.784 662.137
975.084 652.270
975.385 694.471
975.685 792.550
975.985 712.543
976.285 706.728
976.585 775.720
976.885 718.088
977.185 720.126
977.486 747.044
977.786 757.706
978.086 845.963
978.386 834.871
978.686 696.328
978.986 617.373
979.286 648.381
979.587 736.389
979.887 646.397
980.187 657.406
980.487 617.414
980.787 732.422
981.087 677.430
981.387 799.438
981.688 716.446
981.988 536.454
982.288 573.462
982.588 663.470
982.888 720.478
983.188 674.486
983.488 745.494
983.789 734.502
984.089 700.510
984.389 683.518
984.689 579.526
984.989 480.533
985.289 546.541
985.589 727.549
985.890 721.557
986.190 571.565
986.490 577.573
986.790 703.581
987.090 631.589
987.390 668.597
987.690 714.605
987.991 604.612
988.291 587.620
988.591 598.628
988.891 503.636
989.191 512.644
989.491 685.652
989.791 694.659
990.092 701.667
990.392 724.675
990.692 622.683
990.992 620.691
991.292 515.698
991.592 687.706
991.892 688.714
992.193 694.722
992.493 673.730
992.793 641.737
993.093 604.745
993.393 597.753
993.693 642.760
993.993 740.768
994.294 775.776
994.594 697.784
994.894 678.791
995.194 661.799
995.494 546.807
995.794 553.814
996.094 514.822
996.395 606.830
996.695 708.837
996.995 530.845
997.295 473.853
997.595 525.860
997.895 474.868
998.195 451.875
998.496 499.883
998.796 511.891
999.096 717.898
999.396 606.906
999.696 654.913
999.996 678.921
1000.296 797.929
1000.597 821.936
1000.897 660.944
1001.197 647.951
1001.497 848.959
1001.797 599.966
1002.097 471.974
1002.397 606.981
1002.698 631.989
1002.998 728.996
1003.298 705.004
1003.598 555.011
1003.898 532.019
1004.198 706.026
1004.498 749.034
1004.799 686.041
1005.099 736.049
1005.399 721.056
1005.699 689.064
1005.999 688.071
1006.299 587.078
1006.599 813.086
1006.900 831.093
1007.200 633.101
1007.500 626.108
1007.800 649.115
1008.100 559.123
1008.400 533.130
1008.700 593.138
1009.001 600.145
1009.301 577.152
1009.601 748.160
1009.901 792.167
1010.201 708.174
1010.501 699.182
1010.801 797.189
1011.102 620.196
1011.402 642.204
1011.702 598.211
1012.002 493.218
1012.302 679.226
1012.602 708.233
1012.902 669.240
1013.203 678.247
1013.503 748.255
1013.803 776.262
1014.103 587.269
1014.403 673.276
1014.703 647.284
1015.003 571.291
1015.304 740.298
1015.604 795.305
1015.904 603.313
1016.204 547.320
1016.504 555.327
1016.804 604.334
1017.104 582.341
1017.405 599.348
1017.705 570.356
1018.005 560.363
1018.305 610.370
1018.605 542.377
1018.905 448.384
1019.205 464.391
1019.506 819.399
1019.806 855.406
1020.106 674.413
1020.406 682.420
1020.706 655.427
1021.006 728.434
1021.306 813.441
1021.607 681.448
1021.907 772.455
1022.207 717.462
1022.507 568.470
1022.807 578.477
1023.107 629.484
1023.407 570.491
1023.708 621.498
1024.008 561.505
1024.308 609.512
1024.608 596.519
1024.908 496.526
1025.208 600.533
1025.508 811.540
1025.809 787.547
1026.109 621.554
1026.409 687.561
1026.709 670.568
1027.009 677.575
1027.309 674.582
1027.609 600.589
1027.910 565.596
1028.210 690.603
1028.510 798.610
1028.810 933.616
1029.110 869.623
1029.410 684.630
1029.710 781.637
1030.011 743.644
1030.311 788.651
1030.611 675.658
1030.911 642.665
1031.211 682.672
1031.511 579.679
1031.811 774.685
1032.112 779.692
1032.412 625.699
1032.712 532.706
1033.012 580.713
1033.312 783.720
1033.612 777.727
1033.912 711.733
1034.212 621.740
1034.513 595.747
1034.813 589.754
1035.113 653.761
1035.413 570.767
1035.713 672.774
1036.013 633.781
1036.313 625.788
1036.614 732.795
1036.914 625.801
1037.214 545.808
1037.514 700.815
1037.814 641.822
1038.114 601.828
1038.414 594.835
1038.715 692.842
1039.015 537.848
1039.315 455.855
1039.615 614.862
1039.915 589.869
1040.215 548.875
1040.515 572.882
1040.816 722.889
1041.116 693.895
1041.416 619.902
1041.716 537.909
1042.016 530.915
1042.316 740.922
1042.616 689.929
1042.917 568.935
1043.217 546.942
1043.517 583.949
1043.817 679.955
1044.117 678.962
1044.417 610.968
1044.717 565.975
1045.018 564.982
1045.318 686.988
1045.618 761.995
1045.918 645.001
1046.218 533.008
1046.518 567.015
1046.818 647.021
1047.119 595.028
1047.419 779.034
1047.719 694.041
1048.019 619.047
1048.319 713.054
1048.619 631.061
1048.919 677.067
1049.220 646.074
1049.520 688.080
1049.820 644.087
1050.120 567.093
1050.420 715.100
1050.720 631.106
1051.020 643.113
1051.321 734.119
1051.621 844.126
1051.921 702.132
1052.221 538.138
1052.521 484.145
1052.821 498.151
1053.121 649.158
1053.422 701.164
1053.722 804.171
1054.022 694.177
1054.322 814.184
1054.622 673.190
1054.922 586.196
1055.222 735.203
1055.523 689.209
1055.823 678.216
1056.123 708.222
1056.423 647.228
1056.723 733.235
1057.023 624.241
1057.323 481.247
1057.624 577.254
1057.924 704.260
1058.224 706.267
1058.524 606.273
1058.824 691.279
1059.124 635.286
1059.424 554.292
1059.725 650.298
1060.025 626.305
1060.325 623.311
1060.625 591.317
1060.925 587.323
1061.225 618.330
1061.525 751.336
1061.826 623.342
1062.126 620.349
1062.426 694.355
1062.726 712.361
1063.026 688.367
1063.326 870.374
1063.626 827.380
1063.927 674.386
1064.227 720.392
1064.527 585.399
1064.827 726.405
1065.127 680.411
1065.427 498.417
1065.727 540.424
1066.028 751.430
1066.328 747.436
1066.628 541.442
1066.928 512.448
1067.228 563.455
1067.528 524.461
1067.828 544.467
1068.129 542.473
1068.429 678.479
1068.729 748.485
1069.029 682.492
1069.329 563.498
1069.629 683.504
1069.929 720.510
1070.230 753.516
1070.530 672.522
1070.830 625.528
1071.130 721.534
1071.430 657.541
1071.730 691.547
1072.030 753.553
1072.331 601.559
1072.631 653.565
1072.931 662.571
1073.231 687.577
1073.531 606.583
1073.831 553.589
1074.131 687.595
1074.432 785.601
1074.732 675.607
1075.032 556.614
1075.332 511.620
1075.632 567.626
1075.932 549.632
1076.232 540.638
1076.533 553.644
1076.833 671.650
1077.133 642.656
1077.433 587.662
1077.733 578.668
1078.033 703.674
1078.333 698.680
1078.634 668.686
1078.934 718.692
1079.234 551.698
1079.534 687.704
1079.834 734.710
1080.134 703.716
1080.434 719.721
1080.735 679.727
1081.035 657.733
1081.335 494.739
1081.635 500.745
1081.935 624.751
1082.235 642.757
1082.535 599.763
1082.836 633.769
1083.136 654.775
1083.436 778.781
1083.736 759.787
1084.036 642.793
1084.336 582.798
1084.636 559.804
1084.937 697.810
1085.237 793.816
1085.537 653.822
1085.837 621.828
1086.137 611.834
1086.437 756.840
1086.737 697.845
1087.038 648.851
1087.338 761.857
1087.638 742.863
1087.938 560.869
1088.238 388.875
1088.538 517.880
1088.838 672.886
1089.139 709.892
1089.439 563.898
1089.739 703.904
1090.039 704.909
1090.339 754.915
1090.639 662.921
1090.939 661.927
1091.240 525.932
1091.540 562.938
1091.840 600.944
1092.140 724.950
1092.453 727.956
1092.766 588.961
1093.079 533.967
1093.392 639.973
1093.705 588.978
1094.018 630.984
1094.330 813.990
1094.643 743.996
1094.956 810.001
1095.269 704.007
1095.582 703.013
1095.895 607.018
1096.208 603.024
1096.521 611.030
1096.834 673.036
1097.147 658.041
1097.460 712.047
1097.773 749.053
1098.085 599.058
1098.398 579.064
1098.711 577.070
1099.024 491.075
1099.337 613.081
1099.650 762.086
1099.963 735.092
1100.276 579.098
1100.589 615.103
1100.902 679.109
1101.215 695.115
1101.528 739.120
1101.841 602.126
1102.153 651.131
1102.466 762.137
1102.779 565.143
1103.092 514.148
1103.405 608.154
1103.718 603.159
1104.031 570.165
1104.344 683.171
1104.657 662.176
1104.970 878.182
1105.283 724.187
1105.596 582.193
1105.909 576.198
1106.221 660.204
1106.534 672.209
1106.847 552.215
1107.160 507.220
1107.473 489.226
1107.786 544.232
1108.099 469.237
1108.412 528.243
1108.725 593.248
1109.038 512.254
1109.351 671.259
1109.664 651.265
1109.977 580.270
1110.289 643.276
1110.602 613.281
1110.915 582.286
1111.228 585.292
1111.541 548.297
1111.854 506.303
1112.167 463.308
1112.480 506.314
1112.793 550.319
1113.106 580.325
1113.419 652.330
1113.732 628.336
1114.044 559.341
1114.357 645.346
1114.670 667.352
1114.983 532.357
1115.296 529.363
1115.609 627.368
1115.922 676.373
1116.235 713.379
1116.548 658.384
1116.861 598.390
1117.174 569.395
1117.487 586.400
1117.800 759.406
1118.112 638.411
1118.425 569.416
1118.738 587.422
1119.051 560.427
1119.364 595.433
1119.677 673.438
1119.990 635.443
1120.303 688.449
1120.616 727.454
1120.929 624.459
1121.242 717.465
1121.555 718.470
1121.868 729.475
1122.180 658.480
1122.493 447.486
1122.806 472.491
1123.119 604.496
1123.432 680.502
1123.745 646.507
1124.058 576.512
1124.371 576.518
1124.684 696.523
1124.997 629.528
1125.310 581.533
1125.623 497.539
1125.935 407.544
1126.248 521.549
1126.561 631.554
1126.874 603.560
1127.187 717.565
1127.500 749.570
1127.813 691.575
1128.126 748.581
1128.439 710.586
1128.752 749.591
1129.065 573.596
1129.378 375.601
1129.691 527.607
1130.003 612.612
1130.316 583.617
1130.629 583.622
1130.942 626.627
1131.255 566.633
1131.568 482.638
1131.881 572.643
1132.194 684.648
1132.507 631.653
1132.820 629.658
1133.133 722.664
1133.446 575.669
1133.759 782.674
1134.071 1225.679
1134.384 904.684
1134.697 797.689
1135.010 843.694
1135.323 677.700
1135.636 605.705
1135.949 545.710
1136.262 566.715
1136.575 600.720
1136.888 623.725
1137.201 616.730
1137.514 555.735
1137.826 629.740
1138.139 551.746
1138.452 600.751
1138.765 831.756
1139.078 851.761
1139.391 824.766
1139.704 746.771
1140.017 693.776
1140.330 596.781
1140.643 592.786
1140.956 571.791
1141.269 639.796
1141.582 686.801
1141.894 592.806
1142.207 723.811
1142.520 664.816
1142.833 754.821
1143.146 638.826
1143.459 520.831
1143.772 567.836
1144.085 641.842
1144.398 580.847
1144.711 584.852
1145.024 571.857
1145.337 589.862
1145.650 679.867
1145.962 613.871
1146.275 610.876
1146.588 487.881
1146.901 674.886
1147.214 681.891
1147.527 576.896
1147.840 618.901
1148.153 598.906
1148.466 628.911
1148.779 619.916
1149.092 716.921
1149.405 599.926
1149.718 613.931
1150.030 685.936
1150.343 639.941
1150.656 582.946
1150.969 591.951
1151.282 774.956
1151.595 708.961
1151.908 620.966
1152.221 430.970
1152.534 425.975
1152.847 711.980
1153.160 632.985
1153.473 656.990
1153.785 759.995
1154.098 683.000
1154.411 758.005
1154.724 715.010
1155.037 750.014
1155.350 614.019
1155.663 692.024
1155.976 622.029
1156.289 698.034
1156.602 550.039
1156.915 441.044
1157.228 503.048
1157.541 620.053
1157.853 624.058
1158.166 650.063
1158.479 710.068
1158.792 659.073
1159.105 654.077
1159.418 654.082
1159.731 608.087
1160.044 571.092
1160.357 760.097
1160.670 719.101
1160.983 490.106
1161.296 588.111
1161.609 746.116
1161.921 666.121
1162.234 596.125
1162.547 476.130
1162.860 537.135
1163.173 559.140
1163.486 652.144
1163.799 692.149
1164.112 625.154
1164.425 554.159
1164.738 541.164
1165.051 501.168
1165.364 553.173
1165.676 699.178
1165.989 679.182
1166.302 582.187
1166.615 707.192
1166.928 689.197
1167.241 703.201
1167.554 704.206
1167.867 707.211
1168.180 644.216
1168.493 562.220
1168.806 606.225
1169.119 601.230
1169.432 710.234
1169.744 702.239
1170.057 641.244
1170.370 787.248
1170.683 720.253
1170.996 619.258
1171.309 596.262
1171.622 523.267
1171.935 541.272
1172.248 746.276
1172.561 744.281
1172.874 688.286
1173.187 677.290
1173.500 656.295
1173.812 703.300
1174.125 665.304
1174.438 655.309
1174.751 577.314
1175.064 581.318
1175.377 640.323
1175.690 549.327
1176.003 538.332
1176.316 601.337
1176.629 626.341
1176.942 601.346
1177.255 562.351
1177.567 519.355
1177.880 566.360
1178.193 634.364
1178.506 597.369
1178.819 712.373
1179.132 782.378
1179.445 553.383
1179.758 706.387
1180.071 706.392
1180.384 558.396
1180.697 636.401
1181.010 735.405
1181.323 868.410
1181.635 806.415
1181.948 706.419
1182.261 576.424
1182.574 568.428
1182.887 653.433
1183.200 787.437
1183.513 767.442
1183.826 656.446
1184.139 704.451
1184.452 654.455
1184.765 557.460
1185.078 504.464
1185.391 497.469
1185.703 515.473
1186.016 455.478
1186.329 447.482
1186.642 537.487
1186.955 702.491
1187.268 588.496
1187.581 627.500
1187.894 629.505
1188.207 635.509
1188.520 614.514
1188.833 619.518
1189.146 522.523
1189.459 455.527
1189.771 500.532
1190.084 679.536
1190.397 549.541
1190.710 618.545
1191.023 716.549
1191.336 668.554
1191.649 604.558
1191.962 638.563
1192.275 527.567
1192.588 671.572
1192.901 821.576
1193.214 634.581
1193.526 594.585
1193.839 699.589
1194.152 561.594
1194.465 656.598
1194.778 597.603
1195.091 575.607
1195.404 574.611
1195.717 612.616
1196.030 661.620
1196.343 596.625
1196.656 537.629
1196.969 531.633
1197.282 638.638
1197.594 710.642
1197.907 781.646
1198.220 761.651
1198.533 596.655
1198.846 601.660
1199.159 622.664
1199.472 606.668
1199.785 682.673
1200.098 525.677
1200.411 663.681
1200.724 664.686
1201.037 613.690
1201.350 538.694
1201.662 488.699
1201.975 611.703
1202.288 649.707
1202.601 258.712
