165.028 77.769
165.288 41.377
165.547 90.988
165.807 170.602
166.067 42.219
166.327 -78.161
166.587 -42.538
166.847 22.088
167.107 72.717
167.367 135.348
167.627 165.983
167.886 103.621
168.146 108.261
168.406 284.904
168.666 224.550
168.926 145.199
169.186 164.850
169.446 88.504
169.706 -22.839
169.966 71.820
170.225 100.482
170.485 171.146
170.745 216.813
171.005 285.483
171.265 146.155
171.525 122.829
171.785 27.506
172.045 18.186
172.305 213.867
172.564 149.551
172.824 17.238
173.084 129.926
173.344 53.617
173.604 61.310
173.864 216.006
174.124 133.703
174.384 72.403
174.644 171.105
174.903 278.809
175.163 295.515
175.423 290.223
175.683 84.933
175.943 160.645
176.203 105.359
176.463 78.075
176.723 57.793
176.983 75.513
177.242 183.235
177.502 302.958
177.762 308.684
178.022 108.411
178.282 110.140
178.542 114.870
178.802 52.603
179.062 63.337
179.322 308.072
179.581 339.810
179.841 211.549
180.101 265.289
180.361 240.031
180.621 175.775
180.881 166.520
181.141 123.266
181.401 130.014
181.661 217.764
181.920 342.514
182.180 227.267
182.440 115.020
182.700 47.775
182.960 91.531
183.220 141.289
183.480 352.047
183.740 269.807
184.000 151.568
184.259 44.330
184.519 154.094
184.779 157.858
185.039 207.624
185.299 318.391
185.559 286.159
185.819 296.928
186.079 306.697
186.339 210.468
186.598 94.240
186.858 -11.987
187.118 60.786
187.378 212.561
187.638 180.336
187.898 276.113
188.158 289.890
188.418 168.668
188.678 124.446
188.937 167.226
189.197 234.006
189.457 250.787
189.717 149.569
189.977 41.351
190.237 93.134
190.497 312.917
190.757 269.701
191.017 181.486
191.276 101.271
191.536 152.057
191.796 128.844
192.056 88.631
192.316 173.418
192.576 120.206
192.836 98.994
193.096 161.783
193.356 169.572
193.616 184.361
193.875 233.151
194.135 214.941
194.395 361.732
194.655 325.522
194.915 228.313
195.175 207.105
195.435 330.896
195.695 126.688
195.955 -2.520
196.214 189.272
196.474 317.065
196.734 289.857
196.994 244.650
197.254 218.443
197.514 166.235
197.774 179.028
198.034 132.821
198.294 108.614
198.553 194.407
198.813 207.201
199.073 62.994
199.333 106.787
199.593 315.580
199.853 301.372
200.113 324.165
200.373 319.958
200.633 156.751
200.892 90.543
201.152 44.336
201.412 99.128
201.672 302.920
201.932 461.712
202.192 405.503
202.452 216.295
202.712 169.086
202.972 276.877
203.231 333.667
203.491 312.458
203.751 282.248
204.011 338.038
204.271 369.827
204.531 172.616
204.791 135.405
205.051 131.193
205.311 242.981
205.570 187.769
205.830 201.556
206.090 156.343
206.350 301.129
206.610 506.915
206.870 308.700
207.130 201.485
207.390 232.270
207.650 193.054
207.909 230.837
208.169 284.620
208.429 288.402
208.689 87.184
208.949 231.965
209.209 367.746
209.469 191.526
209.729 194.305
209.989 243.084
210.248 121.862
210.508 436.639
210.768 357.416
211.028 195.192
211.288 319.968
211.548 313.743
211.808 310.517
212.068 376.290
212.328 421.063
212.587 405.835
212.847 257.606
213.107 317.377
213.367 316.146
213.627 263.915
213.887 266.684
214.147 205.451
214.407 283.218
214.667 261.983
214.926 340.748
215.186 301.512
215.446 318.276
215.706 243.038
215.966 203.800
216.226 214.560
216.486 249.320
216.746 296.079
217.006 310.837
217.265 237.594
217.525 153.350
217.785 225.106
218.045 288.860
218.305 250.614
218.565 276.366
218.825 277.118
219.085 338.868
219.345 225.618
219.604 185.366
219.864 291.114
220.124 343.861
220.384 296.606
220.644 231.351
220.904 168.095
221.164 254.837
221.424 232.579
221.684 166.319
221.943 231.059
222.203 395.797
222.463 276.535
222.723 127.271
222.983 280.006
223.243 266.741
223.503 263.474
223.763 193.206
224.023 185.937
224.282 319.667
224.542 334.395
224.802 288.123
225.062 336.849
225.322 488.575
225.582 350.299
225.842 272.022
226.102 332.744
226.362 315.465
226.621 369.185
226.881 261.903
227.141 313.621
227.401 368.337
227.661 295.052
227.921 419.766
228.181 356.478
228.441 259.190
228.701 410.900
228.960 456.609
229.220 290.317
229.480 234.024
229.740 341.729
230.000 390.434
230.260 240.137
230.520 244.839
230.780 266.539
231.040 255.239
231.299 206.937
231.559 283.634
231.819 341.330
232.079 363.024
232.339 315.717
232.599 144.409
232.859 299.100
233.119 421.790
233.379 228.478
233.638 273.165
233.898 390.851
234.158 364.535
234.418 252.218
234.678 329.900
234.938 376.581
235.198 214.260
235.458 230.938
235.718 327.615
235.978 295.290
236.237 272.965
236.497 311.638
236.757 379.309
237.017 373.980
237.277 336.649
237.537 284.316
237.797 215.983
238.057 319.648
238.317 296.312
238.576 212.974
238.836 317.635
239.096 393.295
239.356 313.954
239.616 240.611
239.876 277.267
240.136 284.922
240.396 410.575
240.656 484.227
240.915 412.878
241.175 339.527
241.435 242.175
241.695 321.822
241.955 479.467
242.215 493.111
242.475 402.754
242.735 282.395
242.995 327.035
243.254 342.674
243.514 271.311
243.774 132.947
244.034 244.582
244.294 535.215
244.554 446.847
244.814 377.478
245.074 327.107
245.334 352.735
245.593 284.362
245.853 336.987
246.113 234.611
246.373 343.234
246.633 412.855
246.893 281.475
247.153 286.094
247.413 410.711
247.673 378.327
247.932 361.942
248.192 407.555
248.452 460.167
248.712 412.777
248.972 268.387
249.232 509.994
249.492 362.601
249.752 121.206
250.012 319.810
250.271 330.413
250.531 372.014
250.791 530.614
251.051 520.212
251.311 417.809
251.571 253.405
251.831 327.999
252.091 386.592
252.351 322.184
252.610 295.775
252.870 366.364
253.130 316.952
253.390 380.538
253.650 445.123
253.911 423.707
254.172 416.289
254.433 340.870
254.694 341.450
254.955 394.028
255.216 293.606
255.477 447.181
255.738 428.756
255.999 318.329
256.261 497.901
256.522 443.471
256.783 409.040
257.044 254.608
257.305 177.174
257.566 174.739
257.827 163.303
258.088 300.866
258.349 314.427
258.610 356.987
258.871 403.545
259.132 439.102
259.393 334.658
259.654 287.213
259.915 219.766
260.176 286.318
260.437 401.869
260.698 380.418
260.959 326.966
261.221 386.513
261.482 474.058
261.743 439.602
262.004 365.145
262.265 557.687
262.526 476.227
262.787 287.766
263.048 289.303
263.309 332.840
263.570 431.375
263.831 375.909
264.092 339.441
264.353 222.972
264.614 512.502
264.875 472.031
265.136 330.558
265.397 537.084
265.658 629.609
265.919 647.132
266.181 541.654
266.442 361.175
266.703 317.695
266.964 310.213
267.225 291.730
267.486 373.246
267.747 455.761
268.008 504.274
268.269 591.786
268.530 512.297
268.791 413.807
269.052 443.315
269.313 374.822
269.574 362.328
269.835 410.832
270.096 404.336
270.357 458.838
270.618 432.338
270.879 380.838
271.141 394.336
271.402 387.833
271.663 302.329
271.924 374.824
272.185 428.317
272.446 387.809
272.707 374.300
272.968 374.790
273.229 434.278
273.490 424.766
273.751 381.252
274.012 383.736
274.273 446.220
274.534 417.703
274.795 481.184
275.056 513.664
275.317 346.142
275.578 209.620
275.839 319.096
276.101 317.572
276.362 256.046
276.623 363.518
276.884 492.990
277.145 460.460
277.406 438.930
277.667 331.398
277.928 321.864
278.189 510.330
278.450 496.795
278.711 410.258
278.972 400.720
279.233 333.181
279.494 438.641
279.755 552.099
280.016 558.557
280.277 438.013
280.538 458.468
280.799 372.922
281.061 410.375
281.322 361.827
281.583 347.277
281.844 296.727
282.105 341.175
282.366 406.622
282.627 394.068
282.888 490.513
283.149 488.957
283.410 431.399
283.671 464.841
283.932 407.281
284.193 246.720
284.454 326.158
284.715 406.595
284.976 390.031
285.237 454.466
285.498 654.899
285.759 583.332
286.021 544.763
286.282 487.193
286.543 501.623
286.804 447.051
287.065 489.478
287.326 497.903
287.587 346.328
287.848 466.752
288.109 547.174
288.370 443.596
288.631 315.016
288.892 331.436
289.153 338.854
289.414 286.271
289.675 505.687
289.936 602.102
290.197 599.516
290.458 484.929
290.719 369.341
290.981 560.752
291.242 645.161
291.503 625.570
291.764 456.978
292.025 242.384
292.286 303.790
292.547 464.194
292.808 444.598
293.069 494.000
293.330 478.401
293.591 481.802
293.852 460.201
294.113 402.599
294.374 381.996
294.635 443.392
294.896 495.788
295.157 522.182
295.418 529.575
295.679 580.967
295.941 556.358
296.202 541.748
296.463 492.137
296.724 503.525
296.985 547.912
297.246 516.298
297.507 385.683
297.768 378.067
298.029 511.450
298.290 675.832
298.551 676.214
298.812 680.594
299.073 515.973
299.334 398.351
299.595 463.728
299.856 536.104
300.117 656.479
300.378 558.854
300.639 344.227
300.901 387.599
301.162 508.970
301.423 564.341
301.684 647.710
301.945 677.079
302.206 437.446
302.467 435.813
302.728 389.178
302.989 441.543
303.250 536.906
303.511 607.269
303.772 587.631
304.033 508.992
304.294 503.352
304.555 469.711
304.816 539.069
305.077 569.426
305.338 462.782
305.599 462.137
305.861 522.492
306.122 528.845
306.383 493.198
306.644 434.549
306.905 316.900
307.166 537.250
307.427 524.599
307.688 493.947
307.949 473.294
308.210 495.640
308.471 518.985
308.732 468.330
308.993 366.673
309.254 425.016
309.515 326.357
309.776 429.698
310.037 412.038
310.298 268.377
310.559 339.716
310.821 516.053
311.082 499.389
311.343 345.725
311.604 310.060
311.865 289.393
312.126 349.726
312.387 434.058
312.648 405.390
312.909 420.720
313.170 483.050
313.434 502.378
313.698 450.706
313.963 504.033
314.227 408.359
314.491 404.685
314.755 476.009
315.019 473.333
315.284 320.655
315.548 483.977
315.812 516.299
316.076 614.619
316.340 576.938
316.604 511.257
316.869 547.575
317.133 516.892
317.397 604.208
317.661 620.523
317.925 496.838
318.190 509.152
318.454 502.464
318.718 429.777
318.982 532.088
319.246 587.398
319.511 677.708
319.775 500.017
320.039 444.325
320.303 461.632
320.567 606.939
320.832 561.245
321.096 425.550
321.360 466.854
321.624 479.157
321.888 370.460
322.153 363.762
322.417 322.063
322.681 294.363
322.945 477.662
323.209 500.961
323.473 437.259
323.738 463.556
324.002 456.853
324.266 579.148
324.530 580.443
324.794 473.738
325.059 386.031
325.323 351.324
325.587 436.615
325.851 454.907
326.115 599.197
326.380 519.487
326.644 458.776
326.908 524.064
327.172 481.351
327.436 522.638
327.701 505.924
327.965 448.209
328.229 495.494
328.493 392.777
328.757 386.060
329.022 533.343
329.286 426.624
329.550 378.905
329.814 427.185
330.078 475.465
330.342 431.744
330.607 509.022
330.871 575.299
331.135 616.576
331.399 609.852
331.663 493.127
331.928 425.401
332.192 513.675
332.456 528.948
332.720 549.221
332.984 471.492
333.249 465.763
333.513 458.034
333.777 394.303
334.041 401.572
334.305 502.841
334.570 524.108
334.834 389.375
335.098 590.641
335.362 630.907
335.626 533.172
335.891 454.436
336.155 478.700
336.419 435.962
336.683 282.225
336.947 424.486
337.211 466.747
337.476 335.007
337.740 429.267
338.004 475.526
338.268 460.784
338.532 504.042
338.797 530.299
339.061 573.555
339.325 612.811
339.589 685.066
339.853 569.320
340.118 417.574
340.382 525.827
340.646 634.079
340.910 440.331
341.174 463.582
341.439 406.833
341.703 445.083
341.967 487.332
342.231 478.580
342.495 435.829
342.759 570.076
343.024 532.323
343.288 628.569
343.552 554.814
343.816 320.059
344.080 410.304
344.345 535.547
344.609 367.790
344.873 276.033
345.137 434.275
345.401 489.516
345.666 329.757
345.930 516.997
346.194 579.236
346.458 413.475
346.722 388.713
346.987 415.951
347.251 520.188
347.515 616.424
347.779 458.660
348.043 410.896
348.308 435.130
348.572 346.364
348.836 341.598
349.100 337.831
349.364 297.063
349.628 357.295
349.893 375.526
350.157 515.757
350.421 514.987
350.685 517.217
350.949 463.446
351.214 351.674
351.478 431.902
351.742 445.129
352.006 442.356
352.270 430.582
352.535 388.807
352.799 460.032
353.063 555.257
353.327 430.480
353.591 349.704
353.856 511.927
354.120 545.149
354.384 565.370
354.648 654.592
354.912 544.812
355.177 455.032
355.441 455.252
355.705 646.471
355.969 653.689
356.233 518.907
356.497 532.124
356.762 535.341
357.026 474.557
357.290 454.773
357.554 469.988
357.818 501.203
358.083 469.417
358.347 438.630
358.611 475.843
358.875 533.056
359.139 510.268
359.404 423.480
359.668 483.691
359.932 629.901
360.196 612.111
360.460 503.320
360.725 549.529
360.989 622.738
361.253 687.946
361.517 659.153
361.781 584.360
362.046 564.566
362.310 631.772
362.574 586.978
362.838 463.183
363.102 520.387
363.366 515.591
363.631 398.794
363.895 441.997
364.159 571.200
364.423 544.402
364.687 573.603
364.952 595.804
365.216 594.004
365.480 511.204
365.747 432.404
366.013 487.603
366.280 512.801
366.546 583.999
366.813 514.197
367.079 532.394
367.346 604.590
367.612 580.787
367.879 543.982
368.145 598.177
368.412 497.372
368.678 439.566
368.945 562.760
369.211 493.953
369.478 483.146
369.744 457.339
370.011 473.530
370.278 491.722
370.544 462.913
370.811 515.103
371.077 496.293
371.344 468.483
371.610 506.672
371.877 505.861
372.143 565.049
372.410 607.237
372.676 669.424
372.943 625.611
373.209 555.798
373.476 485.983
373.742 426.169
374.009 519.354
374.276 509.539
374.542 506.723
374.809 461.907
375.075 291.090
375.342 253.273
375.608 306.455
375.875 382.638
376.141 586.819
376.408 555.000
376.674 496.181
376.941 411.361
377.207 471.541
377.474 922.721
377.740 749.900
378.007 451.078
378.273 557.256
378.540 627.434
378.807 484.611
379.073 389.788
379.340 384.965
379.606 436.141
379.873 427.317
380.139 522.492
380.406 580.667
380.672 539.841
380.939 446.015
381.205 420.189
381.472 341.362
381.738 317.535
382.005 467.707
382.271 519.879
382.538 554.050
382.804 689.222
383.071 601.392
383.338 558.563
383.604 568.733
383.871 648.902
384.137 657.071
384.404 570.240
384.670 533.408
384.937 465.576
385.203 525.744
385.470 524.911
385.736 557.078
386.003 585.244
386.269 522.410
386.536 420.576
386.802 430.741
387.069 529.906
387.336 729.070
387.602 662.234
387.869 419.398
388.135 373.561
388.402 327.724
388.668 477.887
388.935 598.049
389.201 669.211
389.468 622.372
389.734 641.533
390.001 628.694
390.267 511.854
390.534 557.014
390.800 542.174
391.067 651.333
391.333 656.492
391.600 505.650
391.867 558.808
392.133 538.966
392.400 467.123
392.666 364.280
392.933 543.437
393.199 654.593
393.466 558.749
393.732 509.904
393.999 607.060
394.265 588.214
394.532 514.369
394.798 602.523
395.065 522.677
395.331 581.830
395.598 591.983
395.864 577.136
396.131 678.288
396.398 766.440
396.664 871.592
396.931 939.743
397.197 1071.894
397.464 1097.045
397.730 1412.195
397.997 1593.345
398.263 1657.494
398.530 1805.644
398.796 2034.792
399.063 2132.941
399.329 2168.089
399.596 2334.237
399.862 2320.385
400.129 2502.532
400.396 2564.679
400.662 2371.825
400.929 2354.971
401.195 2446.117
401.462 2593.263
401.728 2624.408
401.995 2585.553
402.261 2568.697
402.528 2610.842
402.794 2656.986
403.061 2804.129
403.327 3014.272
403.594 2946.415
403.860 2886.558
404.127 2751.700
404.393 2850.842
404.660 2883.984
404.931 2874.125
405.202 2817.266
405.473 2686.407
405.745 2865.547
406.016 3102.687
406.287 2976.827
406.558 2901.966
406.829 3035.105
407.100 2954.244
407.371 3110.383
407.642 3156.521
407.914 3031.659
408.185 2978.796
408.456 2996.933
408.727 3157.070
408.998 3204.207
409.269 3402.343
409.540 3496.479
409.811 3128.615
410.083 3084.750
410.354 2979.885
410.625 2852.020
410.896 3012.155
411.167 3122.289
411.438 2993.423
411.709 2733.556
411.981 2801.690
412.252 2582.823
412.523 2371.955
412.794 2448.088
413.065 2359.220
413.336 2092.352
413.607 2134.483
413.878 2080.615
414.150 1937.745
414.421 1706.876
414.692 1576.007
414.963 1476.137
415.234 1581.266
415.505 1486.396
415.776 1467.525
416.047 1441.654
416.319 1328.783
416.590 1067.911
416.861 875.039
417.132 1047.167
417.403 955.294
417.674 847.422
417.945 725.549
418.217 692.675
418.488 807.802
418.759 658.928
419.030 564.054
419.301 620.179
419.572 661.305
419.843 670.430
420.114 581.554
420.386 567.679
420.657 719.803
420.928 628.927
421.199 569.051
421.470 537.174
421.741 458.297
422.012 514.420
422.283 532.543
422.555 516.665
422.826 626.787
423.097 720.909
423.368 638.030
423.639 493.151
423.910 569.272
424.181 540.393
424.453 484.514
424.724 773.634
424.995 797.754
425.266 570.874
425.537 477.993
425.808 628.112
426.079 665.231
426.350 641.350
426.622 639.468
426.893 730.586
427.164 613.704
427.435 538.822
427.706 558.939
427.977 599.056
428.248 559.173
428.519 609.290
428.791 561.406
429.062 688.522
429.333 588.638
429.604 546.754
429.875 694.869
430.146 740.984
430.417 688.099
430.689 565.214
430.960 481.328
431.231 567.442
431.502 796.556
431.773 802.670
432.044 641.783
432.315 802.896
432.586 734.009
432.858 690.122
433.129 534.234
433.400 588.346
433.671 672.458
433.942 597.570
434.213 505.682
434.484 546.793
434.755 610.904
435.027 482.015
435.298 564.125
435.569 618.235
435.840 486.345
436.116 526.455
436.391 586.565
436.667 575.674
436.942 661.783
437.218 716.892
437.493 727.001
437.769 761.109
438.045 653.218
438.320 565.326
438.596 614.433
438.871 569.541
439.147 549.648
439.422 506.755
439.698 420.862
439.974 482.969
440.249 620.075
440.525 644.181
440.800 393.287
441.076 504.393
441.351 679.499
441.627 682.604
441.903 613.709
442.178 510.814
442.454 495.918
442.729 731.023
443.005 621.127
443.281 690.231
443.556 769.335
443.832 617.438
444.107 517.542
444.383 544.645
444.658 541.748
444.934 416.850
445.210 616.953
445.485 705.055
445.761 734.157
446.036 643.259
446.312 688.360
446.587 703.462
446.863 488.563
447.139 517.664
447.414 608.765
447.690 712.865
447.965 725.966
448.241 636.066
448.516 656.166
448.792 624.265
449.068 548.365
449.343 627.464
449.619 572.563
449.894 605.662
450.170 588.761
450.445 696.859
450.721 778.958
450.997 548.056
451.272 607.154
451.548 578.251
451.823 550.349
452.099 651.446
452.375 534.543
452.650 511.640
452.926 641.737
453.201 637.833
453.477 841.930
453.752 801.026
454.028 650.122
454.304 715.217
454.579 771.313
454.855 745.408
455.130 694.503
455.406 824.598
455.681 796.693
455.957 657.787
456.233 623.882
456.508 642.976
456.784 668.070
457.059 652.164
457.335 768.257
457.610 665.351
457.886 647.444
458.162 561.537
458.437 541.630
458.713 676.722
458.988 715.815
459.264 704.907
459.539 660.999
459.815 605.091
460.091 555.182
460.366 537.274
460.642 479.365
460.917 587.456
461.193 639.547
461.468 538.638
461.744 501.729
462.020 487.819
462.295 590.909
462.571 529.999
462.846 590.089
463.122 698.179
463.397 762.268
463.673 617.740
463.949 579.867
464.224 579.956
464.500 606.019
464.775 550.713
465.051 561.678
465.327 650.240
465.602 779.419
465.878 830.236
466.153 709.734
466.429 950.291
466.704 1214.899
466.980 1162.416
467.256 1131.503
467.531 1209.799
467.807 1227.130
468.082 1203.169
468.358 1197.046
468.633 1308.168
468.909 1165.684
469.185 1099.605
469.460 1271.823
469.736 1352.747
470.011 1184.656
470.287 1225.803
470.562 1313.038
470.838 1115.659
471.114 1220.912
471.389 1182.613
471.665 1128.283
471.940 1194.287
472.216 1144.777
472.491 1062.942
472.767 1026.579
473.043 1079.402
473.318 1171.779
473.594 1041.115
473.869 942.563
474.145 834.814
474.421 820.656
474.696 808.533
474.972 717.790
475.247 765.497
475.523 794.332
475.798 744.257
476.074 720.161
476.350 656.089
476.625 657.860
476.901 727.260
477.176 709.290
477.452 594.714
477.727 586.658
478.003 471.306
478.279 657.363
478.554 728.583
478.830 691.766
479.105 732.067
479.381 724.306
479.656 621.952
479.932 643.692
480.208 715.996
480.483 759.841
480.759 716.443
481.034 641.051
481.310 676.484
481.585 695.361
481.861 701.488
482.137 602.170
482.412 660.999
482.688 644.689
482.963 717.340
483.239 741.749
483.514 520.384
483.790 602.421
484.066 819.678
484.341 650.274
484.617 588.885
484.892 707.193
485.168 680.403
485.443 527.715
485.719 603.338
485.995 721.264
486.270 679.990
486.546 588.710
486.821 530.427
487.097 500.826
487.373 589.164
487.648 740.638
487.924 683.936
488.199 464.281
488.475 317.989
488.750 356.654
489.026 528.815
489.302 512.205
489.577 482.363
489.853 543.668
490.128 684.778
490.404 608.838
490.679 460.182
490.955 674.858
491.231 754.109
491.506 699.145
491.782 591.185
492.057 582.850
492.333 631.845
492.608 597.670
492.884 587.956
493.160 435.385
493.435 491.211
493.711 638.341
493.986 600.568
494.262 562.992
494.537 556.200
494.813 588.219
495.089 471.971
495.364 525.086
495.640 615.530
495.915 603.812
496.191 740.897
496.467 663.864
496.742 596.939
497.018 642.609
497.293 605.167
497.569 658.206
497.844 627.895
498.120 658.658
498.396 626.304
498.671 589.259
498.947 674.730
499.222 638.691
499.498 610.540
499.773 742.947
500.049 785.375
500.325 695.409
500.600 789.869
500.876 802.740
501.151 895.693
501.427 917.745
501.702 1023.259
501.978 1044.433
502.254 1078.831
502.529 947.029
502.805 1142.412
503.080 1315.002
503.356 1144.854
503.631 1154.159
503.907 1215.268
504.183 1184.972
504.458 1225.525
504.734 1162.675
505.009 1244.644
505.285 1230.789
505.560 1265.001
505.836 1241.045
506.112 1286.659
506.387 1181.463
506.663 1081.245
506.938 1169.279
507.214 1065.200
507.490 1078.332
507.765 1058.137
508.041 1099.576
508.316 1114.778
508.592 968.590
508.867 957.621
509.143 1036.121
509.419 958.799
509.694 811.505
509.970 786.494
510.245 643.843
510.521 733.264
510.796 743.584
511.072 640.751
511.348 637.543
511.623 661.535
511.899 678.513
512.174 758.339
512.450 786.420
512.725 723.983
513.001 585.568
513.277 546.437
513.552 708.463
513.828 658.804
514.103 648.365
514.379 730.920
514.654 597.653
514.930 648.603
515.206 999.353
515.481 884.595
515.757 659.613
516.032 591.514
516.308 732.997
516.583 767.464
516.859 697.870
517.135 750.510
517.410 842.406
517.686 847.325
517.961 781.301
518.237 792.454
518.513 750.320
518.788 972.091
519.064 1068.728
519.339 966.438
519.615 878.691
519.890 926.118
520.166 1045.708
520.442 1198.754
520.717 1271.959
520.993 1282.876
521.268 1102.681
521.544 1150.862
521.819 1173.684
522.095 1233.076
522.371 1346.044
522.646 1422.803
522.922 1499.083
523.197 1441.669
523.473 1599.198
523.748 1538.010
524.024 1427.062
524.300 1381.185
524.575 1347.748
524.851 1467.422
525.126 1472.767
525.402 1495.285
525.677 1589.120
525.953 1483.450
526.229 1402.244
526.504 1386.416
526.780 1573.483
527.055 1535.809
527.331 1543.520
527.606 1563.253
527.882 1513.965
528.158 1501.102
528.433 1657.589
528.709 1498.335
528.984 1477.277
529.260 1491.711
529.535 1543.166
529.811 1306.909
530.087 1188.209
530.362 1276.114
530.638 1418.347
530.913 1516.604
531.189 1416.771
531.465 1356.980
531.740 1348.683
532.016 1358.746
532.291 1321.082
532.567 1288.813
532.842 1314.060
533.118 1198.997
533.394 1196.331
533.669 1076.145
533.945 969.195
534.220 1003.295
534.496 1099.749
534.771 993.662
535.047 997.612
535.323 963.483
535.598 944.060
535.874 1056.363
536.149 991.956
536.425 804.134
536.700 780.704
536.976 899.935
537.252 1110.881
537.527 1019.687
537.803 1089.485
538.078 1297.099
538.354 1467.260
538.629 1494.347
538.905 1556.408
539.181 1747.893
539.456 1804.159
539.732 2034.028
540.007 2112.067
540.283 2057.882
540.558 2056.890
540.834 2150.032
541.110 2270.035
541.385 2338.404
541.661 2480.040
541.936 2568.774
542.212 2531.165
542.488 2618.432
542.763 2741.378
543.039 2787.800
543.314 2832.495
543.590 2818.477
543.865 2860.237
544.141 2772.900
544.417 2735.216
544.692 2658.802
544.968 2783.977
545.243 2658.565
545.519 2518.936
545.794 2580.139
546.070 2615.975
546.348 2450.469
546.627 2241.325
546.905 2342.113
547.183 2299.776
547.461 2385.229
547.740 2444.862
548.018 2346.945
548.296 2265.220
548.575 2130.216
548.853 2106.433
549.131 2224.655
549.409 2364.363
549.688 2457.667
549.966 2467.637
550.244 2620.464
550.523 2630.801
550.801 2751.017
551.079 2853.192
551.357 2998.642
551.636 2991.775
551.914 3045.094
552.192 3010.626
552.471 3104.466
552.749 3224.506
553.027 3285.357
553.306 3350.021
553.584 3515.261
553.862 3573.742
554.140 3747.660
554.419 3778.811
554.697 4020.778
554.975 4213.565
555.254 4274.009
555.532 4166.367
555.810 4247.228
556.088 4391.876
556.367 4272.156
556.645 4127.969
556.923 4076.459
557.202 4024.925
557.480 4097.763
557.758 3882.389
558.036 3783.503
558.315 3745.245
558.593 3784.014
558.871 3604.001
559.150 3447.324
559.428 3360.065
559.706 3202.971
559.984 3105.330
560.263 3186.277
560.541 3029.082
560.819 2773.856
561.098 2742.605
561.376 2573.419
561.654 2221.541
561.932 1895.523
562.211 1862.147
562.489 1849.704
562.767 1633.002
563.046 1346.430
563.324 1226.180
563.602 1302.331
563.880 1146.614
564.159 1176.409
564.437 1209.840
564.715 1015.268
564.994 895.350
565.272 982.726
565.550 888.826
565.828 725.616
566.107 829.470
566.385 812.855
566.663 659.527
566.942 695.747
567.220 748.624
567.498 852.271
567.776 745.584
568.055 656.204
568.333 719.708
568.611 752.930
568.890 649.890
569.168 598.099
569.446 693.406
569.725 686.685
570.003 499.288
570.281 505.617
570.559 620.746
570.838 657.208
571.116 737.345
571.394 706.380
571.673 757.544
571.951 755.409
572.229 655.452
572.507 643.497
572.786 654.866
573.064 637.046
573.342 653.641
573.621 591.544
573.899 621.830
574.177 809.980
574.455 795.173
574.734 645.309
575.012 667.855
575.290 639.169
575.569 662.386
575.847 768.083
576.125 755.368
576.403 589.157
576.682 651.725
576.960 686.549
577.243 764.655
577.527 628.505
577.810 484.704
578.093 524.671
578.377 579.110
578.660 583.104
578.944 586.110
579.227 579.391
579.510 644.427
579.794 632.211
580.077 575.134
580.360 609.476
580.644 585.297
580.927 524.290
581.210 570.056
581.494 528.405
581.777 604.537
582.061 540.439
582.344 510.112
582.627 514.141
582.911 572.008
583.194 540.684
583.477 639.527
583.761 660.526
584.044 747.393
584.327 710.218
584.611 609.360
584.894 628.382
585.178 574.476
585.461 524.567
585.744 644.487
586.028 591.172
586.311 604.212
586.594 671.252
586.878 605.293
587.161 571.333
587.444 626.373
587.728 625.413
588.011 679.453
588.295 577.492
588.578 601.930
588.861 746.825
589.145 668.612
589.428 598.249
589.711 516.691
589.995 543.187
590.278 698.072
590.562 627.809
590.845 592.256
591.128 786.315
591.412 663.599
591.695 552.413
591.978 738.528
592.262 698.345
592.545 501.578
592.828 682.756
593.112 589.392
593.395 503.688
593.679 517.169
593.962 626.769
594.245 645.089
594.529 551.595
594.812 441.741
595.095 442.219
595.379 680.704
595.662 710.245
595.945 593.391
596.229 465.856
596.512 482.793
596.796 581.426
597.079 653.165
597.362 812.609
597.646 786.125
597.929 632.849
598.212 624.356
598.496 673.800
598.779 753.133
599.062 780.810
599.346 590.324
599.629 561.179
599.913 639.481
600.196 655.281
600.479 634.988
600.763 634.665
601.046 540.041
601.329 611.475
601.613 659.091
601.896 637.495
602.179 670.304
602.463 618.278
602.746 704.758
603.030 776.503
603.313 740.448
603.596 566.784
603.880 654.500
604.163 661.398
604.446 571.658
604.730 505.092
605.013 584.868
605.296 719.659
605.580 678.558
605.863 720.709
606.147 629.657
606.430 626.754
606.713 739.679
606.997 652.290
607.280 811.178
607.563 749.569
607.847 639.390
608.130 667.122
608.414 743.803
608.697 723.290
608.980 684.856
609.264 752.229
609.547 651.625
609.830 675.166
610.114 714.378
610.397 706.577
610.680 671.673
610.964 700.476
611.247 749.530
611.531 656.090
611.814 574.672
612.097 637.513
612.381 759.471
612.664 900.584
612.947 736.732
613.231 647.463
613.514 664.832
613.797 788.638
614.081 819.124
614.364 781.830
614.648 716.048
614.931 621.780
615.214 595.291
615.498 685.389
615.781 708.735
616.064 689.084
616.348 822.975
616.631 828.746
616.914 912.609
617.198 803.197
617.481 697.812
617.765 730.092
618.048 796.986
618.331 746.674
618.615 710.884
618.898 884.830
619.181 912.531
619.465 854.120
619.748 699.850
620.031 642.161
620.315 625.982
620.598 701.041
620.882 798.096
621.165 962.938
621.448 872.514
621.732 756.002
622.015 656.532
622.298 665.851
622.582 732.416
622.865 713.201
623.148 605.342
623.432 712.693
623.715 680.694
623.999 811.480
624.282 768.151
624.565 804.941
624.849 648.032
625.132 560.661
625.415 876.218
625.699 951.807
625.982 778.278
626.265 645.405
626.549 620.544
626.832 779.162
627.116 808.488
627.399 636.803
627.682 652.689
627.966 653.071
628.249 619.247
628.532 542.275
628.816 759.875
629.099 708.043
629.383 633.292
629.666 599.092
629.949 618.250
630.233 578.285
630.516 639.035
630.799 725.833
631.083 618.194
631.366 577.639
631.649 495.992
631.933 452.442
632.216 646.805
632.500 663.103
632.783 644.697
633.066 612.470
633.350 648.406
633.633 729.856
633.916 648.233
634.200 607.089
634.483 633.357
634.766 676.462
635.050 646.939
635.333 482.700
635.617 528.346
635.900 671.449
636.183 680.615
636.467 600.605
636.750 661.765
637.033 747.643
637.317 712.636
637.600 666.882
637.883 664.407
638.167 643.174
638.450 671.961
638.734 640.154
639.017 656.100
639.300 673.918
639.584 641.511
639.867 866.983
640.150 812.755
640.434 793.139
640.717 783.080
641.000 745.725
641.284 840.145
641.567 754.897
641.851 756.316
642.134 875.626
642.417 804.743
642.701 909.358
642.984 964.611
643.267 896.221
643.551 769.844
643.834 735.916
644.117 812.970
644.401 732.223
644.684 794.106
644.968 971.212
645.251 904.662
645.534 773.357
645.818 816.537
646.101 973.199
646.384 1056.795
646.668 1101.893
646.951 989.244
647.235 1023.096
647.518 1069.176
647.801 1228.977
648.085 1418.461
648.368 1429.220
648.651 1318.344
648.935 1514.828
649.218 1738.960
649.501 1734.971
649.785 1765.380
650.068 2064.021
650.352 2189.698
650.635 2220.150
650.918 2228.900
651.202 2442.102
651.485 2647.677
651.768 2698.700
652.052 2678.800
652.335 2825.300
652.618 2961.871
652.902 3164.247
653.185 3454.975
653.469 3487.647
653.752 3494.898
654.035 3656.561
654.319 3867.983
654.602 3890.932
654.885 3948.476
655.169 4074.037
655.452 4084.053
655.735 4208.919
656.019 4371.113
656.302 4267.145
656.586 4287.646
656.869 4429.536
657.152 4370.305
657.436 4174.464
657.719 4294.385
658.002 4309.431
658.286 4176.438
658.569 3943.973
658.852 3888.276
659.136 3998.737
659.419 3951.049
659.703 3900.315
659.986 3968.363
660.269 3903.220
660.553 3686.882
660.836 3701.138
661.119 3910.515
661.403 4097.733
661.686 4007.121
661.969 3853.537
662.253 3857.779
662.536 3930.977
662.820 4152.239
663.103 4134.011
663.386 4158.379
663.670 4210.130
663.953 4070.056
664.236 4083.325
664.520 3858.428
664.803 3827.046
665.086 3811.054
665.370 4003.392
665.653 4165.526
665.937 4112.982
666.220 3943.638
666.503 3919.324
666.787 3844.300
667.070 3602.140
667.353 3417.207
667.637 3081.702
667.920 2937.712
668.204 2484.853
668.487 2155.276
668.770 2112.691
669.054 1810.274
669.337 1564.439
669.620 1468.645
669.904 1341.921
670.187 1314.773
670.470 1270.223
670.754 1173.310
671.037 1025.429
671.321 958.014
671.604 1027.527
671.887 1008.134
672.171 937.536
672.454 921.266
672.737 936.500
673.021 890.307
673.304 919.994
673.587 1087.372
673.871 1072.145
674.154 1040.196
674.438 1033.069
674.721 1077.288
675.004 1110.316
675.288 1134.004
675.571 1172.273
675.854 1153.761
676.138 1145.698
676.421 1181.994
676.704 1089.233
676.988 1110.839
677.271 1250.442
677.555 1155.587
677.838 990.152
678.121 975.725
678.405 903.237
678.688 938.460
678.971 736.075
679.255 887.553
679.538 1016.210
679.821 1007.936
680.105 854.284
680.388 755.659
680.672 741.917
680.955 784.562
681.238 769.796
681.522 699.374
681.805 786.051
682.088 910.257
682.372 887.248
682.655 821.394
682.938 927.891
683.222 866.330
683.505 766.947
683.789 833.848
684.072 792.076
684.355 796.494
684.639 818.439
684.922 749.571
685.205 748.552
685.489 883.233
685.772 880.001
686.056 850.612
686.339 828.670
686.622 676.652
686.906 644.318
687.189 770.648
687.472 934.556
687.756 774.065
688.039 644.417
688.322 589.118
688.606 857.410
688.889 816.725
689.173 699.839
689.456 856.440
689.739 842.895
690.023 757.577
690.306 769.072
690.589 693.295
690.873 832.036
691.156 859.116
691.439 776.934
691.723 736.376
692.006 793.417
692.290 785.555
692.573 870.952
692.856 948.964
693.140 924.117
693.423 846.580
693.706 757.326
693.990 770.261
694.273 746.762
694.556 931.773
694.840 1004.045
695.123 905.924
695.407 915.332
695.690 772.379
695.973 810.312
696.257 896.010
696.540 1070.008
696.830 1000.073
697.120 956.931
697.410 985.746
697.699 903.732
697.989 1048.321
698.279 893.522
698.569 795.294
698.859 930.563
699.149 1004.347
699.439 913.457
699.729 879.894
700.018 860.530
700.308 943.263
700.598 840.330
700.888 811.368
701.178 988.232
701.468 902.059
701.758 797.824
702.048 891.389
702.337 827.601
702.627 983.370
702.917 942.020
703.207 847.496
703.497 867.792
703.787 740.309
704.077 754.154
704.366 821.939
704.656 698.770
704.946 665.695
705.236 644.073
705.526 749.240
705.816 833.095
706.106 601.977
706.396 648.211
706.685 660.205
706.975 543.046
707.265 503.339
707.555 718.859
707.845 666.910
708.135 544.038
708.425 471.300
708.715 502.450
709.004 721.343
709.294 677.886
709.584 651.915
709.874 689.411
710.164 637.164
710.454 552.476
710.744 532.208
711.034 623.421
711.323 675.364
711.613 614.361
711.903 744.555
712.193 788.823
712.483 654.134
712.773 640.389
713.063 591.067
713.352 625.189
713.642 607.369
713.932 756.449
714.222 748.180
714.512 613.231
714.802 563.394
715.092 619.616
715.382 574.917
715.671 577.689
715.961 620.912
716.251 562.165
716.541 605.917
716.831 685.162
717.121 573.911
717.411 668.526
717.701 736.489
717.990 647.513
718.280 550.785
718.570 523.107
718.860 531.215
719.150 569.946
719.440 528.391
719.730 549.928
720.019 768.888
720.309 664.580
720.599 586.281
720.889 541.489
721.179 604.667
721.469 641.664
721.759 608.741
722.049 667.246
722.338 568.512
722.628 519.671
722.918 619.000
723.208 709.633
723.498 569.268
723.788 594.859
724.078 730.586
724.368 661.619
724.657 589.710
724.947 679.979
725.237 730.848
725.527 743.416
725.817 681.001
726.107 628.838
726.397 525.375
726.686 452.861
726.976 558.296
727.266 653.093
727.556 557.367
727.846 695.389
728.136 755.664
728.426 601.140
728.716 508.136
729.005 635.093
729.295 565.345
729.585 450.927
729.875 483.987
730.165 549.461
730.455 645.503
730.745 640.324
731.035 598.595
731.324 692.191
731.614 621.934
731.904 530.234
732.194 657.561
732.484 608.609
732.774 599.873
733.064 591.137
733.354 470.533
733.643 495.343
733.933 560.181
734.223 529.011
734.513 650.862
734.803 704.199
735.093 584.217
735.383 538.908
735.672 610.216
735.962 675.029
736.252 521.895
736.542 594.435
736.832 567.029
737.122 405.839
737.412 528.407
737.702 659.464
737.991 613.359
738.281 563.453
738.571 578.635
738.861 628.021
739.151 597.528
739.441 705.120
739.731 606.810
740.021 589.305
740.310 662.883
740.600 708.965
740.890 531.232
741.180 558.952
741.470 622.149
741.760 679.423
742.050 806.786
742.339 691.685
742.629 587.845
742.919 734.253
743.209 556.669
743.499 509.760
743.789 524.144
744.079 611.291
744.369 697.747
744.658 612.924
744.948 420.256
745.238 565.389
745.528 628.836
745.818 731.660
746.108 624.536
746.398 585.452
746.688 598.380
746.977 809.917
747.267 636.151
747.557 661.653
747.847 748.152
748.137 699.163
748.427 627.539
748.717 527.585
749.006 407.674
749.296 545.549
749.586 601.740
749.876 720.883
750.166 637.236
750.456 569.095
750.746 612.595
751.036 541.755
751.325 685.485
751.615 652.222
751.905 666.225
752.195 671.909
752.485 598.927
752.775 623.568
753.065 573.536
753.355 755.736
753.644 755.754
753.934 647.606
754.224 635.941
754.514 793.223
754.804 521.633
755.094 418.341
755.384 523.674
755.674 615.969
755.963 671.152
756.253 685.899
756.543 711.307
756.833 718.784
757.123 663.863
757.413 621.332
757.703 523.862
757.992 495.739
758.282 647.869
758.572 636.477
758.862 533.982
759.152 575.205
759.442 559.584
759.732 634.536
760.022 775.257
760.311 636.215
760.601 486.333
760.891 656.370
761.181 662.763
761.471 616.163
761.761 539.258
762.051 515.106
762.341 657.462
762.630 734.677
762.920 569.538
763.210 574.161
763.500 658.192
763.793 571.603
764.086 595.789
764.379 587.158
764.671 679.731
764.964 560.029
765.257 564.070
765.550 645.870
765.843 487.620
766.136 606.589
766.429 582.412
766.722 560.694
767.014 482.682
767.307 389.530
767.600 459.033
767.893 445.399
768.186 431.303
768.479 526.078
768.772 684.361
769.064 658.168
769.357 585.014
769.650 552.354
769.943 706.900
770.236 622.325
770.529 505.025
770.822 564.517
771.115 655.260
771.407 765.927
771.700 750.808
771.993 755.623
772.286 669.105
772.579 683.568
772.872 575.721
773.165 499.125
773.457 607.004
773.750 660.105
774.043 575.359
774.336 596.158
774.629 695.779
774.922 639.989
775.215 560.288
775.508 585.359
775.800 540.520
776.093 695.159
776.386 685.422
776.679 553.198
776.972 617.665
777.265 803.985
777.558 850.476
777.850 707.929
778.143 653.673
778.436 651.329
778.729 623.555
779.022 661.762
779.315 548.210
779.608 492.949
779.900 552.261
780.193 585.443
780.486 547.723
780.779 569.255
781.072 528.620
781.365 586.338
781.658 562.846
781.951 477.520
782.243 587.802
782.536 693.415
782.829 682.387
783.122 689.431
783.415 655.655
783.708 639.623
784.001 669.729
784.293 681.780
784.586 720.191
784.879 782.331
785.172 686.468
785.465 568.935
785.758 571.956
786.051 565.960
786.344 670.843
786.636 832.691
786.929 660.534
787.222 588.655
787.515 574.479
787.808 589.331
788.101 539.396
788.394 733.217
788.686 859.107
788.979 775.981
789.272 728.268
789.565 695.620
789.858 552.921
790.151 504.537
790.444 495.561
790.737 480.072
791.029 478.131
791.322 638.824
791.615 597.325
791.908 623.509
792.201 676.794
792.494 612.325
792.787 638.623
793.079 748.945
793.372 678.493
793.665 704.110
793.958 623.367
794.251 601.448
794.544 747.278
794.837 832.783
795.130 699.199
795.422 636.402
795.715 604.513
796.008 619.103
796.301 658.721
796.594 596.983
796.887 681.659
797.180 710.269
797.472 538.799
797.765 438.115
798.058 536.299
798.351 561.774
798.644 508.947
798.937 491.015
799.230 581.178
799.523 922.749
799.815 803.123
800.108 564.852
800.401 528.974
800.694 638.299
800.987 564.896
801.280 600.005
801.573 692.926
801.865 713.920
802.158 584.479
802.451 557.547
802.744 553.570
803.037 584.522
803.330 581.125
803.623 686.347
803.915 672.390
804.208 524.225
804.501 616.379
804.794 626.404
805.087 575.792
805.380 473.753
805.673 510.331
805.966 602.437
806.258 558.967
806.551 614.320
806.844 653.491
807.137 685.318
807.430 541.070
807.723 514.979
808.016 723.829
808.308 749.444
808.601 626.468
808.894 578.446
809.187 609.255
809.480 657.952
809.773 597.003
810.066 644.901
810.359 687.861
810.651 625.691
810.944 439.591
811.237 466.284
811.530 629.770
811.825 571.834
812.119 504.672
812.414 450.195
812.709 561.775
813.003 624.667
813.298 588.660
813.593 628.367
813.887 579.162
814.182 866.355
814.476 788.061
814.771 758.633
815.066 672.703
815.360 525.692
815.655 522.657
815.950 584.241
816.244 654.448
816.539 742.442
816.834 693.527
817.128 663.636
817.423 665.012
817.718 872.587
818.012 715.286
818.307 413.338
818.602 503.515
818.896 627.766
819.191 607.871
819.486 629.734
819.780 718.316
820.075 827.140
820.369 841.274
820.664 672.387
820.959 679.647
821.253 686.583
821.548 641.001
821.843 731.650
822.137 746.977
822.432 692.298
822.727 637.767
823.021 592.518
823.316 758.250
823.611 777.653
823.905 591.471
824.200 542.827
824.495 705.378
824.789 722.270
825.084 704.663
825.379 637.910
825.673 647.045
825.968 661.127
826.262 603.578
826.557 703.285
826.852 713.168
827.146 662.226
827.441 639.268
827.736 725.948
828.030 690.602
828.325 494.553
828.620 675.034
828.914 795.851
829.209 651.386
829.504 805.855
829.798 803.105
830.093 662.735
830.388 575.011
830.682 524.787
830.977 655.775
831.271 707.982
831.566 571.142
831.861 595.015
832.155 622.700
832.450 671.895
832.745 712.436
833.039 645.505
833.334 597.228
833.629 701.323
833.923 579.914
834.218 529.776
834.513 530.671
834.807 507.630
835.102 437.230
835.397 486.849
835.691 483.963
835.986 499.217
836.281 512.455
836.575 523.707
836.870 530.509
837.164 517.355
837.459 526.627
837.754 603.788
838.048 566.822
838.343 519.397
838.638 559.683
838.932 612.147
839.227 575.856
839.522 633.651
839.816 614.679
840.111 547.379
840.406 554.610
840.700 713.829
840.995 825.980
841.290 845.178
841.584 716.641
841.879 806.454
842.174 734.648
842.468 638.954
842.763 504.188
843.057 598.416
843.352 641.356
843.647 622.359
843.941 581.226
844.236 684.581
844.531 756.049
844.825 706.641
845.120 742.688
845.415 818.745
845.709 677.670
846.004 704.812
846.299 633.525
846.593 800.280
846.888 728.529
847.183 618.573
847.477 595.583
847.772 681.837
848.066 703.080
848.361 655.721
848.656 643.940
848.950 637.425
849.245 796.063
849.540 678.228
849.834 755.765
850.129 795.637
850.424 732.270
850.718 723.930
851.013 813.599
851.308 707.053
851.602 661.142
851.897 730.572
852.192 872.421
852.486 739.852
852.781 652.809
853.076 791.426
853.370 759.641
853.665 861.485
853.959 818.436
854.254 651.040
854.549 870.130
854.843 748.275
855.138 651.924
855.433 733.872
855.727 867.671
856.022 783.088
856.317 734.813
856.611 717.406
856.906 601.647
857.201 651.434
857.495 827.843
857.790 835.869
858.085 712.822
858.379 679.385
858.674 587.278
858.969 553.381
859.263 669.791
859.558 608.120
859.852 570.532
860.147 676.750
860.442 777.276
860.736 573.223
861.031 720.120
861.326 758.397
861.620 616.239
861.915 744.096
862.210 795.361
862.504 624.505
862.799 717.803
863.094 746.075
863.388 646.839
863.683 651.467
863.978 583.697
864.272 562.481
864.567 635.223
864.861 688.355
865.156 566.622
865.451 503.020
865.745 647.060
866.040 716.641
866.335 753.281
866.629 802.929
866.924 619.957
867.219 591.064
867.513 732.871
867.808 625.119
868.103 563.833
868.397 647.282
868.692 731.844
868.987 641.309
869.281 537.235
869.576 673.907
869.871 721.292
870.165 578.845
870.460 500.591
870.754 551.296
871.049 497.634
871.344 590.719
871.638 635.378
871.933 569.112
872.228 662.067
872.522 626.396
872.817 698.319
873.112 919.465
873.406 712.882
873.701 788.990
873.996 732.937
874.290 607.721
874.585 605.580
874.880 694.237
875.174 636.141
875.469 617.179
875.764 663.892
876.058 622.760
876.353 496.942
876.647 444.596
876.942 515.197
877.237 617.078
877.531 602.917
877.826 673.849
878.121 659.580
878.415 607.682
878.710 567.140
879.005 756.060
879.299 636.119
879.594 535.214
879.889 447.315
880.183 456.805
880.478 580.884
880.773 577.942
881.067 577.806
881.362 643.718
881.656 548.663
881.951 537.980
882.246 471.864
882.540 543.815
882.835 591.039
883.130 578.569
883.424 529.370
883.719 483.622
884.014 565.263
884.308 575.686
884.603 522.356
884.898 487.432
885.192 574.648
885.487 582.788
885.782 538.880
886.076 623.352
886.371 600.698
886.666 450.393
886.960 539.604
887.255 488.101
887.549 482.770
887.844 657.936
888.139 707.879
888.433 633.675
888.728 486.022
889.023 538.430
889.317 603.087
889.612 448.443
889.907 483.454
890.201 562.224
890.496 607.713
890.791 589.518
891.085 511.337
891.380 505.167
891.675 563.043
891.969 609.872
892.264 476.111
892.559 515.340
892.853 679.970
893.148 521.992
893.442 505.222
893.737 576.223
894.032 497.310
894.326 455.910
894.621 490.280
894.916 448.393
895.210 492.060
895.505 543.726
895.800 522.996
896.094 447.942
896.389 509.734
896.684 529.628
896.978 493.865
897.273 492.095
897.568 640.962
897.862 605.287
898.157 562.855
898.451 688.141
898.746 622.663
899.041 663.082
899.335 630.319
899.630 565.283
899.925 573.649
900.219 603.773
900.514 690.035
900.809 596.690
901.103 459.760
901.398 639.165
901.693 542.929
901.987 473.012
902.282 601.718
902.577 500.214
902.871 421.345
903.166 568.028
903.461 651.580
903.755 628.042
904.050 595.689
904.344 469.299
904.639 451.846
904.934 475.600
905.228 525.026
905.523 414.642
905.818 467.431
906.112 648.521
906.407 605.476
906.702 556.851
906.996 567.197
907.291 499.907
907.586 487.234
907.880 652.967
908.175 643.569
908.470 617.215
908.764 635.736
909.059 683.019
909.354 641.391
909.648 537.877
909.943 570.762
910.237 710.882
910.532 689.279
910.827 703.954
911.121 715.618
911.416 654.442
911.711 658.127
912.005 627.120
912.300 642.123
912.599 680.917
912.898 572.693
913.196 628.099
913.495 654.081
913.794 736.161
914.093 622.209
914.391 619.654
914.690 667.106
914.989 609.848
915.288 788.393
915.586 698.286
915.885 500.165
916.184 478.598
916.483 455.155
916.782 569.741
917.080 649.637
917.379 602.847
917.678 526.138
917.977 625.938
918.275 709.793
918.574 670.077
918.873 661.225
919.172 625.385
919.471 515.484
919.769 540.799
920.068 524.649
920.367 539.059
920.666 536.337
920.964 600.323
921.263 525.381
921.562 535.091
921.861 659.597
922.159 570.682
922.458 593.969
922.757 586.957
923.056 551.173
923.355 551.822
923.653 660.548
923.952 655.289
924.251 479.761
924.550 607.337
924.848 652.625
925.147 541.591
925.446 525.272
925.745 651.574
926.043 628.977
926.342 596.905
926.641 555.511
926.940 619.378
927.239 645.402
927.537 726.807
927.836 608.854
928.135 581.700
928.434 647.933
928.732 622.015
929.031 663.853
929.330 756.506
929.629 709.766
929.927 603.101
930.226 566.895
930.525 619.157
930.824 757.704
931.123 693.146
931.421 760.646
931.720 697.640
932.019 716.516
932.318 721.707
932.616 604.595
932.915 569.721
933.214 646.106
933.513 701.984
933.812 713.203
934.110 809.443
934.409 828.033
934.708 655.129
935.007 952.167
935.305 950.484
935.604 654.798
935.903 740.059
936.202 782.680
936.500 867.875
936.799 1008.283
937.098 934.433
937.397 887.152
937.696 759.295
937.994 689.466
938.293 811.189
938.592 718.784
938.891 761.112
939.189 825.586
939.488 884.994
939.787 1023.125
940.086 920.932
940.384 912.148
940.683 831.126
940.982 764.787
941.281 898.930
941.580 1188.779
941.878 1164.215
942.177 808.935
942.476 900.994
942.775 950.207
943.073 785.610
943.372 740.482
943.671 942.841
943.970 983.933
944.268 863.887
944.567 811.467
944.866 833.409
945.165 881.840
945.464 830.758
945.762 666.296
946.061 904.749
946.360 1106.611
946.659 1056.022
946.957 971.629
947.256 883.694
947.555 783.775
947.854 880.138
948.153 830.261
948.451 786.529
948.750 860.143
949.049 751.268
949.348 971.479
949.646 827.232
949.945 801.349
950.244 973.287
950.543 885.005
950.841 821.630
951.140 746.990
951.439 617.923
951.738 676.985
952.037 744.156
952.335 822.276
952.634 916.803
952.933 814.937
953.232 820.522
953.530 643.866
953.829 891.225
954.128 919.042
954.427 873.693
954.725 924.053
955.024 878.944
955.323 922.470
955.622 746.791
955.921 664.691
956.219 718.182
956.518 710.133
956.817 820.153
957.116 866.743
957.414 800.007
957.713 678.890
958.012 619.207
958.311 602.364
958.610 775.190
958.908 833.272
959.207 796.393
959.506 832.721
959.805 867.581
960.103 893.848
960.402 786.509
960.701 659.318
961.000 661.984
961.298 644.471
961.597 775.499
961.896 723.804
962.195 692.050
962.494 777.151
962.792 744.283
963.091 648.910
963.390 652.274
963.689 656.369
963.987 714.456
964.286 762.602
964.585 822.200
964.884 750.119
965.182 630.655
965.481 974.866
965.780 1069.424
966.080 934.023
966.380 859.989
966.680 744.019
966.981 722.934
967.281 720.334
967.581 633.989
967.881 777.921
968.181 796.053
968.481 675.908
968.781 646.193
969.082 584.711
969.382 694.540
969.682 754.719
969.982 735.800
970.282 759.233
970.582 572.686
970.882 579.863
971.183 793.050
971.483 692.647
971.783 638.615
972.083 740.417
972.383 752.657
972.683 709.821
972.983 811.412
973.284 687.456
973.584 604.367
973.884 659.637
974.184 644.616
974.484 700.890
974.784 591.851
975.084 605.813
975.385 672.667
975.685 822.703
975.985 733.574
976.285 714.485
976.585 773.291
976.885 748.148
977.185 774.552
977.486 774.003
977.786 762.385
978.086 820.340
978.386 807.229
978.686 617.143
978.986 614.980
979.286 699.987
979.587 756.995
979.887 658.003
980.187 670.010
980.487 629.018
980.787 711.026
981.087 696.033
981.387 836.041
981.688 711.049
981.988 582.056
982.288 605.064
982.588 661.072
982.888 732.079
983.188 648.087
983.488 725.094
983.789 690.102
984.089 663.110
984.389 587.117
984.689 543.125
984.989 537.132
985.289 601.140
985.589 734.147
985.890 677.155
986.190 566.162
986.490 602.170
986.790 708.177
987.090 648.185
987.390 668.192
987.690 708.200
987.991 573.207
988.291 578.215
988.591 531.222
988.891 445.230
989.191 504.237
989.491 668.245
989.791 630.252
990.092 628.260
990.392 636.267
990.692 629.274
990.992 651.282
991.292 535.289
991.592 646.297
991.892 641.304
992.193 676.311
992.493 661.319
992.793 587.326
993.093 588.334
993.393 562.341
993.693 642.348
993.993 713.356
994.294 765.363
994.594 704.370
994.894 644.378
995.194 610.385
995.494 515.392
995.794 562.400
996.094 547.407
996.395 592.414
996.695 686.421
996.995 538.429
997.295 492.436
997.595 532.443
997.895 420.451
998.195 397.458
998.496 581.465
998.796 560.472
999.096 708.479
999.396 623.487
999.696 622.494
999.996 678.501
1000.296 788.508
1000.597 761.516
1000.897 630.523
1001.197 638.530
1001.497 796.537
1001.797 599.544
1002.097 493.551
1002.397 607.559
1002.698 668.566
1002.998 752.573
1003.298 682.580
1003.598 581.587
1003.898 546.594
1004.198 675.601
1004.498 731.608
1004.799 680.616
1005.099 704.623
1005.399 704.630
1005.699 767.637
1005.999 737.644
1006.299 620.651
1006.599 802.658
1006.900 756.665
1007.200 595.672
1007.500 597.679
1007.800 588.686
1008.100 546.693
1008.400 508.700
1008.700 520.707
1009.001 512.714
1009.301 528.721
1009.601 721.728
1009.901 773.735
1010.201 653.742
1010.501 634.749
1010.801 769.756
1011.102 597.763
1011.402 625.770
1011.702 594.777
1012.002 508.784
1012.302 628.791
1012.602 658.798
1012.902 594.805
1013.203 582.812
1013.503 679.819
1013.803 691.826
1014.103 527.833
1014.403 640.839
1014.703 586.846
1015.003 576.853
1015.304 705.860
1015.604 774.867
1015.904 564.874
1016.204 523.881
1016.504 564.888
1016.804 583.894
1017.104 618.901
1017.405 659.908
1017.705 583.915
1018.005 568.922
1018.305 547.929
1018.605 540.935
1018.905 475.942
1019.205 463.949
1019.506 826.956
1019.806 833.963
1020.106 664.969
1020.406 656.976
1020.706 663.983
1021.006 692.990
1021.306 813.996
1021.607 673.003
1021.907 750.010
1022.207 711.017
1022.507 600.023
1022.807 603.030
1023.107 602.037
1023.407 513.043
1023.708 548.050
1024.008 512.057
1024.308 580.064
1024.608 599.070
1024.908 496.077
1025.208 663.084
1025.508 849.090
1025.809 740.097
1026.109 559.104
1026.409 687.110
1026.709 672.117
1027.009 592.123
1027.309 654.130
1027.609 569.137
1027.910 565.143
1028.210 672.150
1028.510 776.157
1028.810 953.163
1029.110 868.170
1029.410 663.176
1029.710 693.183
1030.011 740.190
1030.311 734.196
1030.611 620.203
1030.911 609.209
1031.211 663.216
1031.511 617.222
1031.811 758.229
1032.112 761.235
1032.412 648.242
1032.712 490.248
1033.012 581.255
1033.312 789.261
1033.612 721.268
1033.912 608.274
1034.212 579.281
1034.513 548.287
1034.813 528.294
1035.113 627.300
1035.413 510.307
1035.713 594.313
1036.013 637.320
1036.313 593.326
1036.614 697.333
1036.914 630.339
1037.214 470.346
1037.514 613.352
1037.814 535.358
1038.114 516.365
1038.414 552.371
1038.715 697.378
1039.015 585.384
1039.315 453.390
1039.615 609.397
1039.915 603.403
1040.215 578.410
1040.515 559.416
1040.816 618.422
1041.116 607.429
1041.416 581.435
1041.716 526.441
1042.016 566.448
1042.316 731.454
1042.616 624.460
1042.917 553.467
1043.217 553.473
1043.517 548.479
1043.817 646.486
1044.117 656.492
1044.417 593.498
1044.717 575.505
1045.018 555.511
1045.318 695.517
1045.618 713.523
1045.918 625.530
1046.218 523.536
1046.518 579.542
1046.818 649.548
1047.119 592.555
1047.419 749.561
1047.719 660.567
1048.019 592.573
1048.319 680.580
1048.619 608.586
1048.919 656.592
1049.220 621.598
1049.520 645.605
1049.820 591.611
1050.120 500.617
1050.420 707.623
1050.720 652.629
1051.020 659.635
1051.321 685.642
1051.621 786.648
1051.921 644.654
1052.221 527.660
1052.521 494.666
1052.821 510.672
1053.121 647.679
1053.422 742.685
1053.722 779.691
1054.022 655.697
1054.322 740.703
1054.622 659.709
1054.922 549.715
1055.222 616.721
1055.523 629.727
1055.823 693.734
1056.123 709.740
1056.423 582.746
1056.723 708.752
1057.023 657.758
1057.323 510.764
1057.624 616.770
1057.924 670.776
1058.224 714.782
1058.524 604.788
1058.824 624.794
1059.124 630.800
1059.424 584.806
1059.725 690.812
1060.025 624.818
1060.325 617.824
1060.625 594.830
1060.925 596.836
1061.225 620.842
1061.525 720.848
1061.826 605.854
1062.126 615.860
1062.426 680.866
1062.726 723.872
1063.026 690.878
1063.326 871.884
1063.626 802.890
1063.927 650.896
1064.227 649.902
1064.527 526.908
1064.827 684.914
1065.127 645.920
1065.427 472.926
1065.727 538.932
1066.028 717.937
1066.328 740.943
1066.628 573.949
1066.928 502.955
1067.228 524.961
1067.528 537.967
1067.828 553.973
1068.129 442.979
1068.429 658.985
1068.729 780.990
1069.029 680.996
1069.329 540.002
1069.629 615.008
1069.929 660.014
1070.230 776.020
1070.530 745.025
1070.830 568.031
1071.130 692.037
1071.430 694.043
1071.730 665.049
1072.030 715.055
1072.331 596.060
1072.631 582.066
1072.931 627.072
1073.231 662.078
1073.531 622.084
1073.831 568.089
1074.131 709.095
1074.432 833.101
1074.732 664.107
1075.032 504.112
1075.332 497.118
1075.632 565.124
1075.932 550.130
1076.232 499.135
1076.533 484.141
1076.833 606.147
1077.133 638.153
1077.433 596.158
1077.733 606.164
1078.033 704.170
1078.333 686.175
1078.634 654.181
1078.934 688.187
1079.234 571.192
1079.534 684.198
1079.834 785.204
1080.134 719.209
1080.434 690.215
1080.735 653.221
1081.035 665.226
1081.335 510.232
1081.635 513.238
1081.935 612.243
1082.235 621.249
1082.535 540.255
1082.836 587.260
1083.136 621.266
1083.436 726.272
1083.736 721.277
1084.036 588.283
1084.336 527.288
1084.636 596.294
1084.937 710.300
1085.237 759.305
1085.537 659.311
1085.837 700.316
1086.137 670.322
1086.437 690.327
1086.737 594.333
1087.038 598.339
1087.338 756.344
1087.638 787.350
1087.938 587.355
1088.238 432.361
1088.538 585.366
1088.838 725.372
1089.139 720.377
1089.439 538.383
1089.739 673.388
1090.039 649.394
1090.339 697.399
1090.639 597.405
1090.939 676.410
1091.240 610.416
1091.540 608.421
1091.840 611.427
1092.140 683.432
1092.453 643.438
1092.766 547.443
1093.079 517.449
1093.392 598.454
1093.705 578.460
1094.018 649.465
1094.330 774.471
1094.643 680.476
1094.956 788.482
1095.269 664.487
1095.582 631.492
1095.895 599.498
1096.208 585.503
1096.521 614.509
1096.834 643.514
1097.147 642.520
1097.460 649.525
1097.773 710.530
1098.085 592.536
1098.398 535.541
1098.711 530.546
1099.024 497.552
1099.337 634.557
1099.650 724.563
1099.963 704.568
1100.276 582.573
1100.589 559.579
1100.902 650.584
1101.215 641.589
1101.528 704.595
1101.841 649.600
1102.153 681.605
1102.466 763.611
1102.779 554.616
1103.092 495.621
1103.405 596.627
1103.718 567.632
1104.031 538.637
1104.344 575.643
1104.657 588.648
1104.970 897.653
1105.283 713.659
1105.596 553.664
1105.909 583.669
1106.221 718.674
1106.534 701.680
1106.847 569.685
1107.160 452.690
1107.473 475.695
1107.786 580.701
1108.099 522.706
1108.412 558.711
1108.725 639.716
1109.038 519.722
1109.351 631.727
1109.664 640.732
1109.977 511.737
1110.289 536.743
1110.602 546.748
1110.915 567.753
1111.228 556.758
1111.541 505.763
1111.854 532.769
1112.167 482.774
1112.480 478.779
1112.793 598.784
1113.106 588.789
1113.419 642.794
1113.732 608.800
1114.044 478.805
1114.357 563.810
1114.670 612.815
1114.983 542.820
1115.296 555.825
1115.609 624.831
1115.922 627.836
1116.235 656.841
1116.548 641.846
1116.861 588.851
1117.174 597.856
1117.487 640.861
1117.800 784.866
1118.112 631.872
1118.425 592.877
1118.738 546.882
1119.051 531.887
1119.364 560.892
1119.677 608.897
1119.990 623.902
1120.303 650.907
1120.616 721.912
1120.929 630.917
1121.242 729.922
1121.555 667.928
1121.868 658.933
1122.180 594.938
1122.493 396.943
1122.806 425.948
1123.119 585.953
1123.432 580.958
1123.745 626.963
1124.058 589.968
1124.371 551.973
1124.684 726.978
1124.997 627.983
1125.310 537.988
1125.623 504.993
1125.935 429.998
1126.248 574.003
1126.561 627.008
1126.874 567.013
1127.187 752.018
1127.500 756.023
1127.813 654.028
1128.126 607.033
1128.439 630.038
1128.752 819.043
1129.065 604.048
1129.378 407.053
1129.691 551.058
1130.003 630.063
1130.316 614.068
1130.629 600.073
1130.942 591.078
1131.255 561.082
1131.568 517.087
1131.881 588.092
1132.194 633.097
1132.507 594.102
1132.820 588.107
1133.133 678.112
1133.446 538.117
1133.759 679.122
1134.071 1076.127
1134.384 825.132
1134.697 773.136
1135.010 842.141
1135.323 673.146
1135.636 546.151
1135.949 478.156
1136.262 480.161
1136.575 597.166
1136.888 602.171
1137.201 608.175
1137.514 572.180
1137.826 634.185
1138.139 569.190
1138.452 567.195
1138.765 787.200
1139.078 854.205
1139.391 789.209
1139.704 644.214
1140.017 656.219
1140.330 629.224
1140.643 556.229
1140.956 564.233
1141.269 604.238
1141.582 639.243
1141.894 552.248
1142.207 721.253
1142.520 662.257
1142.833 748.262
1143.146 627.267
1143.459 521.272
1143.772 581.277
1144.085 661.281
1144.398 584.286
1144.711 538.291
1145.024 541.296
1145.337 639.300
1145.650 705.305
1145.962 589.310
1146.275 568.315
1146.588 482.319
1146.901 666.324
1147.214 658.329
1147.527 562.334
1147.840 633.338
1148.153 614.343
1148.466 641.348
1148.779 614.352
1149.092 701.357
1149.405 610.362
1149.718 639.367
1150.030 700.371
1150.343 615.376
1150.656 520.381
1150.969 511.385
1151.282 725.390
1151.595 677.395
1151.908 586.399
1152.221 402.404
1152.534 423.409
1152.847 739.413
1153.160 701.418
1153.473 659.423
1153.785 675.427
1154.098 624.432
1154.411 700.437
1154.724 628.441
1155.037 721.446
1155.350 642.451
1155.663 620.455
1155.976 580.460
1156.289 665.464
1156.602 590.469
1156.915 487.474
1157.228 464.478
1157.541 552.483
1157.853 577.488
1158.166 614.492
1158.479 671.497
1158.792 637.501
1159.105 635.506
1159.418 661.511
1159.731 600.515
1160.044 555.520
1160.357 769.524
1160.670 718.529
1160.983 488.533
1161.296 598.538
1161.609 728.543
1161.921 643.547
1162.234 601.552
1162.547 448.556
1162.860 486.561
1163.173 532.565
1163.486 598.570
1163.799 631.574
1164.112 589.579
1164.425 602.583
1164.738 575.588
1165.051 524.592
1165.364 586.597
1165.676 610.601
1165.989 640.606
1166.302 622.610
1166.615 616.615
1166.928 627.619
1167.241 718.624
1167.554 713.628
1167.867 656.633
1168.180 629.637
1168.493 525.642
1168.806 587.646
1169.119 588.651
1169.432 698.655
1169.744 626.660
1170.057 604.664
1170.370 756.669
1170.683 709.673
1170.996 574.678
1171.309 589.682
1171.622 586.687
1171.935 621.691
1172.248 777.695
1172.561 680.700
1172.874 636.704
1173.187 684.709
1173.500 718.713
1173.812 736.718
1174.125 706.722
1174.438 659.726
1174.751 546.731
1175.064 572.735
1175.377 707.740
1175.690 615.744
1176.003 526.748
1176.316 624.753
1176.629 628.757
1176.942 566.762
1177.255 510.766
1177.567 462.770
1177.880 476.775
1178.193 621.779
1178.506 585.783
1178.819 678.788
1179.132 762.792
1179.445 572.797
1179.758 680.801
1180.071 717.805
1180.384 582.810
1180.697 637.814
1181.010 728.818
1181.323 827.823
1181.635 776.827
1181.948 739.831
1182.261 603.836
1182.574 534.840
1182.887 616.844
1183.200 725.849
1183.513 661.853
1183.826 655.857
1184.139 695.861
1184.452 579.866
1184.765 514.870
1185.078 506.874
1185.391 570.879
1185.703 541.883
1186.016 492.887
1186.329 516.892
1186.642 613.896
1186.955 768.900
1187.268 623.904
1187.581 611.909
1187.894 587.913
1188.207 592.917
1188.520 558.921
1188.833 540.926
1189.146 511.930
1189.459 466.934
1189.771 498.938
1190.084 661.943
1190.397 550.947
1190.710 614.951
1191.023 662.955
1191.336 649.960
1191.649 635.964
1191.962 640.968
1192.275 566.972
1192.588 673.976
1192.901 752.981
1193.214 564.985
1193.526 548.989
1193.839 660.993
1194.152 585.997
1194.465 650.002
1194.778 631.006
1195.091 628.010
1195.404 563.014
1195.717 588.018
1196.030 696.023
1196.343 589.027
1196.656 516.031
1196.969 559.035
1197.282 616.039
1197.594 650.043
1197.907 744.048
1198.220 720.052
1198.533 633.056
1198.846 638.060
1199.159 570.064
1199.472 566.068
1199.785 676.073
1200.098 575.077
1200.411 684.081
1200.724 678.085
1201.037 600.089
1201.350 488.093
1201.662 472.097
1201.975 598.101
1202.288 605.106
1202.601 209.110
