165.028 42.766
165.288 -2.585
165.547 67.068
165.807 147.724
166.067 50.383
166.327 -35.954
166.587 -32.289
166.847 85.380
167.107 93.052
167.367 114.727
167.627 185.405
167.886 95.087
168.146 72.771
168.406 251.458
168.666 239.148
168.926 111.841
169.186 103.537
169.446 117.236
169.706 -49.063
169.966 62.642
170.225 96.349
170.485 146.059
170.745 215.772
171.005 357.487
171.265 188.205
171.525 94.926
171.785 10.649
172.045 34.375
172.305 155.103
172.564 81.834
172.824 16.567
173.084 157.303
173.344 54.041
173.604 96.782
173.864 185.525
174.124 162.270
174.384 125.018
174.644 199.768
174.903 311.520
175.163 322.275
175.423 296.031
175.683 101.790
175.943 231.551
176.203 216.314
176.463 152.079
176.723 92.846
176.983 80.615
177.242 152.386
177.502 284.159
177.762 306.934
178.022 98.711
178.282 62.490
178.542 70.271
178.802 97.053
179.062 67.837
179.322 255.623
179.581 295.411
179.841 162.201
180.101 221.992
180.361 219.785
180.621 183.579
180.881 168.375
181.141 131.173
181.401 86.972
181.661 142.773
181.920 252.575
182.180 181.379
182.440 95.184
182.700 85.990
182.960 61.798
183.220 112.607
183.480 415.418
183.740 262.230
184.000 110.043
184.259 -18.142
184.519 103.673
184.779 94.490
185.039 209.308
185.299 293.128
185.559 244.948
185.819 265.769
186.079 312.592
186.339 192.416
186.598 144.240
186.858 32.066
187.118 84.893
187.378 205.720
187.638 191.549
187.898 270.378
188.158 334.208
188.418 216.040
188.678 125.872
188.937 186.704
189.197 275.538
189.457 296.372
189.717 166.207
189.977 23.043
190.237 26.880
190.497 271.717
190.757 235.555
191.017 196.393
191.276 68.232
191.536 101.072
191.796 97.912
192.056 93.753
192.316 189.594
192.576 154.436
192.836 87.278
193.096 124.121
193.356 154.964
193.616 205.808
193.875 179.651
194.135 123.496
194.395 246.340
194.655 283.185
194.915 267.030
195.175 217.876
195.435 327.722
195.695 141.568
195.955 -2.586
196.214 126.260
196.474 249.107
196.734 213.954
196.994 257.801
197.254 303.648
197.514 264.495
197.774 220.342
198.034 183.189
198.294 137.037
198.553 198.884
198.813 203.731
199.073 53.579
199.333 128.426
199.593 305.273
199.853 301.121
200.113 415.968
200.373 376.815
200.633 183.662
200.892 164.508
201.152 134.355
201.412 151.201
201.672 243.048
201.932 452.894
202.192 403.740
202.452 186.585
202.712 145.431
202.972 211.276
203.231 306.120
203.491 242.965
203.751 239.809
204.011 317.653
204.271 342.496
204.531 192.339
204.791 103.182
205.051 145.025
205.311 288.867
205.570 192.708
205.830 143.549
206.090 126.390
206.350 251.230
206.610 473.069
206.870 293.909
207.130 189.747
207.390 258.585
207.650 262.423
207.909 239.260
208.169 324.096
208.429 298.932
208.689 158.768
208.949 297.602
209.209 361.436
209.469 128.270
209.729 82.102
209.989 175.935
210.248 116.766
210.508 431.597
210.768 344.427
211.028 189.256
211.288 294.085
211.548 254.913
211.808 262.740
212.068 431.566
212.328 486.392
212.587 390.217
212.847 275.041
213.107 314.864
213.367 290.686
213.627 257.508
213.887 303.329
214.147 181.149
214.407 231.968
214.667 259.786
214.926 324.603
215.186 279.420
215.446 318.235
215.706 251.050
215.966 145.863
216.226 186.676
216.486 211.488
216.746 273.299
217.006 297.109
217.265 247.918
217.525 248.726
217.785 279.533
218.045 260.339
218.305 182.144
218.565 181.948
218.825 246.751
219.085 356.553
219.345 178.354
219.604 153.154
219.864 293.953
220.124 330.750
220.384 335.547
220.644 278.343
220.904 148.137
221.164 260.931
221.424 276.723
221.684 187.514
221.943 173.304
222.203 302.093
222.463 239.881
222.723 137.668
222.983 248.454
223.243 196.238
223.503 244.021
223.763 185.804
224.023 152.585
224.282 334.364
224.542 341.143
224.802 391.921
225.062 363.697
225.322 398.472
225.582 316.246
225.842 316.018
226.102 355.790
226.362 325.560
226.621 375.329
226.881 229.097
227.141 273.863
227.401 335.628
227.661 238.392
227.921 402.155
228.181 265.917
228.441 240.677
228.701 418.436
228.960 417.193
229.220 226.950
229.480 193.705
229.740 372.459
230.000 438.211
230.260 290.962
230.520 224.712
230.780 196.461
231.040 309.208
231.299 313.954
231.559 285.699
231.819 293.442
232.079 365.184
232.339 326.925
232.599 150.665
232.859 329.403
233.119 424.139
233.379 232.875
233.638 283.609
233.898 416.341
234.158 395.073
234.418 253.803
234.678 337.531
234.938 389.258
235.198 249.984
235.458 220.709
235.718 320.432
235.978 285.154
236.237 274.874
236.497 311.593
236.757 362.311
237.017 330.027
237.277 326.742
237.537 349.455
237.797 280.167
238.057 327.878
238.317 249.587
238.576 178.295
238.836 278.001
239.096 368.706
239.356 347.410
239.616 296.112
239.876 320.813
240.136 318.513
240.396 455.211
240.656 489.907
240.915 401.603
241.175 311.296
241.435 223.989
241.695 346.680
241.955 481.369
242.215 542.057
242.475 476.744
242.735 270.429
242.995 336.113
243.254 379.796
243.514 292.477
243.774 134.156
244.034 261.834
244.294 503.511
244.554 419.186
244.814 394.860
245.074 320.533
245.334 302.204
245.593 327.873
245.853 293.541
246.113 216.208
246.373 352.873
246.633 423.537
246.893 360.200
247.153 384.861
247.413 409.520
247.673 356.178
247.932 339.835
248.192 392.490
248.452 431.144
248.712 414.796
248.972 256.447
249.232 452.097
249.492 354.745
249.752 230.391
250.012 471.037
250.271 385.680
250.531 337.323
250.791 589.964
251.051 531.603
251.311 377.241
251.571 263.878
251.831 379.513
252.091 460.147
252.351 355.779
252.610 313.410
252.870 397.039
253.130 368.667
253.390 363.294
253.650 442.919
253.911 420.543
254.172 431.165
254.433 372.786
254.694 335.405
254.955 381.023
255.216 329.640
255.477 483.255
255.738 479.869
255.999 310.481
256.261 486.092
256.522 444.701
256.783 452.309
257.044 284.916
257.305 215.521
257.566 176.125
257.827 125.728
258.088 275.329
258.349 294.928
258.610 359.526
258.871 407.123
259.132 507.718
259.393 433.312
259.654 292.905
259.915 185.496
260.176 267.086
260.437 384.674
260.698 380.261
260.959 305.847
261.221 352.431
261.482 477.014
261.743 466.595
262.004 442.175
262.265 555.754
262.526 481.331
262.787 288.907
263.048 307.481
263.309 323.054
263.570 423.626
263.831 401.196
264.092 352.765
264.353 234.332
264.614 514.899
264.875 469.463
265.136 333.027
265.397 524.589
265.658 605.149
265.919 634.709
266.181 579.267
266.442 460.823
266.703 352.379
266.964 322.932
267.225 363.485
267.486 391.036
267.747 488.586
268.008 526.134
268.269 521.682
268.530 510.227
268.791 453.772
269.052 488.315
269.313 443.857
269.574 402.397
269.835 429.936
270.096 451.474
270.357 458.010
270.618 342.545
270.879 276.079
271.141 379.611
271.402 356.143
271.663 322.672
271.924 442.201
272.185 464.728
272.446 464.254
272.707 426.778
272.968 361.302
273.229 363.824
273.490 395.344
273.751 368.863
274.012 417.382
274.273 530.898
274.534 411.414
274.795 480.928
275.056 528.441
275.317 339.952
275.578 270.462
275.839 351.971
276.101 341.479
276.362 350.986
276.623 392.491
276.884 498.995
277.145 528.497
277.406 524.999
277.667 317.499
277.928 255.997
278.189 502.495
278.450 524.991
278.711 444.486
278.972 445.980
279.233 391.473
279.494 478.964
279.755 595.454
280.016 599.943
280.277 442.430
280.538 442.917
280.799 336.402
281.061 407.886
281.322 421.368
281.583 385.850
281.844 306.330
282.105 311.809
282.366 464.286
282.627 438.763
282.888 489.238
283.149 477.712
283.410 436.185
283.671 482.657
283.932 446.127
284.193 335.597
284.454 401.065
284.715 443.531
284.976 409.997
285.237 465.462
285.498 673.925
285.759 595.387
286.021 552.848
286.282 493.308
286.543 529.766
286.804 525.223
287.065 507.680
287.326 525.135
287.587 376.588
287.848 470.041
288.109 615.493
288.370 549.943
288.631 368.392
288.892 311.840
289.153 322.287
289.414 286.733
289.675 532.178
289.936 654.621
290.197 565.063
290.458 507.504
290.719 413.944
290.981 538.383
291.242 594.821
291.503 576.258
291.764 449.693
292.025 344.128
292.286 371.561
292.547 479.993
292.808 426.424
293.069 518.854
293.330 501.283
293.591 446.711
293.852 442.137
294.113 415.563
294.374 424.987
294.635 487.410
294.896 488.833
295.157 485.254
295.418 496.674
295.679 490.093
295.941 527.510
296.202 583.927
296.463 541.343
296.724 570.758
296.985 591.171
297.246 464.584
297.507 312.995
297.768 309.405
298.029 459.815
298.290 672.223
298.551 667.630
298.812 674.036
299.073 505.441
299.334 366.845
299.595 515.248
299.856 541.650
300.117 649.051
300.378 537.451
300.639 370.850
300.901 364.247
301.162 415.644
301.423 488.040
301.684 598.434
301.945 651.828
302.206 464.221
302.467 452.612
302.728 384.003
302.989 440.393
303.250 464.781
303.511 553.169
303.772 592.555
304.033 550.941
304.294 515.325
304.555 440.709
304.816 480.092
305.077 510.473
305.338 406.854
305.599 407.233
305.861 491.612
306.122 547.990
306.383 501.366
306.644 479.742
306.905 394.117
307.166 568.490
307.427 532.863
307.688 475.235
307.949 412.606
308.210 488.976
308.471 490.345
308.732 431.713
308.993 361.080
309.254 395.446
309.515 313.811
309.776 474.175
310.037 526.538
310.298 314.900
310.559 350.262
310.821 536.622
311.082 473.982
311.343 382.340
311.604 367.698
311.865 341.055
312.126 282.410
312.387 317.765
312.648 392.119
312.909 415.472
313.170 445.824
313.434 465.175
313.698 410.526
313.963 540.875
314.227 444.224
314.491 415.571
314.755 497.918
315.019 476.264
315.284 317.608
315.548 476.952
315.812 487.296
316.076 554.638
316.340 549.979
316.604 541.320
316.869 540.659
317.133 533.998
317.397 601.336
317.661 557.673
317.925 464.009
318.190 498.344
318.454 532.678
318.718 494.012
318.982 570.344
319.246 659.676
319.511 738.007
319.775 529.337
320.039 515.666
320.303 471.995
320.567 538.322
320.832 549.649
321.096 505.975
321.360 472.300
321.624 449.624
321.888 454.947
322.153 455.270
322.417 386.591
322.681 324.912
322.945 431.232
323.209 498.551
323.473 484.870
323.738 455.187
324.002 441.504
324.266 590.820
324.530 540.135
324.794 441.449
325.059 406.763
325.323 397.075
325.587 529.387
325.851 538.698
326.115 652.009
326.380 549.318
326.644 558.627
326.908 538.935
327.172 473.242
327.436 490.548
327.701 489.854
327.965 490.159
328.229 552.463
328.493 336.766
328.757 373.068
329.022 545.370
329.286 470.671
329.550 422.971
329.814 501.270
330.078 495.569
330.342 439.867
330.607 476.164
330.871 566.460
331.135 616.756
331.399 608.050
331.663 503.344
331.928 490.638
332.192 578.930
332.456 517.222
332.720 557.513
332.984 482.803
333.249 472.093
333.513 462.382
333.777 391.670
334.041 399.957
334.305 462.244
334.570 511.530
334.834 397.815
335.098 593.100
335.362 660.383
335.626 553.666
335.891 486.949
336.155 500.230
336.419 480.511
336.683 370.791
336.947 461.071
337.211 495.350
337.476 378.628
337.740 400.905
338.004 484.182
338.268 519.458
338.532 512.733
338.797 519.007
339.061 584.281
339.325 591.554
339.589 673.827
339.853 571.099
340.118 498.370
340.382 536.640
340.646 616.910
340.910 475.179
341.174 514.447
341.439 476.715
341.703 515.982
341.967 488.248
342.231 458.514
342.495 403.779
342.759 536.043
343.024 528.307
343.288 573.570
343.552 561.832
343.816 352.094
344.080 393.355
344.345 507.615
344.609 393.875
344.873 320.134
345.137 485.393
345.401 564.650
345.666 369.908
345.930 514.164
346.194 645.420
346.458 441.675
346.722 384.930
346.987 408.184
347.251 497.437
347.515 651.690
347.779 517.942
348.043 445.193
348.308 493.444
348.572 397.694
348.836 300.943
349.100 401.192
349.364 397.441
349.628 385.688
349.893 419.935
350.157 532.182
350.421 493.428
350.685 501.673
350.949 458.917
351.214 366.161
351.478 470.405
351.742 499.648
352.006 520.890
352.270 505.131
352.535 374.372
352.799 352.613
353.063 488.853
353.327 438.092
353.591 338.330
353.856 407.568
354.120 523.806
354.384 599.043
354.648 637.279
354.912 594.515
355.177 472.750
355.441 381.984
355.705 602.218
355.969 651.451
356.233 565.684
356.497 529.916
356.762 551.148
357.026 528.379
357.290 498.610
357.554 499.839
357.818 510.069
358.083 502.298
358.347 490.526
358.611 510.753
358.875 511.981
359.139 456.207
359.404 407.433
359.668 505.659
359.932 624.883
360.196 623.108
360.460 535.332
360.725 533.555
360.989 562.778
361.253 722.000
361.517 667.221
361.781 626.442
362.046 641.663
362.310 647.883
362.574 632.102
362.838 508.321
363.102 522.540
363.366 558.758
363.631 479.975
363.895 514.192
364.159 660.408
364.423 631.624
364.687 635.839
364.952 612.054
365.216 597.268
365.480 541.481
365.747 439.694
366.013 550.907
366.280 556.119
366.546 615.331
366.813 517.542
367.079 575.752
367.346 657.962
367.612 579.172
367.879 556.381
368.145 614.590
368.412 506.798
368.678 458.005
368.945 562.212
369.211 504.419
369.478 550.625
369.744 498.830
370.011 511.035
370.278 516.240
370.544 526.444
370.811 547.647
371.077 492.850
371.344 486.053
371.610 533.255
371.877 535.457
372.143 575.658
372.410 660.858
372.676 707.059
372.943 641.258
373.209 548.458
373.476 483.656
373.742 439.854
374.009 565.052
374.276 551.250
374.542 520.446
374.809 464.643
375.075 357.839
375.342 362.034
375.608 333.229
375.875 346.424
376.141 567.618
376.408 570.811
376.674 572.004
376.941 568.197
377.207 490.389
377.474 859.581
377.740 838.772
378.007 446.963
378.273 520.153
378.540 636.343
378.807 513.533
379.073 453.722
379.340 506.910
379.606 546.098
379.873 494.286
380.139 480.473
380.406 596.660
380.672 565.846
380.939 468.032
381.205 437.218
381.472 370.403
381.738 317.587
382.005 525.772
382.271 617.955
382.538 611.139
382.804 674.321
383.071 519.504
383.338 544.686
383.604 554.867
383.871 622.049
384.137 620.229
384.404 535.410
384.670 570.589
384.937 521.769
385.203 570.948
385.470 585.127
385.736 583.305
386.003 518.482
386.269 509.660
386.536 473.837
386.802 526.013
387.069 627.189
387.336 779.365
387.602 730.540
387.869 442.715
388.135 362.890
388.402 356.064
388.668 470.238
388.935 604.411
389.201 710.584
389.468 671.756
389.734 648.928
390.001 639.100
390.267 552.271
390.534 576.442
390.800 598.612
391.067 643.783
391.333 613.952
391.600 487.122
391.867 509.290
392.133 543.459
392.400 502.627
392.666 430.795
392.933 631.962
393.199 743.129
393.466 602.296
393.732 550.462
393.999 598.628
394.265 625.793
394.532 539.958
394.798 579.123
395.065 564.287
395.331 651.451
395.598 626.614
395.864 631.778
396.131 748.940
396.398 897.103
396.664 981.265
396.931 1122.426
397.197 1333.588
397.464 1455.749
397.730 1794.909
397.997 2096.069
398.263 2338.229
398.530 2547.389
398.796 2792.548
399.063 3023.706
399.329 3005.865
399.596 3225.023
399.862 3266.180
400.129 3305.338
400.396 3398.495
400.662 3225.651
400.929 3274.807
401.195 3330.963
401.462 3416.119
401.728 3530.274
401.995 3586.429
402.261 3484.583
402.528 3582.737
402.794 3699.891
403.061 3910.044
403.327 4041.197
403.594 3935.350
403.860 3862.502
404.127 3901.654
404.393 3980.806
404.660 3981.957
404.931 3856.108
405.202 3738.259
405.473 3755.409
405.745 3925.559
406.016 4181.709
406.287 4062.858
406.558 4000.007
406.829 4205.156
407.100 4201.304
407.371 4442.452
407.642 4444.600
407.914 4363.747
408.185 4227.894
408.456 4156.040
408.727 4355.187
408.998 4372.333
409.269 4550.478
409.540 4660.624
409.811 4324.769
410.083 4332.913
410.354 4322.058
410.625 4112.202
410.896 4079.345
411.167 4177.489
411.438 4105.632
411.709 3780.775
411.981 3772.917
412.252 3458.059
412.523 3187.201
412.794 3176.342
413.065 3108.484
413.336 2776.624
413.607 2742.765
413.878 2610.905
414.150 2426.045
414.421 2193.185
414.692 1992.324
414.963 1913.463
415.234 1985.602
415.505 1860.740
415.776 1850.878
416.047 1719.016
416.319 1556.153
416.590 1305.291
416.861 1063.427
417.132 1154.564
417.403 1134.700
417.674 991.836
417.945 850.972
418.217 824.107
418.488 917.242
418.759 787.377
419.030 685.511
419.301 698.646
419.572 744.780
419.843 710.913
420.114 641.046
420.386 641.179
420.657 706.312
420.928 647.444
421.199 604.577
421.470 576.708
421.741 473.840
422.012 510.971
422.283 580.102
422.555 583.233
422.826 688.363
423.097 784.493
423.368 699.623
423.639 530.753
423.910 620.882
424.181 594.011
424.453 537.140
424.724 775.268
424.995 850.396
425.266 673.524
425.537 609.652
425.808 712.779
426.079 787.906
426.350 703.033
426.622 671.160
426.893 776.286
427.164 695.412
427.435 613.537
427.706 644.663
427.977 658.788
428.248 622.913
428.519 730.037
428.791 665.162
429.062 754.286
429.333 643.410
429.604 545.533
429.875 730.656
430.146 843.779
430.417 823.902
430.689 736.025
430.960 595.147
431.231 563.269
431.502 788.390
431.773 819.512
432.044 676.633
432.315 850.754
432.586 831.875
432.858 773.995
433.129 562.115
433.400 610.235
433.671 699.355
433.942 622.474
434.213 471.593
434.484 526.712
434.755 599.831
435.027 448.949
435.298 564.067
435.569 677.185
435.840 531.302
436.116 484.420
436.391 572.537
436.667 619.654
436.942 722.770
437.218 721.887
437.493 719.003
437.769 747.119
438.045 657.234
438.320 664.350
438.596 654.465
438.871 616.580
439.147 616.694
439.422 557.809
439.698 468.923
439.974 503.037
440.249 656.151
440.525 689.264
440.800 464.377
441.076 542.490
441.351 720.603
441.627 813.715
441.903 718.828
442.178 538.940
442.454 565.052
442.729 771.163
443.005 600.274
443.281 685.385
443.556 826.496
443.832 730.607
444.107 630.717
444.383 641.828
444.658 618.937
444.934 510.047
445.210 694.157
445.485 712.266
445.761 723.375
446.036 710.484
446.312 750.592
446.587 722.701
446.863 496.809
447.139 561.917
447.414 623.024
447.690 688.132
447.965 735.239
448.241 624.346
448.516 612.453
448.792 635.559
449.068 679.666
449.343 707.772
449.619 622.878
449.894 636.983
450.170 589.089
450.445 811.194
450.721 851.299
450.997 561.404
451.272 706.508
451.548 669.613
451.823 623.717
452.099 704.821
452.375 648.925
452.650 638.028
452.926 694.131
453.201 671.235
453.477 904.337
453.752 854.440
454.028 681.543
454.304 762.645
454.579 828.747
454.855 787.849
455.130 777.950
455.406 882.052
455.681 868.153
455.957 780.254
456.233 723.355
456.508 721.455
456.784 757.556
457.059 739.656
457.335 863.756
457.610 779.856
457.886 754.955
458.162 651.055
458.437 692.154
458.713 818.253
458.988 746.351
459.264 767.450
459.539 817.548
459.815 728.647
460.091 660.745
460.366 591.842
460.642 520.940
460.917 586.037
461.193 638.134
461.468 569.231
461.744 517.328
462.020 501.425
462.295 595.521
462.571 620.617
462.846 601.713
463.122 683.809
463.397 714.905
463.673 622.378
463.949 606.489
464.224 597.593
464.500 671.614
464.775 610.380
465.051 640.194
465.327 698.870
465.602 830.003
465.878 895.861
466.153 762.326
466.429 1054.889
466.704 1337.363
466.980 1308.131
467.256 1298.224
467.531 1396.713
467.807 1442.293
468.082 1466.434
468.358 1477.071
468.633 1603.098
468.909 1504.797
469.185 1484.291
469.460 1647.848
469.736 1738.220
470.011 1541.937
470.287 1572.670
470.562 1643.473
470.838 1472.669
471.114 1544.955
471.389 1569.289
471.665 1548.722
471.940 1609.085
472.216 1544.399
472.491 1336.328
472.767 1299.234
473.043 1425.085
473.318 1463.715
473.594 1253.365
473.869 1176.399
474.145 1089.002
474.421 986.345
474.696 955.916
474.972 849.036
475.247 882.610
475.523 936.791
475.798 907.254
476.074 823.934
476.350 788.381
476.625 760.731
476.901 754.703
477.176 737.730
477.452 635.338
477.727 612.028
478.003 493.607
478.279 682.719
478.554 775.285
478.830 720.210
479.105 725.941
479.381 685.737
479.656 600.631
479.932 662.925
480.208 766.591
480.483 710.289
480.759 742.731
481.034 723.884
481.310 650.231
481.585 713.521
481.861 746.872
482.137 589.104
482.412 664.048
482.688 737.095
482.963 768.536
483.239 805.925
483.514 592.581
483.790 614.478
484.066 843.717
484.341 704.235
484.617 655.758
484.892 718.216
485.168 659.591
485.443 539.732
485.719 580.569
485.995 733.268
486.270 726.675
486.546 613.547
486.821 519.661
487.097 502.920
487.373 578.440
487.648 758.483
487.924 738.150
488.199 525.323
488.475 386.895
488.750 437.195
489.026 564.297
489.302 532.971
489.577 518.801
489.853 573.219
490.128 717.273
490.404 645.220
490.679 472.107
490.955 698.506
491.231 772.874
491.506 711.085
491.782 594.326
492.057 521.414
492.333 635.971
492.608 625.284
492.884 618.510
493.160 423.870
493.435 468.894
493.711 660.147
493.986 593.953
494.262 548.533
494.537 554.490
494.813 624.786
495.089 512.508
495.364 525.353
495.640 559.809
495.915 597.211
496.191 786.454
496.467 718.338
496.742 633.683
497.018 664.623
497.293 587.699
497.569 639.737
497.844 568.801
498.120 669.865
498.396 662.340
498.671 608.454
498.947 732.659
499.222 674.813
499.498 629.787
499.773 722.398
500.049 785.726
500.325 766.624
500.600 871.231
500.876 860.164
501.151 963.267
501.427 1012.501
501.702 1162.335
501.978 1225.725
502.254 1261.500
502.529 1144.609
502.805 1352.280
503.080 1538.192
503.356 1394.509
503.631 1334.375
503.907 1451.521
504.183 1452.606
504.458 1480.006
504.734 1445.215
505.009 1495.843
505.285 1457.956
505.560 1531.377
505.836 1554.254
506.112 1500.682
506.387 1353.992
506.663 1328.428
506.938 1330.521
507.214 1273.969
507.490 1292.955
507.765 1272.549
508.041 1251.429
508.316 1321.126
508.592 1195.675
508.867 1186.494
509.143 1207.482
509.419 1046.747
509.694 876.212
509.970 818.106
510.245 783.504
510.521 868.790
510.796 788.070
511.072 685.242
511.348 726.815
511.623 743.832
511.899 732.735
512.174 864.151
512.450 830.623
512.725 743.389
513.001 656.495
513.277 604.427
513.552 753.496
513.828 751.090
514.103 711.993
514.379 846.884
514.654 737.015
514.930 720.897
515.206 1022.513
515.481 905.797
515.757 696.448
516.032 627.338
516.308 755.084
516.583 796.363
516.859 765.665
517.135 797.862
517.410 847.881
517.686 880.987
517.961 838.290
518.237 861.946
518.513 778.056
518.788 994.968
519.064 1070.330
519.339 1010.557
519.615 936.285
519.890 1001.018
520.166 1115.723
520.442 1288.917
520.717 1327.478
520.993 1293.173
521.268 1178.419
521.544 1265.102
521.819 1235.836
522.095 1285.575
522.371 1458.900
522.646 1495.394
522.922 1557.241
523.197 1514.198
523.473 1576.924
523.748 1527.224
524.024 1471.782
524.300 1447.919
524.575 1395.347
524.851 1517.895
525.126 1564.305
525.402 1532.369
525.677 1608.983
525.953 1509.990
526.229 1467.028
526.504 1368.970
526.780 1510.168
527.055 1509.758
527.331 1513.645
527.606 1540.058
527.882 1571.179
528.158 1480.788
528.433 1639.159
528.709 1550.926
528.984 1519.315
529.260 1579.988
529.535 1549.710
529.811 1322.102
530.087 1245.783
530.362 1317.369
530.638 1430.693
530.913 1478.833
531.189 1448.465
531.465 1278.639
531.740 1268.338
532.016 1372.137
532.291 1265.812
532.567 1233.439
532.842 1261.597
533.118 1207.592
533.394 1287.463
533.669 1135.356
533.945 994.363
534.220 972.047
534.496 1086.001
534.771 1044.232
535.047 1079.454
535.323 1013.182
535.598 1011.275
535.874 1084.586
536.149 1028.029
536.425 927.331
536.700 869.658
536.976 996.910
537.252 1184.402
537.527 1182.675
537.803 1301.592
538.078 1511.385
538.354 1688.433
538.629 1706.883
538.905 1830.955
539.181 1988.469
539.456 2037.835
539.732 2318.284
540.007 2507.876
540.283 2397.762
540.558 2414.207
540.834 2551.581
541.110 2609.609
541.385 2666.100
541.661 2925.562
541.936 3082.134
542.212 2993.984
542.488 3102.067
542.763 3275.561
543.039 3295.731
543.314 3287.850
543.590 3282.233
543.865 3297.183
544.141 3252.551
544.417 3199.974
544.692 3030.218
544.968 3059.071
545.243 3016.441
545.519 2754.314
545.794 2769.035
546.070 2880.421
546.348 2782.844
546.627 2504.784
546.905 2630.714
547.183 2652.355
547.461 2579.917
547.740 2570.040
548.018 2412.608
548.296 2360.614
548.575 2380.528
548.853 2287.235
549.131 2361.767
549.409 2485.469
549.688 2714.689
549.966 2730.615
550.244 2890.390
550.523 2892.534
550.801 3015.465
551.079 3148.044
551.357 3247.008
551.636 3180.611
551.914 3167.486
552.192 3151.759
552.471 3293.126
552.749 3498.511
553.027 3536.458
553.306 3676.592
553.584 3866.417
553.862 3961.884
554.140 4058.202
554.419 4197.162
554.697 4389.181
554.975 4644.233
555.254 4772.686
555.532 4606.942
555.810 4749.815
556.088 4876.935
556.367 4721.191
556.645 4592.135
556.923 4611.640
557.202 4498.364
557.480 4586.279
557.758 4507.196
558.036 4359.815
558.315 4275.915
558.593 4373.738
558.871 4178.240
559.150 3987.606
559.428 3936.508
559.706 3777.075
559.984 3625.794
560.263 3666.705
560.541 3497.039
560.819 3349.204
561.098 3176.465
561.376 3029.397
561.654 2728.483
561.932 2326.922
562.211 2208.186
562.489 2123.700
562.767 1924.972
563.046 1636.763
563.324 1426.026
563.602 1460.104
563.880 1328.232
564.159 1292.770
564.437 1305.959
564.715 1100.926
564.994 921.510
565.272 994.493
565.550 902.503
565.828 787.293
566.107 866.162
566.385 837.133
566.663 722.173
566.942 747.889
567.220 797.887
567.498 909.277
567.776 740.093
568.055 601.677
568.333 754.608
568.611 856.300
568.890 730.142
569.168 637.968
569.446 695.635
569.725 677.323
570.003 533.408
570.281 486.580
570.559 589.141
570.838 627.511
571.116 684.366
571.394 779.372
571.673 783.084
571.951 792.627
572.229 746.071
572.507 728.376
572.786 701.893
573.064 656.857
573.342 633.533
573.621 548.961
573.899 600.714
574.177 801.541
574.455 800.414
574.734 684.804
575.012 745.514
575.290 679.688
575.569 705.889
575.847 724.291
576.125 705.690
576.403 589.533
576.682 634.405
576.960 708.606
577.243 802.441
577.527 680.124
577.810 525.489
578.093 584.237
578.377 579.507
578.660 572.634
578.944 578.608
579.227 545.144
579.510 643.846
579.794 605.839
580.077 559.693
580.360 635.689
580.644 643.316
580.927 650.958
581.210 628.139
581.494 555.729
581.777 618.902
582.061 603.626
582.344 534.481
582.627 514.584
582.911 573.452
583.194 561.094
583.477 668.922
583.761 687.927
584.044 707.931
584.327 680.710
584.611 644.789
584.894 654.823
585.178 587.933
585.461 619.944
585.744 736.870
586.028 637.650
586.311 626.693
586.594 629.736
586.878 563.779
587.161 575.822
587.444 641.865
587.728 652.908
588.011 713.950
588.295 573.993
588.578 602.433
588.861 719.358
589.145 606.120
589.428 621.784
589.711 571.205
589.995 573.673
590.278 720.568
590.562 613.331
590.845 545.827
591.128 752.909
591.412 717.023
591.695 627.871
591.978 726.088
592.262 699.882
592.545 526.045
592.828 682.300
593.112 560.026
593.395 566.050
593.679 573.495
593.962 714.971
594.245 698.380
594.529 580.013
594.812 500.948
595.095 481.587
595.379 664.385
595.662 693.913
595.945 603.890
596.229 543.808
596.512 559.603
596.796 615.698
597.079 679.485
597.362 754.773
597.646 744.175
597.929 657.172
598.212 648.657
598.496 654.626
598.779 721.147
599.062 789.301
599.346 638.304
599.629 605.169
599.913 586.879
600.196 628.297
600.479 656.261
600.763 655.962
601.046 554.416
601.329 657.363
601.613 758.033
601.896 647.944
602.179 729.861
602.463 668.996
602.746 726.992
603.030 761.411
603.313 707.709
603.596 536.011
603.880 611.994
604.163 654.189
604.446 660.443
604.730 593.879
605.013 695.097
605.296 755.561
605.580 683.121
605.863 723.316
606.147 588.192
606.430 594.106
606.713 706.087
606.997 632.379
607.280 871.524
607.563 806.004
607.847 682.086
608.130 694.233
608.414 764.041
608.697 725.918
608.980 715.893
609.264 805.847
609.547 696.378
609.830 714.045
610.114 729.753
610.397 705.304
610.680 729.113
610.964 762.932
611.247 757.086
611.531 699.966
611.814 557.706
612.097 611.718
612.381 830.762
612.664 900.309
612.947 700.149
613.231 662.894
613.514 667.511
613.797 753.009
614.081 820.825
614.364 784.516
614.648 763.923
614.931 738.419
615.214 752.207
615.498 797.231
615.781 860.059
616.064 790.213
616.348 892.612
616.631 950.670
616.914 996.030
617.198 880.791
617.481 771.467
617.765 845.242
618.048 936.931
618.331 856.019
618.615 804.529
618.898 935.987
619.181 949.857
619.465 899.398
619.748 780.739
620.031 722.141
620.315 715.955
620.598 800.034
620.882 852.502
621.165 1053.186
621.448 943.877
621.732 879.180
622.015 722.001
622.298 690.575
622.582 804.074
622.865 772.944
623.148 713.039
623.432 820.608
623.715 707.530
623.999 894.541
624.282 834.230
624.565 885.239
624.849 726.320
625.132 591.731
625.415 903.258
625.699 997.040
625.982 803.331
626.265 733.201
626.549 662.799
626.832 733.540
627.116 829.535
627.399 712.398
627.682 678.738
627.966 629.751
628.249 628.146
628.532 636.594
628.816 834.950
629.099 684.849
629.383 711.224
629.666 725.821
629.949 641.017
630.233 676.556
630.516 726.114
630.799 756.363
631.083 689.069
631.366 622.785
631.649 528.219
631.933 467.989
632.216 647.659
632.500 717.511
632.783 723.221
633.066 727.666
633.350 708.198
633.633 722.990
633.916 723.126
634.200 645.335
634.483 691.683
634.766 735.578
635.050 669.698
635.333 595.829
635.617 576.685
635.900 671.358
636.183 770.402
636.467 726.227
636.750 695.642
637.033 793.786
637.317 798.162
637.600 752.329
637.883 702.827
638.167 661.861
638.450 684.996
638.734 705.626
639.017 758.091
639.300 759.057
639.584 707.863
639.867 875.339
640.150 810.823
640.434 805.240
640.717 854.051
641.000 799.875
641.284 907.381
641.567 845.585
641.851 863.643
642.134 986.898
642.417 909.370
642.701 1045.891
642.984 1079.522
643.267 981.386
643.551 881.229
643.834 810.856
644.117 862.561
644.401 823.099
644.684 904.666
644.968 1077.286
645.251 1068.800
645.534 927.178
645.818 921.579
646.101 1112.145
646.384 1114.991
646.668 1151.640
646.951 1155.425
647.235 1194.134
647.518 1226.118
647.801 1411.298
648.085 1562.114
648.368 1590.867
648.651 1604.054
648.935 1731.398
649.218 1953.649
649.501 1980.024
649.785 2104.366
650.068 2384.780
650.352 2470.158
650.635 2591.614
650.918 2744.521
651.202 2958.244
651.485 3172.858
651.768 3415.446
652.052 3520.572
652.335 3840.602
652.618 4166.482
652.902 4404.194
653.185 4855.962
653.469 5007.944
653.752 5112.546
654.035 5325.525
654.319 5550.895
654.602 5627.295
654.885 5731.291
655.169 5965.039
655.452 6182.519
655.735 6370.029
656.019 6476.213
656.302 6566.695
656.586 6634.654
656.869 6587.588
657.152 6524.666
657.436 6339.343
657.719 6312.551
658.002 6265.091
658.286 6103.772
658.569 5900.470
658.852 5803.235
659.136 5772.408
659.419 5511.524
659.703 5369.422
659.986 5354.223
660.269 5305.126
660.553 5152.406
660.836 5195.119
661.119 5279.498
661.403 5182.337
661.686 5085.537
661.969 5088.619
662.253 4980.834
662.536 5137.367
662.820 5294.319
663.103 5321.731
663.386 5334.945
663.670 5315.704
663.953 5052.948
664.236 5114.834
664.520 4905.136
664.803 4793.716
665.086 4784.844
665.370 4917.380
665.653 4947.804
665.937 4968.064
666.220 4877.829
666.503 4854.531
666.787 4753.139
667.070 4518.926
667.353 4127.695
667.637 3585.882
667.920 3364.815
668.204 2923.434
668.487 2645.741
668.770 2577.180
669.054 2096.557
669.337 1793.931
669.620 1596.202
669.904 1465.277
670.187 1369.959
670.470 1404.038
670.754 1242.842
671.037 1068.520
671.321 1060.306
671.604 1161.623
671.887 1066.627
672.171 971.466
672.454 987.883
672.737 961.246
673.021 959.183
673.304 1056.705
673.587 1242.565
673.871 1234.861
674.154 1197.446
674.438 1282.980
674.721 1317.951
675.004 1362.545
675.288 1372.861
675.571 1431.975
675.854 1355.792
676.138 1268.558
676.421 1291.566
676.704 1222.680
676.988 1302.974
677.271 1430.380
677.555 1257.120
677.838 1071.005
678.121 967.653
678.405 959.332
678.688 1067.020
678.971 866.979
679.255 1054.765
679.538 1145.042
679.821 1131.584
680.105 1001.945
680.388 872.170
680.672 848.155
680.955 912.632
681.238 887.594
681.522 780.670
681.805 834.234
682.088 907.350
682.372 899.982
682.655 838.318
682.938 928.115
683.222 938.581
683.505 808.972
683.789 863.335
684.072 851.868
684.355 868.751
684.639 848.945
684.922 792.604
685.205 809.333
685.489 912.700
685.772 907.411
686.056 954.412
686.339 953.392
686.622 770.844
686.906 705.109
687.189 821.002
687.472 950.464
687.756 775.360
688.039 736.530
688.322 685.408
688.606 862.887
688.889 859.782
689.173 776.301
689.456 901.588
689.739 898.483
690.023 828.751
690.306 899.684
690.589 832.106
690.873 922.838
691.156 965.528
691.439 854.211
691.723 792.843
692.006 836.403
692.290 811.821
692.573 876.424
692.856 981.369
693.140 988.648
693.423 940.031
693.706 827.042
693.990 854.312
694.273 846.223
694.556 1034.230
694.840 1095.340
695.123 918.613
695.407 949.682
695.690 809.749
695.973 868.341
696.257 916.906
696.540 1122.778
696.830 1013.735
697.120 983.955
697.410 1016.851
697.699 973.781
697.989 1208.464
698.279 1115.369
698.569 967.735
698.859 1088.661
699.149 1152.922
699.439 1032.259
699.729 935.311
700.018 885.336
700.308 1044.499
700.598 1000.690
700.888 894.005
701.178 1123.578
701.468 1118.406
701.758 968.361
702.048 1030.097
702.337 1020.040
702.627 1079.559
702.917 984.729
703.207 917.311
703.497 940.557
703.787 857.224
704.077 826.922
704.366 914.643
704.656 790.379
704.946 714.031
705.236 646.408
705.526 736.605
705.816 840.420
706.106 633.225
706.396 684.410
706.685 692.325
706.975 553.321
707.265 453.139
707.555 712.255
707.845 736.634
708.135 585.021
708.425 535.879
708.715 554.236
709.004 746.399
709.294 738.516
709.584 758.778
709.874 791.345
710.164 741.072
710.454 652.638
710.744 588.838
711.034 673.092
711.323 681.632
711.613 621.615
711.903 777.368
712.193 797.056
712.483 617.137
712.773 663.374
713.063 631.672
713.352 610.868
713.642 654.662
713.932 754.870
714.222 753.421
714.512 668.080
714.802 639.349
715.092 693.635
715.382 621.715
715.671 615.710
715.961 611.655
716.251 524.008
716.541 592.822
716.831 664.389
717.121 547.446
717.411 662.209
717.701 762.709
717.990 657.467
718.280 579.823
718.570 560.742
718.860 534.464
719.150 597.078
719.440 582.216
719.730 548.409
720.019 817.945
720.309 746.159
720.599 671.681
720.889 626.097
721.179 693.104
721.469 682.294
721.759 595.721
722.049 635.051
722.338 560.288
722.628 650.722
722.918 698.103
723.208 719.658
723.498 582.179
723.788 640.508
724.078 782.011
724.368 745.931
724.657 636.370
724.947 678.470
725.237 738.026
725.527 755.421
725.817 634.173
726.107 563.500
726.397 569.323
726.686 521.955
726.976 637.062
727.266 738.630
727.556 637.103
727.846 731.641
728.136 779.310
728.426 614.174
728.716 509.543
729.005 651.037
729.295 587.103
729.585 460.108
729.875 466.989
730.165 567.365
730.455 660.499
730.745 662.131
731.035 615.549
731.324 721.826
731.614 690.347
731.904 587.054
732.194 689.115
732.484 642.140
732.774 569.202
733.064 542.958
733.354 443.756
733.643 542.636
733.933 590.860
734.223 533.375
734.513 689.341
734.803 707.594
735.093 566.151
735.383 537.427
735.672 618.501
735.962 708.772
736.252 538.989
736.542 560.633
736.832 575.344
737.122 518.085
737.412 604.379
737.702 682.519
737.991 642.303
738.281 574.757
738.571 639.045
738.861 651.149
739.151 591.130
739.441 656.448
739.731 562.073
740.021 604.579
740.310 729.455
740.600 762.772
740.890 497.249
741.180 573.275
741.470 668.063
741.760 744.094
742.050 808.279
742.339 674.389
742.629 602.202
742.919 758.503
743.209 563.109
743.499 564.674
743.789 583.075
744.079 607.847
744.369 649.797
744.658 608.488
744.948 435.628
745.238 599.607
745.528 680.895
745.818 808.574
746.108 709.387
746.398 650.528
746.688 616.783
746.977 796.544
747.267 652.572
747.557 670.138
747.847 750.674
748.137 650.943
748.427 614.146
748.717 540.076
749.006 421.150
749.296 553.062
749.586 654.024
749.876 730.391
750.166 605.908
750.456 610.520
750.746 669.032
751.036 594.201
751.325 720.966
751.615 665.762
751.905 707.739
752.195 725.465
752.485 629.484
752.775 638.141
753.065 553.075
753.355 765.306
753.644 771.331
753.934 633.111
754.224 638.513
754.514 824.916
754.804 581.379
755.094 459.031
755.384 534.275
755.674 640.613
755.963 724.884
756.253 624.225
756.543 692.826
756.833 738.458
757.123 735.727
757.413 596.787
757.703 515.398
757.992 559.638
758.282 649.456
758.572 616.962
758.862 486.327
759.152 553.682
759.442 572.221
759.732 698.443
760.022 798.964
760.311 670.007
760.601 525.156
760.891 661.996
761.181 706.575
761.471 676.117
761.761 554.963
762.051 495.565
762.341 663.093
762.630 759.449
762.920 644.664
763.210 659.445
763.500 718.215
763.793 611.486
764.086 645.743
764.379 663.221
764.671 780.945
764.964 618.991
765.257 634.100
765.550 718.057
765.843 531.584
766.136 608.215
766.429 604.200
766.722 606.631
767.014 568.815
767.307 468.701
767.600 518.064
767.893 558.927
768.186 527.695
768.479 571.060
768.772 688.013
769.064 623.514
769.357 572.552
769.650 586.252
769.943 734.722
770.236 639.070
770.529 530.861
770.822 579.266
771.115 645.816
771.407 735.284
771.700 742.366
771.993 760.305
772.286 683.874
772.579 728.565
772.872 612.655
773.165 600.576
773.457 688.295
773.750 627.453
774.043 521.517
774.336 574.587
774.629 632.921
774.922 625.505
775.215 553.877
775.508 566.878
775.800 578.397
776.093 693.801
776.386 699.156
776.679 600.179
776.972 662.634
777.265 862.047
777.558 858.178
777.850 661.353
778.143 658.355
778.436 677.143
778.729 670.450
779.022 685.542
779.315 565.961
779.608 503.666
779.900 519.764
780.193 604.203
780.486 630.722
780.779 569.925
781.072 538.309
781.365 677.281
781.658 659.906
781.951 560.525
782.243 571.442
782.536 640.880
782.829 695.113
783.122 629.869
783.415 637.278
783.708 728.568
784.001 746.639
784.293 777.749
784.586 769.972
784.879 740.931
785.172 664.130
785.465 542.567
785.758 636.772
786.051 676.869
786.344 751.532
786.636 911.459
786.929 694.259
787.222 602.388
787.515 581.178
787.808 580.033
788.101 530.100
788.394 698.947
788.686 834.828
788.979 808.679
789.272 724.970
789.565 669.372
789.858 578.570
790.151 543.200
790.444 566.194
790.737 585.776
791.029 523.745
791.322 647.513
791.615 608.000
791.908 642.198
792.201 637.581
792.494 623.004
792.787 648.295
793.079 808.479
793.372 698.128
793.665 687.873
793.958 678.916
794.251 689.899
794.544 784.845
794.837 898.305
795.130 708.889
795.422 665.037
795.715 678.014
796.008 660.742
796.301 654.462
796.594 609.657
796.887 670.429
797.180 648.182
797.472 522.575
797.765 465.761
798.058 550.970
798.351 538.574
798.644 472.787
798.937 474.796
799.230 551.032
799.523 924.479
799.815 871.653
800.108 612.446
800.401 515.751
800.694 673.966
800.987 631.435
801.280 683.662
801.573 735.625
801.865 741.635
802.158 629.133
802.451 534.338
802.744 559.304
803.037 605.227
803.330 601.851
803.623 748.971
803.915 731.022
804.208 580.918
804.501 634.149
804.794 623.153
805.087 590.545
805.380 518.597
805.673 515.091
805.966 615.206
806.258 578.763
806.551 709.459
806.844 745.619
807.137 755.428
807.430 534.806
807.723 554.901
808.016 730.619
808.308 759.267
808.601 620.208
808.894 590.283
809.187 663.401
809.480 694.941
809.773 631.946
810.066 661.772
810.359 661.447
810.651 681.969
810.944 494.805
811.237 524.583
811.530 690.087
811.825 562.516
812.119 495.364
812.414 439.880
812.709 559.531
813.003 645.699
813.298 585.405
813.593 634.225
813.887 618.416
814.182 918.874
814.476 780.735
814.771 778.719
815.066 683.676
815.360 554.947
815.655 528.539
815.950 516.884
816.244 600.317
816.539 747.326
816.834 726.953
817.128 708.322
817.423 742.273
817.718 933.727
818.012 766.358
818.307 484.850
818.602 567.857
818.896 652.200
819.191 552.165
819.486 578.034
819.780 736.649
820.075 831.063
820.369 809.012
820.664 670.113
820.959 762.260
821.253 739.231
821.548 603.494
821.843 691.990
822.137 761.331
822.432 719.182
822.727 693.878
823.021 627.811
823.316 768.503
823.611 800.494
823.905 678.369
824.200 562.631
824.495 629.234
824.789 768.490
825.084 736.082
825.379 630.334
825.673 640.518
825.968 738.185
826.262 740.041
826.557 751.979
826.852 800.028
827.146 745.903
827.441 666.654
827.736 711.962
828.030 676.602
828.325 540.017
828.620 700.329
828.914 791.418
829.209 632.138
829.504 807.796
829.798 787.054
830.093 645.645
830.388 564.264
830.682 514.052
830.977 679.812
831.271 727.768
831.566 630.595
831.861 654.345
832.155 652.678
832.450 714.172
832.745 793.715
833.039 710.090
833.334 589.909
833.629 659.497
833.923 654.503
834.218 585.901
834.513 602.588
834.807 636.091
835.102 537.178
835.397 578.506
835.691 511.347
835.986 539.345
836.281 536.794
836.575 514.756
836.870 597.748
837.164 624.738
837.459 581.173
837.754 625.131
838.048 607.777
838.343 559.413
838.638 611.555
838.932 634.668
839.227 601.383
839.522 635.495
839.816 636.409
840.111 614.241
840.406 628.770
840.700 761.118
840.995 893.794
841.290 940.035
841.584 717.528
841.879 762.973
842.174 755.279
842.468 686.883
842.763 552.320
843.057 649.073
843.352 692.228
843.647 682.051
843.941 662.810
844.236 754.790
844.531 747.217
844.825 683.555
845.120 774.386
845.415 798.764
845.709 725.101
846.004 778.092
846.299 594.328
846.593 779.990
846.888 707.023
847.183 609.421
847.477 618.024
847.772 693.056
848.066 739.313
848.361 706.843
848.656 739.591
848.950 704.725
849.245 800.512
849.540 678.101
849.834 784.276
850.129 784.043
850.424 722.960
850.718 697.369
851.013 837.614
851.308 733.337
851.602 744.833
851.897 847.828
852.192 932.004
852.486 759.207
852.781 676.747
853.076 819.946
853.370 792.707
853.665 844.209
853.959 834.305
854.254 718.203
854.549 882.547
854.843 832.448
855.138 732.315
855.433 801.715
855.727 913.944
856.022 762.643
856.317 739.223
856.611 754.464
856.906 670.008
857.201 709.629
857.495 870.248
857.790 892.754
858.085 825.197
858.379 711.475
858.674 562.766
858.969 577.676
859.263 642.074
859.558 634.459
859.852 586.925
860.147 619.642
860.442 765.165
860.736 580.761
861.031 756.950
861.326 837.487
861.620 674.407
861.915 806.445
862.210 773.820
862.504 627.636
862.799 737.979
863.094 763.018
863.388 673.300
863.683 643.967
863.978 624.761
864.272 618.195
864.567 627.804
864.861 592.995
865.156 519.627
865.451 528.964
865.745 747.509
866.040 818.739
866.335 781.020
866.629 847.101
866.924 678.353
867.219 622.729
867.513 757.322
867.808 691.181
868.103 650.904
868.397 638.112
868.692 685.320
868.987 623.086
869.281 571.347
869.576 725.954
869.871 806.321
870.165 631.631
870.460 499.540
870.754 597.962
871.049 607.700
871.344 680.766
871.638 673.826
871.933 560.195
872.228 587.214
872.522 619.471
872.817 713.927
873.112 925.288
873.406 709.909
873.701 817.237
873.996 794.236
874.290 645.615
874.585 570.586
874.880 638.909
875.174 621.593
875.469 630.665
875.764 673.504
876.058 611.149
876.353 516.098
876.647 478.180
876.942 527.636
877.237 610.343
877.531 671.584
877.826 678.581
878.121 633.881
878.415 601.002
878.710 533.017
879.005 702.153
879.299 677.558
879.594 613.265
879.889 483.940
880.183 470.848
880.478 575.244
880.773 590.053
881.067 600.148
881.362 658.577
881.656 560.687
881.951 605.549
882.246 531.860
882.540 599.093
882.835 606.642
883.130 592.322
883.424 524.771
883.719 483.602
884.014 650.020
884.308 604.812
884.603 525.972
884.898 589.770
885.192 655.933
885.487 609.872
885.782 555.982
886.076 680.891
886.371 641.977
886.666 473.698
886.960 529.736
887.255 480.032
887.549 505.100
887.844 704.396
888.139 757.781
888.433 695.944
888.728 568.608
889.023 556.184
889.317 640.314
889.612 529.039
889.907 563.094
890.201 641.865
890.496 658.107
890.791 627.500
891.085 572.234
891.380 520.169
891.675 501.204
891.969 567.468
892.264 493.731
892.559 541.795
892.853 657.905
893.148 575.832
893.442 529.893
893.737 639.718
894.032 581.014
894.326 465.605
894.621 506.143
894.916 405.188
895.210 442.726
895.505 594.086
895.800 540.686
896.094 452.363
896.389 513.273
896.684 528.753
896.978 526.531
897.273 457.622
897.568 549.983
897.862 592.919
898.157 564.635
898.451 695.233
898.746 662.499
899.041 728.640
899.335 640.962
899.630 531.610
899.925 597.579
900.219 649.847
900.514 737.079
900.809 581.583
901.103 441.128
901.398 654.281
901.693 558.087
901.987 509.574
902.282 648.043
902.577 537.701
902.871 433.845
903.166 547.533
903.461 602.495
903.755 612.873
904.050 587.649
904.344 480.993
904.639 546.042
904.934 551.030
905.228 536.743
905.523 430.900
905.818 485.477
906.112 639.540
906.407 611.823
906.702 571.348
906.996 595.231
907.291 598.849
907.586 580.563
907.880 762.899
908.175 684.511
908.470 618.157
908.764 662.110
909.059 732.235
909.354 664.237
909.648 568.050
909.943 584.498
910.237 690.792
910.532 737.897
910.827 777.320
911.121 717.492
911.416 644.372
911.711 641.624
912.005 631.765
912.300 626.483
912.599 776.242
912.898 668.018
913.196 627.215
913.495 639.284
913.794 694.385
914.093 627.826
914.391 655.980
914.690 717.527
914.989 652.847
915.288 739.934
915.586 656.280
915.885 509.578
916.184 454.259
916.483 499.296
916.782 594.229
917.080 651.569
917.379 626.441
917.678 604.420
917.977 730.907
918.275 732.555
918.574 688.160
918.873 685.024
919.172 666.356
919.471 570.675
919.769 541.812
920.068 561.958
920.367 564.000
920.666 544.083
920.964 627.308
921.263 546.638
921.562 515.849
921.861 636.428
922.159 550.378
922.458 553.298
922.757 604.533
923.056 567.841
923.355 600.861
923.653 682.164
923.952 641.592
924.251 533.966
924.550 692.137
924.848 717.914
925.147 583.289
925.446 557.092
925.745 663.577
926.043 649.968
926.342 637.940
926.641 598.588
926.940 651.552
927.239 663.589
927.537 783.451
927.836 717.233
928.135 661.903
928.434 744.559
928.732 665.975
929.031 700.783
929.330 740.179
929.629 683.129
929.927 689.696
930.226 659.114
930.525 707.603
930.824 834.956
931.123 718.340
931.421 806.858
931.720 825.504
932.019 858.708
932.318 804.868
932.616 696.768
932.915 630.162
933.214 755.748
933.513 723.893
933.812 673.786
934.110 779.678
934.409 867.155
934.708 739.693
935.007 994.176
935.305 952.883
935.604 719.949
935.903 814.202
936.202 900.231
936.500 927.943
936.799 984.100
937.098 960.448
937.397 878.514
937.696 802.458
937.994 805.813
938.293 878.503
938.592 765.974
938.891 742.679
939.189 829.744
939.488 908.106
939.787 1060.202
940.086 936.312
940.384 951.290
940.683 866.436
940.982 804.597
941.281 954.558
941.580 1224.698
941.878 1173.016
942.177 981.306
942.476 1004.500
942.775 989.899
943.073 806.329
943.372 774.369
943.671 1055.907
943.970 1136.366
944.268 975.325
944.567 867.187
944.866 909.599
945.165 902.445
945.464 816.327
945.762 718.712
946.061 1011.853
946.360 1109.656
946.659 1086.276
946.957 1117.303
947.256 1047.214
947.555 955.089
947.854 1035.673
948.153 900.654
948.451 820.216
948.750 843.667
949.049 861.476
949.348 1133.291
949.646 1035.846
949.945 927.362
950.244 1073.319
950.543 1007.156
950.841 868.463
951.140 845.300
951.439 702.188
951.738 718.871
952.037 808.041
952.335 926.958
952.634 916.968
952.933 767.788
953.232 751.810
953.530 550.478
953.829 891.389
954.128 1016.828
954.427 916.093
954.725 1038.748
955.024 1004.261
955.323 944.557
955.622 749.382
955.921 661.231
956.219 762.977
956.518 705.516
956.817 765.748
957.116 814.834
957.414 833.188
957.713 687.268
958.012 629.896
958.311 642.107
958.610 809.034
958.908 844.968
959.207 808.023
959.506 838.590
959.805 834.788
960.103 833.851
960.402 791.202
960.701 678.689
961.000 681.270
961.298 695.025
961.597 820.455
961.896 748.521
962.195 739.937
962.494 840.367
962.792 735.644
963.091 703.097
963.390 718.372
963.689 725.384
963.987 795.142
964.286 847.548
964.585 876.771
964.884 812.105
965.182 649.158
965.481 1012.665
965.780 1167.333
966.080 1052.468
966.380 894.526
966.680 735.629
966.981 735.920
967.281 742.889
967.581 690.659
967.881 778.088
968.181 777.031
968.481 675.015
968.781 732.349
969.082 644.014
969.382 711.604
969.682 796.948
969.982 854.791
970.282 885.986
970.582 689.137
970.882 588.410
971.183 794.271
971.483 752.567
971.783 693.066
972.083 698.922
972.383 786.058
972.683 803.903
972.983 830.218
973.284 692.782
973.584 579.822
973.884 636.099
974.184 698.177
974.484 770.136
974.784 598.192
975.084 584.492
975.385 669.783
975.685 751.594
975.985 693.953
976.285 773.784
976.585 836.474
976.885 753.400
977.185 713.814
977.486 727.574
977.786 808.247
978.086 932.525
978.386 866.943
978.686 713.281
978.986 714.157
979.286 764.165
979.587 795.173
979.887 695.181
980.187 691.190
980.487 651.198
980.787 725.206
981.087 760.214
981.387 911.222
981.688 734.230
981.988 608.239
982.288 647.247
982.588 664.255
982.888 676.263
983.188 640.271
983.488 767.279
983.789 773.287
984.089 761.295
984.389 704.303
984.689 662.312
984.989 588.320
985.289 575.328
985.589 759.336
985.890 707.344
986.190 588.352
986.490 599.360
986.790 728.368
987.090 691.376
987.390 703.384
987.690 703.392
987.991 533.400
988.291 545.408
988.591 545.416
988.891 459.424
989.191 502.432
989.491 717.440
989.791 676.448
990.092 630.456
990.392 689.464
990.692 673.472
990.992 665.480
991.292 531.487
991.592 692.495
991.892 722.503
992.193 770.511
992.493 739.519
992.793 614.527
993.093 597.535
993.393 585.543
993.693 611.551
993.993 705.558
994.294 779.566
994.594 655.574
994.894 615.582
995.194 719.590
995.494 620.598
995.794 604.605
996.094 612.613
996.395 617.621
996.695 699.629
996.995 502.636
997.295 449.644
997.595 502.652
997.895 509.660
998.195 510.667
998.496 508.675
998.796 559.683
999.096 761.691
999.396 619.698
999.696 654.706
999.996 697.714
1000.296 762.722
1000.597 782.729
1000.897 639.737
1001.197 653.745
1001.497 812.752
1001.797 613.760
1002.097 485.768
1002.397 588.775
1002.698 648.783
1002.998 722.790
1003.298 678.798
1003.598 587.806
1003.898 520.813
1004.198 673.821
1004.498 762.829
1004.799 661.836
1005.099 678.844
1005.399 741.851
1005.699 740.859
1005.999 696.866
1006.299 630.874
1006.599 843.882
1006.900 850.889
1007.200 688.897
1007.500 674.904
1007.800 675.912
1008.100 624.919
1008.400 558.927
1008.700 549.934
1009.001 513.942
1009.301 549.949
1009.601 818.957
1009.901 796.964
1010.201 676.972
1010.501 675.979
1010.801 730.986
1011.102 541.994
1011.402 616.001
1011.702 585.009
1012.002 500.016
1012.302 712.024
1012.602 720.031
1012.902 648.038
1013.203 660.046
1013.503 709.053
1013.803 718.061
1014.103 584.068
1014.403 687.075
1014.703 599.083
1015.003 526.090
1015.304 720.097
1015.604 782.105
1015.904 555.112
1016.204 517.119
1016.504 606.127
1016.804 649.134
1017.104 609.141
1017.405 557.149
1017.705 563.156
1018.005 586.163
1018.305 604.170
1018.605 614.178
1018.905 473.185
1019.205 447.192
1019.506 796.200
1019.806 867.207
1020.106 750.214
1020.406 695.221
1020.706 671.229
1021.006 738.236
1021.306 834.243
1021.607 674.250
1021.907 764.257
1022.207 718.265
1022.507 593.272
1022.807 619.279
1023.107 601.286
1023.407 516.293
1023.708 553.300
1024.008 510.308
1024.308 569.315
1024.608 618.322
1024.908 506.329
1025.208 671.336
1025.508 821.343
1025.809 757.350
1026.109 627.357
1026.409 695.365
1026.709 686.372
1027.009 635.379
1027.309 665.386
1027.609 544.393
1027.910 509.400
1028.210 662.407
1028.510 762.414
1028.810 928.421
1029.110 848.428
1029.410 718.435
1029.710 779.442
1030.011 746.449
1030.311 830.456
1030.611 694.463
1030.911 692.470
1031.211 690.477
1031.511 617.484
1031.811 768.491
1032.112 765.498
1032.412 662.505
1032.712 515.512
1033.012 628.519
1033.312 807.526
1033.612 722.533
1033.912 665.540
1034.212 651.547
1034.513 634.554
1034.813 543.561
1035.113 629.568
1035.413 515.575
1035.713 573.582
1036.013 649.589
1036.313 603.595
1036.614 682.602
1036.914 625.609
1037.214 540.616
1037.514 690.623
1037.814 624.630
1038.114 603.637
1038.414 597.644
1038.715 695.650
1039.015 577.657
1039.315 481.664
1039.615 590.671
1039.915 564.678
1040.215 522.685
1040.515 569.691
1040.816 676.698
1041.116 670.705
1041.416 631.712
1041.716 527.718
1042.016 496.725
1042.316 670.732
1042.616 602.739
1042.917 529.746
1043.217 550.752
1043.517 624.759
1043.817 726.766
1044.117 698.773
1044.417 641.779
1044.717 614.786
1045.018 568.793
1045.318 692.799
1045.618 726.806
1045.918 647.813
1046.218 592.820
1046.518 637.826
1046.818 707.833
1047.119 637.840
1047.419 803.846
1047.719 720.853
1048.019 592.860
1048.319 673.866
1048.619 612.873
1048.919 655.880
1049.220 610.886
1049.520 728.893
1049.820 652.899
1050.120 502.906
1050.420 704.913
1050.720 646.919
1051.020 648.926
1051.321 744.932
1051.621 802.939
1051.921 662.946
1052.221 530.952
1052.521 530.959
1052.821 502.965
1053.121 585.972
1053.422 703.978
1053.722 771.985
1054.022 627.991
1054.322 770.998
1054.622 644.005
1054.922 551.011
1055.222 735.018
1055.523 741.024
1055.823 738.031
1056.123 733.037
1056.423 616.044
1056.723 698.050
1057.023 671.057
1057.323 529.063
1057.624 639.070
1057.924 712.076
1058.224 710.082
1058.524 590.089
1058.824 709.095
1059.124 675.102
1059.424 574.108
1059.725 650.115
1060.025 576.121
1060.325 651.128
1060.625 635.134
1060.925 622.140
1061.225 691.147
1061.525 839.153
1061.826 670.160
1062.126 631.166
1062.426 725.172
1062.726 726.179
1063.026 669.185
1063.326 888.191
1063.626 876.198
1063.927 688.204
1064.227 659.210
1064.527 639.217
1064.827 702.223
1065.127 653.229
1065.427 495.236
1065.727 528.242
1066.028 726.248
1066.328 719.255
1066.628 533.261
1066.928 519.267
1067.228 632.274
1067.528 612.280
1067.828 553.286
1068.129 475.293
1068.429 648.299
1068.729 774.305
1069.029 684.311
1069.329 541.318
1069.629 640.324
1069.929 734.330
1070.230 805.336
1070.530 723.343
1070.830 657.349
1071.130 680.355
1071.430 577.361
1071.730 651.367
1072.030 741.374
1072.331 622.380
1072.631 653.386
1072.931 696.392
1073.231 692.398
1073.531 655.405
1073.831 605.411
1074.131 674.417
1074.432 808.423
1074.732 693.429
1075.032 574.435
1075.332 571.442
1075.632 586.448
1075.932 574.454
1076.232 527.460
1076.533 534.466
1076.833 609.472
1077.133 619.478
1077.433 600.484
1077.733 557.490
1078.033 693.497
1078.333 718.503
1078.634 703.509
1078.934 661.515
1079.234 507.521
1079.534 721.527
1079.834 786.533
1080.134 727.539
1080.434 767.545
1080.735 694.551
1081.035 674.557
1081.335 499.563
1081.635 552.569
1081.935 632.575
1082.235 568.581
1082.535 597.587
1082.836 657.593
1083.136 672.599
1083.436 752.605
1083.736 741.611
1084.036 578.617
1084.336 566.623
1084.636 615.629
1084.937 704.635
1085.237 750.641
1085.537 661.647
1085.837 687.653
1086.137 649.659
1086.437 720.665
1086.737 661.671
1087.038 648.677
1087.338 783.683
1087.638 793.689
1087.938 587.695
1088.238 433.701
1088.538 599.707
1088.838 763.713
1089.139 721.719
1089.439 539.724
1089.739 702.730
1090.039 698.736
1090.339 768.742
1090.639 634.748
1090.939 685.754
1091.240 600.760
1091.540 607.766
1091.840 595.772
1092.140 697.777
1092.453 701.783
1092.766 594.789
1093.079 545.795
1093.392 591.801
1093.705 609.807
1094.018 648.812
1094.330 828.818
1094.643 782.824
1094.956 742.830
1095.269 672.836
1095.582 686.841
1095.895 606.847
1096.208 598.853
1096.521 638.859
1096.834 680.865
1097.147 668.870
1097.460 726.876
1097.773 750.882
1098.085 604.888
1098.398 514.893
1098.711 547.899
1099.024 455.905
1099.337 582.911
1099.650 717.916
1099.963 718.922
1100.276 564.928
1100.589 556.934
1100.902 699.939
1101.215 682.945
1101.528 716.951
1101.841 630.956
1102.153 664.962
1102.466 736.968
1102.779 563.974
1103.092 539.979
1103.405 659.985
1103.718 600.991
1104.031 570.996
1104.344 662.002
1104.657 624.008
1104.970 912.013
1105.283 700.019
1105.596 552.025
1105.909 585.030
1106.221 692.036
1106.534 753.041
1106.847 561.047
1107.160 471.053
1107.473 496.058
1107.786 613.064
1108.099 489.070
1108.412 496.075
1108.725 599.081
1109.038 485.086
1109.351 592.092
1109.664 644.098
1109.977 548.103
1110.289 604.109
1110.602 599.114
1110.915 607.120
1111.228 602.125
1111.541 551.131
1111.854 508.137
1112.167 463.142
1112.480 540.148
1112.793 560.153
1113.106 568.159
1113.419 655.164
1113.732 613.170
1114.044 555.175
1114.357 645.181
1114.670 625.186
1114.983 589.192
1115.296 594.197
1115.609 705.203
1115.922 631.208
1116.235 628.214
1116.548 639.219
1116.861 623.225
1117.174 564.230
1117.487 577.236
1117.800 761.241
1118.112 650.247
1118.425 593.252
1118.738 590.258
1119.051 569.263
1119.364 579.268
1119.677 636.274
1119.990 644.279
1120.303 693.285
1120.616 734.290
1120.929 615.296
1121.242 716.301
1121.555 672.306
1121.868 689.312
1122.180 649.317
1122.493 457.323
1122.806 486.328
1123.119 626.333
1123.432 689.339
1123.745 661.344
1124.058 581.349
1124.371 561.355
1124.684 705.360
1124.997 659.366
1125.310 574.371
1125.623 500.376
1125.935 473.382
1126.248 573.387
1126.561 672.392
1126.874 648.398
1127.187 748.403
1127.500 711.408
1127.813 677.414
1128.126 692.419
1128.439 662.424
1128.752 780.430
1129.065 596.435
1129.378 397.440
1129.691 529.445
1130.003 584.451
1130.316 540.456
1130.629 498.461
1130.942 560.467
1131.255 614.472
1131.568 524.477
1131.881 571.482
1132.194 619.488
1132.507 615.493
1132.820 573.498
1133.133 653.503
1133.446 565.509
1133.759 785.514
1134.071 1243.519
1134.384 933.524
1134.697 856.530
1135.010 888.535
1135.323 686.540
1135.636 547.545
1135.949 489.550
1136.262 500.556
1136.575 590.561
1136.888 616.566
1137.201 615.571
1137.514 580.576
1137.826 674.582
1138.139 606.587
1138.452 581.592
1138.765 797.597
1139.078 779.602
1139.391 749.607
1139.704 712.613
1140.017 671.618
1140.330 587.623
1140.643 588.628
1140.956 574.633
1141.269 576.638
1141.582 638.644
1141.894 580.649
1142.207 733.654
1142.520 678.659
1142.833 763.664
1143.146 634.669
1143.459 518.674
1143.772 581.679
1144.085 679.684
1144.398 624.690
1144.711 575.695
1145.024 548.700
1145.337 615.705
1145.650 692.710
1145.962 612.715
1146.275 626.720
1146.588 537.725
1146.901 642.730
1147.214 648.735
1147.527 557.740
1147.840 632.745
1148.153 608.750
1148.466 676.755
1148.779 657.760
1149.092 691.765
1149.405 572.770
1149.718 635.775
1150.030 652.781
1150.343 596.786
1150.656 533.791
1150.969 540.796
1151.282 723.801
1151.595 655.806
1151.908 564.811
1152.221 452.816
1152.534 468.821
1152.847 743.826
1153.160 687.830
1153.473 679.835
1153.785 725.840
1154.098 678.845
1154.411 749.850
1154.724 689.855
1155.037 750.860
1155.350 666.865
1155.663 662.870
1155.976 572.875
1156.289 674.880
1156.602 555.885
1156.915 431.890
1157.228 497.895
1157.541 610.900
1157.853 613.905
1158.166 621.910
1158.479 690.915
1158.792 618.919
1159.105 648.924
1159.418 692.929
1159.731 629.934
1160.044 618.939
1160.357 761.944
1160.670 712.949
1160.983 498.954
1161.296 604.959
1161.609 753.963
1161.921 627.968
1162.234 568.973
1162.547 451.978
1162.860 482.983
1163.173 516.988
1163.486 635.993
1163.799 709.997
1164.112 630.002
1164.425 611.007
1164.738 568.012
1165.051 512.017
1165.364 592.022
1165.676 641.026
1165.989 692.031
1166.302 600.036
1166.615 715.041
1166.928 715.046
1167.241 753.050
1167.554 740.055
1167.867 737.060
1168.180 737.065
1168.493 536.070
1168.806 571.074
1169.119 599.079
1169.432 730.084
1169.744 723.089
1170.057 649.094
1170.370 758.098
1170.683 692.103
1170.996 580.108
1171.309 588.113
1171.622 559.117
1171.935 595.122
1172.248 768.127
1172.561 770.132
1172.874 701.136
1173.187 713.141
1173.500 716.146
1173.812 754.150
1174.125 713.155
1174.438 713.160
1174.751 522.165
1175.064 570.169
1175.377 718.174
1175.690 558.179
1176.003 519.183
1176.316 589.188
1176.629 603.193
1176.942 550.197
1177.255 526.202
1177.567 505.207
1177.880 553.212
1178.193 641.216
1178.506 547.221
1178.819 647.226
1179.132 770.230
1179.445 587.235
1179.758 718.239
1180.071 685.244
1180.384 536.249
1180.697 647.253
1181.010 734.258
1181.323 786.263
1181.635 765.267
1181.948 727.272
1182.261 608.277
1182.574 500.281
1182.887 589.286
1183.200 769.290
1183.513 685.295
1183.826 625.300
1184.139 643.304
1184.452 607.309
1184.765 570.313
1185.078 539.318
1185.391 567.323
1185.703 505.327
1186.016 476.332
1186.329 536.336
1186.642 648.341
1186.955 747.345
1187.268 664.350
1187.581 707.355
1187.894 719.359
1188.207 749.364
1188.520 622.368
1188.833 596.373
1189.146 497.377
1189.459 472.382
1189.771 597.386
1190.084 724.391
1190.397 620.395
1190.710 636.400
1191.023 688.405
1191.336 676.409
1191.649 622.414
1191.962 619.418
1192.275 520.423
1192.588 648.427
1192.901 828.432
1193.214 662.436
1193.526 598.441
1193.839 665.445
1194.152 589.450
1194.465 667.454
1194.778 589.459
1195.091 582.463
1195.404 619.467
1195.717 697.472
1196.030 768.476
1196.343 596.481
1196.656 495.485
1196.969 602.490
1197.282 711.494
1197.594 674.499
1197.907 772.503
1198.220 753.508
1198.533 606.512
1198.846 589.516
1199.159 598.521
1199.472 597.525
1199.785 705.530
1200.098 569.534
1200.411 696.539
1200.724 635.543
1201.037 593.547
1201.350 527.552
1201.662 471.556
1201.975 614.561
1202.288 631.565
1202.601 253.569
