165.028 34.371
165.288 -42.985
165.547 74.663
165.807 108.313
166.067 13.967
166.327 -33.376
166.587 -70.716
166.847 67.947
167.107 95.613
167.367 102.283
167.627 148.955
167.886 98.631
168.146 58.309
168.406 221.990
168.666 200.675
168.926 141.362
169.186 124.052
169.446 81.745
169.706 -11.559
169.966 93.139
170.225 147.840
170.485 159.544
170.745 185.251
171.005 315.960
171.265 135.672
171.525 86.387
171.785 -47.896
172.045 5.824
172.305 223.546
172.564 116.271
172.824 1.998
173.084 104.727
173.344 73.459
173.604 39.194
173.864 102.930
174.124 87.669
174.384 101.411
174.644 170.154
174.903 304.900
175.163 292.648
175.423 339.398
175.683 143.151
175.943 205.905
176.203 175.662
176.463 90.420
176.723 69.181
176.983 131.944
177.242 145.708
177.502 307.475
177.762 299.243
178.022 77.014
178.282 85.786
178.542 16.560
178.802 20.336
179.062 16.114
179.322 234.893
179.581 305.674
179.841 171.457
180.101 261.241
180.361 260.028
180.621 229.815
180.881 180.605
181.141 127.396
181.401 148.188
181.661 202.982
181.920 292.777
182.180 205.574
182.440 103.373
182.700 19.172
182.960 64.973
183.220 150.776
183.480 330.580
183.740 194.385
184.000 108.191
184.259 -2.001
184.519 157.808
184.779 195.618
185.039 236.429
185.299 307.241
185.559 331.055
185.819 295.869
186.079 230.685
186.339 164.501
186.598 179.319
186.858 88.138
187.118 52.958
187.378 180.778
187.638 220.600
187.898 288.422
188.158 360.245
188.418 170.070
188.678 48.895
188.937 169.720
189.197 216.547
189.457 233.374
189.717 187.202
189.977 36.031
190.237 51.861
190.497 249.691
190.757 215.521
191.017 159.353
191.276 84.185
191.536 142.017
191.796 115.851
192.056 105.684
192.316 183.518
192.576 143.353
192.836 127.188
193.096 185.024
193.356 151.860
193.616 147.696
193.875 161.533
194.135 137.370
194.395 266.208
194.655 299.045
194.915 273.883
195.175 222.722
195.435 282.560
195.695 59.399
195.955 -43.762
196.214 150.078
196.474 262.917
196.734 263.757
196.994 262.597
197.254 280.436
197.514 247.276
197.774 197.117
198.034 126.957
198.294 154.797
198.553 188.637
198.813 122.477
199.073 35.317
199.333 150.158
199.593 287.998
199.853 246.838
200.113 342.678
200.373 327.518
200.633 153.358
200.892 96.197
201.152 94.037
201.412 138.876
201.672 255.715
201.932 436.554
202.192 375.393
202.452 154.231
202.712 141.069
202.972 243.907
203.231 318.745
203.491 268.582
203.751 216.419
204.011 226.256
204.271 300.093
204.531 158.929
204.791 133.764
205.051 168.599
205.311 296.434
205.570 178.269
205.830 145.103
206.090 158.936
206.350 220.769
206.610 421.602
206.870 227.434
207.130 164.265
207.390 248.096
207.650 208.927
207.909 276.757
208.169 293.586
208.429 308.415
208.689 185.243
208.949 302.071
209.209 340.898
209.469 156.724
209.729 161.550
209.989 196.375
210.248 103.200
210.508 372.023
210.768 290.846
211.028 166.669
211.288 291.490
211.548 258.311
211.808 277.131
212.068 368.951
212.328 385.770
212.587 398.587
212.847 294.405
213.107 308.221
213.367 310.036
213.627 289.851
213.887 289.665
214.147 181.478
214.407 212.290
214.667 194.101
214.926 338.912
215.186 306.721
215.446 357.530
215.706 240.338
215.966 184.144
216.226 219.950
216.486 234.755
216.746 269.559
217.006 340.363
217.265 259.165
217.525 219.966
217.785 265.766
218.045 279.565
218.305 202.364
218.565 179.161
218.825 294.957
219.085 427.752
219.345 255.546
219.604 136.340
219.864 297.132
220.124 344.923
220.384 347.713
220.644 275.502
220.904 190.289
221.164 236.076
221.424 222.862
221.684 179.647
221.943 228.430
222.203 346.212
222.463 243.994
222.723 133.774
222.983 291.553
223.243 222.331
223.503 235.107
223.763 187.883
224.023 168.657
224.282 300.431
224.542 333.203
224.802 336.973
225.062 333.743
225.322 398.512
225.582 315.279
225.842 313.045
226.102 293.810
226.362 270.574
226.621 354.336
226.881 256.097
227.141 312.857
227.401 364.616
227.661 265.374
227.921 390.130
228.181 288.885
228.441 226.639
228.701 416.392
228.960 489.143
229.220 249.893
229.480 151.642
229.740 358.389
230.000 458.135
230.260 297.880
230.520 215.624
230.780 245.366
231.040 273.107
231.299 223.847
231.559 251.585
231.819 289.322
232.079 375.058
232.339 366.793
232.599 193.526
232.859 278.258
233.119 360.988
233.379 261.717
233.638 281.445
233.898 373.171
234.158 378.897
234.418 235.620
234.678 292.343
234.938 409.064
235.198 275.784
235.458 258.502
235.718 316.219
235.978 266.935
236.237 305.649
236.497 345.362
236.757 394.074
237.017 345.784
237.277 320.492
237.537 334.200
237.797 226.906
238.057 310.611
238.317 260.314
238.576 162.016
238.836 279.716
239.096 393.415
239.356 303.113
239.616 285.810
239.876 314.505
240.136 318.198
240.396 343.890
240.656 403.581
240.915 366.270
241.175 354.958
241.435 239.645
241.695 329.330
241.955 533.014
242.215 544.696
242.475 448.377
242.735 257.056
242.995 322.735
243.254 412.411
243.514 326.086
243.774 148.760
244.034 221.433
244.294 549.104
244.554 484.773
244.814 406.442
245.074 341.108
245.334 342.774
245.593 340.438
245.853 308.100
246.113 246.761
246.373 386.421
246.633 453.079
246.893 393.736
247.153 351.391
247.413 384.045
247.673 361.698
247.932 319.349
248.192 371.999
248.452 432.647
248.712 363.294
248.972 206.939
249.232 452.583
249.492 356.226
249.752 193.867
250.012 406.507
250.271 351.145
250.531 372.782
250.791 590.418
251.051 571.052
251.311 393.684
251.571 178.315
251.831 309.945
252.091 394.574
252.351 345.201
252.610 261.826
252.870 270.450
253.130 261.073
253.390 292.694
253.650 382.314
253.911 388.933
254.172 381.550
254.433 313.165
254.694 278.779
254.955 367.392
255.216 309.004
255.477 457.614
255.738 432.222
255.999 321.829
256.261 445.435
256.522 372.040
256.783 390.642
257.044 300.244
257.305 229.844
257.566 195.443
257.827 195.040
258.088 334.636
258.349 302.231
258.610 408.824
258.871 462.415
259.132 552.006
259.393 406.595
259.654 283.182
259.915 221.768
260.176 293.353
260.437 418.937
260.698 380.519
260.959 267.099
261.221 401.678
261.482 474.256
261.743 369.833
262.004 373.408
262.265 585.982
262.526 532.554
262.787 285.125
263.048 239.694
263.309 338.263
263.570 473.830
263.831 348.395
264.092 294.959
264.353 199.522
264.614 513.083
264.875 470.643
265.136 327.202
265.397 526.759
265.658 597.315
265.919 591.870
266.181 560.423
266.442 419.975
266.703 371.525
266.964 323.075
267.225 300.623
267.486 354.169
267.747 467.714
268.008 520.258
268.269 546.801
268.530 511.765
268.791 432.304
269.052 465.841
269.313 454.377
269.574 414.912
269.835 445.446
270.096 472.978
270.357 477.509
270.618 380.039
270.879 357.567
271.141 396.094
271.402 365.620
271.663 311.145
271.924 407.668
272.185 448.189
272.446 400.710
272.707 402.229
272.968 321.747
273.229 327.264
273.490 373.779
273.751 339.293
274.012 359.806
274.273 482.317
274.534 421.828
274.795 432.337
275.056 454.844
275.317 354.351
275.578 247.856
275.839 324.360
276.101 336.862
276.362 307.363
276.623 361.864
276.884 510.362
277.145 508.860
277.406 487.356
277.667 382.851
277.928 322.345
278.189 511.837
278.450 472.329
278.711 459.819
278.972 480.308
279.233 402.795
279.494 486.281
279.755 561.766
280.016 613.250
280.277 434.733
280.538 398.214
280.799 328.694
281.061 383.173
281.322 406.651
281.583 366.128
281.844 316.603
282.105 321.077
282.366 430.550
282.627 392.022
282.888 454.492
283.149 479.961
283.410 392.429
283.671 433.896
283.932 373.362
284.193 217.827
284.454 327.290
284.715 416.752
284.976 389.213
285.237 483.673
285.498 691.131
285.759 580.589
286.021 559.045
286.282 524.500
286.543 481.954
286.804 474.407
287.065 482.858
287.326 505.309
287.587 344.758
287.848 443.206
288.109 532.653
288.370 497.099
288.631 334.543
288.892 253.987
289.153 311.429
289.414 323.871
289.675 554.311
289.936 639.750
290.197 555.187
290.458 494.624
290.719 423.060
290.981 558.494
291.242 638.928
291.503 553.360
291.764 407.791
292.025 299.221
292.286 331.650
292.547 479.077
292.808 408.504
293.069 476.930
293.330 500.354
293.591 500.778
293.852 450.200
294.113 346.621
294.374 369.041
294.635 456.460
294.896 507.878
295.157 542.295
295.418 513.711
295.679 526.125
295.941 511.539
296.202 480.952
296.463 418.363
296.724 574.774
296.985 619.183
297.246 512.591
297.507 410.998
297.768 356.405
298.029 446.810
298.290 654.214
298.551 657.617
298.812 677.019
299.073 527.420
299.334 389.820
299.595 495.219
299.856 490.616
300.117 618.013
300.378 525.409
300.639 305.804
300.901 277.198
301.162 453.590
301.423 505.982
301.684 643.373
301.945 614.762
302.206 409.151
302.467 521.539
302.728 418.925
302.989 426.311
303.250 493.696
303.511 610.079
303.772 539.462
304.033 498.844
304.294 475.224
304.555 462.604
304.816 529.983
305.077 535.360
305.338 384.737
305.599 365.113
305.861 454.488
306.122 523.862
306.383 463.234
306.644 471.606
306.905 378.977
307.166 545.347
307.427 547.716
307.688 489.084
307.949 437.451
308.210 449.817
308.471 481.183
308.732 443.547
308.993 341.910
309.254 413.273
309.515 341.634
309.776 522.994
310.037 549.354
310.298 363.713
310.559 351.070
310.821 525.427
311.082 534.783
311.343 378.138
311.604 336.492
311.865 297.845
312.126 345.197
312.387 443.548
312.648 436.899
312.909 452.248
313.170 468.597
313.434 476.944
313.698 419.291
313.963 528.637
314.227 422.982
314.491 410.326
314.755 496.669
315.019 467.011
315.284 297.353
315.548 406.693
315.812 425.033
316.076 619.372
316.340 588.710
316.604 560.047
316.869 599.383
317.133 528.718
317.397 563.052
317.661 568.386
317.925 511.719
318.190 485.050
318.454 419.381
318.718 383.711
318.982 534.041
319.246 643.369
319.511 697.697
319.775 518.023
320.039 550.349
320.303 505.674
320.567 551.999
320.832 530.322
321.096 434.644
321.360 430.966
321.624 459.287
321.888 452.607
322.153 456.926
322.417 374.245
322.681 334.562
322.945 487.879
323.209 528.195
323.473 492.510
323.738 449.824
324.002 420.138
324.266 570.451
324.530 578.763
324.794 447.074
325.059 364.384
325.323 317.694
325.587 410.002
325.851 430.310
326.115 605.617
326.380 576.924
326.644 564.229
326.908 541.534
327.172 486.838
327.436 540.141
327.701 498.444
327.965 437.746
328.229 502.046
328.493 375.347
328.757 372.646
329.022 525.945
329.286 454.242
329.550 386.540
329.814 394.836
330.078 432.131
330.342 418.426
330.607 489.720
330.871 558.014
331.135 660.306
331.399 625.598
331.663 548.889
331.928 513.179
332.192 556.469
332.456 497.758
332.720 557.046
332.984 483.333
333.249 515.620
333.513 493.906
333.777 421.191
334.041 424.476
334.305 445.759
334.570 486.042
334.834 396.325
335.098 605.606
335.362 673.887
335.626 603.167
335.891 450.447
336.155 449.725
336.419 464.003
336.683 319.281
336.947 444.557
337.211 506.833
337.476 394.109
337.740 436.383
338.004 441.657
338.268 402.930
338.532 436.203
338.797 414.474
339.061 479.745
339.325 596.016
339.589 670.286
339.853 569.555
340.118 483.823
340.382 566.091
340.646 626.358
340.910 439.624
341.174 424.890
341.439 469.155
341.703 536.419
341.967 488.682
342.231 489.945
342.495 447.208
342.759 559.469
343.024 566.730
343.288 655.991
343.552 557.251
343.816 354.510
344.080 412.768
344.345 490.026
344.609 338.283
344.873 285.539
345.137 475.795
345.401 533.050
345.666 372.305
345.930 554.559
346.194 613.812
346.458 417.065
346.722 445.317
346.987 450.568
347.251 503.819
347.515 687.069
347.779 546.318
348.043 419.567
348.308 433.815
348.572 374.063
348.836 382.310
349.100 458.556
349.364 353.802
349.628 346.047
349.893 454.292
350.157 563.536
350.421 476.779
350.685 457.022
350.949 403.264
351.214 327.506
351.478 429.746
351.742 498.987
352.006 523.226
352.270 474.466
352.535 360.704
352.799 400.942
353.063 525.179
353.327 434.416
353.591 383.652
353.856 448.888
354.120 468.123
354.384 577.358
354.648 642.591
354.912 607.825
355.177 535.057
355.441 392.289
355.705 600.521
355.969 635.752
356.233 527.982
356.497 585.212
356.762 558.442
357.026 465.670
357.290 496.898
357.554 513.126
357.818 507.353
358.083 501.580
358.347 465.805
358.611 471.031
358.875 520.256
359.139 520.480
359.404 396.704
359.668 494.927
359.932 624.149
360.196 614.371
360.460 478.593
360.725 469.814
360.989 518.034
361.253 691.254
361.517 647.474
361.781 649.693
362.046 632.911
362.310 650.129
362.574 654.346
362.838 514.563
363.102 501.779
363.366 541.994
363.631 456.209
363.895 484.424
364.159 580.638
364.423 545.852
364.687 594.065
364.952 682.277
365.216 700.489
365.480 552.701
365.747 419.912
366.013 508.122
366.280 493.332
366.546 570.542
366.813 482.751
367.079 559.959
367.346 604.167
367.612 507.374
367.879 552.581
368.145 633.788
368.412 534.994
368.678 554.199
368.945 666.404
369.211 541.608
369.478 492.812
369.744 507.016
370.011 553.219
370.278 551.421
370.544 440.623
370.811 471.825
371.077 518.026
371.344 433.226
371.610 466.426
371.877 515.626
372.143 607.825
372.410 645.023
372.676 749.222
372.943 658.419
373.209 534.616
373.476 483.813
373.742 420.009
374.009 521.205
374.276 543.400
374.542 542.595
374.809 474.790
375.075 343.984
375.342 333.177
375.608 353.370
375.875 419.563
376.141 654.755
376.408 610.946
376.674 548.137
376.941 482.328
377.207 486.518
377.474 873.708
377.740 781.897
378.007 484.086
378.273 555.275
378.540 647.463
378.807 475.650
379.073 437.837
379.340 448.024
379.606 440.210
379.873 464.396
380.139 550.581
380.406 592.766
380.672 576.951
380.939 465.135
381.205 401.318
381.472 319.502
381.738 300.684
382.005 522.867
382.271 602.048
382.538 531.230
382.804 654.411
383.071 537.591
383.338 490.772
383.604 513.951
383.871 644.131
384.137 643.310
384.404 522.488
384.670 555.666
384.937 510.844
385.203 585.021
385.470 545.198
385.736 542.374
386.003 496.550
386.269 508.726
386.536 487.901
386.802 488.076
387.069 596.250
387.336 670.424
387.602 645.597
387.869 433.771
388.135 391.943
388.402 367.116
388.668 424.287
388.935 520.459
389.201 654.630
389.468 672.801
389.734 667.971
390.001 620.141
390.267 525.311
390.534 589.480
390.800 539.648
391.067 604.817
391.333 613.985
391.600 493.152
391.867 540.320
392.133 541.486
392.400 420.653
392.666 391.819
392.933 595.984
393.199 698.150
393.466 580.315
393.732 522.479
393.999 571.643
394.265 546.807
394.532 448.970
394.798 515.133
395.065 474.296
395.331 541.458
395.598 570.620
395.864 513.781
396.131 563.943
396.398 584.103
396.664 650.264
396.931 704.424
397.197 779.583
397.464 710.743
397.730 933.902
397.997 999.060
398.263 916.218
398.530 973.376
398.796 1205.534
399.063 1250.691
399.329 1152.848
399.596 1262.004
399.862 1192.160
400.129 1300.316
400.396 1410.471
400.662 1102.626
400.929 1075.781
401.195 1189.935
401.462 1237.089
401.728 1319.242
401.995 1340.396
402.261 1233.548
402.528 1268.701
402.794 1286.853
403.061 1401.005
403.327 1609.157
403.594 1476.308
403.860 1370.459
404.127 1501.609
404.393 1706.759
404.660 1618.909
404.931 1580.058
405.202 1634.207
405.473 1553.356
405.745 1667.505
406.016 1955.653
406.287 1889.801
406.558 1818.948
406.829 1931.095
407.100 1905.242
407.371 2100.388
407.642 2180.535
407.914 2012.680
408.185 1869.826
408.456 1884.971
408.727 2000.116
408.998 1987.260
409.269 2168.404
409.540 2234.548
409.811 1912.692
410.083 1912.835
410.354 1950.978
410.625 1825.120
410.896 1879.263
411.167 1989.405
411.438 1952.546
411.709 1774.688
411.981 1907.829
412.252 1697.969
412.523 1513.110
412.794 1641.250
413.065 1677.389
413.336 1375.529
413.607 1472.668
413.878 1412.807
414.150 1308.945
414.421 1133.083
414.692 1072.221
414.963 1067.359
415.234 1153.496
415.505 1087.633
415.776 1162.770
416.047 1079.906
416.319 1008.042
416.590 908.178
416.861 644.313
417.132 724.449
417.403 735.584
417.674 723.718
417.945 631.852
418.217 552.986
418.488 726.120
418.759 651.253
419.030 531.387
419.301 600.519
419.572 677.652
419.843 636.784
420.114 542.916
420.386 541.048
420.657 638.179
420.928 579.310
421.199 546.441
421.470 497.571
421.741 402.702
422.012 436.832
422.283 539.961
422.555 582.091
422.826 585.220
423.097 678.349
423.368 612.477
423.639 483.605
423.910 573.733
424.181 496.861
424.453 413.988
424.724 690.115
424.995 802.242
425.266 619.369
425.537 527.495
425.808 692.621
426.079 717.747
426.350 580.873
426.622 523.998
426.893 614.123
427.164 560.247
427.435 476.372
427.706 506.496
427.977 550.620
428.248 462.743
428.519 537.867
428.791 487.990
429.062 628.113
429.333 476.235
429.604 469.357
429.875 633.479
430.146 649.601
430.417 674.723
430.689 626.844
430.960 503.965
431.231 477.086
431.502 677.206
431.773 646.326
432.044 485.446
432.315 718.566
432.586 725.685
432.858 701.804
433.129 510.923
433.400 532.042
433.671 620.160
433.942 556.279
434.213 450.397
434.484 456.514
434.755 558.632
435.027 431.749
435.298 521.866
435.569 613.982
435.840 504.099
436.116 523.215
436.391 581.331
436.667 608.447
436.942 669.562
437.218 693.677
437.493 718.792
437.769 714.907
438.045 624.021
438.320 610.135
438.596 609.249
438.871 552.363
439.147 513.477
439.422 473.590
439.698 373.703
439.974 386.816
440.249 577.928
440.525 641.040
440.800 422.153
441.076 504.264
441.351 674.376
441.627 703.487
441.903 721.598
442.178 520.709
442.454 487.820
442.729 732.930
443.005 599.041
443.281 610.151
443.556 733.260
443.832 643.370
444.107 523.479
444.383 550.588
444.658 562.697
444.934 455.806
445.210 676.914
445.485 700.022
445.761 689.130
446.036 648.238
446.312 689.345
446.587 667.452
446.863 512.559
447.139 571.666
447.414 611.773
447.690 627.879
447.965 690.985
448.241 613.091
448.516 592.197
448.792 546.302
449.068 559.408
449.343 602.513
449.619 502.617
449.894 515.722
450.170 488.826
450.445 705.931
450.721 752.035
450.997 461.138
451.272 573.242
451.548 539.345
451.823 506.448
452.099 608.551
452.375 508.654
452.650 451.756
452.926 567.859
453.201 609.961
453.477 817.062
453.752 711.164
454.028 589.266
454.304 626.367
454.579 713.468
454.855 662.569
455.130 643.669
455.406 732.770
455.681 660.870
455.957 626.970
456.233 594.070
456.508 578.169
456.784 606.268
457.059 600.368
457.335 726.467
457.610 696.565
457.886 636.664
458.162 587.762
458.437 561.860
458.713 627.958
458.988 583.056
459.264 641.154
459.539 676.251
459.815 639.348
460.091 563.445
460.366 539.542
460.642 457.639
460.917 489.735
461.193 559.831
461.468 504.927
461.744 496.023
462.020 484.119
462.295 551.214
462.571 531.309
462.846 561.404
463.122 643.499
463.397 648.594
463.673 526.162
463.949 532.250
464.224 549.327
464.500 571.399
464.775 538.064
465.051 580.996
465.327 602.648
465.602 665.014
465.878 639.797
466.153 498.533
466.429 749.873
466.704 944.825
466.980 810.807
467.256 839.899
467.531 954.946
467.807 930.945
468.082 918.010
468.358 848.114
468.633 879.876
468.909 854.867
469.185 821.646
469.460 913.107
469.736 950.372
470.011 799.405
470.287 841.951
470.562 911.280
470.838 792.209
471.114 816.332
471.389 826.523
471.665 875.983
471.940 953.883
472.216 867.940
472.491 709.841
472.767 783.673
473.043 907.495
473.318 919.755
473.594 724.559
473.869 709.109
474.145 729.544
474.421 697.079
474.696 652.407
474.972 601.225
475.247 645.759
475.523 692.033
475.798 677.536
476.074 663.696
476.350 630.179
476.625 648.238
476.901 648.326
477.176 649.790
477.452 521.037
477.727 484.501
478.003 395.680
478.279 664.060
478.554 765.772
478.830 690.340
479.105 662.628
479.381 655.956
479.656 558.679
479.932 634.186
480.208 721.685
480.483 706.885
480.759 685.736
481.034 594.218
481.310 540.767
481.585 597.220
481.861 656.779
482.137 584.701
482.412 632.485
482.688 618.246
482.963 730.045
483.239 763.464
483.514 555.129
483.790 611.101
484.066 780.402
484.341 677.908
484.617 576.615
484.892 705.897
485.168 704.983
485.443 566.191
485.719 585.158
485.995 694.196
486.270 662.864
486.546 594.372
486.821 480.702
487.097 439.358
487.373 516.913
487.648 654.753
487.924 609.940
488.199 438.495
488.475 324.624
488.750 370.144
489.026 555.079
489.302 525.715
489.577 518.414
489.853 555.202
490.128 680.646
490.404 614.498
490.679 469.760
490.955 722.554
491.231 749.023
491.506 665.683
491.782 559.653
492.057 507.322
492.333 608.180
492.608 566.181
492.884 601.481
493.160 433.258
493.435 452.810
493.711 664.650
493.986 590.616
494.262 559.897
494.537 479.579
494.813 528.211
495.089 430.572
495.364 492.532
495.640 596.732
495.915 591.894
496.191 720.102
496.467 696.255
496.742 587.954
497.018 612.880
497.293 576.429
497.569 625.491
497.844 562.446
498.120 669.450
498.396 679.780
498.671 524.620
498.947 596.193
499.222 618.727
499.498 577.625
499.773 663.270
500.049 692.582
500.325 624.483
500.600 659.805
500.876 605.483
501.151 725.126
501.427 775.123
501.702 847.332
501.978 846.399
502.254 839.113
502.529 667.315
502.805 882.561
503.080 1061.950
503.356 886.504
503.631 837.977
503.907 920.717
504.183 846.902
504.458 896.569
504.734 837.089
505.009 884.683
505.285 858.322
505.560 878.759
505.836 880.732
506.112 868.657
506.387 821.157
506.663 799.164
506.938 783.057
507.214 739.649
507.490 842.002
507.765 803.886
508.041 823.129
508.316 845.398
508.592 691.701
508.867 757.473
509.143 880.398
509.419 773.935
509.694 660.114
509.970 666.200
510.245 582.853
510.521 668.338
510.796 582.823
511.072 542.931
511.348 564.847
511.623 593.828
511.899 569.261
512.174 696.866
512.450 679.377
512.725 666.546
513.001 554.951
513.277 487.141
513.552 658.181
513.828 611.584
514.103 594.298
514.379 701.458
514.654 614.513
514.930 638.911
515.206 984.767
515.481 826.833
515.757 562.790
516.032 558.390
516.308 696.035
516.583 771.518
516.859 714.577
517.135 657.192
517.410 703.597
517.686 703.660
517.961 655.132
518.237 669.443
518.513 542.362
518.788 765.304
519.064 799.603
519.339 708.651
519.615 623.086
519.890 685.228
520.166 729.909
520.442 877.487
520.717 908.347
520.993 841.846
521.268 718.864
521.544 780.523
521.819 729.132
522.095 771.679
522.371 913.857
522.646 959.938
522.922 1033.791
523.197 966.801
523.473 1008.998
523.748 959.297
524.024 846.438
524.300 844.584
524.575 799.667
524.851 873.411
525.126 942.425
525.402 942.429
525.677 1001.818
525.953 895.756
526.229 791.609
526.504 755.104
526.780 973.370
527.055 951.393
527.331 961.021
527.606 995.525
527.882 977.406
528.158 896.024
528.433 1046.555
528.709 970.797
528.984 928.628
529.260 925.664
529.535 998.800
529.811 812.499
530.087 719.799
530.362 767.756
530.638 852.734
530.913 972.083
531.189 952.809
531.465 846.688
531.740 806.018
532.016 866.816
532.291 861.070
532.567 849.230
532.842 868.667
533.118 848.228
533.394 894.740
533.669 828.444
533.945 709.824
534.220 693.344
534.496 843.053
534.771 832.236
535.047 825.299
535.323 794.912
535.598 804.924
535.874 869.243
536.149 866.239
536.425 695.910
536.700 620.624
536.976 708.172
537.252 857.107
537.527 815.766
537.803 871.814
538.078 1079.217
538.354 1178.584
538.629 1149.288
538.905 1258.596
539.181 1352.850
539.456 1369.671
539.732 1525.077
540.007 1630.759
540.283 1503.968
540.558 1503.526
540.834 1561.946
541.110 1553.647
541.385 1577.464
541.661 1736.925
541.936 1844.748
542.212 1760.561
542.488 1809.178
542.763 1868.698
543.039 1903.345
543.314 1907.368
543.590 1873.567
543.865 1985.836
544.141 1940.210
544.417 1894.584
544.692 1800.299
544.968 1879.797
545.243 1775.357
545.519 1614.761
545.794 1595.545
546.070 1725.817
546.348 1625.101
546.627 1424.732
546.905 1569.487
547.183 1577.347
547.461 1608.184
547.740 1699.598
548.018 1476.689
548.296 1355.116
548.575 1340.274
548.853 1365.153
549.131 1417.837
549.409 1459.142
549.688 1553.440
549.966 1578.294
550.244 1599.180
550.523 1603.594
550.801 1584.236
551.079 1610.417
551.357 1793.456
551.636 1837.190
551.914 1827.700
552.192 1733.077
552.471 1801.967
552.749 1849.699
553.027 1845.961
553.306 1909.093
553.584 2023.205
553.862 2041.897
554.140 2148.038
554.419 2222.090
554.697 2366.117
554.975 2395.163
555.254 2426.108
555.532 2250.937
555.810 2390.254
556.088 2566.759
556.367 2449.963
556.645 2297.824
556.923 2325.110
557.202 2398.702
557.480 2481.859
557.758 2227.318
558.036 2045.989
558.315 2080.799
558.593 2175.717
558.871 2192.222
559.150 2142.624
559.428 2097.167
559.706 1956.247
559.984 1927.379
560.263 2081.788
560.541 1900.735
560.819 1779.300
561.098 1769.195
561.376 1719.243
561.654 1486.598
561.932 1278.259
562.211 1313.314
562.489 1338.337
562.767 1198.904
563.046 984.925
563.324 914.928
563.602 898.563
563.880 830.569
564.159 893.955
564.437 962.176
564.715 809.595
564.994 672.405
565.272 797.211
565.550 681.440
565.828 605.365
566.107 723.718
566.385 701.139
566.663 593.027
566.942 584.997
567.220 652.286
567.498 795.266
567.776 679.927
568.055 528.050
568.333 603.095
568.611 700.642
568.890 638.067
569.168 566.950
569.446 658.365
569.725 609.135
570.003 467.151
570.281 486.023
570.559 582.780
570.838 617.271
571.116 717.721
571.394 756.525
571.673 721.417
571.951 620.220
572.229 631.916
572.507 632.575
572.786 624.480
573.064 669.923
573.342 649.520
573.621 520.101
573.899 545.511
574.177 735.542
574.455 747.058
574.734 631.395
575.012 686.234
575.290 684.012
575.569 684.727
575.847 717.829
576.125 630.532
576.403 506.442
576.682 626.945
576.960 682.411
577.243 753.634
577.527 621.416
577.810 478.603
578.093 533.360
578.377 533.470
578.660 522.644
578.944 543.439
579.227 550.500
579.510 654.161
579.794 620.132
580.077 543.248
580.360 565.656
580.644 613.928
580.927 614.582
581.210 621.584
581.494 532.228
581.777 592.439
582.061 619.965
582.344 587.725
582.627 525.954
582.911 580.833
583.194 559.499
583.477 626.409
583.761 659.386
584.044 744.260
584.327 697.094
584.611 577.257
584.894 563.314
585.178 533.387
585.461 563.400
585.744 625.380
586.028 542.048
586.311 624.091
586.594 708.134
586.878 605.176
587.161 601.219
587.444 624.261
587.728 607.303
588.011 702.345
588.295 558.388
588.578 581.848
588.861 709.762
589.145 618.514
589.428 567.123
589.711 494.597
589.995 588.051
590.278 731.949
590.562 606.722
590.845 500.264
591.128 774.257
591.412 743.360
591.695 570.318
591.978 696.536
592.262 676.294
592.545 502.504
592.828 667.717
593.112 575.368
593.395 483.684
593.679 479.259
593.962 642.646
594.245 672.893
594.529 572.436
594.812 442.683
595.095 413.313
595.379 627.031
595.662 670.438
595.945 594.340
596.229 527.322
596.512 570.872
596.796 626.979
597.079 626.398
597.362 757.130
597.646 752.464
597.929 618.973
598.212 631.246
598.496 650.060
598.779 732.380
599.062 823.239
599.346 646.575
599.629 538.481
599.913 586.265
600.196 626.698
600.479 608.404
600.763 616.924
601.046 509.554
601.329 563.244
601.613 663.024
601.896 605.048
602.179 673.255
602.463 627.124
602.746 658.596
603.030 773.566
603.313 715.926
603.596 491.234
603.880 576.084
604.163 648.671
604.446 596.164
604.730 510.011
605.013 600.548
605.296 671.693
605.580 583.581
605.863 655.117
606.147 596.389
606.430 531.784
606.713 610.557
606.997 588.665
607.280 774.036
607.563 680.140
607.847 615.973
608.130 668.147
608.414 682.208
608.697 666.589
608.980 647.690
609.264 708.166
609.547 585.080
609.830 582.178
610.114 641.960
610.397 632.202
610.680 667.824
610.964 664.268
611.247 659.402
611.531 572.745
611.814 484.459
612.097 562.023
612.381 711.508
612.664 796.639
612.947 627.882
613.231 553.335
613.514 589.278
613.797 681.652
614.081 658.112
614.364 626.714
614.648 593.351
614.931 540.341
615.214 493.226
615.498 531.111
615.781 607.457
616.064 597.650
616.348 710.875
616.631 700.773
616.914 737.520
617.198 683.110
617.481 608.268
617.765 606.931
618.048 680.616
618.331 655.972
618.615 645.786
618.898 745.624
619.181 708.109
619.465 662.356
619.748 607.001
620.031 573.973
620.315 566.649
620.598 611.889
620.882 710.843
621.165 894.487
621.448 850.785
621.732 700.422
622.015 577.074
622.298 562.307
622.582 619.790
622.865 653.411
623.148 589.510
623.432 668.803
623.715 626.795
623.999 816.653
624.282 784.375
624.565 812.145
624.849 621.033
625.132 525.546
625.415 809.855
625.699 859.142
625.982 719.924
626.265 614.235
626.549 589.407
626.832 782.371
627.116 802.607
627.399 610.722
627.682 591.380
627.966 603.910
628.249 603.337
628.532 558.544
628.816 791.158
629.099 695.209
629.383 634.487
629.666 614.271
629.949 557.689
630.233 601.345
630.516 628.331
630.799 701.305
631.083 630.230
631.366 539.455
631.649 528.549
631.933 496.722
632.216 589.450
632.500 628.256
632.783 666.264
633.066 650.470
633.350 660.211
633.633 709.799
633.916 645.562
634.200 599.633
634.483 641.236
634.766 695.781
635.050 672.872
635.333 520.027
635.617 582.698
635.900 619.539
636.183 648.671
636.467 636.747
636.750 657.274
637.033 694.097
637.317 644.191
637.600 622.000
637.883 551.962
638.167 550.537
638.450 561.708
638.734 557.056
639.017 590.794
639.300 664.794
639.584 604.333
639.867 772.745
640.150 734.421
640.434 774.675
640.717 771.177
641.000 685.225
641.284 677.778
641.567 597.993
641.851 652.928
642.134 753.337
642.417 723.691
642.701 860.973
642.984 906.927
643.267 800.040
643.551 662.429
643.834 596.538
644.117 611.926
644.401 575.040
644.684 666.916
644.968 832.517
645.251 769.851
645.534 690.143
645.818 671.410
646.101 766.905
646.384 778.202
646.668 779.170
646.951 754.785
647.235 742.366
647.518 694.462
647.801 888.100
648.085 1005.605
648.368 957.706
648.651 883.487
648.935 1009.473
649.218 1180.877
649.501 1106.618
649.785 1099.954
650.068 1307.719
650.352 1364.695
650.635 1422.724
650.918 1414.638
651.202 1531.596
651.485 1721.113
651.768 1796.923
652.052 1772.538
652.335 1972.705
652.618 2127.583
652.902 2309.484
653.185 2734.146
653.469 2691.642
653.752 2711.105
654.035 2877.283
654.319 3074.543
654.602 3177.403
654.885 3194.413
655.169 3222.710
655.452 3232.036
655.735 3443.457
656.019 3529.046
656.302 3445.609
656.586 3463.476
656.869 3583.895
657.152 3443.812
657.436 3291.411
657.719 3349.077
658.002 3385.481
658.286 3289.940
658.569 3097.335
658.852 3039.614
659.136 3069.165
659.419 2920.971
659.703 2813.386
659.986 2877.375
660.269 2837.480
660.553 2565.317
660.836 2664.939
661.119 2807.245
661.403 2690.792
661.686 2577.198
661.969 2574.175
662.253 2455.735
662.536 2508.609
662.820 2700.304
663.103 2634.410
663.386 2673.992
663.670 2654.751
663.953 2455.074
664.236 2512.301
664.520 2369.472
664.803 2304.658
665.086 2307.414
665.370 2429.335
665.653 2534.733
665.937 2543.417
666.220 2456.224
666.503 2400.472
666.787 2394.415
667.070 2321.058
667.353 2196.086
667.637 1864.073
667.920 1855.988
668.204 1644.996
668.487 1505.655
668.770 1546.931
669.054 1246.552
669.337 1084.752
669.620 1038.908
669.904 980.852
670.187 947.221
670.470 947.195
670.754 858.447
671.037 770.251
671.321 715.355
671.604 802.004
671.887 820.253
672.171 825.398
672.454 776.525
672.737 760.726
673.021 725.636
673.304 733.596
673.587 897.894
673.871 860.675
674.154 834.294
674.438 889.650
674.721 941.065
675.004 940.003
675.288 936.944
675.571 994.579
675.854 913.247
676.138 848.237
676.421 878.035
676.704 828.350
676.988 895.634
677.271 1031.917
677.555 915.121
677.838 803.462
678.121 801.626
678.405 752.589
678.688 811.622
678.971 610.014
679.255 806.099
679.538 931.645
679.821 855.946
680.105 765.480
680.388 694.895
680.672 685.249
680.955 670.723
681.238 658.961
681.522 621.920
681.805 659.346
682.088 773.270
682.372 768.889
682.655 683.080
682.938 797.929
683.222 789.605
683.505 718.357
683.789 804.068
684.072 726.770
684.355 734.389
684.639 800.177
684.922 714.609
685.205 669.750
685.489 803.388
685.772 788.580
686.056 773.741
686.339 822.931
686.622 645.874
686.906 617.716
687.189 805.634
687.472 946.579
687.756 770.436
688.039 632.435
688.322 627.242
688.606 807.853
688.889 796.397
689.173 695.170
689.456 793.317
689.739 742.195
690.023 719.549
690.306 765.456
690.589 673.018
690.873 728.535
691.156 787.874
691.439 697.369
691.723 628.716
692.006 675.230
692.290 705.036
692.573 808.172
692.856 853.154
693.140 821.055
693.423 779.858
693.706 644.940
693.990 605.369
694.273 722.537
694.556 877.647
694.840 897.068
695.123 763.935
695.407 787.939
695.690 683.354
695.973 711.919
696.257 756.525
696.540 886.430
696.830 799.212
697.120 738.600
697.410 803.575
697.699 737.134
697.989 894.190
698.279 821.285
698.569 721.083
698.859 796.927
699.149 857.694
699.439 784.319
699.729 726.400
700.018 735.608
700.308 799.103
700.598 696.170
700.888 633.096
701.178 791.868
701.468 759.649
701.758 666.705
702.048 745.516
702.337 701.804
702.627 842.692
702.917 754.925
703.207 650.709
703.497 674.223
703.787 596.182
704.077 647.107
704.366 744.224
704.656 634.173
704.946 596.294
705.236 546.770
705.526 678.982
705.816 786.790
706.106 566.686
706.396 580.089
706.685 603.210
706.975 504.921
707.265 468.264
707.555 680.736
707.845 625.891
708.135 526.805
708.425 509.456
708.715 518.884
709.004 757.525
709.294 734.820
709.584 661.401
709.874 730.457
710.164 693.990
710.454 612.380
710.744 535.786
711.034 603.327
711.323 634.641
711.613 601.199
711.903 752.056
712.193 796.326
712.483 606.574
712.773 631.178
713.063 603.464
713.352 635.605
713.642 637.316
713.932 693.656
714.222 725.432
714.512 673.192
714.802 625.061
715.092 695.819
715.382 615.191
715.671 597.616
715.961 613.826
716.251 496.314
716.541 545.905
716.831 671.363
717.121 516.049
717.411 632.786
717.701 726.587
717.990 626.129
718.280 581.019
718.570 588.681
718.860 561.422
719.150 576.306
719.440 545.242
719.730 554.380
720.019 768.566
720.309 698.642
720.599 597.421
720.889 583.274
721.179 642.625
721.469 694.985
721.759 646.775
722.049 683.229
722.338 549.980
722.628 565.466
722.918 613.889
723.208 740.090
723.498 580.495
723.788 614.760
724.078 758.188
724.368 717.240
724.657 630.828
724.947 658.458
725.237 697.724
725.527 733.458
725.817 611.267
726.107 570.508
726.397 555.054
726.686 513.488
726.976 580.240
727.266 670.202
727.556 552.234
727.846 720.262
728.136 702.177
728.426 530.109
728.716 489.431
729.005 656.118
729.295 584.433
729.585 526.364
729.875 516.643
730.165 574.391
730.455 644.246
730.745 660.425
731.035 609.960
731.324 678.287
731.614 675.048
731.904 646.570
732.194 712.673
732.484 644.320
732.774 589.865
733.064 580.158
733.354 506.247
733.643 526.286
733.933 524.818
734.223 488.775
734.513 718.814
734.803 816.121
735.093 664.921
735.383 564.028
735.672 632.407
735.962 699.222
736.252 538.245
736.542 526.587
736.832 510.935
737.122 462.436
737.412 602.652
737.702 690.604
737.991 679.828
738.281 658.569
738.571 568.551
738.861 555.910
739.151 563.804
739.441 682.246
739.731 599.670
740.021 667.866
740.310 737.578
740.600 763.992
740.890 559.550
741.180 628.789
741.470 627.821
741.760 641.661
742.050 760.140
742.339 681.545
742.629 590.565
742.919 730.050
743.209 550.494
743.499 531.276
743.789 563.504
744.079 650.652
744.369 657.941
744.658 539.343
744.948 404.175
745.238 600.829
745.528 692.027
745.818 783.011
746.108 678.863
746.398 641.821
746.688 604.104
746.977 797.767
747.267 641.878
747.557 651.481
747.847 723.071
748.137 621.322
748.427 581.540
748.717 588.114
749.006 474.115
749.296 577.196
749.586 618.431
749.876 680.819
750.166 595.181
750.456 617.727
750.746 677.245
751.036 551.515
751.325 657.322
751.615 647.009
751.905 692.982
752.195 713.693
752.485 620.712
752.775 625.356
753.065 544.294
753.355 714.483
753.644 764.551
753.934 660.447
754.224 669.834
754.514 808.075
754.804 510.392
755.094 413.119
755.384 519.457
755.674 565.614
755.963 670.948
756.253 645.536
756.543 696.060
756.833 715.568
757.123 668.684
757.413 618.118
757.703 543.765
757.992 535.743
758.282 626.589
758.572 616.181
758.862 559.918
759.152 618.228
759.442 602.566
759.732 714.747
760.022 759.992
760.311 634.014
760.601 490.169
760.891 651.153
761.181 654.537
761.471 640.123
761.761 559.215
762.051 551.176
762.341 761.908
762.630 775.785
762.920 608.632
763.210 620.353
763.500 685.204
763.793 633.863
764.086 633.881
764.379 652.376
764.671 784.184
764.964 660.460
765.257 620.236
765.550 675.940
765.843 485.434
766.136 558.032
766.429 598.373
766.722 567.576
767.014 541.872
767.307 449.787
767.600 468.939
767.893 496.647
768.186 509.769
768.479 625.714
768.772 691.256
769.064 660.024
769.357 598.954
769.650 569.333
769.943 742.997
770.236 684.606
770.529 571.402
770.822 622.831
771.115 701.477
771.407 746.602
771.700 694.147
771.993 762.543
772.286 699.228
772.579 762.048
772.872 629.001
773.165 536.276
773.457 630.044
773.750 692.251
774.043 583.287
774.336 603.086
774.629 606.927
774.922 600.493
775.215 565.193
775.508 628.523
775.800 581.630
776.093 672.867
776.386 678.243
776.679 558.098
776.972 656.805
777.265 831.042
777.558 813.120
777.850 690.712
778.143 691.734
778.436 680.374
778.729 671.667
779.022 676.709
779.315 581.249
779.608 535.034
779.900 562.187
780.193 574.264
780.486 574.708
780.779 591.199
781.072 503.449
781.365 606.278
781.658 609.915
781.951 559.731
782.243 655.821
782.536 715.387
782.829 683.275
783.122 659.195
783.415 653.536
783.708 685.648
784.001 687.671
784.293 738.841
784.586 773.187
784.879 743.143
785.172 683.357
785.465 576.843
785.758 568.844
786.051 618.960
786.344 752.739
786.636 881.637
786.929 626.398
787.222 579.526
787.515 573.377
787.808 564.256
788.101 558.278
788.394 723.129
788.686 852.016
788.979 740.884
789.272 661.239
789.565 664.587
789.858 568.795
790.151 511.437
790.444 511.453
790.737 542.981
791.029 509.977
791.322 575.861
791.615 594.246
791.908 651.393
792.201 596.867
792.494 590.305
792.787 705.271
793.079 860.526
793.372 748.131
793.665 749.890
793.958 619.297
794.251 759.891
794.544 821.899
794.837 829.713
795.130 678.184
795.422 675.208
795.715 669.242
796.008 651.961
796.301 669.603
796.594 600.893
796.887 672.622
797.180 675.302
797.472 509.814
797.765 443.030
798.058 507.345
798.351 518.833
798.644 491.930
798.937 531.825
799.230 596.052
799.523 908.726
799.815 848.920
800.108 567.779
800.401 510.965
800.694 661.191
800.987 618.673
801.280 633.910
801.573 714.845
801.865 748.826
802.158 642.305
802.451 582.440
802.744 589.442
803.037 613.409
803.330 581.070
803.623 743.180
803.915 687.307
804.208 541.155
804.501 645.357
804.794 702.429
805.087 629.742
805.380 488.734
805.673 471.243
805.966 627.414
806.258 600.002
806.551 657.447
806.844 627.341
807.137 715.424
807.430 624.359
807.723 592.246
808.016 761.940
808.308 803.729
808.601 630.443
808.894 535.147
809.187 625.329
809.480 680.047
809.773 614.051
810.066 637.823
810.359 710.988
810.651 712.437
810.944 484.920
811.237 479.369
811.530 651.937
811.825 576.853
812.119 509.686
812.414 476.401
812.709 600.130
813.003 618.566
813.298 558.299
813.593 634.420
813.887 593.307
814.182 897.770
814.476 799.204
814.771 759.625
815.066 696.078
815.360 540.914
815.655 502.311
815.950 549.632
816.244 577.114
816.539 706.746
816.834 700.644
817.128 685.047
817.423 778.145
817.718 905.291
818.012 729.630
818.307 462.504
818.602 522.969
818.896 648.288
819.191 596.554
819.486 565.871
819.780 697.709
820.075 815.779
820.369 819.549
820.664 679.625
820.959 726.224
821.253 740.462
821.548 675.192
821.843 725.415
822.137 754.250
822.432 731.878
822.727 666.962
823.021 626.963
823.316 780.193
823.611 764.041
823.905 624.001
824.200 500.723
824.495 652.638
824.789 732.822
825.084 706.775
825.379 613.653
825.673 650.219
825.968 771.186
826.262 675.619
826.557 679.914
826.852 701.499
827.146 715.315
827.441 672.153
827.736 731.268
828.030 678.924
828.325 531.721
828.620 722.819
828.914 790.552
829.209 642.927
829.504 813.294
829.798 801.006
830.093 671.209
830.388 563.401
830.682 491.015
830.977 642.111
831.271 691.196
831.566 579.532
831.861 621.134
832.155 654.948
832.450 740.241
832.745 786.687
833.039 609.558
833.334 541.016
833.629 603.788
833.923 570.849
834.218 572.014
834.513 546.715
834.807 554.518
835.102 497.715
835.397 557.955
835.691 601.004
835.986 585.692
836.281 544.807
836.575 524.718
836.870 566.675
837.164 588.747
837.459 511.037
837.754 560.855
838.048 566.857
838.343 551.755
838.638 569.534
838.932 581.643
839.227 587.741
839.522 628.736
839.816 593.845
840.111 603.421
840.406 602.846
840.700 704.790
840.995 852.394
841.290 873.824
841.584 719.761
841.879 804.437
842.174 663.046
842.468 632.733
842.763 573.493
843.057 684.182
843.352 659.474
843.647 642.712
843.941 630.743
844.236 679.225
844.531 748.497
844.825 728.557
845.120 775.678
845.415 817.702
845.709 712.023
846.004 782.738
846.299 623.543
846.593 725.316
846.888 787.087
847.183 660.353
847.477 588.878
847.772 671.690
848.066 716.786
848.361 669.458
848.656 728.389
848.950 698.069
849.245 757.234
849.540 647.409
849.834 791.350
850.129 847.317
850.424 700.199
850.718 690.674
851.013 811.378
851.308 686.466
851.602 704.850
851.897 810.054
852.192 929.907
852.486 777.734
852.781 650.601
853.076 778.908
853.370 792.906
853.665 851.273
853.959 827.654
854.254 684.193
854.549 945.387
854.843 800.754
855.138 738.180
855.433 831.356
855.727 864.366
856.022 693.912
856.317 673.955
856.611 709.614
856.906 674.690
857.201 758.029
857.495 870.441
857.790 863.895
858.085 777.504
858.379 676.150
858.674 567.395
858.969 543.498
859.263 600.274
859.558 674.295
859.852 612.387
860.147 682.330
860.442 825.461
860.736 614.716
861.031 714.790
861.326 789.949
861.620 643.307
861.915 821.698
862.210 810.483
862.504 623.535
862.799 713.640
863.094 773.836
863.388 663.926
863.683 655.812
863.978 577.471
864.272 615.215
864.567 617.489
864.861 583.747
865.156 568.812
865.451 471.907
865.745 690.689
866.040 768.345
866.335 755.447
866.629 777.315
866.924 634.423
867.219 632.113
867.513 803.459
867.808 688.299
868.103 596.363
868.397 646.379
868.692 650.135
868.987 549.592
869.281 550.410
869.576 660.991
869.871 728.410
870.165 620.830
870.460 498.710
870.754 547.432
871.049 518.580
871.344 606.673
871.638 639.439
871.933 557.402
872.228 598.204
872.522 592.129
872.817 701.368
873.112 884.354
873.406 751.046
873.701 818.374
873.996 739.869
874.290 626.320
874.585 605.697
874.880 662.347
875.174 596.607
875.469 567.056
875.764 656.288
876.058 624.808
876.353 520.094
876.647 488.904
876.942 546.987
877.237 606.672
877.531 675.557
877.826 701.616
878.121 664.455
878.415 631.546
878.710 595.672
879.005 694.746
879.299 630.587
879.594 581.434
879.889 469.996
880.183 468.186
880.478 566.977
880.773 570.597
881.067 567.680
881.362 620.588
881.656 502.450
881.951 561.254
882.246 506.155
882.540 586.338
882.835 614.144
883.130 591.552
883.424 473.636
883.719 474.609
884.014 622.820
884.308 539.385
884.603 484.338
884.898 520.169
885.192 637.108
885.487 609.114
885.782 500.271
886.076 589.309
886.371 576.591
886.666 423.618
886.960 517.334
887.255 507.928
887.549 501.669
887.844 668.792
888.139 693.752
888.433 628.470
888.728 572.301
889.023 589.185
889.317 647.547
889.612 518.551
889.907 564.120
890.201 638.466
890.496 621.112
890.791 571.986
891.085 525.595
891.380 514.131
891.675 599.400
891.969 653.297
892.264 529.113
892.559 561.335
892.853 667.753
893.148 556.554
893.442 558.226
893.737 687.476
894.032 600.536
894.326 467.506
894.621 501.876
894.916 455.591
895.210 515.111
895.505 610.125
895.800 529.330
896.094 478.097
896.389 569.015
896.684 556.277
896.978 570.799
897.273 487.822
897.568 591.641
897.862 612.509
898.157 560.352
898.451 690.061
898.746 664.407
899.041 701.320
899.335 647.299
899.630 554.798
899.925 599.488
900.219 625.184
900.514 683.091
900.809 553.251
901.103 409.294
901.398 626.887
901.693 598.295
901.987 535.558
902.282 623.247
902.577 503.048
902.871 451.807
903.166 579.784
903.461 657.990
903.755 609.436
904.050 580.618
904.344 444.327
904.639 443.938
904.934 487.433
905.228 548.571
905.523 501.372
905.818 524.353
906.112 631.570
906.407 578.568
906.702 525.374
906.996 587.239
907.291 589.913
907.586 523.636
907.880 694.009
908.175 626.468
908.470 627.386
908.764 696.762
909.059 746.034
909.354 686.274
909.648 561.796
909.943 509.750
910.237 649.759
910.532 709.621
910.827 706.881
911.121 696.530
911.416 623.371
911.711 616.946
912.005 668.736
912.300 644.149
912.599 719.952
912.898 657.057
913.196 665.388
913.495 657.049
913.794 721.476
914.093 659.534
914.391 638.445
914.690 663.562
914.989 587.627
915.288 699.962
915.586 688.195
915.885 564.025
916.184 473.160
916.483 503.189
916.782 649.820
917.080 668.627
917.379 594.566
917.678 530.103
917.977 693.241
918.275 732.695
918.574 660.786
918.873 688.964
919.172 653.177
919.471 569.866
919.769 567.692
920.068 511.479
920.367 529.692
920.666 522.131
920.964 600.527
921.263 566.048
921.562 506.339
921.861 660.772
922.159 606.777
922.458 557.320
922.757 520.046
923.056 570.915
923.355 575.540
923.653 689.164
923.952 662.385
924.251 521.315
924.550 715.927
924.848 736.833
925.147 551.719
925.446 533.427
925.745 674.656
926.043 655.094
926.342 623.101
926.641 599.733
926.940 652.701
927.239 676.814
927.537 760.366
927.836 673.858
928.135 633.653
928.434 679.666
928.732 660.001
929.031 741.873
929.330 760.841
929.629 637.029
929.927 640.411
930.226 605.433
930.525 606.921
930.824 720.404
931.123 698.616
931.421 745.164
931.720 694.716
932.019 788.871
932.318 784.787
932.616 693.710
932.915 675.576
933.214 756.989
933.513 718.597
933.812 628.938
934.110 695.765
934.409 811.573
934.708 686.927
935.007 962.628
935.305 926.701
935.604 710.823
935.903 812.019
936.202 849.392
936.500 947.299
936.799 1108.210
937.098 1014.878
937.397 881.195
937.696 815.297
937.994 807.272
938.293 898.066
938.592 775.310
938.891 807.854
939.189 851.382
939.488 958.298
939.787 1142.475
940.086 864.486
940.384 884.635
940.683 898.983
940.982 776.468
941.281 882.213
941.580 1190.565
941.878 1145.841
942.177 930.858
942.476 1080.396
942.775 966.679
943.073 780.104
943.372 742.316
943.671 954.940
943.970 1139.499
944.268 1048.737
944.567 804.527
944.866 861.558
945.165 869.072
945.464 774.195
945.762 691.339
946.061 974.482
946.360 1027.843
946.659 970.429
946.957 990.540
947.256 913.889
947.555 869.005
947.854 859.316
948.153 844.670
948.451 846.947
948.750 846.634
949.049 814.899
949.348 988.275
949.646 891.621
949.945 834.180
950.244 957.446
950.543 877.314
950.841 797.981
951.140 747.340
951.439 659.006
951.738 677.330
952.037 722.394
952.335 847.135
952.634 931.284
952.933 801.212
953.232 722.649
953.530 558.237
953.829 919.165
954.128 966.938
954.427 821.853
954.725 936.700
955.024 863.325
955.323 924.017
955.622 749.547
955.921 661.396
956.219 805.361
956.518 745.106
956.817 761.165
957.116 765.291
957.414 794.433
957.713 652.216
958.012 556.371
958.311 595.699
958.610 848.681
958.908 899.335
959.207 810.472
959.506 794.224
959.805 830.397
960.103 843.085
960.402 815.138
960.701 667.542
961.000 607.181
961.298 645.904
961.597 832.924
961.896 767.645
962.195 756.735
962.494 798.481
962.792 712.690
963.091 640.401
963.390 640.497
963.689 647.936
963.987 723.471
964.286 823.781
964.585 857.330
964.884 743.921
965.182 640.673
965.481 960.121
965.780 1052.546
966.080 980.569
966.380 883.929
966.680 738.980
966.981 775.593
967.281 801.666
967.581 725.982
967.881 800.618
968.181 840.073
968.481 767.513
968.781 699.581
969.082 571.292
969.382 670.562
969.682 770.800
969.982 828.642
970.282 868.193
970.582 680.820
970.882 612.632
971.183 742.993
971.483 670.944
971.783 644.143
972.083 718.851
972.383 760.234
972.683 792.687
972.983 833.460
973.284 750.650
973.584 676.765
973.884 653.760
974.184 620.283
974.484 737.282
974.784 617.854
975.084 481.249
975.385 571.038
975.685 708.958
975.985 645.107
976.285 611.838
976.585 676.038
976.885 623.583
977.185 583.998
977.486 644.626
977.786 720.055
978.086 770.194
978.386 723.784
978.686 578.059
978.986 571.287
979.286 576.295
979.587 611.303
979.887 528.311
980.187 559.319
980.487 536.327
980.787 617.335
981.087 592.343
981.387 784.352
981.688 691.360
981.988 548.368
982.288 599.376
982.588 669.384
982.888 678.392
983.188 605.400
983.488 724.408
983.789 734.416
984.089 680.424
984.389 595.432
984.689 535.440
984.989 462.448
985.289 528.456
985.589 713.464
985.890 703.472
986.190 571.480
986.490 607.488
986.790 753.496
987.090 659.504
987.390 695.512
987.690 742.520
987.991 527.527
988.291 548.535
988.591 589.543
988.891 515.551
989.191 551.559
989.491 725.567
989.791 661.575
990.092 598.583
990.392 704.591
990.692 672.598
990.992 675.606
991.292 572.614
991.592 635.622
991.892 639.630
992.193 750.638
992.493 744.645
992.793 632.653
993.093 606.661
993.393 558.669
993.693 638.676
993.993 683.684
994.294 682.692
994.594 607.700
994.894 651.708
995.194 632.715
995.494 563.723
995.794 591.731
996.094 556.738
996.395 650.746
996.695 730.754
996.995 540.762
997.295 493.769
997.595 538.777
997.895 481.785
998.195 430.792
998.496 495.800
998.796 521.808
999.096 735.815
999.396 651.823
999.696 647.831
999.996 700.838
1000.296 784.846
1000.597 764.853
1000.897 631.861
1001.197 663.869
1001.497 788.876
1001.797 600.884
1002.097 556.891
1002.397 646.899
1002.698 684.906
1002.998 726.914
1003.298 685.922
1003.598 529.929
1003.898 499.937
1004.198 661.944
1004.498 763.952
1004.799 709.959
1005.099 778.967
1005.399 759.974
1005.699 726.982
1005.999 719.989
1006.299 601.997
1006.599 777.004
1006.900 832.012
1007.200 709.019
1007.500 697.026
1007.800 661.034
1008.100 554.041
1008.400 553.049
1008.700 565.056
1009.001 547.064
1009.301 555.071
1009.601 814.078
1009.901 898.086
1010.201 785.093
1010.501 688.101
1010.801 793.108
1011.102 610.115
1011.402 666.123
1011.702 589.130
1012.002 539.137
1012.302 671.145
1012.602 661.152
1012.902 651.159
1013.203 712.167
1013.503 811.174
1013.803 737.181
1014.103 569.189
1014.403 700.196
1014.703 626.203
1015.003 569.211
1015.304 743.218
1015.604 763.225
1015.904 555.232
1016.204 516.240
1016.504 593.247
1016.804 605.254
1017.104 577.261
1017.405 587.269
1017.705 603.276
1018.005 601.283
1018.305 645.290
1018.605 600.297
1018.905 489.305
1019.205 524.312
1019.506 796.319
1019.806 795.326
1020.106 699.333
1020.406 682.340
1020.706 647.348
1021.006 703.355
1021.306 803.362
1021.607 694.369
1021.907 778.376
1022.207 730.383
1022.507 543.390
1022.807 561.398
1023.107 629.405
1023.407 608.412
1023.708 610.419
1024.008 545.426
1024.308 621.433
1024.608 610.440
1024.908 494.447
1025.208 641.454
1025.508 808.461
1025.809 714.468
1026.109 578.475
1026.409 736.482
1026.709 757.489
1027.009 686.496
1027.309 654.503
1027.609 546.510
1027.910 561.517
1028.210 635.524
1028.510 753.531
1028.810 927.538
1029.110 856.545
1029.410 743.552
1029.710 833.559
1030.011 772.566
1030.311 823.573
1030.611 713.580
1030.911 721.587
1031.211 711.594
1031.511 646.601
1031.811 833.608
1032.112 773.615
1032.412 669.622
1032.712 586.629
1033.012 651.635
1033.312 783.642
1033.612 719.649
1033.912 629.656
1034.212 573.663
1034.513 566.670
1034.813 581.677
1035.113 647.683
1035.413 553.690
1035.713 624.697
1036.013 650.704
1036.313 650.711
1036.614 755.718
1036.914 691.724
1037.214 537.731
1037.514 652.738
1037.814 642.745
1038.114 672.752
1038.414 622.758
1038.715 648.765
1039.015 565.772
1039.315 480.779
1039.615 599.786
1039.915 612.792
1040.215 563.799
1040.515 595.806
1040.816 729.812
1041.116 675.819
1041.416 588.826
1041.716 512.833
1042.016 538.839
1042.316 722.846
1042.616 667.853
1042.917 561.859
1043.217 537.866
1043.517 617.873
1043.817 746.879
1044.117 702.886
1044.417 644.893
1044.717 594.899
1045.018 573.906
1045.318 656.913
1045.618 709.919
1045.918 599.926
1046.218 474.933
1046.518 542.939
1046.818 636.946
1047.119 556.952
1047.419 820.959
1047.719 776.966
1048.019 604.972
1048.319 662.979
1048.619 640.985
1048.919 661.992
1049.220 602.999
1049.520 664.005
1049.820 604.012
1050.120 525.018
1050.420 720.025
1050.720 683.031
1051.020 648.038
1051.321 681.044
1051.621 778.051
1051.921 638.057
1052.221 535.064
1052.521 541.070
1052.821 548.077
1053.121 659.083
1053.422 736.090
1053.722 787.096
1054.022 651.103
1054.322 725.109
1054.622 638.116
1054.922 540.122
1055.222 692.129
1055.523 664.135
1055.823 705.142
1056.123 798.148
1056.423 669.154
1056.723 716.161
1057.023 639.167
1057.323 465.174
1057.624 599.180
1057.924 695.187
1058.224 693.193
1058.524 586.199
1058.824 641.206
1059.124 631.212
1059.424 566.218
1059.725 655.225
1060.025 563.231
1060.325 603.238
1060.625 558.244
1060.925 552.250
1061.225 590.257
1061.525 756.263
1061.826 666.269
1062.126 719.276
1062.426 692.282
1062.726 697.288
1063.026 676.294
1063.326 876.301
1063.626 828.307
1063.927 654.313
1064.227 640.320
1064.527 558.326
1064.827 722.332
1065.127 652.338
1065.427 482.345
1065.727 499.351
1066.028 684.357
1066.328 698.363
1066.628 540.370
1066.928 556.376
1067.228 634.382
1067.528 614.388
1067.828 574.395
1068.129 513.401
1068.429 638.407
1068.729 735.413
1069.029 645.419
1069.329 520.426
1069.629 638.432
1069.929 720.438
1070.230 776.444
1070.530 720.450
1070.830 596.457
1071.130 690.463
1071.430 646.469
1071.730 614.475
1072.030 714.481
1072.331 609.487
1072.631 639.493
1072.931 667.500
1073.231 646.506
1073.531 659.512
1073.831 626.518
1074.131 709.524
1074.432 772.530
1074.732 618.536
1075.032 526.542
1075.332 561.548
1075.632 578.554
1075.932 548.560
1076.232 530.567
1076.533 566.573
1076.833 638.579
1077.133 616.585
1077.433 579.591
1077.733 563.597
1078.033 681.603
1078.333 707.609
1078.634 715.615
1078.934 670.621
1079.234 504.627
1079.534 710.633
1079.834 724.639
1080.134 608.645
1080.434 696.651
1080.735 654.657
1081.035 622.663
1081.335 498.669
1081.635 573.675
1081.935 584.681
1082.235 560.687
1082.535 590.693
1082.836 661.699
1083.136 664.705
1083.436 759.711
1083.736 762.717
1084.036 603.723
1084.336 550.728
1084.636 626.734
1084.937 768.740
1085.237 778.746
1085.537 721.752
1085.837 687.758
1086.137 601.764
1086.437 710.770
1086.737 649.776
1087.038 681.782
1087.338 789.787
1087.638 800.793
1087.938 623.799
1088.238 451.805
1088.538 610.811
1088.838 763.817
1089.139 741.823
1089.439 562.828
1089.739 689.834
1090.039 676.840
1090.339 760.846
1090.639 658.852
1090.939 657.858
1091.240 583.863
1091.540 631.869
1091.840 614.875
1092.140 711.881
1092.453 717.887
1092.766 579.892
1093.079 566.898
1093.392 630.904
1093.705 542.910
1094.018 590.915
1094.330 786.921
1094.643 736.927
1094.956 721.933
1095.269 654.939
1095.582 718.944
1095.895 598.950
1096.208 532.956
1096.521 620.961
1096.834 643.967
1097.147 598.973
1097.460 716.979
1097.773 758.984
1098.085 573.990
1098.398 547.996
1098.711 587.001
1099.024 548.007
1099.337 682.013
1099.650 724.018
1099.963 687.024
1100.276 577.030
1100.589 550.035
1100.902 666.041
1101.215 696.047
1101.528 691.052
1101.841 615.058
1102.153 694.064
1102.466 789.069
1102.779 554.075
1103.092 553.081
1103.405 692.086
1103.718 601.092
1104.031 594.097
1104.344 762.103
1104.657 698.109
1104.970 988.114
1105.283 755.120
1105.596 547.125
1105.909 602.131
1106.221 680.137
1106.534 686.142
1106.847 535.148
1107.160 476.153
1107.473 463.159
1107.786 570.164
1108.099 526.170
1108.412 543.176
1108.725 575.181
1109.038 512.187
1109.351 679.192
1109.664 667.198
1109.977 546.203
1110.289 616.209
1110.602 631.214
1110.915 611.220
1111.228 611.225
1111.541 514.231
1111.854 490.236
1112.167 471.242
1112.480 501.247
1112.793 548.253
1113.106 597.258
1113.419 660.264
1113.732 638.269
1114.044 502.275
1114.357 600.280
1114.670 637.286
1114.983 610.291
1115.296 583.296
1115.609 592.302
1115.922 619.307
1116.235 732.313
1116.548 651.318
1116.861 567.324
1117.174 578.329
1117.487 581.334
1117.800 776.340
1118.112 679.345
1118.425 601.351
1118.738 588.356
1119.051 573.361
1119.364 600.367
1119.677 704.372
1119.990 674.378
1120.303 659.383
1120.616 754.388
1120.929 619.394
1121.242 680.399
1121.555 726.404
1121.868 706.410
1122.180 658.415
1122.493 469.420
1122.806 478.426
1123.119 595.431
1123.432 634.436
1123.745 611.442
1124.058 567.447
1124.371 525.452
1124.684 675.458
1124.997 653.463
1125.310 654.468
1125.623 559.474
1125.935 521.479
1126.248 643.484
1126.561 711.490
1126.874 641.495
1127.187 748.500
1127.500 737.505
1127.813 673.511
1128.126 697.516
1128.439 643.521
1128.752 762.526
1129.065 606.532
1129.378 367.537
1129.691 555.542
1130.003 630.547
1130.316 551.553
1130.629 500.558
1130.942 602.563
1131.255 582.568
1131.568 525.574
1131.881 594.579
1132.194 678.584
1132.507 638.589
1132.820 613.594
1133.133 663.600
1133.446 582.605
1133.759 830.610
1134.071 1213.615
1134.384 895.620
1134.697 798.625
1135.010 840.631
1135.323 651.636
1135.636 534.641
1135.949 493.646
1136.262 529.651
1136.575 592.656
1136.888 621.662
1137.201 667.667
1137.514 596.672
1137.826 668.677
1138.139 636.682
1138.452 559.687
1138.765 763.692
1139.078 756.697
1139.391 734.703
1139.704 693.708
1140.017 721.713
1140.330 602.718
1140.643 550.723
1140.956 555.728
1141.269 583.733
1141.582 688.738
1141.894 661.743
1142.207 762.748
1142.520 623.753
1142.833 691.758
1143.146 602.764
1143.459 508.769
1143.772 571.774
1144.085 703.779
1144.398 608.784
1144.711 573.789
1145.024 613.794
1145.337 593.799
1145.650 646.804
1145.962 633.809
1146.275 634.814
1146.588 530.819
1146.901 676.824
1147.214 652.829
1147.527 566.834
1147.840 593.839
1148.153 607.844
1148.466 606.849
1148.779 580.854
1149.092 674.859
1149.405 587.864
1149.718 649.869
1150.030 725.874
1150.343 622.879
1150.656 523.884
1150.969 557.889
1151.282 772.894
1151.595 693.899
1151.908 540.904
1152.221 415.908
1152.534 518.913
1152.847 820.918
1153.160 714.923
1153.473 660.928
1153.785 659.933
1154.098 643.938
1154.411 759.943
1154.724 692.948
1155.037 814.953
1155.350 682.958
1155.663 630.963
1155.976 591.967
1156.289 636.972
1156.602 548.977
1156.915 488.982
1157.228 456.987
1157.541 545.992
1157.853 581.997
1158.166 658.002
1158.479 704.006
1158.792 630.011
1159.105 660.016
1159.418 628.021
1159.731 610.026
1160.044 624.031
1160.357 766.036
1160.670 744.040
1160.983 524.045
1161.296 630.050
1161.609 767.055
1161.921 661.060
1162.234 548.065
1162.547 450.069
1162.860 444.074
1163.173 490.079
1163.486 622.084
1163.799 639.089
1164.112 579.093
1164.425 624.098
1164.738 597.103
1165.051 555.108
1165.364 592.112
1165.676 631.117
1165.989 641.122
1166.302 607.127
1166.615 761.132
1166.928 695.136
1167.241 730.141
1167.554 741.146
1167.867 741.151
1168.180 649.155
1168.493 535.160
1168.806 596.165
1169.119 565.169
1169.432 723.174
1169.744 744.179
1170.057 669.184
1170.370 743.188
1170.683 720.193
1170.996 604.198
1171.309 584.202
1171.622 545.207
1171.935 535.212
1172.248 760.217
1172.561 728.221
1172.874 649.226
1173.187 667.231
1173.500 731.235
1173.812 778.240
1174.125 703.245
1174.438 700.249
1174.751 565.254
1175.064 542.259
1175.377 694.263
1175.690 602.268
1176.003 560.273
1176.316 667.277
1176.629 672.282
1176.942 618.287
1177.255 571.291
1177.567 488.296
1177.880 543.300
1178.193 643.305
1178.506 606.310
1178.819 674.314
1179.132 727.319
1179.445 549.324
1179.758 720.328
1180.071 699.333
1180.384 520.337
1180.697 592.342
1181.010 735.347
1181.323 857.351
1181.635 825.356
1181.948 776.360
1182.261 652.365
1182.574 536.369
1182.887 640.374
1183.200 813.379
1183.513 727.383
1183.826 644.388
1184.139 673.392
1184.452 642.397
1184.765 558.401
1185.078 499.406
1185.391 575.410
1185.703 573.415
1186.016 472.419
1186.329 462.424
1186.642 579.429
1186.955 711.433
1187.268 622.438
1187.581 639.442
1187.894 629.447
1188.207 659.451
1188.520 660.456
1188.833 616.460
1189.146 456.465
1189.459 453.469
1189.771 544.474
1190.084 700.478
1190.397 608.483
1190.710 633.487
1191.023 668.492
1191.336 655.496
1191.649 640.500
1191.962 667.505
1192.275 556.509
1192.588 644.514
1192.901 794.518
1193.214 626.523
1193.526 626.527
1193.839 691.532
1194.152 555.536
1194.465 671.541
1194.778 621.545
1195.091 615.549
1195.404 569.554
1195.717 622.558
1196.030 760.563
1196.343 653.567
1196.656 490.571
1196.969 537.576
1197.282 640.580
1197.594 665.585
1197.907 750.589
1198.220 770.594
1198.533 612.598
1198.846 566.602
1199.159 544.607
1199.472 580.611
1199.785 670.615
1200.098 571.620
1200.411 732.624
1200.724 687.629
1201.037 627.633
1201.350 517.637
1201.662 506.642
1201.975 615.646
1202.288 676.650
1202.601 240.655
