165.028 72.188
165.288 0.816
165.547 44.447
165.807 109.081
166.067 58.718
166.327 -33.642
166.587 -62.999
166.847 30.647
167.107 79.297
167.367 170.949
167.627 160.604
167.886 54.262
168.146 81.924
168.406 252.587
168.666 223.254
168.926 90.924
169.186 135.596
169.446 166.272
169.706 -18.050
169.966 40.630
170.225 78.314
170.485 122.000
170.745 210.688
171.005 309.380
171.265 195.073
171.525 146.770
171.785 89.469
172.045 25.170
172.305 129.874
172.564 109.580
172.824 -7.711
173.084 140.000
173.344 86.713
173.604 151.429
173.864 239.147
174.124 176.867
174.384 96.589
174.644 174.314
174.903 302.041
175.163 317.769
175.423 321.501
175.683 99.234
175.943 165.969
176.203 140.706
176.463 115.445
176.723 100.187
176.983 151.930
177.242 163.675
177.502 270.422
177.762 267.171
178.022 96.921
178.282 127.674
178.542 112.428
178.802 102.184
179.062 71.942
179.322 337.702
179.581 328.463
179.841 166.226
180.101 254.990
180.361 257.756
180.621 182.524
180.881 162.293
181.141 137.064
181.401 100.836
181.661 203.610
181.920 265.385
182.180 202.162
182.440 114.940
182.700 23.719
182.960 38.500
183.220 132.282
183.480 355.065
183.740 212.849
184.000 113.635
184.259 -10.578
184.519 111.210
184.779 126.000
185.039 178.790
185.299 291.582
185.559 298.375
185.819 266.168
186.079 298.963
186.339 243.759
186.598 132.556
186.858 1.354
187.118 85.152
187.378 225.952
187.638 162.753
187.898 248.554
188.158 315.356
188.418 171.160
188.678 105.964
188.937 200.768
189.197 268.574
189.457 261.380
189.717 170.187
189.977 71.995
190.237 71.803
190.497 286.612
190.757 262.421
191.017 234.232
191.276 129.042
191.536 124.854
191.796 121.666
192.056 104.478
192.316 167.291
192.576 100.104
192.836 93.918
193.096 167.732
193.356 185.547
193.616 186.362
193.875 173.177
194.135 139.993
194.395 260.809
194.655 329.626
194.915 255.443
195.175 230.260
195.435 336.077
195.695 122.894
195.955 -56.288
196.214 131.530
196.474 295.348
196.734 273.166
196.994 248.984
197.254 228.803
197.514 185.621
197.774 174.440
198.034 121.259
198.294 127.078
198.553 218.896
198.813 218.715
199.073 49.534
199.333 113.353
199.593 277.171
199.853 288.990
200.113 382.809
200.373 327.627
200.633 171.445
200.892 158.264
201.152 163.082
201.412 181.900
201.672 237.717
201.932 439.535
202.192 388.352
202.452 163.169
202.712 112.986
202.972 159.803
203.231 290.619
203.491 284.435
203.751 239.251
204.011 235.066
204.271 309.881
204.531 101.696
204.791 54.510
205.051 126.324
205.311 243.137
205.570 197.951
205.830 202.763
206.090 160.576
206.350 289.387
206.610 498.199
206.870 272.010
207.130 214.820
207.390 255.630
207.650 239.439
207.909 277.248
208.169 329.056
208.429 327.864
208.689 176.671
208.949 204.477
209.209 299.283
209.469 126.089
209.729 127.893
209.989 192.697
210.248 101.501
210.508 394.303
210.768 357.105
211.028 256.907
211.288 344.707
211.548 279.507
211.808 313.307
212.068 468.105
212.328 440.903
212.587 369.700
212.847 269.496
213.107 352.292
213.367 347.086
213.627 289.880
213.887 265.673
214.147 143.466
214.407 217.257
214.667 256.048
214.926 315.837
215.186 258.626
215.446 326.414
215.706 240.201
215.966 228.988
216.226 255.773
216.486 177.558
216.746 232.341
217.006 336.124
217.265 273.905
217.525 178.686
217.785 233.466
218.045 288.245
218.305 244.023
218.565 258.800
218.825 309.575
219.085 370.350
219.345 193.124
219.604 151.897
219.864 270.669
220.124 298.440
220.384 301.210
220.644 308.979
220.904 243.746
221.164 297.513
221.424 262.279
221.684 213.043
221.943 224.807
222.203 308.569
222.463 236.331
222.723 120.091
222.983 212.850
223.243 197.608
223.503 306.365
223.763 179.121
224.023 176.875
224.282 305.629
224.542 340.381
224.802 332.132
225.062 300.882
225.322 418.631
225.582 323.379
225.842 310.126
226.102 336.871
226.362 277.615
226.621 377.358
226.881 268.100
227.141 282.841
227.401 331.580
227.661 231.318
227.921 357.055
228.181 314.791
228.441 298.526
228.701 519.259
228.960 465.991
229.220 234.722
229.480 200.452
229.740 358.180
230.000 461.907
230.260 288.633
230.520 217.358
230.780 201.081
231.040 244.803
231.299 228.524
231.559 236.244
231.819 300.962
232.079 384.679
232.339 332.395
232.599 175.109
232.859 349.822
233.119 422.534
233.379 254.245
233.638 260.954
233.898 386.662
234.158 363.369
234.418 240.074
234.678 322.778
234.938 377.481
235.198 245.182
235.458 219.882
235.718 280.581
235.978 285.278
236.237 277.974
236.497 298.669
236.757 360.362
237.017 349.055
237.277 284.745
237.537 312.435
237.797 259.123
238.057 377.809
238.317 333.495
238.576 195.179
238.836 283.861
239.096 371.543
239.356 315.223
239.616 260.901
239.876 334.578
240.136 327.254
240.396 386.929
240.656 462.602
240.915 330.274
241.175 245.944
241.435 257.613
241.695 366.281
241.955 488.947
242.215 528.612
242.475 443.275
242.735 337.938
242.995 405.598
243.254 372.258
243.514 297.916
243.774 142.573
244.034 195.228
244.294 458.882
244.554 353.534
244.814 325.185
245.074 305.835
245.334 302.484
245.593 297.131
245.853 264.776
246.113 234.420
246.373 315.063
246.633 402.705
246.893 360.345
247.153 329.983
247.413 437.621
247.673 435.257
247.932 361.891
248.192 398.524
248.452 472.156
248.712 420.786
248.972 219.415
249.232 421.043
249.492 356.669
249.752 212.294
250.012 420.917
250.271 345.539
250.531 375.160
250.791 573.779
251.051 521.397
251.311 365.014
251.571 199.629
251.831 297.243
252.091 408.855
252.351 344.466
252.610 307.075
252.870 411.684
253.130 367.291
253.390 328.896
253.650 384.500
253.911 403.103
254.172 450.704
254.433 395.304
254.694 280.902
254.955 324.500
255.216 306.095
255.477 508.690
255.738 453.283
255.999 310.875
256.261 490.465
256.522 434.054
256.783 441.641
257.044 291.228
257.305 198.812
257.566 210.396
257.827 179.978
258.088 265.559
258.349 254.138
258.610 357.716
258.871 419.293
259.132 484.868
259.393 366.442
259.654 275.014
259.915 198.586
260.176 260.155
260.437 405.724
260.698 360.291
260.959 280.857
261.221 378.421
261.482 477.984
261.743 420.546
262.004 401.107
262.265 572.666
262.526 543.223
262.787 314.780
263.048 286.335
263.309 292.889
263.570 429.441
263.831 382.992
264.092 299.542
264.353 213.090
264.614 523.637
264.875 470.183
265.136 383.727
265.397 557.270
265.658 629.812
265.919 625.353
266.181 568.892
266.442 370.430
266.703 303.966
266.964 323.501
267.225 338.035
267.486 389.568
267.747 432.099
268.008 515.629
268.269 566.158
268.530 509.685
268.791 480.211
269.052 485.736
269.313 433.259
269.574 370.782
269.835 417.302
270.096 437.822
270.357 469.340
270.618 431.857
270.879 330.373
271.141 382.888
271.402 367.401
271.663 336.913
271.924 448.423
272.185 406.933
272.446 404.441
272.707 384.948
272.968 340.453
273.229 331.958
273.490 362.461
273.751 328.963
274.012 357.463
274.273 464.962
274.534 360.460
274.795 414.957
275.056 490.453
275.317 362.947
275.578 309.440
275.839 356.932
276.101 312.423
276.362 288.912
276.623 352.400
276.884 435.887
277.145 469.373
277.406 467.857
277.667 378.340
277.928 332.822
278.189 529.303
278.450 483.783
278.711 453.261
278.972 451.738
279.233 367.214
279.494 462.689
279.755 585.162
280.016 631.634
280.277 459.106
280.538 433.575
280.799 346.044
281.061 387.512
281.322 400.978
281.583 384.443
281.844 303.907
282.105 289.370
282.366 424.832
282.627 431.292
282.888 518.751
283.149 516.209
283.410 389.666
283.671 415.122
283.932 389.577
284.193 236.030
284.454 336.482
284.715 400.933
284.976 360.383
285.237 480.832
285.498 724.280
285.759 549.726
286.021 519.172
286.282 468.616
286.543 484.059
286.804 481.501
287.065 439.942
287.326 500.381
287.587 366.820
287.848 502.257
288.109 609.694
288.370 530.129
288.631 336.563
288.892 341.996
289.153 385.428
289.414 284.858
289.675 539.288
289.936 638.716
290.197 573.144
290.458 450.570
290.719 389.995
290.981 510.419
291.242 604.842
291.503 517.264
291.764 343.685
292.025 248.105
292.286 323.523
292.547 496.941
292.808 396.358
293.069 433.773
293.330 491.187
293.591 472.601
293.852 461.013
294.113 400.424
294.374 394.834
294.635 481.243
294.896 465.651
295.157 534.058
295.418 567.464
295.679 528.869
295.941 546.272
296.202 521.675
296.463 429.077
296.724 510.477
296.985 597.877
297.246 581.276
297.507 410.673
297.768 346.070
298.029 490.465
298.290 619.859
298.551 650.253
298.812 668.645
299.073 520.037
299.334 438.427
299.595 490.816
299.856 465.205
300.117 631.592
300.378 578.979
300.639 311.364
300.901 341.748
301.162 471.132
301.423 505.514
301.684 641.895
301.945 656.276
302.206 449.655
302.467 428.034
302.728 355.411
302.989 469.787
303.250 526.163
303.511 573.537
303.772 546.911
304.033 498.283
304.294 486.655
304.555 451.026
304.816 503.395
305.077 527.764
305.338 394.132
305.599 329.499
305.861 405.864
306.122 521.229
306.383 433.593
306.644 418.956
306.905 307.318
307.166 470.680
307.427 501.040
307.688 494.399
307.949 424.757
308.210 469.115
308.471 497.471
308.732 464.827
308.993 344.181
309.254 385.535
309.515 326.888
309.776 447.240
310.037 432.591
310.298 299.941
310.559 362.290
310.821 501.638
311.082 546.986
311.343 368.332
311.604 314.678
311.865 324.022
312.126 371.366
312.387 420.709
312.648 453.051
312.909 482.392
313.170 431.732
313.434 452.072
313.698 384.410
313.963 467.748
314.227 443.084
314.491 428.420
314.755 448.755
315.019 406.089
315.284 317.423
315.548 453.755
315.812 451.087
316.076 571.417
316.340 542.747
316.604 507.076
316.869 573.404
317.133 583.731
317.397 653.058
317.661 589.383
317.925 454.708
318.190 438.032
318.454 436.355
318.718 403.677
318.982 516.999
319.246 602.319
319.511 726.639
319.775 523.958
320.039 492.276
320.303 504.593
320.567 545.910
320.832 537.226
321.096 467.540
321.360 480.854
321.624 434.168
321.888 391.480
322.153 438.792
322.417 373.103
322.681 295.413
322.945 475.722
323.209 522.030
323.473 440.338
323.738 433.645
324.002 494.951
324.266 605.256
324.530 564.560
324.794 471.864
325.059 427.167
325.323 356.469
325.587 390.771
325.851 425.071
326.115 625.371
326.380 561.670
326.644 551.968
326.908 544.266
327.172 519.563
327.436 565.859
327.701 530.154
327.965 438.448
328.229 477.742
328.493 338.035
328.757 416.327
329.022 551.619
329.286 398.910
329.550 382.200
329.814 464.489
330.078 467.777
330.342 451.065
330.607 440.352
330.871 514.638
331.135 615.924
331.399 620.209
331.663 498.493
331.928 505.776
332.192 581.059
332.456 539.341
332.720 552.622
332.984 472.903
333.249 457.183
333.513 448.462
333.777 399.740
334.041 377.018
334.305 458.295
334.570 551.571
334.834 422.847
335.098 594.122
335.362 641.396
335.626 500.669
335.891 427.942
336.155 481.214
336.419 434.486
336.683 274.756
336.947 462.026
337.211 508.296
337.476 351.564
337.740 436.832
338.004 469.100
338.268 447.366
338.532 496.632
338.797 457.897
339.061 553.162
339.325 681.426
339.589 683.689
339.853 533.952
340.118 445.214
340.382 525.475
340.646 634.736
340.910 426.996
341.174 439.255
341.439 440.514
341.703 478.772
341.967 487.029
342.231 435.286
342.495 417.542
342.759 532.797
343.024 497.052
343.288 603.306
343.552 509.560
343.816 288.813
344.080 386.065
344.345 502.316
344.609 378.567
344.873 304.818
345.137 460.067
345.401 549.317
345.666 346.565
345.930 483.813
346.194 569.060
346.458 405.307
346.722 425.553
346.987 405.798
347.251 536.043
347.515 677.287
347.779 473.530
348.043 433.773
348.308 448.016
348.572 366.257
348.836 330.498
349.100 390.739
349.364 308.979
349.628 307.218
349.893 379.457
350.157 497.695
350.421 511.933
350.685 492.170
350.949 439.406
351.214 319.642
351.478 392.877
351.742 408.111
352.006 461.345
352.270 454.579
352.535 393.812
352.799 434.044
353.063 498.276
353.327 378.507
353.591 312.737
353.856 427.967
354.120 493.197
354.384 573.426
354.648 645.654
354.912 563.882
355.177 480.109
355.441 413.335
355.705 598.561
355.969 638.787
356.233 534.012
356.497 513.236
356.762 503.460
357.026 469.683
357.290 465.906
357.554 478.128
357.818 514.350
358.083 526.571
358.347 476.791
358.611 492.011
358.875 486.231
359.139 451.450
359.404 389.668
359.668 525.886
359.932 663.103
360.196 632.320
360.460 476.536
360.725 503.752
360.989 575.967
361.253 670.182
361.517 599.396
361.781 564.610
362.046 599.823
362.310 622.035
362.574 596.247
362.838 483.459
363.102 515.670
363.366 551.880
363.631 436.090
363.895 467.300
364.159 572.509
364.423 547.717
364.687 596.925
364.952 651.133
365.216 708.340
365.480 588.546
365.747 427.752
366.013 457.957
366.280 476.162
366.546 569.367
366.813 479.571
367.079 533.774
367.346 635.977
367.612 557.180
367.879 514.382
368.145 543.583
368.412 462.784
368.678 439.985
368.945 571.185
369.211 495.384
369.478 541.583
369.744 468.782
370.011 478.980
370.278 515.178
370.544 443.375
370.811 479.572
371.077 520.768
371.344 477.964
371.610 501.159
371.877 503.354
372.143 561.548
372.410 602.742
372.676 697.935
372.943 676.128
373.209 573.321
373.476 473.513
373.742 447.704
374.009 603.895
374.276 621.086
374.542 566.276
374.809 469.466
375.075 325.655
375.342 363.844
375.608 381.032
375.875 357.220
376.141 638.408
376.408 585.595
376.674 566.781
376.941 502.968
377.207 506.153
377.474 875.339
377.740 798.523
378.007 490.708
378.273 560.892
378.540 606.075
378.807 492.258
379.073 424.441
379.340 424.623
379.606 514.805
379.873 467.986
380.139 477.167
380.406 573.348
380.672 514.528
380.939 428.707
381.205 439.887
381.472 394.065
381.738 374.244
382.005 507.422
382.271 526.599
382.538 518.776
382.804 599.953
383.071 552.129
383.338 555.305
383.604 501.481
383.871 625.656
384.137 649.830
384.404 522.005
384.670 555.178
384.937 506.352
385.203 590.525
385.470 546.697
385.736 586.869
386.003 546.041
386.269 518.213
386.536 417.384
386.802 382.554
387.069 525.724
387.336 705.894
387.602 674.064
387.869 459.233
388.135 443.401
388.402 370.569
388.668 431.737
388.935 548.905
389.201 701.072
389.468 620.238
389.734 638.405
390.001 636.570
390.267 528.736
390.534 578.901
390.800 574.066
391.067 533.230
391.333 544.394
391.600 479.558
391.867 535.721
392.133 535.884
392.400 497.046
392.666 415.208
392.933 623.370
393.199 692.531
393.466 552.692
393.732 492.853
393.999 581.013
394.265 567.173
394.532 474.332
394.798 569.491
395.065 550.650
395.331 595.808
395.598 658.966
395.864 632.124
396.131 608.281
396.398 630.438
396.664 691.595
396.931 747.751
397.197 855.907
397.464 900.062
397.730 1215.217
397.997 1332.372
398.263 1288.527
398.530 1401.681
398.796 1551.834
399.063 1611.988
399.329 1601.141
399.596 1811.293
399.862 1774.446
400.129 1894.598
400.396 1911.749
400.662 1754.901
400.929 1776.052
401.195 1757.202
401.462 1856.352
401.728 1911.502
401.995 1910.652
402.261 1781.801
402.528 1818.950
402.794 1959.099
403.061 2077.247
403.327 2203.395
403.594 2128.542
403.860 2060.689
404.127 2113.836
404.393 2174.983
404.660 2182.129
404.931 2134.275
405.202 2086.421
405.473 2005.566
405.745 2163.711
406.016 2442.855
406.287 2325.000
406.558 2231.143
406.829 2303.287
407.100 2239.430
407.371 2467.573
407.642 2563.716
407.914 2404.858
408.185 2292.000
408.456 2307.142
408.727 2476.283
408.998 2474.424
409.269 2648.565
409.540 2717.706
409.811 2374.846
410.083 2367.985
410.354 2459.125
410.625 2271.264
410.896 2258.403
411.167 2427.541
411.438 2331.680
411.709 2051.818
411.981 2240.955
412.252 2116.093
412.523 1863.230
412.794 1920.366
413.065 1895.503
413.336 1666.639
413.607 1707.775
413.878 1691.910
414.150 1552.045
414.421 1338.180
414.692 1239.315
414.963 1215.449
415.234 1322.583
415.505 1246.717
415.776 1239.850
416.047 1212.983
416.319 1107.116
416.590 927.249
416.861 775.381
417.132 866.513
417.403 822.645
417.674 794.776
417.945 647.907
418.217 638.038
418.488 823.168
418.759 630.299
419.030 528.428
419.301 598.558
419.572 658.687
419.843 666.817
420.114 535.945
420.386 532.074
420.657 688.202
420.928 552.330
421.199 522.458
421.470 518.585
421.741 410.712
422.012 490.839
422.283 484.966
422.555 501.092
422.826 665.218
423.097 742.344
423.368 591.469
423.639 467.594
423.910 593.719
424.181 550.844
424.453 484.968
424.724 691.092
424.995 768.216
425.266 626.340
425.537 481.463
425.808 624.586
426.079 713.709
426.350 622.831
426.622 559.953
426.893 638.075
427.164 579.197
427.435 516.319
427.706 534.440
427.977 587.561
428.248 569.681
428.519 609.802
428.791 527.922
429.062 609.042
429.333 523.161
429.604 465.281
429.875 600.400
430.146 716.519
430.417 666.637
430.689 600.756
430.960 482.874
431.231 482.992
431.502 702.109
431.773 739.226
432.044 623.344
432.315 751.460
432.586 698.577
432.858 701.693
433.129 575.809
433.400 588.925
433.671 609.041
433.942 576.156
434.213 443.271
434.484 488.386
434.755 549.501
435.027 420.615
435.298 523.729
435.569 579.843
435.840 518.957
436.116 543.070
436.391 548.183
436.667 583.296
436.942 671.409
437.218 729.521
437.493 725.633
437.769 713.745
438.045 653.857
438.320 641.969
438.596 634.080
438.871 560.191
439.147 482.302
439.422 465.412
439.698 442.523
439.974 469.633
440.249 625.742
440.525 683.852
440.800 435.961
441.076 482.071
441.351 657.180
441.627 729.288
441.903 648.397
442.178 502.505
442.454 478.613
442.729 718.721
443.005 585.828
443.281 684.936
443.556 835.043
443.832 694.150
444.107 549.256
444.383 583.363
444.658 529.469
444.934 475.575
445.210 664.681
445.485 719.786
445.761 715.892
446.036 629.997
446.312 664.102
446.587 630.206
446.863 450.311
447.139 494.415
447.414 602.519
447.690 631.623
447.965 632.727
448.241 539.830
448.516 532.933
448.792 559.036
449.068 571.139
449.343 594.241
449.619 536.344
449.894 575.446
450.170 564.548
450.445 687.649
450.721 731.751
450.997 466.852
451.272 581.953
451.548 548.054
451.823 528.155
452.099 612.255
452.375 516.355
452.650 495.455
452.926 513.555
453.201 565.655
453.477 820.754
453.752 748.854
454.028 572.953
454.304 609.051
454.579 738.150
454.855 712.248
455.130 701.347
455.406 778.445
455.681 708.542
455.957 658.640
456.233 570.737
456.508 594.835
456.784 675.932
457.059 617.028
457.335 766.125
457.610 694.221
457.886 639.318
458.162 547.414
458.437 523.509
458.713 657.605
458.988 631.700
459.264 692.796
459.539 706.891
459.815 639.986
460.091 547.080
460.366 518.175
460.642 494.269
460.917 538.363
461.193 628.457
461.468 538.551
461.744 520.644
462.020 480.738
462.295 546.831
462.571 566.924
462.846 568.016
463.122 655.109
463.397 697.201
463.673 540.753
463.949 538.847
464.224 562.915
464.500 586.982
464.775 509.661
465.051 531.689
465.327 625.218
465.602 765.403
465.878 795.229
466.153 613.887
466.429 767.438
466.704 1000.295
466.980 977.386
467.256 968.476
467.531 1041.607
467.807 1086.828
468.082 1085.916
468.358 1005.839
468.633 1071.207
468.909 1019.087
469.185 966.934
469.460 1051.497
469.736 1120.117
470.011 986.268
470.287 1057.799
470.562 1108.407
470.838 1000.633
471.114 1113.853
471.389 1118.992
471.665 1074.711
471.940 1097.142
472.216 1043.586
472.491 887.689
472.767 922.145
473.043 1046.979
473.318 1090.677
473.594 876.518
473.869 777.802
474.145 801.286
474.421 755.595
474.696 755.682
474.972 677.108
475.247 673.807
475.523 787.260
475.798 810.575
476.074 722.259
476.350 678.556
476.625 631.423
476.901 694.710
477.176 678.812
477.452 586.650
477.727 530.784
478.003 387.036
478.279 675.739
478.554 741.880
478.830 710.165
479.105 675.304
479.381 628.050
479.656 536.855
479.932 644.804
480.208 753.546
480.483 706.355
480.759 638.692
481.034 596.715
481.310 556.393
481.585 620.877
481.861 604.830
482.137 520.717
482.412 616.854
482.688 650.836
482.963 709.442
483.239 750.895
483.514 523.521
483.790 600.553
484.066 824.808
484.341 653.406
484.617 600.989
484.892 681.464
485.168 648.707
485.443 493.071
485.719 560.743
485.995 693.637
486.270 657.349
486.546 535.453
486.821 470.249
487.097 450.641
487.373 523.252
487.648 688.637
487.924 652.638
488.199 448.733
488.475 313.249
488.750 358.789
489.026 513.289
489.302 508.457
489.577 481.564
489.853 492.920
490.128 682.025
490.404 672.626
490.679 500.489
490.955 644.747
491.231 734.753
491.506 736.524
491.782 571.795
492.057 494.010
492.333 566.491
492.608 520.576
492.884 545.111
493.160 417.004
493.435 433.581
493.711 588.556
493.986 534.184
494.262 523.996
494.537 495.638
494.813 559.003
495.089 472.198
495.364 520.404
495.640 569.593
495.915 532.337
496.191 725.386
496.467 685.778
496.742 581.417
497.018 632.982
497.293 539.273
497.569 620.905
497.844 573.692
498.120 626.238
498.396 619.616
498.671 544.831
498.947 680.950
499.222 634.979
499.498 562.050
499.773 654.658
500.049 702.894
500.325 645.783
500.600 693.145
500.876 663.880
501.151 792.665
501.427 847.749
501.702 915.003
501.978 890.954
502.254 968.347
502.529 920.160
502.805 983.594
503.080 1091.511
503.356 985.720
503.631 937.291
503.907 1019.219
504.183 947.427
504.458 1043.650
504.734 1049.743
505.009 1095.313
505.285 1023.617
505.560 1014.563
505.836 941.772
506.112 962.084
506.387 880.170
506.663 850.026
506.938 892.562
507.214 917.909
507.490 947.353
507.765 955.548
508.041 923.325
508.316 960.729
508.592 806.798
508.867 810.078
509.143 919.884
509.419 851.609
509.694 731.613
509.970 717.638
510.245 666.218
510.521 689.618
510.796 642.042
511.072 607.144
511.348 624.942
511.623 645.945
511.899 624.203
512.174 670.322
512.450 723.294
512.725 691.613
513.001 559.178
513.277 465.620
513.552 652.511
513.828 647.344
514.103 632.977
514.379 773.704
514.654 650.198
514.930 608.709
515.206 932.021
515.481 828.061
515.757 595.356
516.032 557.654
516.308 671.862
516.583 765.903
516.859 659.313
517.135 656.454
517.410 747.562
517.686 788.440
517.961 727.277
518.237 716.228
518.513 593.896
518.788 777.135
519.064 850.019
519.339 799.693
519.615 757.476
519.890 783.807
520.166 832.245
520.442 967.211
520.717 1009.619
520.993 961.519
521.268 823.021
521.544 861.579
521.819 783.134
522.095 838.103
522.371 985.969
522.646 1013.832
522.922 1129.778
523.197 1097.269
523.473 1166.134
523.748 1058.058
524.024 966.250
524.300 977.792
524.575 921.391
524.851 1044.893
525.126 1071.677
525.402 1065.105
525.677 1128.320
525.953 1116.783
526.229 1071.907
526.504 977.296
526.780 1121.734
527.055 1108.511
527.331 1097.084
527.606 1165.242
527.882 1164.184
528.158 1056.160
528.433 1199.319
528.709 1088.051
528.984 1055.478
529.260 1073.911
529.535 1065.250
529.811 955.797
530.087 898.982
530.362 903.758
530.638 1008.816
530.913 1086.034
531.189 1091.965
531.465 963.643
531.740 915.354
532.016 930.802
532.291 896.042
532.567 932.718
532.842 998.665
533.118 964.771
533.394 1010.424
533.669 840.266
533.945 765.419
534.220 820.922
534.496 906.489
534.771 837.253
535.047 855.686
535.323 773.569
535.598 841.162
535.874 882.078
536.149 830.209
536.425 726.380
536.700 734.262
536.976 843.600
537.252 921.028
537.527 849.296
537.803 908.290
538.078 1121.627
538.354 1320.305
538.629 1319.691
538.905 1448.682
539.181 1504.848
539.456 1486.165
539.732 1641.684
540.007 1796.724
540.283 1640.451
540.558 1595.450
540.834 1739.115
541.110 1792.376
541.385 1835.994
541.661 2046.939
541.936 2109.478
542.212 2121.424
542.488 2166.076
542.763 2165.139
543.039 2209.007
543.314 2270.568
543.590 2223.224
543.865 2252.075
544.141 2270.003
544.417 2225.369
544.692 2105.263
544.968 2181.781
545.243 2069.688
545.519 1823.396
545.794 1882.915
546.070 1980.383
546.348 1822.207
546.627 1647.486
546.905 1795.446
547.183 1766.113
547.461 1758.221
547.740 1887.369
548.018 1706.394
548.296 1653.113
548.575 1538.964
548.853 1478.440
549.131 1608.581
549.409 1750.885
549.688 1786.651
549.966 1775.789
550.244 1906.793
550.523 1859.364
550.801 1857.574
551.079 1973.493
551.357 2094.216
551.636 2112.948
551.914 2051.632
552.192 1954.049
552.471 2149.513
552.749 2250.746
553.027 2202.320
553.306 2305.416
553.584 2434.276
553.862 2396.571
554.140 2549.862
554.419 2575.719
554.697 2708.971
554.975 2856.076
555.254 2840.625
555.532 2708.994
555.810 2877.131
556.088 3046.844
556.367 2919.337
556.645 2810.514
556.923 2858.227
557.202 2844.808
557.480 2852.773
557.758 2671.586
558.036 2590.160
558.315 2685.870
558.593 2725.608
558.871 2634.658
559.150 2517.536
559.428 2518.049
559.706 2419.080
559.984 2315.440
560.263 2419.329
560.541 2324.247
560.819 2206.109
561.098 2147.105
561.376 2041.382
561.654 1789.505
561.932 1513.122
562.211 1541.961
562.489 1573.707
562.767 1395.659
563.046 1134.798
563.324 1032.987
563.602 1051.316
563.880 928.472
564.159 955.388
564.437 1017.797
564.715 875.824
564.994 745.351
565.272 859.600
565.550 753.356
565.828 597.694
566.107 711.260
566.385 729.962
566.663 639.095
566.942 654.163
567.220 724.333
567.498 887.574
567.776 734.734
568.055 608.817
568.333 696.361
568.611 757.477
568.890 700.682
569.168 622.928
569.446 660.289
569.725 659.367
570.003 481.634
570.281 466.670
570.559 648.532
570.838 671.469
571.116 683.792
571.394 725.502
571.673 719.460
571.951 624.086
572.229 600.829
572.507 636.442
572.786 659.479
573.064 657.243
573.342 628.076
573.621 495.686
573.899 577.681
574.177 808.758
574.455 737.255
574.734 614.733
575.012 647.066
575.290 668.311
575.569 748.421
575.847 772.752
576.125 729.615
576.403 581.063
576.682 638.708
576.960 655.773
577.243 722.100
577.527 618.421
577.810 512.060
578.093 514.581
578.377 535.403
578.660 612.522
578.944 623.434
579.227 568.276
579.510 657.088
579.794 624.052
580.077 551.128
580.360 622.154
580.644 594.016
580.927 564.828
581.210 605.626
581.494 576.995
581.777 574.473
582.061 540.227
582.344 561.745
582.627 542.844
582.911 544.881
583.194 557.443
583.477 671.257
583.761 665.312
584.044 714.256
584.327 664.062
584.611 622.146
584.894 577.233
585.178 547.305
585.461 580.314
585.744 623.312
586.028 546.977
586.311 577.019
586.594 652.061
586.878 580.102
587.161 497.143
587.444 622.185
587.728 648.226
588.011 649.267
588.295 487.308
588.578 565.784
588.861 733.657
589.145 563.431
589.428 585.057
589.711 576.513
589.995 538.016
590.278 681.913
590.562 620.635
590.845 557.119
591.128 794.128
591.412 754.248
591.695 568.229
591.978 714.409
592.262 667.210
592.545 425.641
592.828 601.754
593.112 571.284
593.395 518.483
593.679 486.133
593.962 601.711
594.245 629.012
594.529 603.181
594.812 492.283
595.095 391.320
595.379 600.115
595.662 692.202
595.945 572.388
596.229 467.693
596.512 524.231
596.796 588.219
597.079 672.824
597.362 781.773
597.646 777.082
597.929 640.622
598.212 657.814
598.496 646.983
598.779 703.638
599.062 742.176
599.346 617.831
599.629 571.895
599.913 623.587
600.196 633.477
600.479 599.426
600.763 621.730
601.046 496.651
601.329 562.138
601.613 669.784
601.896 586.242
602.179 645.625
602.463 625.034
602.746 667.311
603.030 763.615
603.313 738.369
603.596 577.464
603.880 567.131
604.163 626.972
604.446 612.683
604.730 503.023
605.013 571.061
605.296 661.765
605.580 579.529
605.863 664.776
606.147 587.437
606.430 557.111
606.713 652.493
606.997 577.752
607.280 792.487
607.563 702.504
607.847 668.618
608.130 693.470
608.414 710.440
608.697 699.713
608.980 693.578
609.264 771.745
609.547 630.966
609.830 627.084
610.114 636.914
610.397 645.765
610.680 642.233
610.964 678.822
611.247 694.544
611.531 574.554
611.814 439.163
612.097 547.147
612.381 739.783
612.664 829.848
612.947 627.724
613.231 598.319
613.514 648.057
613.797 743.377
614.081 714.925
614.364 670.756
614.648 625.604
614.931 583.399
615.214 580.487
615.498 616.491
615.781 686.030
616.064 642.758
616.348 755.982
616.631 796.170
616.914 835.775
617.198 748.949
617.481 699.722
617.765 711.295
618.048 747.569
618.331 718.976
618.615 638.693
618.898 829.439
619.181 853.189
619.465 722.514
619.748 620.669
620.031 578.743
620.315 588.271
620.598 684.127
620.882 732.507
621.165 913.189
621.448 838.671
621.732 770.883
622.015 639.573
622.298 579.068
622.582 670.499
622.865 693.180
623.148 628.279
623.432 683.625
623.715 606.582
623.999 838.525
624.282 802.252
624.565 818.991
624.849 603.733
625.132 479.984
625.415 815.703
625.699 881.141
625.982 772.194
626.265 675.711
626.549 586.173
626.832 786.207
627.116 832.705
627.399 577.183
627.682 546.819
627.966 595.647
628.249 644.377
628.532 584.466
628.816 762.865
629.099 644.900
629.383 644.287
629.666 677.997
629.949 604.291
630.233 578.271
630.516 656.862
630.799 705.051
631.083 662.563
631.366 553.023
631.649 476.376
631.933 460.271
632.216 625.335
632.500 692.309
632.783 708.770
633.066 600.839
633.350 631.979
633.633 685.454
633.916 620.348
634.200 578.326
634.483 615.159
634.766 738.547
635.050 666.943
635.333 546.453
635.617 530.251
635.900 648.707
636.183 729.818
636.467 660.160
636.750 661.774
637.033 705.200
637.317 646.796
637.600 658.436
637.883 625.922
638.167 640.374
638.450 631.713
638.734 573.690
639.017 657.053
639.300 681.426
639.584 637.787
639.867 782.812
640.150 702.392
640.434 752.935
640.717 799.924
641.000 703.691
641.284 724.281
641.567 648.280
641.851 680.712
642.134 796.140
642.417 748.695
642.701 873.840
642.984 911.369
643.267 806.363
643.551 675.306
643.834 635.667
644.117 689.408
644.401 653.531
644.684 691.048
644.968 858.571
645.251 816.519
645.534 688.967
645.818 704.005
646.101 858.685
646.384 896.272
646.668 872.826
646.951 825.906
647.235 851.146
647.518 859.633
647.801 996.879
648.085 1095.502
648.368 1087.161
648.651 989.444
648.935 1130.695
649.218 1369.895
649.501 1338.226
649.785 1309.687
650.068 1498.035
650.352 1639.232
650.635 1756.121
650.918 1772.947
651.202 1972.519
651.485 2137.763
651.768 2191.153
652.052 2227.953
652.335 2396.515
652.618 2622.544
652.902 2857.207
653.185 3199.268
653.469 3266.668
653.752 3405.902
654.035 3557.598
654.319 3777.583
654.602 3880.258
654.885 3981.813
655.169 4153.675
655.452 4159.912
655.735 4323.615
656.019 4319.651
656.302 4198.563
656.586 4279.745
656.869 4355.613
657.152 4245.132
657.436 4121.277
657.719 4104.325
658.002 4059.260
658.286 4017.935
658.569 3788.028
658.852 3754.622
659.136 3815.066
659.419 3643.521
659.703 3446.595
659.986 3491.294
660.269 3410.939
660.553 3238.801
660.836 3201.228
661.119 3265.281
661.403 3234.282
661.686 3176.086
661.969 3136.440
662.253 3105.841
662.536 3153.634
662.820 3269.983
663.103 3278.125
663.386 3347.118
663.670 3314.692
663.953 3134.933
664.236 3102.676
664.520 2964.913
664.803 2849.439
665.086 2909.336
665.370 3024.773
665.653 3027.840
665.937 2977.186
666.220 2987.356
666.503 2963.043
666.787 2953.942
667.070 2798.388
667.353 2630.733
667.637 2298.852
667.920 2230.928
668.204 1958.008
668.487 1694.557
668.770 1677.980
669.054 1388.801
669.337 1214.913
669.620 1151.740
669.904 1108.842
670.187 1094.710
670.470 1102.997
670.754 1000.983
671.037 843.548
671.321 756.912
671.604 914.154
671.887 908.976
672.171 858.849
672.454 871.291
672.737 885.398
673.021 790.949
673.304 784.601
673.587 999.207
673.871 987.915
674.154 966.407
674.438 981.815
674.721 1006.508
675.004 1039.463
675.288 1063.153
675.571 1064.274
675.854 1055.032
676.138 1033.466
676.421 978.832
676.704 916.853
676.988 976.821
677.271 1129.717
677.555 986.134
677.838 840.349
678.121 817.813
678.405 835.061
678.688 932.396
678.971 715.477
679.255 761.146
679.538 926.111
679.821 967.631
680.105 796.284
680.388 695.584
680.672 697.373
680.955 736.900
681.238 695.029
681.522 662.108
681.805 746.583
682.088 803.124
682.372 825.885
682.655 744.310
682.938 877.948
683.222 867.536
683.505 755.616
683.789 831.922
684.072 755.668
684.355 772.650
684.639 778.939
684.922 696.502
685.205 689.221
685.489 842.691
685.772 896.889
686.056 853.920
686.339 840.348
686.622 668.473
686.906 654.929
687.189 769.777
687.472 901.327
687.756 773.196
688.039 675.908
688.322 636.268
688.606 840.886
688.889 784.544
689.173 692.711
689.456 862.883
689.739 900.486
690.023 755.673
690.306 718.159
690.589 680.978
690.873 745.851
691.156 779.175
691.439 721.968
691.723 652.274
692.006 701.937
692.290 670.357
692.573 805.719
692.856 905.628
693.140 844.513
693.423 783.622
693.706 675.650
693.990 656.697
694.273 694.267
694.556 849.405
694.840 917.371
695.123 811.076
695.407 771.047
695.690 688.124
695.973 731.126
696.257 788.069
696.540 934.402
696.830 857.413
697.120 774.189
697.410 786.765
697.699 772.649
697.989 1005.488
698.279 815.774
698.569 660.249
698.859 802.690
699.149 929.907
699.439 874.844
699.729 763.771
700.018 764.815
700.308 855.802
700.598 722.288
700.888 677.427
701.178 924.478
701.468 898.209
701.758 764.596
702.048 823.919
702.337 770.174
702.627 838.270
702.917 796.920
703.207 711.753
703.497 766.392
703.787 698.308
704.077 708.088
704.366 777.974
704.656 695.972
704.946 633.907
705.236 588.341
705.526 780.391
705.816 865.244
706.106 556.328
706.396 606.593
706.685 635.593
706.975 545.248
707.265 447.063
707.555 687.298
707.845 709.744
708.135 533.354
708.425 466.577
708.715 526.408
709.004 726.502
709.294 691.939
709.584 688.624
709.874 738.942
710.164 687.681
710.454 622.857
710.744 615.353
711.034 668.023
711.323 663.776
711.613 592.932
711.903 709.381
712.193 766.433
712.483 596.347
712.773 587.518
713.063 564.797
713.352 595.054
713.642 595.867
713.932 718.628
714.222 709.459
714.512 611.514
714.802 588.816
715.092 685.736
715.382 605.127
715.671 588.536
715.961 641.372
716.251 515.189
716.541 631.172
716.831 729.624
717.121 580.853
717.411 632.394
717.701 689.830
717.990 586.501
718.280 505.172
718.570 559.634
718.860 603.013
719.150 598.834
719.440 574.428
719.730 532.972
720.019 766.262
720.309 679.144
720.599 597.980
720.889 577.135
721.179 649.882
721.469 703.206
721.759 642.539
722.049 671.323
722.338 568.754
722.628 589.079
722.918 636.518
723.208 699.301
723.498 552.205
723.788 616.280
724.078 748.157
724.368 695.618
724.657 603.446
724.947 609.833
725.237 670.287
725.527 736.910
725.817 610.857
726.107 588.471
726.397 586.557
726.686 527.583
726.976 578.860
727.266 692.032
727.556 642.729
727.846 654.988
728.136 665.012
728.426 551.011
728.716 471.573
729.005 664.422
729.295 607.271
729.585 462.839
729.875 510.411
730.165 629.257
730.455 627.337
730.745 637.674
731.035 630.898
731.324 706.075
731.614 646.471
731.904 566.458
732.194 659.772
732.484 648.760
732.774 665.316
733.064 626.425
733.354 417.300
733.643 491.712
733.933 539.010
734.223 525.384
734.513 702.791
734.803 723.984
735.093 618.638
735.383 607.542
735.672 609.515
735.962 651.823
736.252 461.566
736.542 480.119
736.832 524.213
737.122 451.217
737.412 529.667
737.702 653.857
737.991 656.820
738.281 607.983
738.571 619.193
738.861 612.557
739.151 605.686
739.441 675.906
739.731 586.446
740.021 615.207
740.310 656.267
740.600 696.420
740.890 545.313
741.180 589.844
741.470 622.440
741.760 753.752
742.050 855.449
742.339 667.249
742.629 568.356
742.919 738.504
743.209 513.484
743.499 501.153
743.789 568.004
744.079 629.409
744.369 640.675
744.658 557.722
744.948 396.792
745.238 563.706
745.528 615.261
745.818 746.842
746.108 681.384
746.398 658.247
746.688 635.425
746.977 785.394
747.267 646.386
747.557 663.946
747.847 724.600
748.137 689.519
748.427 650.732
748.717 536.856
749.006 416.938
749.296 583.706
749.586 660.756
749.876 730.157
750.166 605.674
750.456 591.341
750.746 642.848
751.036 550.052
751.325 681.807
751.615 670.518
751.905 624.582
752.195 647.225
752.485 605.244
752.775 652.915
753.065 551.832
753.355 713.011
753.644 740.057
753.934 659.975
754.224 681.397
754.514 783.505
754.804 566.088
755.094 447.751
755.384 494.910
755.674 587.205
755.963 697.554
756.253 637.028
756.543 714.641
756.833 815.594
757.123 713.387
757.413 594.524
757.703 603.587
757.992 548.329
758.282 616.069
758.572 608.666
758.862 559.438
759.152 608.702
759.442 591.040
759.732 678.084
760.022 737.399
760.311 617.434
760.601 494.715
760.891 641.614
761.181 681.188
761.471 633.602
761.761 529.524
762.051 558.746
762.341 724.198
762.630 779.326
762.920 626.272
763.210 585.590
763.500 674.645
763.793 618.268
764.086 584.046
764.379 566.373
764.671 676.049
764.964 630.795
765.257 675.078
765.550 637.142
765.843 450.667
766.136 572.660
766.429 556.549
766.722 591.252
767.014 569.548
767.307 424.117
767.600 503.691
767.893 543.530
768.186 523.386
768.479 580.863
768.772 710.921
769.064 687.753
769.357 588.386
769.650 572.868
769.943 731.422
770.236 647.854
770.529 515.459
770.822 572.936
771.115 669.727
771.407 760.228
771.700 769.327
771.993 772.142
772.286 655.335
772.579 690.982
772.872 608.337
773.165 572.064
773.457 612.403
773.750 656.429
774.043 570.674
774.336 588.439
774.629 659.850
774.922 666.587
775.215 542.487
775.508 539.397
775.800 542.895
776.093 702.572
776.386 730.051
776.679 583.774
776.972 640.185
777.265 894.985
777.558 850.842
777.850 688.194
778.143 680.170
778.436 628.557
778.729 602.816
779.022 611.878
779.315 556.618
779.608 488.293
779.900 527.505
780.193 580.788
780.486 588.253
780.779 562.604
781.072 489.913
781.365 641.875
781.658 683.700
781.951 592.351
782.243 618.234
782.536 659.652
782.829 644.608
783.122 635.588
783.415 649.009
783.708 673.097
784.001 693.174
784.293 742.337
784.586 770.668
784.879 790.724
785.172 690.849
785.465 546.267
785.758 568.327
786.051 626.459
786.344 700.222
786.636 841.079
786.929 610.864
787.222 571.985
787.515 585.871
787.808 647.653
788.101 589.727
788.394 773.559
788.686 834.514
788.979 722.364
789.272 680.699
789.565 608.179
789.858 545.321
790.151 550.876
790.444 504.938
790.737 530.458
791.029 550.373
791.322 677.135
791.615 599.706
791.908 623.896
792.201 587.361
792.494 560.869
792.787 693.792
793.079 859.005
793.372 731.671
793.665 691.539
793.958 654.665
794.251 655.677
794.544 791.493
794.837 833.175
795.130 675.663
795.422 636.795
795.715 628.834
796.008 673.389
796.301 669.075
796.594 595.385
796.887 702.970
797.180 671.782
797.472 517.260
797.765 466.428
798.058 538.688
798.351 534.255
798.644 466.473
798.937 454.524
799.230 560.660
799.523 980.975
799.815 831.439
800.108 543.318
800.401 481.519
800.694 579.819
800.987 574.270
801.280 655.353
801.573 759.264
801.865 797.241
802.158 662.727
802.451 561.944
802.744 578.925
803.037 634.828
803.330 601.511
803.623 708.710
803.915 662.816
804.208 545.611
804.501 659.831
804.794 680.867
805.087 634.201
805.380 505.226
805.673 509.740
805.966 692.938
806.258 668.597
806.551 602.685
806.844 616.756
807.137 700.808
807.430 544.496
807.723 560.575
808.016 784.486
808.308 785.073
808.601 601.784
808.894 493.351
809.187 559.321
809.480 658.370
809.773 647.673
810.066 646.327
810.359 716.479
810.651 694.731
810.944 454.125
811.237 492.943
811.530 626.157
811.825 544.985
812.119 507.114
812.414 463.738
812.709 567.251
813.003 646.349
813.298 585.043
813.593 626.769
813.887 540.117
814.182 855.629
814.476 846.359
814.771 781.399
815.066 680.257
815.360 573.889
815.655 537.318
815.950 576.536
816.244 632.501
816.539 686.812
816.834 664.401
817.128 679.379
817.423 743.940
817.718 931.308
818.012 727.008
818.307 479.352
818.602 586.948
818.896 681.597
819.191 648.396
819.486 594.133
819.780 695.074
820.075 847.194
820.369 827.244
820.664 650.061
820.959 712.187
821.253 727.447
821.548 639.378
821.843 714.449
822.137 750.549
822.432 753.168
822.727 660.120
823.021 604.456
823.316 816.178
823.611 796.960
823.905 602.424
824.200 492.762
824.495 613.014
824.789 734.337
825.084 751.491
825.379 651.032
825.673 687.637
825.968 763.181
826.262 686.673
826.557 701.629
826.852 723.191
827.146 662.696
827.441 627.013
827.736 693.510
828.030 648.566
828.325 461.055
828.620 620.305
828.914 757.004
829.209 613.723
829.504 810.570
829.798 792.996
830.093 647.351
830.388 568.084
830.682 475.629
830.977 655.194
831.271 721.058
831.566 552.783
831.861 605.923
832.155 606.536
832.450 708.593
832.745 792.282
833.039 644.941
833.334 506.688
833.629 594.059
833.923 574.310
834.218 549.327
834.513 521.114
834.807 521.043
835.102 475.341
835.397 551.463
835.691 514.892
835.986 548.781
836.281 511.921
836.575 514.369
836.870 484.080
837.164 512.914
837.459 513.402
837.754 578.845
838.048 568.248
838.343 560.982
838.638 601.350
838.932 657.920
839.227 633.565
839.522 635.099
839.816 618.119
840.111 581.840
840.406 570.134
840.700 691.086
840.995 818.335
841.290 867.101
841.584 736.582
841.879 800.740
842.174 725.784
842.468 631.079
842.763 514.119
843.057 638.062
843.352 599.342
843.647 585.463
843.941 638.716
844.236 672.098
844.531 739.165
844.825 664.529
845.120 742.104
845.415 830.286
845.709 740.135
846.004 746.490
846.299 626.236
846.593 834.401
846.888 784.176
847.183 672.091
847.477 597.243
847.772 646.050
848.066 682.026
848.361 646.008
848.656 670.704
848.950 677.966
849.245 814.911
849.540 713.095
849.834 812.437
850.129 765.217
850.424 670.817
850.718 693.442
851.013 809.548
851.308 693.822
851.602 735.168
851.897 778.301
852.192 870.673
852.486 779.345
852.781 712.922
853.076 796.555
853.370 781.928
853.665 796.816
853.959 801.860
854.254 700.618
854.549 907.123
854.843 834.244
855.138 722.765
855.433 728.755
855.727 824.098
856.022 721.486
856.317 709.398
856.611 715.697
856.906 642.594
857.201 721.483
857.495 893.261
857.790 879.986
858.085 771.269
858.379 718.770
858.674 593.367
858.969 555.028
859.263 667.014
859.558 706.673
859.852 630.408
860.147 678.381
860.442 751.579
860.736 556.326
861.031 745.623
861.326 809.903
861.620 676.098
861.915 811.361
862.210 791.595
862.504 674.281
862.799 756.706
863.094 748.726
863.388 664.346
863.683 666.835
863.978 615.862
864.272 609.315
864.567 626.297
864.861 592.537
865.156 562.966
865.451 472.316
865.745 674.516
866.040 786.295
866.335 786.747
866.629 831.217
866.924 638.928
867.219 634.561
867.513 793.644
867.808 743.631
868.103 640.325
868.397 604.264
868.692 677.802
868.987 599.431
869.281 555.826
869.576 716.492
869.871 728.799
870.165 609.254
870.460 578.778
870.754 661.138
871.049 528.885
871.344 546.661
871.638 668.449
871.933 646.454
872.228 673.388
872.522 651.448
872.817 713.488
873.112 900.388
873.406 719.227
873.701 795.336
873.996 783.087
874.290 671.441
874.585 641.022
874.880 688.908
875.174 587.307
875.469 592.548
875.764 636.388
876.058 587.570
876.353 519.502
876.647 518.090
876.942 588.621
877.237 627.134
877.531 658.746
877.826 700.073
878.121 645.806
878.415 595.821
878.710 543.002
879.005 683.763
879.299 688.438
879.594 599.665
879.889 470.353
880.183 511.694
880.478 592.589
880.773 554.144
881.067 595.060
881.362 663.731
881.656 553.773
881.951 545.864
882.246 482.496
882.540 549.820
882.835 555.667
883.130 530.373
883.424 501.454
883.719 520.657
884.014 644.129
884.308 576.157
884.603 502.844
884.898 553.118
885.192 642.866
885.487 613.066
885.782 536.644
886.076 640.005
886.371 609.243
886.666 435.612
886.960 502.436
887.255 501.100
887.549 494.853
887.844 672.700
888.139 726.169
888.433 627.911
888.728 520.234
889.023 577.970
889.317 608.869
889.612 516.223
889.907 550.289
890.201 564.457
890.496 587.840
890.791 579.380
891.085 523.274
891.380 577.122
891.675 587.359
891.969 633.305
892.264 457.191
892.559 474.358
892.853 634.539
893.148 537.461
893.442 497.757
893.737 606.671
894.032 517.159
894.326 434.349
894.621 492.508
894.916 432.105
895.210 493.407
895.505 626.350
895.800 504.013
896.094 444.880
896.389 540.211
896.684 561.899
896.978 549.938
897.273 446.588
897.568 591.079
897.862 603.105
898.157 544.759
898.451 621.356
898.746 604.551
899.041 694.555
899.335 650.278
899.630 491.289
899.925 558.179
900.219 699.907
900.514 708.256
900.809 513.537
901.103 388.300
901.398 627.208
901.693 537.174
901.987 517.163
902.282 564.797
902.577 470.363
902.871 412.021
903.166 543.530
903.461 644.918
903.755 606.182
904.050 541.513
904.344 443.751
904.639 477.443
904.934 506.606
905.228 509.324
905.523 485.463
905.818 534.585
906.112 654.414
906.407 559.034
906.702 493.146
906.996 549.620
907.291 543.049
907.586 470.516
907.880 660.726
908.175 660.427
908.470 633.163
908.764 678.919
909.059 683.515
909.354 627.290
909.648 551.160
909.943 554.822
910.237 656.487
910.532 680.614
910.827 770.449
911.121 779.422
911.416 645.753
911.711 600.726
912.005 636.832
912.300 638.016
912.599 696.225
912.898 623.154
913.196 595.213
913.495 636.038
913.794 742.248
914.093 630.147
914.391 577.375
914.690 657.359
914.989 610.363
915.288 733.869
915.586 645.531
915.885 519.408
916.184 484.744
916.483 449.106
916.782 574.020
917.080 675.533
917.379 628.791
917.678 531.372
917.977 661.433
918.275 721.670
918.574 704.758
918.873 694.991
919.172 649.700
919.471 567.343
919.769 563.255
920.068 578.666
920.367 546.290
920.666 494.604
920.964 626.820
921.263 568.307
921.562 514.394
921.861 625.287
922.159 543.095
922.458 558.623
922.757 550.535
923.056 553.672
923.355 603.300
923.653 698.314
923.952 673.538
924.251 516.730
924.550 683.751
924.848 738.159
925.147 635.309
925.446 612.139
925.745 710.781
926.043 673.361
926.342 574.490
926.641 565.074
926.940 637.997
927.239 635.908
927.537 685.961
927.836 630.679
928.135 622.840
928.434 703.384
928.732 657.285
929.031 702.302
929.330 762.213
929.629 690.820
929.927 650.028
930.226 603.712
930.525 635.338
930.824 718.670
931.123 638.299
931.421 699.396
931.720 671.840
932.019 723.480
932.318 715.922
932.616 685.504
932.915 667.316
933.214 726.984
933.513 701.514
933.812 657.846
934.110 734.852
934.409 833.128
934.708 700.816
935.007 907.513
935.305 884.700
935.604 675.206
935.903 821.812
936.202 842.670
936.500 934.508
936.799 1030.849
937.098 963.500
937.397 872.850
937.696 730.907
937.994 745.115
938.293 885.574
938.592 753.521
938.891 759.221
939.189 841.101
939.488 899.285
939.787 1110.095
940.086 932.810
940.384 982.587
940.683 906.479
940.982 742.940
941.281 876.991
941.580 1245.399
941.878 1176.575
942.177 977.644
942.476 1019.739
942.775 955.446
943.073 726.253
943.372 700.275
943.671 967.150
943.970 1087.270
944.268 1005.292
944.567 805.005
944.866 902.971
945.165 904.585
945.464 811.167
945.762 661.333
946.061 970.618
946.360 1101.692
946.659 1008.145
946.957 1005.269
947.256 918.612
947.555 848.248
947.854 964.294
948.153 836.698
948.451 787.343
948.750 820.730
949.049 856.610
949.348 1129.814
949.646 958.819
949.945 838.676
950.244 941.687
950.543 865.682
950.841 794.410
951.140 770.314
951.439 621.321
951.738 671.231
952.037 796.934
952.335 843.679
952.634 867.429
952.933 823.361
953.232 800.864
953.530 653.459
953.829 902.001
954.128 917.275
954.427 848.337
954.725 924.779
955.024 857.581
955.323 886.647
955.622 729.303
955.921 626.757
956.219 711.656
956.518 712.033
956.817 773.405
957.116 768.034
957.414 793.629
957.713 683.105
958.012 616.391
958.311 632.157
958.610 779.363
958.908 777.439
959.207 824.597
959.506 818.558
959.805 808.029
960.103 843.443
960.402 830.218
960.701 647.560
961.000 600.786
961.298 623.860
961.597 705.617
961.896 661.969
962.195 687.162
962.494 764.536
962.792 708.635
963.091 672.721
963.390 676.007
963.689 644.999
963.987 760.808
964.286 818.686
964.585 875.081
964.884 746.429
965.182 674.451
965.481 1010.994
965.780 1077.586
966.080 928.216
966.380 860.633
966.680 793.858
966.981 775.925
967.281 747.627
967.581 684.736
967.881 706.067
968.181 766.843
968.481 675.485
968.781 650.016
969.082 592.738
969.382 627.594
969.682 734.321
969.982 822.658
970.282 795.734
970.582 632.520
970.882 582.589
971.183 731.774
971.483 632.483
971.783 663.254
972.083 695.214
972.383 780.284
972.683 765.141
972.983 819.285
973.284 719.008
973.584 681.200
973.884 690.158
974.184 653.451
974.484 733.474
974.784 592.475
975.084 551.163
975.385 555.040
975.685 701.122
975.985 731.133
976.285 716.124
976.585 693.624
976.885 662.471
977.185 586.337
977.486 580.091
977.786 630.008
978.086 719.037
978.386 710.973
978.686 578.366
978.986 544.590
979.286 585.598
979.587 671.606
979.887 575.614
980.187 545.622
980.487 509.629
980.787 631.637
981.087 608.645
981.387 765.653
981.688 669.661
981.988 543.669
982.288 608.677
982.588 686.685
982.888 658.693
983.188 582.700
983.488 714.708
983.789 729.716
984.089 702.724
984.389 615.732
984.689 560.740
984.989 464.747
985.289 506.755
985.589 698.763
985.890 656.771
986.190 503.778
986.490 549.786
986.790 685.794
987.090 645.802
987.390 694.809
987.690 671.817
987.991 530.825
988.291 557.833
988.591 512.840
988.891 507.848
989.191 540.856
989.491 686.863
989.791 668.871
990.092 614.879
990.392 612.886
990.692 634.894
990.992 664.902
991.292 499.909
991.592 634.917
991.892 662.925
992.193 717.932
992.493 711.940
992.793 613.948
993.093 601.955
993.393 555.963
993.693 584.970
993.993 687.978
994.294 705.986
994.594 625.993
994.894 585.001
995.194 605.008
995.494 527.016
995.794 544.023
996.094 549.031
996.395 599.038
996.695 680.046
996.995 507.053
997.295 487.061
997.595 536.068
997.895 501.076
998.195 477.083
998.496 503.091
998.796 460.098
999.096 751.106
999.396 696.113
999.696 704.121
999.996 724.128
1000.296 768.136
1000.597 764.143
1000.897 676.150
1001.197 666.158
1001.497 830.165
1001.797 636.173
1002.097 505.180
1002.397 636.187
1002.698 659.195
1002.998 726.202
1003.298 669.210
1003.598 549.217
1003.898 560.224
1004.198 704.232
1004.498 779.239
1004.799 650.246
1005.099 662.254
1005.399 725.261
1005.699 713.268
1005.999 682.276
1006.299 604.283
1006.599 791.290
1006.900 795.298
1007.200 621.305
1007.500 635.312
1007.800 640.319
1008.100 547.327
1008.400 521.334
1008.700 549.341
1009.001 535.348
1009.301 557.356
1009.601 758.363
1009.901 790.370
1010.201 708.377
1010.501 698.384
1010.801 799.392
1011.102 656.399
1011.402 656.406
1011.702 520.413
1012.002 497.420
1012.302 660.428
1012.602 613.435
1012.902 595.442
1013.203 664.449
1013.503 723.456
1013.803 745.463
1014.103 563.470
1014.403 633.477
1014.703 559.485
1015.003 522.492
1015.304 703.499
1015.604 759.506
1015.904 568.513
1016.204 503.520
1016.504 589.527
1016.804 627.534
1017.104 591.541
1017.405 569.548
1017.705 553.555
1018.005 550.562
1018.305 566.569
1018.605 615.576
1018.905 511.584
1019.205 477.591
1019.506 771.598
1019.806 741.605
1020.106 629.612
1020.406 698.619
1020.706 603.626
1021.006 657.632
1021.306 814.639
1021.607 663.646
1021.907 781.653
1022.207 745.660
1022.507 553.667
1022.807 561.674
1023.107 633.681
1023.407 604.688
1023.708 612.695
1024.008 549.702
1024.308 581.709
1024.608 586.716
1024.908 495.723
1025.208 603.730
1025.508 830.736
1025.809 768.743
1026.109 584.750
1026.409 675.757
1026.709 660.764
1027.009 624.771
1027.309 660.778
1027.609 564.784
1027.910 525.791
1028.210 663.798
1028.510 770.805
1028.810 972.812
1029.110 841.819
1029.410 674.825
1029.710 788.832
1030.011 769.839
1030.311 786.846
1030.611 690.852
1030.911 714.859
1031.211 664.866
1031.511 565.873
1031.811 793.880
1032.112 781.886
1032.412 656.893
1032.712 529.900
1033.012 582.906
1033.312 746.913
1033.612 755.920
1033.912 661.927
1034.212 561.933
1034.513 574.940
1034.813 549.947
1035.113 645.953
1035.413 526.960
1035.713 604.967
1036.013 663.973
1036.313 613.980
1036.614 694.987
1036.914 607.993
1037.214 455.000
1037.514 643.007
1037.814 594.013
1038.114 597.020
1038.414 600.027
1038.715 674.033
1039.015 541.040
1039.315 450.046
1039.615 608.053
1039.915 581.060
1040.215 529.066
1040.515 585.073
1040.816 671.079
1041.116 632.086
1041.416 584.092
1041.716 523.099
1042.016 538.106
1042.316 694.112
1042.616 619.119
1042.917 514.125
1043.217 510.132
1043.517 629.138
1043.817 709.145
1044.117 637.151
1044.417 614.158
1044.717 598.164
1045.018 646.171
1045.318 700.177
1045.618 676.184
1045.918 609.190
1046.218 519.197
1046.518 569.203
1046.818 662.210
1047.119 574.216
1047.419 719.222
1047.719 701.229
1048.019 587.235
1048.319 631.242
1048.619 605.248
1048.919 620.255
1049.220 591.261
1049.520 652.267
1049.820 624.274
1050.120 505.280
1050.420 673.287
1050.720 611.293
1051.020 628.299
1051.321 692.306
1051.621 730.312
1051.921 590.318
1052.221 472.325
1052.521 485.331
1052.821 550.337
1053.121 621.344
1053.422 696.350
1053.722 804.356
1054.022 638.363
1054.322 709.369
1054.622 621.375
1054.922 554.382
1055.222 690.388
1055.523 680.394
1055.823 655.401
1056.123 693.407
1056.423 640.413
1056.723 726.419
1057.023 646.426
1057.323 479.432
1057.624 611.438
1057.924 680.444
1058.224 689.451
1058.524 608.457
1058.824 682.463
1059.124 645.469
1059.424 525.476
1059.725 622.482
1060.025 576.488
1060.325 607.494
1060.625 597.500
1060.925 602.507
1061.225 600.513
1061.525 691.519
1061.826 600.525
1062.126 627.531
1062.426 694.537
1062.726 734.544
1063.026 694.550
1063.326 877.556
1063.626 819.562
1063.927 666.568
1064.227 662.574
1064.527 590.581
1064.827 725.587
1065.127 653.593
1065.427 452.599
1065.727 466.605
1066.028 676.611
1066.328 720.617
1066.628 554.623
1066.928 544.629
1067.228 597.635
1067.528 581.642
1067.828 544.648
1068.129 502.654
1068.429 639.660
1068.729 748.666
1069.029 599.672
1069.329 487.678
1069.629 628.684
1069.929 746.690
1070.230 774.696
1070.530 711.702
1070.830 589.708
1071.130 647.714
1071.430 666.720
1071.730 704.726
1072.030 751.732
1072.331 593.738
1072.631 621.744
1072.931 654.750
1073.231 648.756
1073.531 615.762
1073.831 598.768
1074.131 674.774
1074.432 775.780
1074.732 648.786
1075.032 465.792
1075.332 510.798
1075.632 611.804
1075.932 559.809
1076.232 504.815
1076.533 516.821
1076.833 594.827
1077.133 561.833
1077.433 515.839
1077.733 566.845
1078.033 726.851
1078.333 685.857
1078.634 625.863
1078.934 672.868
1079.234 588.874
1079.534 691.880
1079.834 732.886
1080.134 657.892
1080.434 753.898
1080.735 666.904
1081.035 594.909
1081.335 460.915
1081.635 570.921
1081.935 640.927
1082.235 594.933
1082.535 566.939
1082.836 580.944
1083.136 615.950
1083.436 717.956
1083.736 714.962
1084.036 616.968
1084.336 566.973
1084.636 599.979
1084.937 696.985
1085.237 728.991
1085.537 588.997
1085.837 628.002
1086.137 596.008
1086.437 697.014
1086.737 616.020
1087.038 597.025
1087.338 767.031
1087.638 749.037
1087.938 516.042
1088.238 394.048
1088.538 578.054
1088.838 749.060
1089.139 742.065
1089.439 538.071
1089.739 672.077
1090.039 691.082
1090.339 736.088
1090.639 653.094
1090.939 658.099
1091.240 525.105
1091.540 598.111
1091.840 660.116
1092.140 726.122
1092.453 758.128
1092.766 632.133
1093.079 578.139
1093.392 617.145
1093.705 567.150
1094.018 601.156
1094.330 752.162
1094.643 664.167
1094.956 767.173
1095.269 676.178
1095.582 628.184
1095.895 568.190
1096.208 570.195
1096.521 636.201
1096.834 679.206
1097.147 640.212
1097.460 681.218
1097.773 733.223
1098.085 609.229
1098.398 557.234
1098.711 592.240
1099.024 528.245
1099.337 624.251
1099.650 769.257
1099.963 761.262
1100.276 575.268
1100.589 520.273
1100.902 647.279
1101.215 670.284
1101.528 731.290
1101.841 636.295
1102.153 687.301
1102.466 778.306
1102.779 594.312
1103.092 503.317
1103.405 641.323
1103.718 622.328
1104.031 599.334
1104.344 691.339
1104.657 664.345
1104.970 919.350
1105.283 725.356
1105.596 582.361
1105.909 607.366
1106.221 691.372
1106.534 662.377
1106.847 512.383
1107.160 474.388
1107.473 503.394
1107.786 579.399
1108.099 489.404
1108.412 553.410
1108.725 662.415
1109.038 579.421
1109.351 660.426
1109.664 620.432
1109.977 543.437
1110.289 580.442
1110.602 656.448
1110.915 677.453
1111.228 627.458
1111.541 556.464
1111.854 515.469
1112.167 451.475
1112.480 446.480
1112.793 485.485
1113.106 551.491
1113.419 638.496
1113.732 596.501
1114.044 488.507
1114.357 591.512
1114.670 591.517
1114.983 499.523
1115.296 549.528
1115.609 647.533
1115.922 663.539
1116.235 669.544
1116.548 655.549
1116.861 636.554
1117.174 579.560
1117.487 581.565
1117.800 789.570
1118.112 607.576
1118.425 559.581
1118.738 576.586
1119.051 554.591
1119.364 596.597
1119.677 739.602
1119.990 679.607
1120.303 639.612
1120.616 697.618
1120.929 580.623
1121.242 633.628
1121.555 655.633
1121.868 615.639
1122.180 588.644
1122.493 432.649
1122.806 486.654
1123.119 661.659
1123.432 678.665
1123.745 645.670
1124.058 552.675
1124.371 494.680
1124.684 646.685
1124.997 637.691
1125.310 613.696
1125.623 503.701
1125.935 490.706
1126.248 574.711
1126.561 617.716
1126.874 582.722
1127.187 703.727
1127.500 731.732
1127.813 646.737
1128.126 599.742
1128.439 635.747
1128.752 779.752
1129.065 599.757
1129.378 415.763
1129.691 524.768
1130.003 564.773
1130.316 558.778
1130.629 529.783
1130.942 582.788
1131.255 533.793
1131.568 527.798
1131.881 620.803
1132.194 691.809
1132.507 666.814
1132.820 609.819
1133.133 687.824
1133.446 564.829
1133.759 752.834
1134.071 1165.839
1134.384 827.844
1134.697 747.849
1135.010 826.854
1135.323 696.859
1135.636 566.864
1135.949 533.869
1136.262 519.874
1136.575 563.879
1136.888 553.884
1137.201 577.889
1137.514 624.894
1137.826 674.899
1138.139 560.904
1138.452 646.909
1138.765 793.914
1139.078 776.919
1139.391 759.924
1139.704 687.929
1140.017 706.934
1140.330 604.939
1140.643 550.944
1140.956 583.949
1141.269 617.954
1141.582 603.959
1141.894 525.964
1142.207 743.969
1142.520 693.974
1142.833 758.979
1143.146 652.984
1143.459 537.989
1143.772 647.994
1144.085 718.999
1144.398 612.004
1144.711 583.008
1145.024 535.013
1145.337 567.018
1145.650 626.023
1145.962 590.028
1146.275 628.033
1146.588 517.038
1146.901 655.043
1147.214 639.048
1147.527 519.053
1147.840 603.057
1148.153 596.062
1148.466 614.067
1148.779 571.072
1149.092 708.077
1149.405 605.082
1149.718 650.087
1150.030 712.091
1150.343 667.096
1150.656 538.101
1150.969 530.106
1151.282 774.111
1151.595 717.116
1151.908 605.120
1152.221 437.125
1152.534 470.130
1152.847 748.135
1153.160 662.140
1153.473 662.145
1153.785 683.149
1154.098 630.154
1154.411 700.159
1154.724 671.164
1155.037 738.169
1155.350 672.173
1155.663 688.178
1155.976 609.183
1156.289 699.188
1156.602 571.192
1156.915 453.197
1157.228 455.202
1157.541 584.207
1157.853 608.211
1158.166 655.216
1158.479 764.221
1158.792 702.226
1159.105 650.230
1159.418 602.235
1159.731 570.240
1160.044 621.245
1160.357 813.249
1160.670 745.254
1160.983 518.259
1161.296 632.264
1161.609 735.268
1161.921 616.273
1162.234 602.278
1162.547 475.282
1162.860 509.287
1163.173 552.292
1163.486 634.296
1163.799 652.301
1164.112 574.306
1164.425 552.310
1164.738 512.315
1165.051 554.320
1165.364 592.324
1165.676 576.329
1165.989 676.334
1166.302 647.338
1166.615 709.343
1166.928 689.348
1167.241 718.352
1167.554 720.357
1167.867 715.362
1168.180 646.366
1168.493 491.371
1168.806 586.375
1169.119 564.380
1169.432 656.385
1169.744 692.389
1170.057 628.394
1170.370 705.399
1170.683 677.403
1170.996 552.408
1171.309 570.412
1171.622 544.417
1171.935 573.421
1172.248 765.426
1172.561 704.431
1172.874 625.435
1173.187 694.440
1173.500 717.444
1173.812 752.449
1174.125 741.453
1174.438 664.458
1174.751 518.463
1175.064 557.467
1175.377 655.472
1175.690 603.476
1176.003 535.481
1176.316 600.485
1176.629 648.490
1176.942 586.494
1177.255 552.499
1177.567 478.503
1177.880 519.508
1178.193 600.512
1178.506 563.517
1178.819 705.521
1179.132 702.526
1179.445 519.530
1179.758 755.535
1180.071 760.539
1180.384 544.544
1180.697 610.548
1181.010 649.553
1181.323 777.557
1181.635 766.562
1181.948 713.566
1182.261 618.571
1182.574 566.575
1182.887 614.580
1183.200 780.584
1183.513 730.589
1183.826 638.593
1184.139 693.598
1184.452 625.602
1184.765 492.606
1185.078 500.611
1185.391 581.615
1185.703 539.620
1186.016 460.624
1186.329 473.629
1186.642 575.633
1186.955 746.637
1187.268 644.642
1187.581 626.646
1187.894 604.651
1188.207 690.655
1188.520 634.659
1188.833 639.664
1189.146 510.668
1189.459 437.673
1189.771 547.677
1190.084 700.681
1190.397 594.686
1190.710 607.690
1191.023 647.694
1191.336 636.699
1191.649 620.703
1191.962 638.708
1192.275 516.712
1192.588 664.716
1192.901 800.721
1193.214 614.725
1193.526 600.729
1193.839 716.734
1194.152 538.738
1194.465 620.742
1194.778 620.747
1195.091 641.751
1195.404 637.755
1195.717 628.760
1196.030 708.764
1196.343 632.768
1196.656 500.773
1196.969 588.777
1197.282 648.781
1197.594 624.785
1197.907 731.790
1198.220 712.794
1198.533 578.798
1198.846 514.803
1199.159 534.807
1199.472 528.811
1199.785 646.815
1200.098 547.820
1200.411 625.824
1200.724 612.828
1201.037 584.832
1201.350 476.837
1201.662 462.841
1201.975 578.845
1202.288 549.849
1202.601 213.854
