165.028 94.949
165.288 8.615
165.547 45.284
165.807 72.956
166.067 22.632
166.327 -17.688
166.587 27.994
166.847 101.680
167.107 82.369
167.367 129.061
167.627 199.756
167.886 132.455
168.146 126.156
168.406 289.861
168.666 239.568
168.926 131.279
169.186 74.992
169.446 109.709
169.706 54.428
169.966 117.151
170.225 117.876
170.485 156.604
170.745 229.334
171.005 383.068
171.265 194.804
171.525 128.543
171.785 47.284
172.045 29.029
172.305 191.775
172.564 163.525
172.824 7.277
173.084 162.031
173.344 111.788
173.604 102.547
173.864 174.309
174.124 107.073
174.384 88.840
174.644 224.609
174.903 344.380
175.163 339.153
175.423 378.929
175.683 166.707
175.943 229.487
176.203 229.269
176.463 204.054
176.723 89.840
176.983 118.629
177.242 153.419
177.502 325.212
177.762 404.007
178.022 134.803
178.282 87.602
178.542 95.402
178.802 137.204
179.062 128.009
179.322 325.814
179.581 363.622
179.841 200.432
180.101 275.243
180.361 279.056
180.621 225.870
180.881 194.686
181.141 168.504
181.401 145.324
181.661 201.145
181.920 328.967
182.180 245.791
182.440 162.617
182.700 127.444
182.960 111.272
183.220 195.102
183.480 409.933
183.740 258.765
184.000 167.599
184.259 68.434
184.519 172.270
184.779 197.108
185.039 221.947
185.299 291.787
185.559 282.628
185.819 335.470
186.079 373.314
186.339 242.158
186.598 175.003
186.858 56.850
187.118 94.698
187.378 227.546
187.638 268.396
187.898 334.246
188.158 362.097
188.418 219.949
188.678 153.803
188.937 232.656
189.197 280.511
189.457 283.367
189.717 250.223
189.977 102.080
190.237 107.937
190.497 293.796
190.757 259.655
191.017 254.515
191.276 122.375
191.536 188.236
191.796 167.097
192.056 168.959
192.316 234.822
192.576 203.685
192.836 176.548
193.096 186.412
193.356 163.277
193.616 225.142
193.875 222.007
194.135 199.872
194.395 345.738
194.655 322.605
194.915 222.471
195.175 249.338
195.435 381.205
195.695 146.073
195.955 -14.060
196.214 159.808
196.474 274.676
196.734 217.544
196.994 244.413
197.254 263.281
197.514 188.150
197.774 193.018
198.034 136.887
198.294 148.756
198.553 203.625
198.813 172.494
199.073 100.362
199.333 170.231
199.593 258.100
199.853 271.968
200.113 416.837
200.373 393.705
200.633 134.574
200.892 138.442
201.152 123.310
201.412 172.178
201.672 286.046
201.932 431.913
202.192 393.780
202.452 203.647
202.712 170.514
202.972 282.380
203.231 387.247
203.491 330.112
203.751 235.978
204.011 296.843
204.271 384.708
204.531 176.572
204.791 129.436
205.051 199.300
205.311 266.163
205.570 163.026
205.830 145.888
206.090 171.750
206.350 302.612
206.610 480.473
206.870 276.333
207.130 198.193
207.390 284.052
207.650 236.911
207.909 278.769
208.169 367.627
208.429 304.484
208.689 103.340
208.949 276.196
209.209 358.051
209.469 145.906
209.729 129.759
209.989 227.612
210.248 126.465
210.508 368.317
210.768 342.168
211.028 214.018
211.288 229.868
211.548 209.716
211.808 287.565
212.068 439.412
212.328 436.258
212.587 379.104
212.847 278.949
213.107 352.793
213.367 333.636
213.627 260.479
213.887 307.320
214.147 229.161
214.407 246.001
214.667 203.839
214.926 335.677
215.186 345.514
215.446 400.351
215.706 267.186
215.966 175.020
216.226 194.853
216.486 242.686
216.746 327.517
217.006 314.348
217.265 277.177
217.525 238.006
217.785 301.833
218.045 325.659
218.305 281.485
218.565 234.309
218.825 311.132
219.085 423.955
219.345 240.776
219.604 178.596
219.864 314.415
220.124 334.233
220.384 342.050
220.644 331.866
220.904 255.680
221.164 271.494
221.424 224.306
221.684 166.118
221.943 232.928
222.203 317.737
222.463 240.544
222.723 164.351
222.983 261.157
223.243 238.961
223.503 296.764
223.763 217.566
224.023 145.367
224.282 272.166
224.542 348.965
224.802 393.762
225.062 358.558
225.322 469.352
225.582 412.146
225.842 299.938
226.102 300.729
226.362 309.518
226.621 334.307
226.881 283.094
227.141 285.880
227.401 299.664
227.661 249.448
227.921 415.230
228.181 332.011
228.441 299.790
228.701 467.568
228.960 508.345
229.220 307.121
229.480 206.895
229.740 367.668
230.000 460.439
230.260 329.209
230.520 253.978
230.780 237.746
231.040 312.512
231.299 275.277
231.559 321.041
231.819 351.803
232.079 396.563
232.339 350.323
232.599 151.081
232.859 312.838
233.119 466.593
233.379 281.347
233.638 271.100
233.898 379.851
234.158 371.601
234.418 262.349
234.678 371.096
234.938 445.842
235.198 291.586
235.458 223.329
235.718 310.070
235.978 273.810
236.237 309.549
236.497 353.286
236.757 386.022
237.017 337.756
237.277 341.489
237.537 342.220
237.797 284.950
238.057 372.679
238.317 290.406
238.576 157.132
238.836 283.856
239.096 426.579
239.356 358.301
239.616 319.021
239.876 352.739
240.136 334.457
240.396 438.172
240.656 539.886
240.915 388.599
241.175 331.311
241.435 242.020
241.695 296.729
241.955 439.436
242.215 531.141
242.475 492.846
242.735 339.548
242.995 406.249
243.254 412.949
243.514 333.647
243.774 204.344
244.034 258.039
244.294 535.733
244.554 472.426
244.814 379.116
245.074 300.806
245.334 250.494
245.593 309.180
245.853 329.865
246.113 278.549
246.373 402.231
246.633 442.912
246.893 369.591
247.153 364.269
247.413 478.945
247.673 454.620
247.932 392.293
248.192 441.965
248.452 452.635
248.712 403.304
248.972 245.971
249.232 449.637
249.492 371.302
249.752 258.965
250.012 372.626
250.271 374.286
250.531 421.945
250.791 584.602
251.051 571.257
251.311 415.912
251.571 233.564
251.831 328.216
252.091 428.865
252.351 409.514
252.610 391.160
252.870 408.806
253.130 344.450
253.390 341.092
253.650 458.733
253.911 456.372
254.172 458.011
254.433 368.647
254.694 307.282
254.955 414.916
255.216 350.548
255.477 476.179
255.738 420.808
255.999 287.436
256.261 479.062
256.522 487.687
256.783 447.311
257.044 276.933
257.305 177.553
257.566 231.172
257.827 249.790
258.088 357.406
258.349 330.021
258.610 426.634
258.871 490.246
259.132 545.856
259.393 368.465
259.654 262.073
259.915 203.679
260.176 332.284
260.437 454.887
260.698 390.489
260.959 304.089
261.221 433.688
261.482 497.285
261.743 410.882
262.004 434.476
262.265 584.069
262.526 577.661
262.787 357.252
263.048 316.841
263.309 360.428
263.570 476.014
263.831 375.599
264.092 329.182
264.353 252.764
264.614 501.345
264.875 458.924
265.136 334.501
265.397 577.078
265.658 620.652
265.919 615.226
266.181 590.798
266.442 443.369
266.703 406.938
266.964 379.506
267.225 359.072
267.486 398.637
267.747 496.201
268.008 528.763
268.269 583.324
268.530 550.884
268.791 459.442
269.052 473.999
269.313 434.554
269.574 462.109
269.835 505.661
270.096 500.213
270.357 514.763
270.618 422.311
270.879 349.858
271.141 440.404
271.402 438.949
271.663 393.492
271.924 489.034
272.185 460.574
272.446 461.114
272.707 481.651
272.968 371.188
273.229 377.723
273.490 412.257
273.751 335.789
274.012 346.320
274.273 495.850
274.534 489.379
274.795 475.906
275.056 517.432
275.317 388.956
275.578 295.479
275.839 413.001
276.101 394.522
276.362 345.041
276.623 377.559
276.884 540.075
277.145 557.591
277.406 507.105
277.667 411.618
277.928 341.129
278.189 556.639
278.450 559.148
278.711 494.656
278.972 491.162
279.233 423.667
279.494 539.170
279.755 648.673
280.016 629.174
280.277 529.674
280.538 494.173
280.799 385.670
281.061 457.166
281.322 475.661
281.583 412.154
281.844 307.647
282.105 344.138
282.366 507.628
282.627 501.116
282.888 558.603
283.149 515.090
283.410 411.574
283.671 488.058
283.932 455.540
284.193 313.021
284.454 369.501
284.715 490.980
284.976 464.457
285.237 532.934
285.498 723.409
285.759 612.882
286.021 560.355
286.282 517.826
286.543 528.296
286.804 503.765
287.065 560.233
287.326 599.700
287.587 447.165
287.848 539.629
288.109 632.092
288.370 552.554
288.631 323.014
288.892 325.474
289.153 396.932
289.414 328.389
289.675 571.845
289.936 659.299
290.197 583.753
290.458 509.205
290.719 467.656
290.981 621.106
291.242 685.555
291.503 608.003
291.764 452.449
292.025 317.895
292.286 344.339
292.547 505.782
292.808 461.224
293.069 513.665
293.330 537.105
293.591 510.543
293.852 472.980
294.113 434.417
294.374 429.852
294.635 527.286
294.896 603.719
295.157 606.150
295.418 537.581
295.679 583.011
295.941 521.439
296.202 546.866
296.463 522.293
296.724 595.718
296.985 634.142
297.246 569.565
297.507 443.986
297.768 409.407
298.029 557.827
298.290 732.245
298.551 736.663
298.812 696.079
299.073 507.494
299.334 430.909
299.595 548.322
299.856 551.734
300.117 697.145
300.378 621.555
300.639 466.964
300.901 409.372
301.162 471.778
301.423 561.184
301.684 685.589
301.945 727.992
302.206 508.395
302.467 532.796
302.728 447.197
302.989 472.596
303.250 529.995
303.511 603.392
303.772 614.789
304.033 584.184
304.294 536.578
304.555 493.971
304.816 537.364
305.077 565.755
305.338 438.145
305.599 458.534
305.861 533.923
306.122 566.310
306.383 557.696
306.644 538.081
306.905 414.465
307.166 558.848
307.427 577.231
307.688 498.612
307.949 461.992
308.210 527.371
308.471 552.750
308.732 485.127
308.993 405.503
309.254 446.879
309.515 396.253
309.776 438.626
310.037 475.999
310.298 370.370
310.559 408.741
310.821 550.110
311.082 554.479
311.343 433.846
311.604 365.213
311.865 349.579
312.126 373.943
312.387 494.307
312.648 549.670
312.909 505.032
313.170 478.393
313.434 525.753
313.698 493.112
313.963 535.471
314.227 448.828
314.491 483.184
314.755 547.540
315.019 503.894
315.284 307.248
315.548 428.600
315.812 466.952
316.076 550.303
316.340 589.653
316.604 562.002
316.869 589.350
317.133 573.698
317.397 624.044
317.661 608.389
317.925 476.734
318.190 494.078
318.454 472.421
318.718 472.762
318.982 588.103
319.246 657.444
319.511 774.783
319.775 569.121
320.039 513.459
320.303 512.796
320.567 614.131
320.832 562.466
321.096 468.800
321.360 487.134
321.624 453.466
321.888 407.797
322.153 404.128
322.417 357.458
322.681 308.787
322.945 476.115
323.209 546.442
323.473 434.769
323.738 431.094
324.002 456.419
324.266 570.743
324.530 523.066
324.794 458.388
325.059 454.710
325.323 363.030
325.587 441.350
325.851 495.669
326.115 652.987
326.380 605.304
326.644 554.621
326.908 560.937
327.172 520.251
327.436 546.566
327.701 504.879
327.965 412.191
328.229 510.503
328.493 438.814
328.757 440.124
329.022 519.433
329.286 392.742
329.550 402.049
329.814 473.356
330.078 523.663
330.342 435.968
330.607 428.272
330.871 479.576
331.135 585.879
331.399 648.182
331.663 509.483
331.928 509.784
332.192 634.084
332.456 583.383
332.720 556.681
332.984 487.979
333.249 529.276
333.513 464.572
333.777 383.867
334.041 340.162
334.305 427.456
334.570 547.749
334.834 440.042
335.098 625.333
335.362 645.624
335.626 523.914
335.891 458.204
336.155 520.492
336.419 489.780
336.683 353.068
336.947 492.354
337.211 490.640
337.476 353.925
337.740 437.209
338.004 506.493
338.268 502.776
338.532 525.058
338.797 438.340
339.061 483.620
339.325 592.901
339.589 719.180
339.853 609.459
340.118 512.736
340.382 603.014
340.646 659.290
340.910 466.566
341.174 465.841
341.439 445.116
341.703 490.390
341.967 464.663
342.231 461.935
342.495 440.207
342.759 610.478
343.024 568.748
343.288 633.018
343.552 644.287
343.816 402.555
344.080 406.823
344.345 528.090
344.609 411.356
344.873 298.622
345.137 461.887
345.401 557.151
345.666 363.414
345.930 496.677
346.194 578.940
346.458 415.201
346.722 432.462
346.987 471.723
347.251 527.983
347.515 644.242
347.779 514.500
348.043 414.758
348.308 485.015
348.572 385.271
348.836 354.527
349.100 375.782
349.364 309.037
349.628 369.291
349.893 488.544
350.157 556.797
350.421 527.049
350.685 525.300
350.949 424.551
351.214 315.801
351.478 419.051
351.742 458.300
352.006 540.548
352.270 552.796
352.535 465.043
352.799 469.289
353.063 522.535
353.327 394.780
353.591 366.025
353.856 468.269
354.120 527.512
354.384 643.755
354.648 726.998
354.912 598.239
355.177 521.480
355.441 420.721
355.705 634.960
355.969 674.200
356.233 623.438
356.497 545.676
356.762 486.914
357.026 480.151
357.290 520.387
357.554 565.623
357.818 584.858
358.083 506.093
358.347 474.327
358.611 458.560
358.875 489.793
359.139 493.025
359.404 436.257
359.668 564.488
359.932 642.719
360.196 603.949
360.460 497.178
360.725 536.407
360.989 613.635
361.253 690.863
361.517 594.090
361.781 589.317
362.046 588.543
362.310 576.769
362.574 586.994
362.838 525.218
363.102 526.442
363.366 553.665
363.631 458.888
363.895 528.110
364.159 696.332
364.423 642.553
364.687 595.774
364.952 694.994
365.216 727.214
365.480 628.433
365.747 453.651
366.013 494.869
366.280 493.087
366.546 553.304
366.813 483.520
367.079 571.736
367.346 635.951
367.612 544.166
367.879 559.381
368.145 585.594
368.412 516.808
368.678 486.020
368.945 565.233
369.211 540.444
369.478 589.656
369.744 528.866
370.011 479.077
370.278 508.286
370.544 502.496
370.811 504.704
371.077 539.912
371.344 464.120
371.610 512.327
371.877 568.534
372.143 627.740
372.410 723.946
372.676 733.151
372.943 688.356
373.209 632.560
373.476 537.764
373.742 464.967
374.009 589.170
374.276 574.372
374.542 532.574
374.809 500.775
375.075 401.976
375.342 410.177
375.608 419.376
375.875 381.576
376.141 606.775
376.408 654.973
376.674 607.171
376.941 533.369
377.207 504.566
377.474 910.762
377.740 805.959
378.007 467.154
378.273 584.349
378.540 637.544
378.807 508.738
379.073 470.932
379.340 481.125
379.606 518.318
379.873 485.511
380.139 547.703
380.406 622.894
380.672 540.085
380.939 460.276
381.205 445.466
381.472 323.656
381.738 295.845
382.005 486.034
382.271 572.222
382.538 604.410
382.804 749.598
383.071 614.785
383.338 551.971
383.604 533.157
383.871 618.343
384.137 684.528
384.404 617.713
384.670 557.898
384.937 478.082
385.203 589.265
385.470 542.448
385.736 549.631
386.003 565.813
386.269 564.995
386.536 507.177
386.802 545.358
387.069 634.538
387.336 788.718
387.602 765.898
387.869 487.077
388.135 449.256
388.402 421.435
388.668 494.613
388.935 598.791
389.201 735.968
389.468 661.145
389.734 665.321
390.001 606.497
390.267 521.673
390.534 598.848
390.800 612.023
391.067 688.197
391.333 673.371
391.600 581.544
391.867 577.718
392.133 565.890
392.400 464.063
392.666 416.235
392.933 615.406
393.199 730.577
393.466 615.748
393.732 536.919
393.999 596.089
394.265 631.258
394.532 531.427
394.798 594.596
395.065 554.765
395.331 683.933
395.598 711.100
395.864 620.268
396.131 647.435
396.398 678.601
396.664 757.767
396.931 763.933
397.197 852.098
397.464 848.263
397.730 1059.428
397.997 1032.592
398.263 1012.756
398.530 1071.919
398.796 1232.083
399.063 1289.245
399.329 1223.408
399.596 1371.570
399.862 1327.731
400.129 1423.893
400.396 1437.053
400.662 1220.214
400.929 1309.374
401.195 1341.534
401.462 1417.693
401.728 1593.852
401.995 1733.011
402.261 1789.169
402.528 1947.327
402.794 2179.485
403.061 2496.642
403.327 2716.799
403.594 2700.956
403.860 2828.112
404.127 2879.268
404.393 3161.423
404.660 3352.579
404.931 3411.733
405.202 3575.888
405.473 3845.042
405.745 4368.196
406.016 4751.349
406.287 4776.502
406.558 4791.655
406.829 5128.807
407.100 5109.959
407.371 5432.111
407.642 5472.262
407.914 5481.413
408.185 5474.564
408.456 5614.714
408.727 5930.864
408.998 5890.014
409.269 6175.163
409.540 6246.312
409.811 6017.461
410.083 6001.609
410.354 5936.757
410.625 5848.905
410.896 5908.052
411.167 5836.199
411.438 5776.346
411.709 5469.492
411.981 5426.638
412.252 5108.784
412.523 4708.930
412.794 4620.075
413.065 4448.219
413.336 3977.364
413.607 3805.508
413.878 3619.652
414.150 3408.795
414.421 3031.938
414.692 2848.081
414.963 2723.224
415.234 2691.366
415.505 2551.508
415.776 2465.649
416.047 2249.790
416.319 2031.931
416.590 1725.072
416.861 1338.212
417.132 1324.352
417.403 1285.492
417.674 1178.631
417.945 960.770
418.217 872.909
418.488 1023.048
418.759 828.186
419.030 662.324
419.301 732.461
419.572 804.599
419.843 797.736
420.114 647.872
420.386 616.009
420.657 746.145
420.928 703.280
421.199 614.416
421.470 583.551
421.741 559.686
422.012 554.820
422.283 552.955
422.555 599.089
422.826 701.222
423.097 775.356
423.368 702.489
423.639 603.622
423.910 704.754
424.181 584.887
424.453 476.019
424.724 732.150
424.995 815.282
425.266 660.413
425.537 604.544
425.808 742.674
426.079 801.804
426.350 643.934
426.622 585.064
426.893 737.194
427.164 674.323
427.435 563.452
427.706 558.580
427.977 606.708
428.248 575.836
428.519 663.964
428.791 602.092
429.062 647.219
429.333 570.346
429.604 497.472
429.875 652.599
430.146 723.725
430.417 633.851
430.689 602.976
430.960 528.102
431.231 561.227
431.502 765.351
431.773 717.476
432.044 581.600
432.315 742.724
432.586 724.848
432.858 714.971
433.129 530.094
433.400 582.217
433.671 681.340
433.942 607.462
434.213 514.585
434.484 560.706
434.755 577.828
435.027 448.949
435.298 580.070
435.569 650.191
435.840 570.312
436.116 580.432
436.391 616.552
436.667 680.672
436.942 732.792
437.218 745.911
437.493 671.030
437.769 711.149
438.045 631.267
438.320 623.386
438.596 682.504
438.871 640.621
439.147 630.739
439.422 531.856
439.698 433.973
439.974 490.090
440.249 655.207
440.525 662.323
440.800 462.439
441.076 541.555
441.351 706.670
441.627 819.786
441.903 750.901
442.178 521.016
442.454 538.130
442.729 790.245
443.005 649.359
443.281 679.473
443.556 823.586
443.832 743.700
444.107 590.813
444.383 576.926
444.658 617.039
444.934 481.151
445.210 708.263
445.485 776.375
445.761 707.487
446.036 666.599
446.312 717.710
446.587 736.821
446.863 574.932
447.139 596.043
447.414 639.153
447.690 741.263
447.965 760.373
448.241 659.483
448.516 663.592
448.792 642.702
449.068 612.811
449.343 712.919
449.619 624.028
449.894 615.136
450.170 593.244
450.445 810.352
450.721 869.460
450.997 611.567
451.272 677.675
451.548 625.782
451.823 546.889
452.099 645.995
452.375 558.101
452.650 556.208
452.926 598.313
453.201 629.419
453.477 913.525
453.752 770.630
454.028 626.735
454.304 720.840
454.579 768.944
454.855 722.049
455.130 732.153
455.406 881.257
455.681 801.361
455.957 687.464
456.233 658.568
456.508 663.671
456.784 641.774
457.059 610.877
457.335 773.979
457.610 703.081
457.886 637.183
458.162 598.285
458.437 621.387
458.713 747.488
458.988 697.590
459.264 688.691
459.539 707.792
459.815 684.892
460.091 629.993
460.366 611.093
460.642 540.193
460.917 594.293
461.193 593.392
461.468 552.492
461.744 601.591
462.020 580.690
462.295 621.789
462.571 591.888
462.846 633.986
463.122 720.084
463.397 754.182
463.673 659.621
463.949 647.730
464.224 637.837
464.500 640.932
464.775 598.670
465.051 605.555
465.327 668.195
465.602 743.473
465.878 750.306
466.153 638.874
466.429 815.432
466.704 1011.321
466.980 949.439
467.256 915.534
467.531 1003.633
467.807 978.682
468.082 923.667
468.358 919.834
468.633 1006.032
468.909 910.745
469.185 815.273
469.460 916.791
469.736 1035.633
470.011 880.642
470.287 857.717
470.562 940.185
470.838 835.274
471.114 906.918
471.389 886.810
471.665 847.355
471.940 925.229
472.216 912.164
472.491 752.087
472.767 777.284
473.043 948.776
473.318 1017.834
473.594 835.036
473.869 799.355
474.145 756.721
474.421 730.364
474.696 711.127
474.972 641.678
475.247 754.554
475.523 887.279
475.798 838.326
476.074 752.023
476.350 680.831
476.625 674.480
476.901 746.946
477.176 729.983
477.452 621.497
477.727 631.760
478.003 498.077
478.279 709.549
478.554 825.492
478.830 770.470
479.105 797.421
479.381 759.175
479.656 655.816
479.932 702.858
480.208 788.267
480.483 762.280
480.759 803.823
481.034 715.220
481.310 646.620
481.585 679.677
481.861 726.135
482.137 652.982
482.412 697.683
482.688 731.508
482.963 816.116
483.239 850.454
483.514 602.042
483.790 684.922
484.066 909.098
484.341 782.526
484.617 691.102
484.892 803.243
485.168 781.436
485.443 651.518
485.719 664.524
485.995 699.994
486.270 709.294
486.546 667.419
486.821 565.622
487.097 519.177
487.373 586.794
487.648 779.617
487.924 818.263
488.199 570.978
488.475 448.269
488.750 513.156
489.026 690.384
489.302 649.247
489.577 580.063
489.853 590.348
490.128 711.877
490.404 711.259
490.679 572.395
490.955 819.226
491.231 876.001
491.506 784.960
491.782 660.440
492.057 625.626
492.333 729.422
492.608 661.985
492.884 710.987
493.160 551.573
493.435 521.360
493.711 665.555
493.986 633.638
494.262 577.474
494.537 569.708
494.813 661.610
495.089 595.539
495.364 628.033
495.640 662.490
495.915 603.628
496.191 757.452
496.467 716.895
496.742 692.341
497.018 738.206
497.293 678.065
497.569 768.732
497.844 716.865
498.120 762.486
498.396 712.487
498.671 590.133
498.947 690.507
499.222 709.161
499.498 704.967
499.773 763.749
500.049 806.225
500.325 760.199
500.600 800.795
500.876 753.624
501.151 883.596
501.427 888.574
501.702 954.869
501.978 963.990
502.254 1017.366
502.529 876.578
502.805 1012.480
503.080 1153.697
503.356 1015.682
503.631 965.268
503.907 1051.305
504.183 1032.148
504.458 1029.186
504.734 1036.309
505.009 1084.917
505.285 1055.724
505.560 1081.020
505.836 1012.349
506.112 1005.338
506.387 861.687
506.663 872.011
506.938 926.685
507.214 885.302
507.490 914.783
507.765 900.814
508.041 936.205
508.316 936.277
508.592 810.596
508.867 888.323
509.143 1007.100
509.419 889.583
509.694 801.611
509.970 772.595
510.245 715.063
510.521 820.418
510.796 735.753
511.072 627.931
511.348 687.567
511.623 782.352
511.899 767.166
512.174 787.328
512.450 857.052
512.725 800.574
513.001 673.982
513.277 638.730
513.552 797.615
513.828 719.186
514.103 700.812
514.379 816.955
514.654 732.738
514.930 696.984
515.206 1055.543
515.481 939.810
515.757 748.026
516.032 695.502
516.308 848.506
516.583 957.989
516.859 910.424
517.135 1000.071
517.410 1054.559
517.686 1056.568
517.961 1043.999
518.237 1055.618
518.513 1003.300
518.788 1263.516
519.064 1374.076
519.339 1387.062
519.615 1382.892
519.890 1417.302
520.166 1495.962
520.442 1689.003
520.717 1793.013
520.993 1835.266
521.268 1742.129
521.544 1789.353
521.819 1686.074
522.095 1803.520
522.371 1994.567
522.646 2002.300
522.922 2154.659
523.197 2123.111
523.473 2138.367
523.748 2075.271
524.024 1993.993
524.300 2008.408
524.575 2012.298
524.851 2104.225
525.126 2173.976
525.402 2175.161
525.677 2175.222
525.953 2083.337
526.229 2058.542
526.504 2072.056
526.780 2177.210
527.055 2156.387
527.331 2208.122
527.606 2250.528
527.882 2249.391
528.158 2128.043
528.433 2320.287
528.709 2236.854
528.984 2181.252
529.260 2178.776
529.535 2207.482
529.811 2074.977
530.087 1980.860
530.362 2053.156
530.638 2127.274
530.913 2128.543
531.189 2056.333
531.465 1902.917
531.740 1929.936
532.016 2055.653
532.291 1886.466
532.567 1813.631
532.842 1857.295
533.118 1810.659
533.394 1843.543
533.669 1657.500
533.945 1494.135
534.220 1457.229
534.496 1546.340
534.771 1461.162
535.047 1477.280
535.323 1432.883
535.598 1408.129
535.874 1462.297
536.149 1435.436
536.425 1358.621
536.700 1380.206
536.976 1549.637
537.252 1850.529
537.527 2051.816
537.803 2487.041
538.078 3024.451
538.354 3506.318
538.629 3734.236
538.905 3951.814
539.181 4387.674
539.456 4810.808
539.732 5265.763
540.007 5603.432
540.283 5733.532
540.558 5916.478
540.834 6356.529
541.110 6688.622
541.385 6889.669
541.661 7091.707
541.936 7223.668
542.212 7193.993
542.488 7393.257
542.763 7576.663
543.039 7756.856
543.314 7813.460
543.590 7771.623
543.865 7783.596
544.141 7782.660
544.417 7843.292
544.692 7684.460
544.968 7513.712
545.243 7374.120
545.519 7065.959
545.794 6903.058
546.070 6859.377
546.348 6662.277
546.627 6351.535
546.905 6254.428
547.183 6128.854
547.461 6076.278
547.740 6100.166
548.018 5964.138
548.296 5928.479
548.575 5910.659
548.853 5967.317
549.131 6112.357
549.409 6275.990
549.688 6399.061
549.966 6523.123
550.244 6784.090
550.523 6805.171
550.801 6928.190
551.079 7004.477
551.357 7043.106
551.636 7138.967
551.914 7056.892
552.192 6926.768
552.471 7091.606
552.749 7207.734
553.027 7153.449
553.306 7305.760
553.584 7490.670
553.862 7562.932
554.140 7635.676
554.419 7767.063
554.697 8069.760
554.975 8320.233
555.254 8293.578
555.532 8125.375
555.810 8360.426
556.088 8387.039
556.367 8120.294
556.645 7880.928
556.923 7734.092
557.202 7610.981
557.480 7529.856
557.758 7342.196
558.036 7224.884
558.315 7006.687
558.593 6957.367
558.871 6701.851
559.150 6335.327
559.428 6107.254
559.706 5833.011
559.984 5586.118
560.263 5519.064
560.541 5238.038
560.819 4878.971
561.098 4669.638
561.376 4337.956
561.654 3777.428
561.932 3348.967
562.211 3138.931
562.489 2940.133
562.767 2565.958
563.046 2170.777
563.324 2018.071
563.602 1974.909
563.880 1786.881
564.159 1676.565
564.437 1627.067
564.715 1379.156
564.994 1255.404
565.272 1310.154
565.550 1168.965
565.828 1074.165
566.107 1123.039
566.385 1026.301
566.663 912.120
566.942 960.114
567.220 973.610
567.498 1053.439
567.776 901.564
568.055 776.611
568.333 870.889
568.611 935.234
568.890 812.931
569.168 713.196
569.446 793.159
569.725 816.394
570.003 691.803
570.281 667.374
570.559 768.968
570.838 717.485
571.116 803.498
571.394 884.940
571.673 942.101
571.951 812.965
572.229 750.876
572.507 795.383
572.786 826.359
573.064 781.446
573.342 703.595
573.621 600.624
573.899 650.427
574.177 862.046
574.455 773.980
574.734 670.087
575.012 754.282
575.290 689.445
575.569 709.775
575.847 811.597
576.125 729.209
576.403 638.616
576.682 701.236
576.960 747.984
577.243 804.380
577.527 717.534
577.810 612.161
578.093 586.183
578.377 605.174
578.660 635.852
578.944 605.265
579.227 522.350
579.510 645.807
579.794 642.525
580.077 613.192
580.360 624.759
580.644 589.675
580.927 602.235
581.210 694.725
581.494 664.282
581.777 688.541
582.061 621.543
582.344 565.378
582.627 538.504
582.911 589.396
583.194 596.017
583.477 727.799
583.761 730.838
584.044 756.830
584.327 721.667
584.611 665.767
584.894 626.851
585.178 578.943
585.461 632.934
585.744 712.898
586.028 622.655
586.311 646.699
586.594 741.743
586.878 651.787
587.161 576.831
587.444 647.875
587.728 669.919
588.011 717.963
588.295 640.006
588.578 677.372
588.861 834.259
589.145 678.137
589.428 606.787
589.711 516.223
589.995 543.723
590.278 747.562
590.562 693.353
590.845 630.765
591.128 806.825
591.412 740.002
591.695 640.884
591.978 800.966
592.262 697.912
592.545 537.042
592.828 743.209
593.112 640.815
593.395 546.142
593.679 509.783
593.962 696.081
594.245 709.360
594.529 617.860
594.812 499.991
595.095 422.919
595.379 662.438
595.662 750.614
595.945 638.688
596.229 554.763
596.512 595.290
596.796 653.404
597.079 675.570
597.362 789.472
597.646 735.320
597.929 608.754
598.212 634.873
598.496 646.771
598.779 762.659
599.062 831.801
599.346 666.985
599.629 634.810
599.913 622.402
600.196 673.674
600.479 651.397
600.763 637.301
601.046 518.093
601.329 588.525
601.613 720.730
601.896 639.157
602.179 710.278
602.463 622.891
602.746 686.781
603.030 784.070
603.313 757.825
603.596 595.941
603.880 629.710
604.163 683.670
604.446 668.348
604.730 541.061
605.013 600.258
605.296 725.272
605.580 654.792
605.863 690.090
606.147 593.165
606.430 555.006
606.713 690.510
606.997 696.122
607.280 803.111
607.563 739.549
607.847 663.595
608.130 731.535
608.414 765.104
608.697 653.596
608.980 612.159
609.264 744.169
609.547 632.803
609.830 637.738
610.114 700.459
610.397 713.230
610.680 736.053
610.964 736.554
611.247 699.336
611.531 664.732
611.814 583.317
612.097 604.944
612.381 714.193
612.664 828.768
612.947 701.229
613.231 622.758
613.514 681.364
613.797 762.934
614.081 773.776
614.364 705.051
614.648 649.096
614.931 641.275
615.214 623.630
615.498 659.678
615.781 684.971
616.064 646.622
616.348 762.801
616.631 801.027
616.914 866.220
617.198 830.657
617.481 779.462
617.765 734.903
618.048 768.241
618.331 717.932
618.615 675.200
618.898 835.316
619.181 828.435
619.465 771.922
619.748 666.122
620.031 644.046
620.315 643.730
620.598 705.912
620.882 780.135
621.165 945.957
621.448 875.416
621.732 796.722
622.015 647.504
622.298 635.870
622.582 748.317
622.865 753.097
623.148 663.223
623.432 765.688
623.715 696.655
623.999 872.612
624.282 857.460
624.565 869.281
624.849 676.158
625.132 533.404
625.415 870.134
625.699 951.774
625.982 820.630
626.265 753.569
626.549 701.328
626.832 827.626
627.116 874.127
627.399 713.556
627.682 688.968
627.966 641.985
628.249 635.338
628.532 604.584
628.816 830.087
629.099 791.214
629.383 751.418
629.666 757.943
629.949 691.968
630.233 679.692
630.516 742.126
630.799 786.192
631.083 716.839
631.366 627.863
631.649 588.180
631.933 570.008
632.216 708.305
632.500 742.986
632.783 732.117
633.066 730.732
633.350 737.342
633.633 777.204
633.916 736.748
634.200 684.805
634.483 725.369
634.766 795.912
635.050 766.051
635.333 595.992
635.617 644.274
635.900 737.872
636.183 737.453
636.467 698.981
636.750 718.449
637.033 786.405
637.317 781.395
637.600 738.398
637.883 684.215
638.167 724.881
638.450 714.191
638.734 695.495
639.017 771.369
639.300 845.370
639.584 758.549
639.867 953.154
640.150 914.831
640.434 905.507
640.717 908.430
641.000 858.928
641.284 950.548
641.567 828.923
641.851 906.771
642.134 1077.815
642.417 1037.586
642.701 1192.937
642.984 1166.618
643.267 1085.500
643.551 1007.815
643.834 996.606
644.117 1091.209
644.401 1036.030
644.684 1107.288
644.968 1283.106
645.251 1207.824
645.534 1142.188
645.818 1225.708
646.101 1386.513
646.384 1565.886
646.668 1723.662
646.951 1695.523
647.235 1902.973
647.518 2059.958
647.801 2338.183
648.085 2553.858
648.368 2714.183
648.651 2847.671
648.935 3250.427
649.218 3557.425
649.501 3704.068
649.785 3981.213
650.068 4426.490
650.352 4681.880
650.635 4938.697
650.918 5204.516
651.202 5661.484
651.485 6118.932
651.768 6509.759
652.052 6798.186
652.335 7292.577
652.618 7941.070
652.902 8665.442
653.185 9225.405
653.469 9625.919
653.752 9982.074
654.035 10391.761
654.319 10822.514
654.602 11063.061
654.885 11190.416
655.169 11506.519
655.452 11430.774
655.735 11716.104
656.019 11893.684
656.302 11954.983
656.586 12137.376
656.869 12363.818
657.152 12462.774
657.436 12548.622
657.719 12662.886
658.002 12598.324
658.286 12548.454
658.569 12268.489
658.852 11982.806
659.136 11822.395
659.419 11406.182
659.703 11083.369
659.986 11025.532
660.269 10810.965
660.553 10516.472
660.836 10444.347
661.119 10507.386
661.403 10428.001
661.686 10320.780
661.969 10268.928
662.253 10136.571
662.536 10031.926
662.820 10049.132
663.103 9954.842
663.386 9766.230
663.670 9740.905
663.953 9493.483
664.236 9544.671
664.520 9307.619
664.803 9161.752
665.086 9030.039
665.370 9066.573
665.653 8969.337
665.937 8699.559
666.220 8545.430
666.503 8321.321
666.787 8091.127
667.070 7960.244
667.353 7496.859
667.637 6955.312
667.920 6692.664
668.204 6127.157
668.487 5629.729
668.770 5375.817
669.054 4959.349
669.337 4559.744
669.620 4247.847
669.904 3953.326
670.187 3714.775
670.470 3637.982
670.754 3448.215
671.037 3190.469
671.321 2933.919
671.604 3027.950
671.887 2988.089
672.171 2777.269
672.454 2758.098
672.737 2611.114
673.021 2443.565
673.304 2439.942
673.587 2509.786
673.871 2427.530
674.154 2327.091
674.438 2257.569
674.721 2270.958
675.004 2208.508
675.288 2048.043
675.571 1994.568
675.854 1853.504
676.138 1778.124
676.421 1714.972
676.704 1585.574
676.988 1753.212
677.271 1918.275
677.555 1775.509
677.838 1581.122
678.121 1480.343
678.405 1390.268
678.688 1463.795
678.971 1262.503
679.255 1364.191
679.538 1414.012
679.821 1383.957
680.105 1263.927
680.388 1131.037
680.672 1090.660
680.955 1106.281
681.238 1106.419
681.522 1028.374
681.805 1057.688
682.088 1167.031
682.372 1171.404
682.655 1033.823
682.938 1115.271
683.222 1127.825
683.505 999.459
683.789 1051.734
684.072 1032.952
684.355 1049.647
684.639 1007.921
684.922 941.143
685.205 1006.932
685.489 1084.204
685.772 1060.286
686.056 1040.502
686.339 1062.496
686.622 863.019
686.906 821.293
687.189 954.931
687.472 1175.209
687.756 991.529
688.039 857.936
688.322 802.639
688.606 1045.881
688.889 1084.530
689.173 933.200
689.456 1017.778
689.739 1032.419
690.023 1043.882
690.306 1057.465
690.589 991.807
690.873 1057.399
691.156 1132.347
691.439 1090.751
691.723 936.771
692.006 1052.357
692.290 1101.131
692.573 1166.473
692.856 1252.164
693.140 1204.522
693.423 1153.612
693.706 1057.424
693.990 1031.479
694.273 1048.001
694.556 1266.760
694.840 1252.860
695.123 1113.162
695.407 1226.590
695.690 1149.939
695.973 1165.583
696.257 1152.050
696.540 1329.903
696.830 1320.339
697.120 1313.171
697.410 1359.076
697.699 1339.246
697.989 1574.580
698.279 1463.399
698.569 1375.860
698.859 1457.852
699.149 1603.158
699.439 1536.173
699.729 1430.549
700.018 1396.900
700.308 1482.147
700.598 1394.507
700.888 1309.995
701.178 1561.482
701.468 1539.639
701.758 1414.497
702.048 1433.468
702.337 1371.241
702.627 1537.015
702.917 1436.131
703.207 1333.565
703.497 1295.024
703.787 1190.229
704.077 1160.264
704.366 1173.018
704.656 1088.616
704.946 984.374
705.236 939.459
705.526 1056.310
705.816 1104.238
706.106 822.004
706.396 836.149
706.685 845.598
706.975 751.282
707.265 685.396
707.555 832.759
707.845 847.981
708.135 684.476
708.425 560.929
708.715 585.246
709.004 819.868
709.294 791.235
709.584 764.057
709.874 855.796
710.164 815.385
710.454 736.980
710.744 685.930
711.034 705.001
711.323 762.691
711.613 703.659
711.903 768.870
712.193 840.672
712.483 727.617
712.773 678.476
713.063 645.764
713.352 690.555
713.642 704.867
713.932 743.515
714.222 719.694
714.512 677.187
714.802 655.205
715.092 703.677
715.382 609.494
715.671 617.027
715.961 694.858
716.251 608.175
716.541 674.984
716.831 789.741
717.121 644.634
717.411 714.236
717.701 800.382
717.990 720.021
718.280 669.956
718.570 649.920
718.860 640.734
719.150 659.515
719.440 604.517
719.730 573.598
720.019 865.056
720.309 782.809
720.599 670.128
720.889 669.518
721.179 708.774
721.469 711.389
721.759 660.319
722.049 677.598
722.338 600.918
722.628 641.479
722.918 669.675
723.208 748.869
723.498 622.928
723.788 647.611
724.078 788.152
724.368 727.012
724.657 679.127
724.947 768.520
725.237 777.970
725.527 822.393
725.817 694.331
726.107 630.602
726.397 623.854
726.686 576.486
726.976 635.501
727.266 707.089
727.556 629.740
727.846 703.943
728.136 711.020
728.426 649.434
728.716 597.130
729.005 723.119
729.295 666.939
729.585 543.012
729.875 560.391
730.165 647.279
730.455 659.909
730.745 643.095
731.035 658.650
731.324 768.901
731.614 698.497
731.904 575.776
732.194 697.273
732.484 662.953
732.774 621.145
733.064 593.928
733.354 486.944
733.643 594.732
733.933 671.171
734.223 608.813
734.513 777.449
734.803 856.277
735.093 725.566
735.383 625.709
735.672 669.675
735.962 768.853
736.252 598.034
736.542 574.740
736.832 548.315
737.122 490.050
737.412 626.345
737.702 742.780
737.991 738.874
738.281 696.100
738.571 611.939
738.861 618.086
739.151 648.618
739.441 674.549
739.731 540.842
740.021 638.480
740.310 728.873
740.600 751.331
740.890 500.609
741.180 541.104
741.470 609.239
741.760 735.617
742.050 845.212
742.339 716.340
742.629 635.253
742.919 778.695
743.209 646.523
743.499 609.596
743.789 594.377
744.079 698.358
744.369 690.763
744.658 600.973
744.948 468.715
745.238 653.540
745.528 682.301
745.818 778.236
746.108 689.962
746.398 666.834
746.688 663.874
746.977 789.018
747.267 680.796
747.557 716.283
747.847 770.975
748.137 696.140
748.427 639.443
748.717 538.506
749.006 446.448
749.296 619.223
749.586 668.377
749.876 776.632
750.166 672.070
750.456 614.933
750.746 671.455
751.036 600.616
751.325 708.420
751.615 699.157
751.905 691.185
752.195 644.895
752.485 602.915
752.775 665.600
753.065 595.549
753.355 840.814
753.644 852.845
753.934 755.032
754.224 701.134
754.514 850.452
754.804 596.860
755.094 512.626
755.384 622.977
755.674 648.071
755.963 697.238
756.253 697.957
756.543 733.384
756.833 752.968
757.123 750.223
757.413 668.584
757.703 609.307
757.992 595.256
758.282 649.898
758.572 624.439
758.862 562.147
759.152 631.512
759.442 616.841
759.732 703.912
760.022 794.383
760.311 681.519
760.601 528.621
760.891 693.629
761.181 745.212
761.471 719.824
761.761 584.616
762.051 566.508
762.341 738.995
762.630 773.998
762.920 622.959
763.210 662.920
763.500 717.659
763.793 604.888
764.086 646.196
764.379 618.401
764.671 729.084
764.964 694.897
765.257 710.006
765.550 639.884
765.843 463.491
766.136 567.340
766.429 572.399
766.722 629.242
767.014 544.121
767.307 429.883
767.600 451.050
767.893 462.612
768.186 537.227
768.479 637.043
768.772 710.650
769.064 698.572
769.357 663.647
769.650 630.060
769.943 744.247
770.236 659.673
770.529 576.687
770.822 653.318
771.115 748.094
771.407 819.503
771.700 768.058
771.993 772.892
772.286 701.494
772.579 728.023
772.872 614.130
773.165 594.994
773.457 704.891
773.750 713.693
774.043 595.649
774.336 604.349
774.629 671.697
774.922 690.556
775.215 624.983
775.508 632.806
775.800 540.638
776.093 693.264
776.386 718.741
776.679 584.538
776.972 734.606
777.265 891.723
777.558 913.983
777.850 747.253
778.143 694.004
778.436 686.671
778.729 648.813
779.022 710.137
779.315 610.657
779.608 543.337
779.900 552.400
780.193 569.503
780.486 617.141
780.779 579.428
781.072 534.777
781.365 648.670
781.658 647.331
781.951 604.175
782.243 686.148
782.536 687.543
782.829 668.484
783.122 672.517
783.415 686.905
783.708 699.961
784.001 668.885
784.293 735.101
784.586 784.481
784.879 811.552
785.172 700.647
785.465 638.240
785.758 673.327
786.051 669.336
786.344 751.014
786.636 842.874
786.929 707.755
787.222 636.975
787.515 615.697
787.808 621.476
788.101 583.531
788.394 691.440
788.686 851.297
788.979 792.165
789.272 708.473
789.565 718.760
789.858 655.903
790.151 561.670
790.444 540.707
790.737 587.264
791.029 590.101
791.322 655.986
791.615 621.450
791.908 666.664
792.201 631.085
792.494 644.430
792.787 680.657
793.079 802.987
793.372 709.574
793.665 727.247
793.958 624.572
794.251 675.435
794.544 777.369
794.837 818.040
795.130 643.580
795.422 626.647
795.715 703.433
796.008 719.121
796.301 734.637
796.594 686.844
796.887 754.590
797.180 720.463
797.472 587.877
797.765 481.213
798.058 552.462
798.351 599.889
798.644 522.138
798.937 540.100
799.230 613.283
799.523 957.879
799.815 876.140
800.108 569.077
800.401 557.129
800.694 691.433
800.987 616.981
801.280 650.198
801.573 771.093
801.865 769.111
802.158 688.519
802.451 592.726
802.744 567.792
803.037 620.702
803.330 638.320
803.623 779.416
803.915 759.471
804.208 628.377
804.501 734.756
804.794 731.769
805.087 678.053
805.380 579.227
805.673 525.610
805.966 660.760
806.258 617.350
806.551 703.947
806.844 710.990
807.137 734.836
807.430 601.584
807.723 579.511
808.016 767.277
808.308 829.199
808.601 662.891
808.894 575.709
809.187 654.854
809.480 724.633
809.773 686.734
810.066 687.441
810.359 773.748
810.651 686.525
810.944 426.776
811.237 475.658
811.530 669.417
811.825 590.311
812.119 518.086
812.414 465.629
812.709 668.135
813.003 716.061
813.298 626.374
813.593 673.251
813.887 647.281
814.182 985.323
814.476 880.755
814.771 843.207
815.066 748.295
815.360 631.696
815.655 561.590
815.950 579.470
816.244 628.315
816.539 738.684
816.834 706.079
817.128 698.652
817.423 744.846
817.718 907.678
818.012 723.819
818.307 486.412
818.602 623.723
818.896 734.875
819.191 618.482
819.486 619.771
819.780 751.609
820.075 870.823
820.369 869.537
820.664 716.208
820.959 755.560
821.253 783.302
821.548 709.742
821.843 717.461
822.137 729.657
822.432 736.401
822.727 713.200
823.021 692.039
823.316 828.619
823.611 749.741
823.905 631.708
824.200 622.139
824.495 744.775
824.789 778.545
825.084 775.633
825.379 679.420
825.673 686.488
825.968 751.448
826.262 702.472
826.557 740.858
826.852 719.917
827.146 704.009
827.441 723.426
827.736 746.502
828.030 655.918
828.325 452.477
828.620 673.299
828.914 834.497
829.209 622.115
829.504 780.796
829.798 800.322
830.093 682.155
830.388 600.775
830.682 510.398
830.977 663.538
831.271 705.226
831.566 574.675
831.861 569.315
832.155 571.120
832.450 717.838
832.745 829.326
833.039 691.120
833.334 591.487
833.629 690.537
833.923 624.749
834.218 583.433
834.513 551.081
834.807 554.879
835.102 481.227
835.397 564.237
835.691 559.081
835.986 554.616
836.281 555.939
836.575 546.602
836.870 593.399
837.164 590.083
837.459 560.223
837.754 637.385
838.048 585.808
838.343 549.177
838.638 586.579
838.932 670.677
839.227 676.951
839.522 681.630
839.816 615.088
840.111 579.792
840.406 557.034
840.700 726.357
840.995 858.857
841.290 927.320
841.584 761.127
841.879 774.895
842.174 693.549
842.468 677.012
842.763 582.282
843.057 649.659
843.352 699.194
843.647 651.661
843.941 704.267
844.236 754.309
844.531 735.864
844.825 739.900
845.120 807.928
845.415 819.223
845.709 729.036
846.004 829.880
846.299 664.147
846.593 750.379
846.888 789.766
847.183 675.440
847.477 596.082
847.772 658.504
848.066 686.540
848.361 685.841
848.656 773.297
848.950 690.509
849.245 762.252
849.540 706.203
849.834 822.720
850.129 838.587
850.424 731.643
850.718 684.223
851.013 791.135
851.308 717.911
851.602 743.184
851.897 802.447
852.192 876.394
852.486 781.618
852.781 694.577
853.076 818.303
853.370 824.247
853.665 823.117
853.959 792.714
854.254 665.257
854.549 852.441
854.843 785.258
855.138 692.142
855.433 812.550
855.727 925.899
856.022 722.608
856.317 649.572
856.611 724.700
856.906 684.115
857.201 762.959
857.495 924.577
857.790 914.620
858.085 842.536
858.379 748.735
858.674 593.366
858.969 528.421
859.263 648.230
859.558 681.345
859.852 596.345
860.147 684.963
860.442 820.436
860.736 624.958
861.031 740.200
861.326 820.756
861.620 709.547
861.915 797.376
862.210 792.677
862.504 690.351
862.799 758.849
863.094 780.652
863.388 669.666
863.683 663.667
863.978 587.395
864.272 552.487
864.567 602.177
864.861 612.448
865.156 545.255
865.451 516.038
865.745 672.461
866.040 774.961
866.335 785.736
866.629 800.372
866.924 662.538
867.219 616.158
867.513 755.872
867.808 690.754
868.103 620.085
868.397 687.283
868.692 698.029
868.987 598.447
869.281 575.953
869.576 708.502
869.871 792.890
870.165 647.168
870.460 487.173
870.754 591.584
871.049 539.828
871.344 637.781
871.638 727.710
871.933 607.076
872.228 631.097
872.522 629.869
872.817 699.823
873.112 899.443
873.406 755.359
873.701 801.225
873.996 753.912
874.290 629.649
874.585 601.254
874.880 704.465
875.174 636.669
875.469 610.944
875.764 631.602
876.058 606.896
876.353 505.147
876.647 490.274
876.942 568.510
877.237 698.946
877.531 685.507
877.826 687.724
878.121 648.702
878.415 527.490
878.710 529.790
879.005 787.779
879.299 724.300
879.594 595.949
879.889 435.626
880.183 463.900
880.478 602.927
880.773 598.077
881.067 612.817
881.362 622.851
881.656 538.995
881.951 572.766
882.246 509.325
882.540 597.798
882.835 577.778
883.130 591.033
883.424 504.255
883.719 500.601
884.014 663.327
884.308 618.107
884.603 563.754
884.898 576.725
885.192 660.087
885.487 590.540
885.782 501.567
886.076 610.387
886.371 568.907
886.666 446.434
886.960 523.105
887.255 548.609
887.549 555.682
887.844 716.550
888.139 728.013
888.433 671.568
888.728 577.135
889.023 578.033
889.317 644.394
889.612 523.373
889.907 550.353
890.201 630.894
890.496 632.999
890.791 580.330
891.085 538.345
891.380 556.007
891.675 608.628
891.969 621.889
892.264 521.577
892.559 553.793
892.853 658.440
893.148 562.245
893.442 545.405
893.737 630.552
894.032 554.236
894.326 502.263
894.621 482.890
894.916 386.324
895.210 424.760
895.505 544.270
895.800 520.004
896.094 452.017
896.389 524.401
896.684 564.627
896.978 546.486
897.273 446.667
897.568 599.992
897.862 651.814
898.157 569.596
898.451 699.313
898.746 663.925
899.041 696.409
899.335 676.933
899.630 569.387
899.925 589.264
900.219 669.876
900.514 755.369
900.809 602.591
901.103 418.582
901.398 580.226
901.693 556.852
901.987 536.859
902.282 688.661
902.577 570.364
902.871 493.216
903.166 533.809
903.461 618.223
903.755 639.340
904.050 625.835
904.344 479.751
904.639 500.855
904.934 547.095
905.228 549.888
905.523 492.773
905.818 517.564
906.112 643.700
906.407 634.042
906.702 575.523
906.996 610.243
907.291 601.225
907.586 552.138
907.880 715.324
908.175 698.711
908.470 651.448
908.764 702.637
909.059 749.193
909.354 624.658
909.648 501.037
909.943 555.841
910.237 708.743
910.532 764.131
910.827 795.305
911.121 786.870
911.416 675.275
911.711 646.792
912.005 674.696
912.300 635.360
912.599 691.712
912.898 639.918
913.196 661.189
913.495 706.653
913.794 770.244
914.093 645.119
914.391 633.306
914.690 727.439
914.989 686.111
915.288 753.577
915.586 616.678
915.885 519.528
916.184 465.165
916.483 481.123
916.782 623.014
917.080 601.407
917.379 601.608
917.678 573.909
917.977 705.981
918.275 734.095
918.574 723.860
918.873 717.910
919.172 683.130
919.471 576.977
919.769 563.384
920.068 512.894
920.367 536.852
920.666 586.955
920.964 672.145
921.263 611.793
921.562 563.756
921.861 671.889
922.159 620.826
922.458 664.483
922.757 682.969
923.056 587.014
923.355 524.106
923.653 647.524
923.952 635.332
924.251 535.573
924.550 658.278
924.848 673.086
925.147 566.078
925.446 591.451
925.745 685.082
926.043 653.589
926.342 618.594
926.641 586.223
926.940 678.268
927.239 710.506
927.537 798.235
927.836 706.744
928.135 637.194
928.434 666.954
928.732 666.625
929.031 701.436
929.330 722.372
929.629 661.174
929.927 654.307
930.226 618.367
930.525 649.015
930.824 782.442
931.123 740.975
931.421 779.226
931.720 750.150
932.019 794.699
932.318 830.044
932.616 791.672
932.915 708.439
933.214 692.452
933.513 688.605
933.812 671.197
934.110 741.671
934.409 857.837
934.708 713.389
935.007 974.518
935.305 1014.329
935.604 735.794
935.903 840.809
936.202 885.573
936.500 956.293
936.799 1080.872
937.098 1037.691
937.397 938.144
937.696 820.996
937.994 857.722
938.293 890.964
938.592 764.203
938.891 833.720
939.189 838.652
939.488 956.276
939.787 1119.910
940.086 971.833
940.384 998.152
940.683 970.018
940.982 863.587
941.281 983.928
941.580 1201.304
941.878 1068.762
942.177 909.885
942.476 941.397
942.775 856.148
943.073 804.345
943.372 713.736
943.671 938.090
943.970 1109.498
944.268 1049.483
944.567 906.149
944.866 998.268
945.165 958.868
945.464 904.868
945.762 766.101
946.061 907.302
946.360 1035.773
946.659 1088.642
946.957 1014.096
947.256 952.969
947.555 974.399
947.854 954.674
948.153 898.762
948.451 903.530
948.750 949.982
949.049 876.130
949.348 1067.063
949.646 912.759
949.945 879.532
950.244 1048.561
950.543 973.181
950.841 909.336
951.140 828.927
951.439 724.074
951.738 795.345
952.037 829.699
952.335 930.385
952.634 1027.066
952.933 925.916
953.232 863.617
953.530 675.202
953.829 962.477
954.128 1017.651
954.427 919.394
954.725 1017.391
955.024 963.350
955.323 1001.388
955.622 846.054
955.921 739.321
956.219 886.812
956.518 786.351
956.817 813.980
957.116 828.632
957.414 832.787
957.713 778.418
958.012 670.434
958.311 684.785
958.610 864.389
958.908 879.179
959.207 918.873
959.506 938.660
959.805 925.313
960.103 901.571
960.402 901.804
960.701 766.443
961.000 764.129
961.298 762.956
961.597 818.957
961.896 754.841
962.195 838.342
962.494 887.561
962.792 827.684
963.091 794.237
963.390 737.783
963.689 672.558
963.987 800.217
964.286 948.270
964.585 966.722
964.884 856.211
965.182 675.766
965.481 1041.338
965.780 1136.899
966.080 998.346
966.380 890.946
966.680 852.919
966.981 862.701
967.281 828.888
967.581 761.733
967.881 795.857
968.181 844.907
968.481 868.930
968.781 817.983
969.082 707.021
969.382 762.997
969.682 850.228
969.982 911.225
970.282 970.025
970.582 730.013
970.882 698.012
971.183 837.996
971.483 744.883
971.783 793.974
972.083 826.704
972.383 821.022
972.683 852.067
972.983 905.447
973.284 821.309
973.584 816.353
973.884 775.966
974.184 792.296
974.484 873.922
974.784 699.602
975.084 662.970
975.385 701.050
975.685 800.141
975.985 770.150
976.285 812.187
976.585 831.061
976.885 713.475
977.185 718.559
977.486 814.376
977.786 834.313
978.086 868.624
978.386 865.605
978.686 689.721
978.986 667.832
979.286 756.840
979.587 786.849
979.887 752.857
980.187 692.865
980.487 660.874
980.787 753.882
981.087 748.891
981.387 902.899
981.688 714.907
981.988 609.916
982.288 698.924
982.588 740.932
982.888 718.941
983.188 693.949
983.488 829.957
983.789 783.966
984.089 780.974
984.389 750.982
984.689 672.991
984.989 594.999
985.289 607.007
985.589 776.015
985.890 727.024
986.190 606.032
986.490 642.040
986.790 754.048
987.090 739.057
987.390 771.065
987.690 780.073
987.991 627.081
988.291 615.089
988.591 656.098
988.891 556.106
989.191 550.114
989.491 746.122
989.791 744.130
990.092 702.138
990.392 761.147
990.692 717.155
990.992 694.163
991.292 583.171
991.592 687.179
991.892 695.187
992.193 738.195
992.493 731.203
992.793 635.211
993.093 618.219
993.393 605.228
993.693 681.236
993.993 732.244
994.294 778.252
994.594 668.260
994.894 595.268
995.194 639.276
995.494 560.284
995.794 581.292
996.094 562.300
996.395 653.308
996.695 764.316
996.995 593.324
997.295 492.332
997.595 516.340
997.895 520.348
998.195 492.356
998.496 532.363
998.796 566.371
999.096 767.379
999.396 667.387
999.696 644.395
999.996 682.403
1000.296 783.411
1000.597 766.419
1000.897 615.427
1001.197 656.435
1001.497 808.442
1001.797 597.450
1002.097 528.458
1002.397 619.466
1002.698 655.474
1002.998 716.482
1003.298 685.489
1003.598 571.497
1003.898 540.505
1004.198 652.513
1004.498 724.521
1004.799 665.528
1005.099 704.536
1005.399 751.544
1005.699 737.552
1005.999 688.559
1006.299 583.567
1006.599 801.575
1006.900 792.583
1007.200 618.590
1007.500 683.598
1007.800 709.606
1008.100 585.614
1008.400 559.621
1008.700 576.629
1009.001 547.637
1009.301 591.644
1009.601 809.652
1009.901 798.660
1010.201 719.667
1010.501 724.675
1010.801 843.683
1011.102 597.690
1011.402 630.698
1011.702 539.705
1012.002 510.713
1012.302 702.721
1012.602 699.728
1012.902 659.736
1013.203 681.743
1013.503 731.751
1013.803 733.759
1014.103 564.766
1014.403 691.774
1014.703 635.781
1015.003 542.789
1015.304 738.796
1015.604 806.804
1015.904 611.811
1016.204 576.819
1016.504 598.826
1016.804 583.834
1017.104 609.841
1017.405 610.849
1017.705 579.856
1018.005 575.864
1018.305 623.871
1018.605 615.879
1018.905 502.886
1019.205 515.894
1019.506 833.901
1019.806 768.908
1020.106 667.916
1020.406 722.923
1020.706 687.931
1021.006 732.938
1021.306 859.946
1021.607 670.953
1021.907 715.960
1022.207 687.968
1022.507 554.975
1022.807 574.982
1023.107 619.990
1023.407 603.997
1023.708 656.004
1024.008 589.012
1024.308 620.019
1024.608 598.026
1024.908 505.034
1025.208 607.041
1025.508 827.048
1025.809 794.056
1026.109 630.063
1026.409 674.070
1026.709 711.078
1027.009 671.085
1027.309 687.092
1027.609 566.099
1027.910 607.107
1028.210 693.114
1028.510 758.121
1028.810 931.128
1029.110 847.136
1029.410 740.143
1029.710 817.150
1030.011 808.157
1030.311 848.164
1030.611 702.172
1030.911 649.179
1031.211 671.186
1031.511 641.193
1031.811 855.200
1032.112 829.207
1032.412 610.215
1032.712 498.222
1033.012 574.229
1033.312 737.236
1033.612 726.243
1033.912 636.250
1034.212 576.257
1034.513 584.264
1034.813 550.272
1035.113 630.279
1035.413 522.286
1035.713 617.293
1036.013 725.300
1036.313 666.307
1036.614 753.314
1036.914 644.321
1037.214 492.328
1037.514 644.335
1037.814 622.342
1038.114 679.349
1038.414 682.356
1038.715 702.363
1039.015 565.370
1039.315 494.377
1039.615 620.384
1039.915 584.391
1040.215 548.398
1040.515 581.405
1040.816 708.412
1041.116 658.419
1041.416 578.426
1041.716 566.433
1042.016 562.440
1042.316 699.447
1042.616 623.454
1042.917 562.461
1043.217 589.468
1043.517 632.475
1043.817 713.482
1044.117 696.489
1044.417 683.495
1044.717 666.502
1045.018 639.509
1045.318 743.516
1045.618 745.523
1045.918 622.530
1046.218 543.537
1046.518 607.544
1046.818 699.550
1047.119 560.557
1047.419 721.564
1047.719 693.571
1048.019 601.578
1048.319 725.585
1048.619 690.591
1048.919 688.598
1049.220 632.605
1049.520 746.612
1049.820 703.619
1050.120 589.625
1050.420 767.632
1050.720 693.639
1051.020 679.646
1051.321 707.652
1051.621 826.659
1051.921 742.666
1052.221 580.673
1052.521 531.679
1052.821 567.686
1053.121 655.693
1053.422 772.700
1053.722 895.706
1054.022 693.713
1054.322 752.720
1054.622 688.726
1054.922 572.733
1055.222 707.740
1055.523 731.746
1055.823 713.753
1056.123 777.760
1056.423 746.766
1056.723 789.773
1057.023 650.780
1057.323 535.786
1057.624 679.793
1057.924 778.800
1058.224 741.806
1058.524 606.813
1058.824 708.820
1059.124 704.826
1059.424 603.833
1059.725 679.839
1060.025 625.846
1060.325 652.853
1060.625 630.859
1060.925 633.866
1061.225 664.872
1061.525 760.879
1061.826 664.885
1062.126 725.892
1062.426 793.898
1062.726 816.905
1063.026 722.911
1063.326 877.918
1063.626 846.925
1063.927 729.931
1064.227 704.938
1064.527 629.944
1064.827 792.951
1065.127 711.957
1065.427 509.964
1065.727 564.970
1066.028 708.976
1066.328 719.983
1066.628 539.989
1066.928 563.996
1067.228 651.002
1067.528 633.009
1067.828 596.015
1068.129 539.022
1068.429 737.028
1068.729 782.035
1069.029 673.041
1069.329 601.047
1069.629 701.054
1069.929 781.060
1070.230 851.067
1070.530 766.073
1070.830 643.079
1071.130 757.086
1071.430 720.092
1071.730 730.098
1072.030 823.105
1072.331 646.111
1072.631 648.118
1072.931 701.124
1073.231 706.130
1073.531 712.137
1073.831 645.143
1074.131 727.149
1074.432 853.156
1074.732 730.162
1075.032 569.168
1075.332 578.174
1075.632 615.181
1075.932 607.187
1076.232 617.193
1076.533 630.200
1076.833 695.206
1077.133 667.212
1077.433 645.218
1077.733 608.225
1078.033 752.231
1078.333 746.237
1078.634 701.243
1078.934 734.250
1079.234 638.256
1079.534 776.262
1079.834 861.268
1080.134 766.275
1080.434 799.281
1080.735 769.287
1081.035 727.293
1081.335 614.299
1081.635 601.306
1081.935 570.312
1082.235 638.318
1082.535 664.324
1082.836 692.330
1083.136 701.336
1083.436 802.343
1083.736 785.349
1084.036 669.355
1084.336 581.361
1084.636 599.367
1084.937 774.373
1085.237 801.379
1085.537 748.385
1085.837 707.392
1086.137 661.398
1086.437 740.404
1086.737 648.410
1087.038 681.416
1087.338 805.422
1087.638 785.428
1087.938 585.434
1088.238 475.440
1088.538 666.446
1088.838 797.452
1089.139 796.459
1089.439 622.465
1089.739 727.471
1090.039 737.477
1090.339 769.483
1090.639 648.489
1090.939 709.495
1091.240 627.501
1091.540 674.507
1091.840 678.513
1092.140 764.519
1092.453 736.525
1092.766 599.531
1093.079 571.537
1093.392 631.543
1093.705 630.549
1094.018 651.555
1094.330 774.561
1094.643 710.567
1094.956 778.573
1095.269 662.579
1095.582 674.585
1095.895 652.590
1096.208 663.596
1096.521 679.602
1096.834 665.608
1097.147 634.614
1097.460 682.620
1097.773 803.626
1098.085 659.632
1098.398 569.638
1098.711 565.644
1099.024 493.650
1099.337 605.656
1099.650 719.661
1099.963 746.667
1100.276 605.673
1100.589 576.679
1100.902 650.685
1101.215 687.691
1101.528 709.697
1101.841 609.702
1102.153 699.708
1102.466 830.714
1102.779 630.720
1103.092 613.726
1103.405 682.732
1103.718 587.737
1104.031 584.743
1104.344 691.749
1104.657 594.755
1104.970 924.761
1105.283 749.766
1105.596 600.772
1105.909 654.778
1106.221 740.784
1106.534 751.790
1106.847 587.795
1107.160 455.801
1107.473 478.807
1107.786 628.813
1108.099 512.818
1108.412 588.824
1108.725 721.830
1109.038 546.836
1109.351 641.841
1109.664 645.847
1109.977 586.853
1110.289 635.859
1110.602 612.864
1110.915 621.870
1111.228 651.876
1111.541 558.881
1111.854 536.887
1112.167 496.893
1112.480 528.898
1112.793 561.904
1113.106 571.910
1113.419 667.915
1113.732 639.921
1114.044 495.927
1114.357 636.932
1114.670 687.938
1114.983 528.944
1115.296 565.949
1115.609 689.955
1115.922 637.961
1116.235 663.966
1116.548 672.972
1116.861 661.977
1117.174 581.983
1117.487 628.989
1117.800 827.994
1118.112 668.000
1118.425 610.005
1118.738 580.011
1119.051 552.017
1119.364 606.022
1119.677 696.028
1119.990 675.033
1120.303 679.039
1120.616 722.045
1120.929 628.050
1121.242 698.056
1121.555 707.061
1121.868 713.067
1122.180 646.072
1122.493 456.078
1122.806 528.083
1123.119 633.089
1123.432 673.094
1123.745 612.100
1124.058 524.105
1124.371 548.111
1124.684 708.116
1124.997 737.122
1125.310 639.127
1125.623 575.133
1125.935 533.138
1126.248 595.144
1126.561 612.149
1126.874 582.155
1127.187 697.160
1127.500 754.166
1127.813 653.171
1128.126 660.177
1128.439 689.182
1128.752 802.187
1129.065 585.193
1129.378 382.198
1129.691 548.204
1130.003 626.209
1130.316 587.215
1130.629 538.220
1130.942 630.225
1131.255 606.231
1131.568 490.236
1131.881 579.242
1132.194 634.247
1132.507 611.252
1132.820 571.258
1133.133 685.263
1133.446 584.269
1133.759 766.274
1134.071 1188.279
1134.384 895.285
1134.697 833.290
1135.010 894.295
1135.323 726.301
1135.636 550.306
1135.949 514.311
1136.262 572.317
1136.575 602.322
1136.888 603.327
1137.201 639.333
1137.514 646.338
1137.826 719.343
1138.139 635.349
1138.452 609.354
1138.765 828.359
1139.078 866.365
1139.391 821.370
1139.704 729.375
1140.017 694.380
1140.330 609.386
1140.643 571.391
1140.956 598.396
1141.269 658.402
1141.582 668.407
1141.894 603.412
1142.207 737.417
1142.520 677.423
1142.833 801.428
1143.146 647.433
1143.459 497.438
1143.772 590.444
1144.085 731.449
1144.398 662.454
1144.711 603.459
1145.024 572.464
1145.337 645.470
1145.650 733.475
1145.962 629.480
1146.275 637.485
1146.588 546.490
1146.901 671.496
1147.214 675.501
1147.527 549.506
1147.840 594.511
1148.153 551.516
1148.466 617.522
1148.779 616.527
1149.092 710.532
1149.405 583.537
1149.718 648.542
1150.030 763.547
1150.343 630.552
1150.656 532.558
1150.969 577.563
1151.282 773.568
1151.595 702.573
1151.908 623.578
1152.221 488.583
1152.534 481.588
1152.847 729.593
1153.160 710.599
1153.473 699.604
1153.785 736.609
1154.098 696.614
1154.411 695.619
1154.724 648.624
1155.037 756.629
1155.350 643.634
1155.663 678.639
1155.976 665.644
1156.289 714.649
1156.602 630.654
1156.915 505.659
1157.228 493.665
1157.541 549.670
1157.853 538.675
1158.166 665.680
1158.479 788.685
1158.792 671.690
1159.105 652.695
1159.418 655.700
1159.731 621.705
1160.044 590.710
1160.357 773.715
1160.670 739.720
1160.983 499.725
1161.296 619.730
1161.609 782.735
1161.921 661.740
1162.234 564.745
1162.547 458.750
1162.860 497.755
1163.173 510.760
1163.486 658.765
1163.799 674.770
1164.112 609.775
1164.425 592.780
1164.738 540.785
1165.051 517.790
1165.364 582.794
1165.676 639.799
1165.989 720.804
1166.302 630.809
1166.615 707.814
1166.928 714.819
1167.241 749.824
1167.554 735.829
1167.867 697.834
1168.180 626.839
1168.493 561.844
1168.806 622.849
1169.119 600.854
1169.432 714.858
1169.744 740.863
1170.057 676.868
1170.370 793.873
1170.683 694.878
1170.996 563.883
1171.309 580.888
1171.622 600.893
1171.935 605.897
1172.248 824.902
1172.561 773.907
1172.874 677.912
1173.187 669.917
1173.500 699.922
1173.812 756.927
1174.125 726.931
1174.438 718.936
1174.751 584.941
1175.064 571.946
1175.377 678.951
1175.690 624.956
1176.003 601.960
1176.316 622.965
1176.629 624.970
1176.942 587.975
1177.255 530.980
1177.567 506.984
1177.880 550.989
1178.193 662.994
1178.506 622.999
1178.819 697.004
1179.132 730.008
1179.445 524.013
1179.758 738.018
1180.071 749.023
1180.384 589.027
1180.697 641.032
1181.010 693.037
1181.323 802.042
1181.635 803.046
1181.948 737.051
1182.261 618.056
1182.574 577.061
1182.887 649.065
1183.200 791.070
1183.513 795.075
1183.826 647.080
1184.139 640.084
1184.452 655.089
1184.765 570.094
1185.078 503.098
1185.391 616.103
1185.703 579.108
1186.016 457.112
1186.329 477.117
1186.642 603.122
1186.955 755.127
1187.268 640.131
1187.581 652.136
1187.894 638.141
1188.207 703.145
1188.520 671.150
1188.833 663.155
1189.146 526.159
1189.459 483.164
1189.771 509.169
1190.084 647.173
1190.397 624.178
1190.710 683.182
1191.023 684.187
1191.336 629.192
1191.649 609.196
1191.962 636.201
1192.275 552.206
1192.588 667.210
1192.901 807.215
1193.214 693.219
1193.526 640.224
1193.839 654.229
1194.152 547.233
1194.465 680.238
1194.778 633.242
1195.091 554.247
1195.404 554.252
1195.717 631.256
1196.030 722.261
1196.343 617.265
1196.656 525.270
1196.969 596.275
1197.282 639.279
1197.594 635.284
1197.907 776.288
1198.220 782.293
1198.533 622.297
1198.846 581.302
1199.159 588.306
1199.472 624.311
1199.785 718.315
1200.098 572.320
1200.411 723.325
1200.724 679.329
1201.037 631.334
1201.350 568.338
1201.662 462.343
1201.975 610.347
1202.288 640.352
1202.601 245.356
