165.028 44.242
165.288 -9.143
165.547 108.474
165.807 172.095
166.067 38.718
166.327 -51.655
166.587 -40.025
166.847 27.608
167.107 44.243
167.367 97.882
167.627 204.523
167.886 139.168
168.146 78.815
168.406 224.465
168.666 241.118
168.926 153.774
169.186 98.432
169.446 122.093
169.706 -14.243
169.966 59.423
170.225 63.092
170.485 139.764
170.745 244.438
171.005 369.115
171.265 154.794
171.525 70.476
171.785 -33.840
172.045 -23.153
172.305 170.536
172.564 140.228
172.824 -9.079
173.084 93.617
173.344 53.316
173.604 66.016
173.864 131.719
174.124 77.424
174.384 93.132
174.644 236.841
174.903 344.553
175.163 316.266
175.423 306.982
175.683 140.700
175.943 180.420
176.203 169.142
176.463 165.865
176.723 58.591
176.983 96.319
177.242 150.048
177.502 294.780
177.762 315.513
178.022 84.248
178.282 78.985
178.542 61.723
178.802 93.463
179.062 68.205
179.322 310.949
179.581 335.694
179.841 178.441
180.101 212.189
180.361 245.940
180.621 226.691
180.881 160.444
181.141 131.199
181.401 180.955
181.661 234.712
181.920 297.471
182.180 167.232
182.440 68.993
182.700 57.756
182.960 103.521
183.220 157.286
183.480 335.053
183.740 180.821
184.000 107.591
184.259 -2.639
184.519 143.133
184.779 136.906
185.039 161.680
185.299 280.455
185.559 316.231
185.819 348.008
186.079 327.786
186.339 247.565
186.598 163.345
186.858 42.126
187.118 92.908
187.378 188.691
187.638 165.475
187.898 283.260
188.158 341.045
188.418 137.832
188.678 125.619
188.937 177.407
189.197 213.195
189.457 271.985
189.717 178.775
189.977 58.565
190.237 90.357
190.497 251.149
190.757 233.941
191.017 233.735
191.276 143.528
191.536 143.323
191.796 96.118
192.056 84.913
192.316 160.709
192.576 143.505
192.836 87.302
193.096 130.099
193.356 138.897
193.616 191.695
193.875 200.493
194.135 143.292
194.395 212.091
194.655 239.890
194.915 213.690
195.175 214.490
195.435 310.290
195.695 114.090
195.955 -38.109
196.214 133.691
196.474 255.492
196.734 223.293
196.994 264.095
197.254 265.896
197.514 222.697
197.774 227.499
198.034 159.301
198.294 109.102
198.553 178.904
198.813 140.705
199.073 -16.493
199.333 35.309
199.593 236.110
199.853 255.912
200.113 295.713
200.373 312.514
200.633 149.316
200.892 105.117
201.152 90.918
201.412 109.718
201.672 210.519
201.932 397.319
202.192 316.120
202.452 155.920
202.712 145.719
202.972 218.519
203.231 325.318
203.491 295.117
203.751 251.915
204.011 293.714
204.271 381.512
204.531 197.309
204.791 149.107
205.051 175.904
205.311 214.700
205.570 174.496
205.830 167.292
206.090 124.087
206.350 241.882
206.610 453.676
206.870 240.470
207.130 150.263
207.390 232.056
207.650 220.849
207.909 211.641
208.169 226.432
208.429 317.223
208.689 164.013
208.949 246.802
209.209 343.591
209.469 139.380
209.729 102.168
209.989 179.955
210.248 115.742
210.508 353.527
210.768 347.313
211.028 228.097
211.288 293.881
211.548 222.664
211.808 210.447
212.068 327.229
212.328 412.010
212.587 410.790
212.847 266.570
213.107 311.348
213.367 315.126
213.627 291.904
213.887 262.680
214.147 147.456
214.407 230.231
214.667 201.005
214.926 286.778
215.186 291.550
215.446 306.322
215.706 212.093
215.966 206.862
216.226 192.631
216.486 233.399
216.746 301.166
217.006 315.933
217.265 226.698
217.525 158.462
217.785 242.226
218.045 292.988
218.305 252.750
218.565 217.511
218.825 272.270
219.085 343.029
219.345 174.787
219.604 142.543
219.864 264.299
220.124 239.054
220.384 291.808
220.644 292.560
220.904 218.312
221.164 236.063
221.424 221.812
221.684 204.561
221.943 206.308
222.203 292.055
222.463 230.800
222.723 117.544
222.983 237.288
223.243 204.030
223.503 268.771
223.763 189.511
224.023 149.250
224.282 309.987
224.542 366.724
224.802 348.459
225.062 291.194
225.322 391.927
225.582 347.659
225.842 331.390
226.102 314.120
226.362 292.848
226.621 290.576
226.881 184.302
227.141 307.027
227.401 346.751
227.661 190.474
227.921 383.196
228.181 309.916
228.441 236.635
228.701 450.353
228.960 432.070
229.220 252.786
229.480 187.500
229.740 369.213
230.000 432.925
230.260 257.636
230.520 240.345
230.780 221.053
231.040 221.760
231.299 242.466
231.559 289.171
231.819 292.874
232.079 318.576
232.339 300.277
232.599 147.976
232.859 344.674
233.119 427.371
233.379 240.067
233.638 293.761
233.898 371.454
234.158 353.146
234.418 250.837
234.678 339.526
234.938 365.214
235.198 234.901
235.458 228.586
235.718 284.270
235.978 238.953
236.237 217.635
236.497 300.315
236.757 434.994
237.017 413.671
237.277 323.347
237.537 285.022
237.797 206.696
238.057 332.368
238.317 271.039
238.576 190.709
238.836 232.377
239.096 315.044
239.356 315.710
239.616 316.374
239.876 338.037
240.136 317.699
240.396 390.360
240.656 452.019
240.915 314.676
241.175 237.333
241.435 233.988
241.695 308.641
241.955 432.294
242.215 505.945
242.475 450.594
242.735 343.243
242.995 394.890
243.254 414.535
243.514 277.179
243.774 84.822
244.034 221.464
244.294 500.104
244.554 424.743
244.814 357.380
245.074 293.017
245.334 291.651
245.593 309.285
245.853 297.917
246.113 247.548
246.373 392.177
246.633 438.805
246.893 328.432
247.153 334.057
247.413 423.681
247.673 373.304
247.932 308.925
248.192 319.545
248.452 407.163
248.712 359.780
248.972 254.396
249.232 430.011
249.492 306.624
249.752 226.235
250.012 412.846
250.271 376.455
250.531 382.062
250.791 541.669
251.051 505.274
251.311 317.877
251.571 217.480
251.831 338.080
252.091 410.680
252.351 319.278
252.610 319.875
252.870 424.470
253.130 319.065
253.390 334.657
253.650 433.249
253.911 420.839
254.172 389.427
254.433 349.015
254.694 318.601
254.955 362.186
255.216 282.769
255.477 415.351
255.738 396.931
255.999 287.511
256.261 445.089
256.522 438.665
256.783 380.240
257.044 244.814
257.305 214.387
257.566 164.958
257.827 100.528
258.088 242.097
258.349 230.664
258.610 283.230
258.871 348.794
259.132 462.358
259.393 326.920
259.654 217.480
259.915 194.039
260.176 276.597
260.437 383.154
260.698 315.709
260.959 274.263
261.221 390.816
261.482 412.367
261.743 389.917
262.004 428.466
262.265 578.013
262.526 489.559
262.787 308.104
263.048 249.647
263.309 240.189
263.570 409.730
263.831 344.270
264.092 277.808
264.353 239.345
264.614 528.880
264.875 446.415
265.136 281.948
265.397 508.479
265.658 550.010
265.919 589.539
266.181 534.067
266.442 357.593
266.703 314.119
266.964 316.643
267.225 309.165
267.486 347.687
267.747 413.207
268.008 440.726
268.269 478.243
268.530 505.760
268.791 453.275
269.052 403.789
269.313 383.301
269.574 408.812
269.835 393.322
270.096 373.831
270.357 420.338
270.618 360.845
270.879 276.350
271.141 383.853
271.402 420.356
271.663 300.857
271.924 407.357
272.185 386.856
272.446 351.353
272.707 397.849
272.968 350.344
273.229 342.838
273.490 344.331
273.751 295.822
274.012 317.312
274.273 448.801
274.534 408.288
274.795 399.775
275.056 434.260
275.317 351.744
275.578 259.227
275.839 327.708
276.101 310.189
276.362 274.668
276.623 350.146
276.884 456.622
277.145 471.098
277.406 416.572
277.667 323.045
277.928 292.517
278.189 446.988
278.450 422.457
278.711 393.926
278.972 398.393
279.233 335.859
279.494 450.323
279.755 564.787
280.016 528.249
280.277 395.711
280.538 387.171
280.799 312.630
281.061 330.087
281.322 371.544
281.583 367.999
281.844 271.454
282.105 292.907
282.366 402.359
282.627 352.809
282.888 431.259
283.149 433.708
283.410 350.155
283.671 370.601
283.932 366.046
284.193 210.490
284.454 292.933
284.715 389.375
284.976 326.815
285.237 434.254
285.498 641.693
285.759 521.130
286.021 461.566
286.282 442.001
286.543 465.435
286.804 423.867
287.065 435.299
287.326 478.729
287.587 308.159
287.848 371.587
288.109 498.014
288.370 460.440
288.631 267.865
288.892 280.289
289.153 321.712
289.414 261.134
289.675 475.554
289.936 647.974
290.197 553.392
290.458 455.809
290.719 357.226
290.981 480.641
291.242 582.055
291.503 574.468
291.764 379.880
292.025 232.291
292.286 301.701
292.547 389.110
292.808 322.518
293.069 421.924
293.330 443.330
293.591 485.735
293.852 420.138
294.113 350.541
294.374 406.942
294.635 447.343
294.896 427.742
295.157 479.140
295.418 481.538
295.679 455.934
295.941 435.329
296.202 443.724
296.463 423.117
296.724 518.509
296.985 535.900
297.246 493.291
297.507 345.680
297.768 311.068
298.029 446.455
298.290 622.841
298.551 660.227
298.812 647.611
299.073 450.994
299.334 370.376
299.595 483.757
299.856 463.138
300.117 580.517
300.378 483.895
300.639 291.273
300.901 292.649
301.162 417.024
301.423 489.398
301.684 591.772
301.945 658.144
302.206 467.516
302.467 433.886
302.728 367.256
302.989 409.624
303.250 476.992
303.511 590.359
303.772 542.724
304.033 463.089
304.294 457.453
304.555 396.816
304.816 427.178
305.077 499.539
305.338 394.899
305.599 371.258
305.861 430.616
306.122 520.973
306.383 491.330
306.644 430.685
306.905 313.040
307.166 487.393
307.427 485.746
307.688 409.098
307.949 362.448
308.210 473.798
308.471 484.147
308.732 404.495
308.993 310.843
309.254 371.189
309.515 309.534
309.776 431.879
310.037 446.222
310.298 235.565
310.559 312.907
310.821 510.248
311.082 455.588
311.343 334.927
311.604 331.266
311.865 346.603
312.126 343.940
312.387 371.275
312.648 419.610
312.909 400.944
313.170 441.277
313.434 456.609
313.698 383.941
313.963 499.271
314.227 391.601
314.491 331.930
314.755 431.258
315.019 433.585
315.284 251.911
315.548 428.237
315.812 464.561
316.076 522.885
316.340 514.208
316.604 461.530
316.869 490.851
317.133 495.172
317.397 531.491
317.661 467.810
317.925 399.128
318.190 459.445
318.454 448.761
318.718 400.077
318.982 502.392
319.246 576.705
319.511 742.018
319.775 537.331
320.039 515.642
320.303 547.953
320.567 497.263
320.832 463.572
321.096 454.880
321.360 464.187
321.624 428.494
321.888 392.800
322.153 412.105
322.417 350.409
322.681 267.713
322.945 382.016
323.209 415.318
323.473 426.619
323.738 408.919
324.002 413.219
324.266 608.518
324.530 582.816
324.794 494.113
325.059 433.410
325.323 360.705
325.587 395.001
325.851 431.295
326.115 612.588
326.380 481.881
326.644 456.173
326.908 452.464
327.172 457.755
327.436 466.045
327.701 431.334
327.965 437.622
328.229 506.910
328.493 365.197
328.757 362.483
329.022 483.768
329.286 372.053
329.550 323.337
329.814 379.620
330.078 457.902
330.342 401.184
330.607 416.465
330.871 492.746
331.135 602.025
331.399 581.304
331.663 460.582
331.928 477.860
332.192 547.136
332.456 511.412
332.720 537.688
332.984 432.962
333.249 441.236
333.513 431.510
333.777 378.782
334.041 341.054
334.305 473.325
334.570 522.596
334.834 356.866
335.098 517.135
335.362 582.403
335.626 508.671
335.891 402.938
336.155 441.204
336.419 439.470
336.683 323.735
336.947 438.000
337.211 446.263
337.476 333.526
337.740 404.789
338.004 440.050
338.268 421.311
338.532 475.572
338.797 451.832
339.061 516.091
339.325 525.349
339.589 584.607
339.853 472.864
340.118 401.120
340.382 530.376
340.646 617.631
340.910 430.886
341.174 467.140
341.439 441.393
341.703 456.646
341.967 411.898
342.231 424.149
342.495 369.400
342.759 473.650
343.024 507.899
343.288 607.148
343.552 527.396
343.816 318.644
344.080 348.891
344.345 450.137
344.609 346.383
344.873 309.628
345.137 455.872
345.401 525.116
345.666 362.359
345.930 497.602
346.194 557.844
346.458 414.086
346.722 408.326
346.987 387.567
347.251 500.806
347.515 647.045
347.779 423.284
348.043 386.522
348.308 472.759
348.572 383.995
348.836 291.232
349.100 363.467
349.364 334.702
349.628 371.936
349.893 432.170
350.157 462.403
350.421 480.636
350.685 484.868
350.949 387.099
351.214 319.330
351.478 434.560
351.742 439.790
352.006 465.019
352.270 442.247
352.535 352.475
352.799 381.703
353.063 510.930
353.327 424.156
353.591 355.382
353.856 408.607
354.120 463.831
354.384 551.055
354.648 626.279
354.912 517.502
355.177 412.724
355.441 389.946
355.705 588.167
355.969 578.388
356.233 473.608
356.497 475.828
356.762 505.047
357.026 497.266
357.290 438.484
357.554 467.701
357.818 502.918
358.083 519.135
358.347 483.351
358.611 479.566
358.875 483.781
359.139 490.995
359.404 383.209
359.668 513.422
359.932 639.635
360.196 572.847
360.460 488.059
360.725 486.270
360.989 476.481
361.253 586.691
361.517 579.901
361.781 593.110
362.046 567.319
362.310 584.527
362.574 579.734
362.838 473.941
363.102 481.148
363.366 492.354
363.631 410.560
363.895 451.765
364.159 570.969
364.423 570.173
364.687 551.377
364.952 582.580
365.216 591.783
365.480 485.985
365.747 449.187
366.013 484.388
366.280 425.588
366.546 486.788
366.813 482.988
367.079 541.187
367.346 572.386
367.612 505.584
367.879 505.782
368.145 594.979
368.412 529.176
368.678 477.372
368.945 601.568
369.211 483.764
369.478 543.959
369.744 519.153
370.011 499.347
370.278 457.540
370.544 431.734
370.811 476.926
371.077 498.118
371.344 457.310
371.610 476.501
371.877 457.692
372.143 554.882
372.410 610.072
372.676 678.261
372.943 627.450
373.209 511.639
373.476 409.827
373.742 418.014
374.009 538.201
374.276 573.388
374.542 518.574
374.809 401.760
375.075 267.945
375.342 282.130
375.608 374.314
375.875 375.498
376.141 574.682
376.408 596.865
376.674 564.048
376.941 470.230
377.207 476.412
377.474 849.593
377.740 719.774
378.007 435.955
378.273 552.135
378.540 598.315
378.807 448.494
379.073 415.673
379.340 431.851
379.606 484.029
379.873 475.206
380.139 526.384
380.406 573.560
380.672 497.737
380.939 391.912
381.205 417.088
381.472 339.263
381.738 269.438
382.005 457.612
382.271 510.786
382.538 533.959
382.804 667.132
383.071 589.305
383.338 517.477
383.604 561.649
383.871 653.820
384.137 641.991
384.404 491.161
384.670 477.332
384.937 468.501
385.203 561.671
385.470 503.840
385.736 556.008
386.003 548.177
386.269 537.344
386.536 513.512
386.802 453.679
387.069 523.845
387.336 736.012
387.602 681.177
387.869 451.343
388.135 413.508
388.402 328.673
388.668 405.837
388.935 501.001
389.201 678.164
389.468 668.327
389.734 632.490
390.001 609.653
390.267 521.815
390.534 564.976
390.800 539.138
391.067 626.298
391.333 650.459
391.600 507.619
391.867 538.779
392.133 540.938
392.400 408.097
392.666 374.256
392.933 571.414
393.199 631.572
393.466 516.730
393.732 478.887
393.999 572.044
394.265 556.200
394.532 517.357
394.798 631.512
395.065 508.668
395.331 554.823
395.598 634.978
395.864 643.132
396.131 766.286
396.398 812.439
396.664 925.593
396.931 1086.746
397.197 1376.898
397.464 1550.051
397.730 1924.202
397.997 2156.354
398.263 2416.505
398.530 2682.656
398.796 2853.806
399.063 2914.957
399.329 2957.106
399.596 3105.256
399.862 3023.405
400.129 3028.554
400.396 3066.702
400.662 2695.850
400.929 2663.998
401.195 2713.146
401.462 2717.293
401.728 2750.439
401.995 2833.586
402.261 2708.732
402.528 2732.878
402.794 2760.023
403.061 2857.168
403.327 2957.313
403.594 2918.458
403.860 2797.602
404.127 2703.746
404.393 2834.889
404.660 2831.032
404.931 2759.175
405.202 2685.318
405.473 2587.460
405.745 2688.602
406.016 2835.743
406.287 2763.884
406.558 2691.025
406.829 2889.166
407.100 2682.306
407.371 2877.446
407.642 2935.586
407.914 2755.725
408.185 2699.864
408.456 2616.003
408.727 2705.141
408.998 2743.279
409.269 2884.417
409.540 2839.555
409.811 2565.692
410.083 2639.829
410.354 2593.965
410.625 2427.101
410.896 2478.237
411.167 2547.373
411.438 2510.508
411.709 2271.643
411.981 2356.778
412.252 2135.913
412.523 1901.047
412.794 1994.181
413.065 2002.314
413.336 1756.447
413.607 1774.580
413.878 1748.713
414.150 1564.845
414.421 1389.977
414.692 1274.109
414.963 1188.241
415.234 1315.372
415.505 1263.503
415.776 1321.633
416.047 1245.764
416.319 1113.894
416.590 966.024
416.861 705.153
417.132 868.282
417.403 903.411
417.674 767.540
417.945 638.668
418.217 634.796
418.488 750.924
418.759 611.051
419.030 552.179
419.301 610.306
419.572 662.432
419.843 629.559
420.114 567.685
420.386 582.811
420.657 681.936
420.928 557.061
421.199 550.186
421.470 546.311
421.741 450.435
422.012 460.560
422.283 530.684
422.555 542.807
422.826 643.931
423.097 720.054
423.368 650.177
423.639 546.299
423.910 603.421
424.181 549.543
424.453 511.665
424.724 799.787
424.995 827.908
425.266 641.029
425.537 567.150
425.808 685.270
426.079 735.390
426.350 686.510
426.622 661.630
426.893 753.749
427.164 718.868
427.435 707.987
427.706 681.106
427.977 645.224
428.248 642.342
428.519 768.460
428.791 681.578
429.062 745.695
429.333 632.812
429.604 535.929
429.875 691.046
430.146 768.162
430.417 797.278
430.689 691.394
430.960 584.510
431.231 642.625
431.502 751.740
431.773 750.855
432.044 653.970
432.315 862.084
432.586 761.198
432.858 768.312
433.129 645.426
433.400 607.539
433.671 653.653
433.942 608.765
434.213 457.878
434.484 462.991
434.755 575.103
435.027 459.215
435.298 575.326
435.569 628.438
435.840 529.549
436.116 533.660
436.391 612.771
436.667 595.882
436.942 668.992
437.218 694.102
437.493 671.212
437.769 694.321
438.045 636.431
438.320 611.540
438.596 594.649
438.871 572.758
439.147 558.866
439.422 496.974
439.698 446.082
439.974 506.190
440.249 669.298
440.525 684.405
440.800 462.512
441.076 557.619
441.351 734.726
441.627 743.832
441.903 696.938
442.178 503.044
442.454 516.150
442.729 729.255
443.005 581.361
443.281 690.466
443.556 764.571
443.832 711.675
444.107 536.780
444.383 533.884
444.658 531.988
444.934 464.092
445.210 689.195
445.485 687.299
445.761 680.402
446.036 678.505
446.312 734.608
446.587 679.710
446.863 466.812
447.139 510.914
447.414 568.016
447.690 621.118
447.965 644.219
448.241 541.321
448.516 561.422
448.792 573.522
449.068 565.623
449.343 627.723
449.619 525.823
449.894 527.923
450.170 553.023
450.445 767.123
450.721 745.222
450.997 450.321
451.272 578.420
451.548 553.519
451.823 553.618
452.099 662.716
452.375 546.814
452.650 523.912
452.926 580.010
453.201 647.107
453.477 883.205
453.752 756.302
454.028 630.399
454.304 678.495
454.579 799.592
454.855 750.688
455.130 692.784
455.406 805.880
455.681 741.976
455.957 609.072
456.233 623.167
456.508 672.262
456.784 691.357
457.059 655.452
457.335 823.546
457.610 745.641
457.886 665.735
458.162 597.829
458.437 591.923
458.713 640.016
458.988 665.110
459.264 723.203
459.539 716.296
459.815 638.389
460.091 604.482
460.366 554.574
460.642 535.667
460.917 534.759
461.193 628.851
461.468 580.942
461.744 529.034
462.020 543.125
462.295 634.216
462.571 550.307
462.846 543.398
463.122 730.489
463.397 745.579
463.673 591.079
463.949 586.174
464.224 595.254
464.500 626.313
464.775 531.029
465.051 562.992
465.327 662.545
465.602 755.785
465.878 835.550
466.153 701.072
466.429 930.632
466.704 1189.272
466.980 1085.739
467.256 1176.827
467.531 1303.218
467.807 1289.582
468.082 1265.621
468.358 1247.424
468.633 1322.554
468.909 1295.533
469.185 1229.586
469.460 1372.761
469.736 1497.090
470.011 1249.443
470.287 1280.466
470.562 1400.069
470.838 1207.825
471.114 1333.374
471.389 1336.490
471.665 1268.160
471.940 1326.210
472.216 1184.596
472.491 1091.657
472.767 1094.878
473.043 1172.043
473.318 1252.250
473.594 1042.482
473.869 944.950
474.145 836.185
474.421 784.388
474.696 786.507
474.972 720.183
475.247 713.867
475.523 835.424
475.798 820.050
476.074 709.319
476.350 725.696
476.625 734.675
476.901 752.088
477.176 755.478
477.452 611.355
477.727 587.023
478.003 481.834
478.279 713.624
478.554 790.942
478.830 776.570
479.105 785.227
479.381 769.299
479.656 686.217
479.932 714.985
480.208 793.290
480.483 756.168
480.759 761.304
481.034 673.747
481.310 642.514
481.585 718.920
481.861 770.411
482.137 704.257
482.412 706.646
482.688 731.410
482.963 791.939
483.239 827.296
483.514 629.980
483.790 652.798
484.066 873.003
484.341 756.441
484.617 678.995
484.892 739.412
485.168 705.659
485.443 663.284
485.719 708.093
485.995 765.296
486.270 717.042
486.546 623.711
486.821 568.396
487.097 534.773
487.373 591.520
487.648 776.454
487.924 738.400
488.199 559.950
488.475 422.499
488.750 467.823
489.026 657.758
489.302 583.249
489.577 544.515
489.853 581.274
490.128 758.624
490.404 739.364
490.679 548.634
490.955 726.079
491.231 767.207
491.506 803.255
491.782 700.295
492.057 615.533
492.333 733.022
492.608 709.610
492.884 656.845
493.160 541.456
493.435 581.805
493.711 697.563
493.986 575.502
494.262 599.667
494.537 626.208
494.813 672.036
495.089 548.995
495.364 585.412
495.640 633.616
495.915 633.687
496.191 821.028
496.467 804.174
496.742 725.426
497.018 737.788
497.293 639.142
497.569 726.800
497.844 639.200
498.120 733.330
498.396 733.863
498.671 645.287
498.947 710.898
499.222 720.621
499.498 663.697
499.773 724.463
500.049 845.618
500.325 775.673
500.600 806.294
500.876 838.202
501.151 979.371
501.427 1084.842
501.702 1087.006
501.978 1069.990
502.254 1105.447
502.529 1056.114
502.805 1129.754
503.080 1345.680
503.356 1215.926
503.631 1167.728
503.907 1243.036
504.183 1212.740
504.458 1241.149
504.734 1230.862
505.009 1374.510
505.285 1324.350
505.560 1252.300
505.836 1196.955
506.112 1208.157
506.387 1145.472
506.663 1140.336
506.938 1120.181
507.214 1085.871
507.490 1115.144
507.765 1088.858
508.041 1162.588
508.316 1141.464
508.592 954.941
508.867 1012.397
509.143 1093.858
509.419 945.180
509.694 838.034
509.970 800.988
510.245 707.357
510.521 777.715
510.796 723.057
511.072 616.229
511.348 696.819
511.623 781.629
511.899 682.941
512.174 764.750
512.450 820.603
512.725 742.293
513.001 615.754
513.277 532.039
513.552 706.940
513.828 692.788
514.103 660.641
514.379 829.008
514.654 680.785
514.930 635.305
515.206 970.367
515.481 841.871
515.757 626.767
516.032 585.120
516.308 691.460
516.583 750.358
516.859 679.825
517.135 686.701
517.410 738.877
517.686 771.979
517.961 709.843
518.237 687.187
518.513 596.856
518.788 805.236
519.064 877.099
519.339 817.137
519.615 735.326
519.890 775.177
520.166 869.865
520.442 999.019
520.717 1007.740
520.993 1015.513
521.268 923.160
521.544 927.068
521.819 838.890
522.095 964.822
522.371 1120.235
522.646 1126.045
522.922 1211.231
523.197 1145.196
523.473 1235.066
523.748 1142.300
524.024 1065.802
524.300 1061.075
524.575 1028.596
524.851 1137.743
525.126 1123.328
525.402 1096.708
525.677 1127.386
525.953 1071.871
526.229 1087.224
526.504 1073.009
526.780 1229.783
527.055 1163.073
527.331 1165.043
527.606 1244.759
527.882 1146.972
528.158 1038.931
528.433 1231.960
528.709 1180.192
528.984 1164.892
529.260 1165.264
529.535 1214.152
529.811 1050.903
530.087 977.909
530.362 972.162
530.638 1081.965
530.913 1106.286
531.189 1071.694
531.465 945.301
531.740 893.129
532.016 954.009
532.291 976.307
532.567 993.758
532.842 982.184
533.118 941.484
533.394 1007.501
533.669 855.819
533.945 740.115
534.220 794.644
534.496 923.028
534.771 822.617
535.047 843.962
535.323 829.215
535.598 863.582
535.874 905.495
536.149 811.615
536.425 740.055
536.700 686.293
536.976 768.085
537.252 887.636
537.527 795.241
537.803 817.888
538.078 980.005
538.354 1129.517
538.629 1141.509
538.905 1191.759
539.181 1325.327
539.456 1332.283
539.732 1524.175
540.007 1636.765
540.283 1425.985
540.558 1493.732
540.834 1574.880
541.110 1647.779
541.385 1644.862
541.661 1721.152
541.936 1856.706
542.212 1806.214
542.488 1833.025
542.763 1930.203
543.039 1993.679
543.314 2003.651
543.590 1985.832
543.865 1983.898
544.141 1930.326
544.417 1956.197
544.692 1825.166
544.968 1906.648
545.243 1807.203
545.519 1679.343
545.794 1724.802
546.070 1782.507
546.348 1675.874
546.627 1485.393
546.905 1611.300
547.183 1627.019
547.461 1709.493
547.740 1736.356
548.018 1557.219
548.296 1483.230
548.575 1399.865
548.853 1409.846
549.131 1437.702
549.409 1467.080
549.688 1692.328
549.966 1685.434
550.244 1784.690
550.523 1764.141
550.801 1787.196
551.079 1816.141
551.357 1986.319
551.636 1970.572
551.914 1932.218
552.192 1921.419
552.471 2045.773
552.749 2127.505
553.027 2072.310
553.306 2173.566
553.584 2304.392
553.862 2320.840
554.140 2359.199
554.419 2396.390
554.697 2567.838
554.975 2683.769
555.254 2693.901
555.532 2463.779
555.810 2566.789
556.088 2801.370
556.367 2693.336
556.645 2503.020
556.923 2510.849
557.202 2466.668
557.480 2552.669
557.758 2414.450
558.036 2336.902
558.315 2332.424
558.593 2371.192
558.871 2295.730
559.150 2234.335
559.428 2167.553
559.706 2053.751
559.984 1963.977
560.263 2079.776
560.541 1938.186
560.819 1778.249
561.098 1797.951
561.376 1789.343
561.654 1525.926
561.932 1299.336
562.211 1294.003
562.489 1315.182
562.767 1193.043
563.046 1027.087
563.324 925.378
563.602 977.224
563.880 869.805
564.159 911.117
564.437 976.443
564.715 828.672
564.994 694.359
565.272 758.703
565.550 693.781
565.828 590.844
566.107 710.169
566.385 684.680
566.663 583.299
566.942 660.752
567.220 675.205
567.498 777.821
567.776 602.864
568.055 525.985
568.333 613.528
568.611 673.521
568.890 605.164
569.168 561.008
569.446 602.174
569.725 591.589
570.003 447.671
570.281 419.133
570.559 577.784
570.838 553.217
571.116 649.726
571.394 681.746
571.673 697.969
571.951 739.467
572.229 663.781
572.507 611.019
572.786 619.439
573.064 675.586
573.342 643.496
573.621 506.258
573.899 574.593
574.177 788.088
574.455 723.407
574.734 613.590
575.012 692.889
575.290 646.597
575.569 636.490
575.847 716.646
576.125 700.987
576.403 530.795
576.682 599.205
576.960 706.832
577.243 724.880
577.527 643.863
577.810 505.974
578.093 510.460
578.377 511.511
578.660 533.292
578.944 522.464
579.227 520.570
579.510 615.281
579.794 619.902
580.077 597.525
580.360 556.493
580.644 545.171
580.927 600.427
581.210 609.415
581.494 536.965
581.777 627.020
582.061 610.753
582.344 538.622
582.627 491.804
582.911 566.621
583.194 544.274
583.477 628.148
583.761 611.223
584.044 715.057
584.327 677.850
584.611 611.957
584.894 616.993
585.178 586.065
585.461 554.138
585.744 641.092
586.028 613.774
586.311 634.814
586.594 654.855
586.878 552.896
587.161 505.936
587.444 629.977
587.728 632.017
588.011 665.058
588.295 520.098
588.578 589.548
588.861 693.485
589.145 545.218
589.428 549.808
589.711 531.298
589.995 533.804
590.278 646.731
590.562 589.418
590.845 592.865
591.128 785.925
591.412 700.136
591.695 570.006
591.978 678.259
592.262 686.968
592.545 470.284
592.828 608.517
593.112 564.081
593.395 519.254
593.679 507.820
593.962 635.349
594.245 615.850
594.529 511.411
594.812 436.388
595.095 389.100
595.379 593.927
595.662 644.257
595.945 559.247
596.229 483.333
596.512 522.018
596.796 572.128
597.079 609.223
597.362 794.410
597.646 806.520
597.929 635.440
598.212 598.289
598.496 600.303
598.779 730.053
599.062 747.860
599.346 560.336
599.629 542.069
599.913 561.276
600.196 638.161
600.479 621.822
600.763 581.092
601.046 431.510
601.329 530.397
601.613 656.756
601.896 613.528
602.179 640.467
602.463 554.060
602.746 595.353
603.030 739.791
603.313 745.971
603.596 572.307
603.880 583.547
604.163 634.564
604.446 562.480
604.730 494.935
605.013 629.516
605.296 650.736
605.580 606.698
605.863 719.368
606.147 630.276
606.430 623.455
606.713 727.577
606.997 644.094
607.280 784.400
607.563 683.653
607.847 592.110
608.130 639.339
608.414 717.027
608.697 628.999
608.980 624.753
609.264 766.577
609.547 654.206
609.830 645.427
610.114 677.783
610.397 643.538
610.680 659.577
610.964 699.140
611.247 702.116
611.531 646.903
611.814 509.548
612.097 565.520
612.381 742.451
612.664 858.032
612.947 674.554
613.231 576.453
613.514 590.806
613.797 713.630
614.081 787.338
614.364 727.451
614.648 674.440
614.931 641.075
615.214 654.862
615.498 695.855
615.781 719.211
616.064 671.017
616.348 784.240
616.631 805.736
616.914 860.095
617.198 781.173
617.481 752.636
617.765 732.702
618.048 793.676
618.331 839.119
618.615 722.393
618.898 805.431
619.181 799.536
619.465 764.752
619.748 653.015
620.031 634.883
620.315 639.510
620.598 712.598
620.882 761.999
621.165 883.068
621.448 847.316
621.732 781.526
622.015 632.306
622.298 587.737
622.582 667.200
622.865 677.889
623.148 626.974
623.432 673.307
623.715 586.253
623.999 753.962
624.282 785.877
624.565 801.576
624.849 621.528
625.132 524.024
625.415 818.412
625.699 879.816
625.982 747.660
626.265 629.892
626.549 531.309
626.832 643.463
627.116 744.506
627.399 603.125
627.682 576.740
627.966 578.206
628.249 598.784
628.532 573.089
628.816 760.537
629.099 637.563
629.383 589.910
629.666 551.801
629.949 483.451
630.233 564.032
630.516 624.825
630.799 696.816
631.083 611.945
631.366 533.016
631.649 478.016
631.933 407.060
632.216 549.892
632.500 639.407
632.783 642.430
633.066 623.774
633.350 571.755
633.633 645.557
633.916 683.489
634.200 589.511
634.483 614.839
634.766 686.650
635.050 623.766
635.333 490.947
635.617 509.987
635.900 597.202
636.183 632.052
636.467 590.841
636.750 643.529
637.033 738.841
637.317 689.749
637.600 601.723
637.883 560.812
638.167 556.562
638.450 552.739
638.734 580.858
639.017 676.392
639.300 696.084
639.584 596.303
639.867 781.552
640.150 732.001
640.434 750.738
640.717 752.869
641.000 704.299
641.284 737.972
641.567 629.243
641.851 679.450
642.134 820.132
642.417 767.992
642.701 897.831
642.984 874.590
643.267 792.922
643.551 720.853
643.834 614.715
644.117 642.257
644.401 632.578
644.684 735.698
644.968 837.577
645.251 770.215
645.534 621.087
645.818 607.044
646.101 689.332
646.384 788.890
646.668 831.171
646.951 805.846
647.235 810.391
647.518 734.290
647.801 891.273
648.085 1033.186
648.368 973.095
648.651 885.716
648.935 1038.071
649.218 1159.567
649.501 1157.860
649.785 1194.461
650.068 1392.025
650.352 1473.631
650.635 1506.243
650.918 1478.366
651.202 1653.380
651.485 1872.451
651.768 1935.095
652.052 1908.244
652.335 2038.946
652.618 2220.655
652.902 2383.718
653.185 2659.483
653.469 2697.771
653.752 2750.164
654.035 2962.085
654.319 3287.914
654.602 3535.160
654.885 3537.214
655.169 3629.725
655.452 3751.071
655.735 3786.677
656.019 3802.918
656.302 3706.640
656.586 3695.115
656.869 3843.229
657.152 3746.750
657.436 3654.557
657.719 3757.859
658.002 3742.018
658.286 3641.786
658.569 3435.051
658.852 3301.341
659.136 3337.514
659.419 3215.714
659.703 3047.214
659.986 3064.501
660.269 3034.141
660.553 2903.037
660.836 3029.081
661.119 3179.515
661.403 3186.019
661.686 3116.681
661.969 2926.475
662.253 2878.813
662.536 2870.711
662.820 2961.264
663.103 2947.093
663.386 2924.808
663.670 2927.878
663.953 2686.148
664.236 2688.897
664.520 2718.306
664.803 2681.859
665.086 2584.030
665.370 2637.334
665.653 2600.887
665.937 2499.089
666.220 2437.250
666.503 2370.340
666.787 2243.592
667.070 2101.838
667.353 1966.702
667.637 1727.446
667.920 1731.530
668.204 1531.347
668.487 1392.005
668.770 1432.146
669.054 1189.810
669.337 1074.842
669.620 1015.745
669.904 896.611
670.187 987.256
670.470 1118.902
670.754 927.092
671.037 790.978
671.321 825.947
671.604 964.855
671.887 973.034
672.171 877.871
672.454 897.450
672.737 947.471
673.021 881.803
673.304 858.094
673.587 1046.005
673.871 1009.089
674.154 977.270
674.438 1072.853
674.721 1134.544
675.004 1084.298
675.288 984.530
675.571 985.570
675.854 871.281
676.138 864.989
676.421 852.492
676.704 728.398
676.988 885.568
677.271 1046.632
677.555 908.134
677.838 796.474
678.121 750.223
678.405 730.063
678.688 838.785
678.971 668.352
679.255 793.896
679.538 924.628
679.821 861.375
680.105 768.838
680.388 725.250
680.672 659.502
680.955 657.448
681.238 652.955
681.522 635.670
681.805 748.216
682.088 834.963
682.372 837.945
682.655 734.461
682.938 790.854
683.222 787.748
683.505 670.519
683.789 748.915
684.072 769.839
684.355 806.639
684.639 812.928
684.922 676.210
685.205 692.937
685.489 847.450
685.772 814.923
686.056 768.730
686.339 737.375
686.622 633.564
686.906 644.028
687.189 722.341
687.472 841.364
687.756 756.048
688.039 633.689
688.322 561.689
688.606 800.754
688.889 807.042
689.173 690.157
689.456 792.478
689.739 754.924
690.023 691.597
690.306 768.785
690.589 707.592
690.873 734.976
691.156 754.772
691.439 646.576
691.723 571.678
692.006 723.340
692.290 735.374
692.573 824.978
692.856 877.178
693.140 829.534
693.423 775.904
693.706 701.085
693.990 650.021
694.273 657.638
694.556 924.269
694.840 971.706
695.123 830.230
695.407 792.246
695.690 690.741
695.973 716.219
696.257 765.969
696.540 933.928
696.830 808.635
697.120 751.104
697.410 759.597
697.699 740.380
697.989 918.948
698.279 800.939
698.569 681.290
698.859 782.747
699.149 942.724
699.439 861.090
699.729 701.051
700.018 695.972
700.308 864.500
700.598 765.645
700.888 666.789
701.178 893.546
701.468 862.236
701.758 748.923
702.048 805.262
702.337 736.332
702.627 832.749
702.917 801.490
703.207 688.116
703.497 741.772
703.787 647.582
704.077 709.624
704.366 775.490
704.656 662.398
704.946 634.433
705.236 556.898
705.526 678.120
705.816 775.947
706.106 574.796
706.396 591.178
706.685 602.348
706.975 479.232
707.265 468.393
707.555 642.135
707.845 618.089
708.135 531.887
708.425 475.984
708.715 485.378
709.004 683.537
709.294 645.021
709.584 622.074
709.874 742.411
710.164 730.598
710.454 556.173
710.744 564.530
711.034 623.166
711.323 621.961
711.613 579.659
711.903 703.004
712.193 770.872
712.483 619.467
712.773 645.053
713.063 567.263
713.352 542.666
713.642 529.896
713.932 650.834
714.222 708.009
714.512 599.365
714.802 603.845
715.092 708.517
715.382 623.027
715.671 602.540
715.961 595.619
716.251 499.300
716.541 560.437
716.831 627.226
717.121 512.307
717.411 622.351
717.701 699.883
717.990 600.382
718.280 535.262
718.570 541.013
718.860 500.440
719.150 511.444
719.440 530.060
719.730 513.394
720.019 736.206
720.309 714.006
720.599 649.079
720.889 584.312
721.179 598.686
721.469 652.919
721.759 598.914
722.049 666.048
722.338 559.644
722.628 520.393
722.918 575.575
723.208 719.971
723.498 615.183
723.788 653.331
724.078 821.781
724.368 729.847
724.657 577.911
724.947 629.596
725.237 689.104
725.527 742.212
725.817 575.653
726.107 531.888
726.397 532.874
726.686 487.439
726.976 552.256
727.266 619.973
727.556 520.379
727.846 650.622
728.136 708.039
728.426 598.965
728.716 526.310
729.005 654.236
729.295 595.147
729.585 439.040
729.875 478.906
730.165 536.616
730.455 578.342
730.745 616.787
731.035 624.573
731.324 769.776
731.614 682.864
731.904 585.393
732.194 672.875
732.484 625.883
732.774 573.373
733.064 604.521
733.354 482.944
733.643 524.377
733.933 577.491
734.223 561.915
734.513 676.944
734.803 739.087
735.093 626.910
735.383 552.346
735.672 574.826
735.962 617.065
736.252 420.000
736.542 513.888
736.832 530.557
737.122 460.508
737.412 502.683
737.702 646.473
737.991 610.182
738.281 591.735
738.571 583.313
738.861 558.890
739.151 548.082
739.441 644.907
739.731 584.945
740.021 595.968
740.310 714.918
740.600 727.488
740.890 475.827
741.180 521.208
741.470 638.699
741.760 721.640
742.050 754.235
742.339 612.323
742.629 575.744
742.919 766.663
743.209 542.603
743.499 476.887
743.789 512.031
744.079 607.099
744.369 669.821
744.658 578.996
744.948 370.521
745.238 555.247
745.528 652.391
745.818 775.081
746.108 670.932
746.398 638.846
746.688 622.976
746.977 751.097
747.267 657.769
747.557 692.238
747.847 716.113
748.137 602.416
748.427 578.554
748.717 512.415
749.006 411.426
749.296 533.367
749.586 591.561
749.876 709.698
750.166 614.099
750.456 607.750
750.746 644.303
751.036 576.457
751.325 688.251
751.615 652.992
751.905 627.036
752.195 665.681
752.485 617.699
752.775 625.343
753.065 583.318
753.355 798.551
753.644 751.522
753.934 595.169
754.224 572.524
754.514 744.803
754.804 495.328
755.094 362.948
755.384 489.345
755.674 581.640
755.963 616.763
756.253 603.344
756.543 695.033
756.833 676.347
757.123 621.469
757.413 556.785
757.703 508.561
757.992 515.614
758.282 598.447
758.572 549.820
758.862 441.294
759.152 529.754
759.442 588.477
759.732 641.347
760.022 685.585
760.311 619.894
760.601 489.127
760.891 646.086
761.181 680.630
761.471 616.946
761.761 528.964
762.051 570.270
762.341 672.330
762.630 689.137
762.920 606.576
763.210 602.164
763.500 637.829
763.793 537.141
764.086 541.187
764.379 573.859
764.671 702.648
764.964 643.309
765.257 647.350
765.550 596.253
765.843 454.133
766.136 577.134
766.429 575.135
766.722 577.594
767.014 517.674
767.307 421.535
767.600 470.898
767.893 485.502
768.186 425.035
768.479 508.721
768.772 703.295
769.064 648.876
769.357 549.549
769.650 558.184
769.943 762.070
770.236 656.346
770.529 498.758
770.822 580.428
771.115 635.889
771.407 727.364
771.700 737.472
771.993 770.557
772.286 705.215
772.579 658.149
772.872 520.061
773.165 481.771
773.457 565.457
773.750 597.326
774.043 494.416
774.336 537.356
774.629 606.854
774.922 613.537
775.215 553.008
775.508 623.412
775.800 532.257
776.093 611.360
776.386 638.930
776.679 534.857
776.972 633.564
777.265 826.933
777.558 829.136
777.850 691.635
778.143 649.440
778.436 645.080
778.729 636.407
779.022 656.524
779.315 565.083
779.608 449.521
779.900 543.004
780.193 606.337
780.486 620.804
780.779 627.219
781.072 542.438
781.365 614.212
781.658 579.704
781.951 543.575
782.243 588.594
782.536 669.109
782.829 660.088
783.122 593.839
783.415 628.365
783.708 686.555
784.001 682.559
784.293 725.704
784.586 715.974
784.879 684.928
785.172 596.170
785.465 519.629
785.758 574.754
786.051 654.930
786.344 726.636
786.636 776.428
786.929 603.270
787.222 601.487
787.515 556.254
787.808 530.183
788.101 541.188
788.394 731.013
788.686 856.903
788.979 777.775
789.272 660.131
789.565 601.603
789.858 574.672
790.151 492.344
790.444 482.370
790.737 512.867
791.029 469.943
791.322 582.732
791.615 569.205
791.908 600.328
792.201 563.816
792.494 543.329
792.787 618.500
793.079 768.683
793.372 639.446
793.665 673.000
793.958 619.177
794.251 584.296
794.544 739.108
794.837 834.576
795.130 670.084
795.422 630.219
795.715 618.270
796.008 579.979
796.301 590.791
796.594 630.647
796.887 635.642
797.180 613.359
797.472 461.829
797.765 392.053
798.058 512.195
798.351 550.607
798.644 535.666
798.937 478.852
799.230 573.011
799.523 945.481
799.815 806.912
800.108 507.824
800.401 494.877
800.694 588.200
800.987 563.700
801.280 606.799
801.573 687.733
801.865 727.707
802.158 589.271
802.451 517.429
802.744 527.424
803.037 621.251
803.330 623.884
803.623 722.078
803.915 666.205
804.208 540.011
804.501 636.202
804.794 687.268
805.087 636.595
805.380 502.614
805.673 482.106
805.966 628.266
806.258 595.844
806.551 631.192
806.844 654.298
807.137 713.262
807.430 553.925
807.723 464.582
808.016 661.384
808.308 722.085
808.601 552.979
808.894 490.725
809.187 518.424
809.480 557.152
809.773 592.787
810.066 668.851
810.359 704.785
810.651 645.677
810.944 436.371
811.237 462.053
811.530 596.275
811.825 545.376
812.119 518.604
812.414 450.000
812.709 570.671
813.003 594.108
813.298 595.543
813.593 644.383
813.887 531.397
814.182 810.379
814.476 792.942
814.771 834.581
815.066 697.941
815.360 527.530
815.655 499.089
815.950 557.596
816.244 623.735
816.539 747.344
816.834 677.022
817.128 646.094
817.423 696.418
817.718 877.505
818.012 657.655
818.307 362.938
818.602 470.534
818.896 630.652
819.191 606.648
819.486 565.687
819.780 668.688
820.075 823.849
820.369 799.713
820.664 598.692
820.959 640.114
821.253 642.864
821.548 612.826
821.843 657.727
822.137 693.767
822.432 693.143
822.727 699.094
823.021 604.848
823.316 726.706
823.611 815.153
823.905 622.754
824.200 479.472
824.495 622.903
824.789 644.014
825.084 644.403
825.379 606.067
825.673 623.617
825.968 703.257
826.262 637.279
826.557 654.203
826.852 637.599
827.146 578.165
827.441 587.110
827.736 672.673
828.030 630.894
828.325 462.510
828.620 645.114
828.914 757.397
829.209 570.682
829.504 757.939
829.798 726.719
830.093 570.574
830.388 471.222
830.682 432.723
830.977 613.476
831.271 717.243
831.566 584.548
831.861 529.062
832.155 524.796
832.450 658.248
832.745 747.299
833.039 654.566
833.334 591.928
833.629 632.031
833.923 552.456
834.218 571.804
834.513 542.500
834.807 538.355
835.102 475.702
835.397 467.913
835.691 484.768
835.986 488.234
836.281 450.573
836.575 519.616
836.870 510.801
837.164 510.335
837.459 570.396
837.754 583.104
838.048 529.463
838.343 491.796
838.638 494.736
838.932 561.723
839.227 586.537
839.522 647.348
839.816 572.750
840.111 544.200
840.406 545.394
840.700 689.430
840.995 791.316
841.290 815.373
841.584 632.441
841.879 685.526
842.174 673.196
842.468 706.687
842.763 594.242
843.057 615.159
843.352 606.097
843.647 570.887
843.941 563.830
844.236 572.916
844.531 616.725
844.825 657.267
845.120 675.534
845.415 747.987
845.709 677.474
846.004 764.682
846.299 625.515
846.593 700.418
846.888 748.578
847.183 637.540
847.477 560.395
847.772 674.827
848.066 632.426
848.361 573.516
848.656 652.861
848.950 638.367
849.245 732.933
849.540 648.279
849.834 779.620
850.129 811.491
850.424 653.998
850.718 638.672
851.013 754.777
851.308 623.041
851.602 598.944
851.897 696.999
852.192 834.334
852.486 719.034
852.781 590.754
853.076 685.843
853.370 730.838
853.665 844.124
853.959 798.832
854.254 648.562
854.549 859.682
854.843 730.994
855.138 623.384
855.433 757.459
855.727 832.407
856.022 643.910
856.317 647.711
856.611 695.815
856.906 559.928
857.201 637.789
857.495 804.160
857.790 768.638
858.085 711.518
858.379 673.645
858.674 530.484
858.969 528.801
859.263 608.829
859.558 610.134
859.852 537.377
860.147 599.808
860.442 695.122
860.736 550.162
861.031 693.876
861.326 746.282
861.620 616.055
861.915 767.594
862.210 790.887
862.504 657.514
862.799 710.160
863.094 690.576
863.388 587.211
863.683 577.057
863.978 519.173
864.272 518.092
864.567 579.432
864.861 602.315
865.156 541.420
865.451 484.114
865.745 662.430
866.040 689.635
866.335 693.376
866.629 716.337
866.924 570.554
867.219 522.315
867.513 695.928
867.808 631.053
868.103 567.716
868.397 596.505
868.692 642.787
868.987 524.087
869.281 554.152
869.576 671.736
869.871 689.093
870.165 563.724
870.460 471.540
870.754 510.375
871.049 470.684
871.344 592.535
871.638 651.008
871.933 532.495
872.228 531.982
872.522 541.753
872.817 680.544
873.112 870.379
873.406 663.940
873.701 734.195
873.996 681.169
874.290 536.548
874.585 548.139
874.880 607.754
875.174 541.204
875.469 544.557
875.764 569.138
876.058 535.813
876.353 470.873
876.647 469.414
876.942 488.168
877.237 527.926
877.531 568.410
877.826 647.954
878.121 612.847
878.415 580.936
878.710 564.145
879.005 693.524
879.299 617.115
879.594 508.720
879.889 397.350
880.183 395.677
880.478 518.056
880.773 538.574
881.067 518.009
881.362 563.567
881.656 505.881
881.951 542.460
882.246 475.408
882.540 525.233
882.835 549.530
883.130 560.055
883.424 509.075
883.719 469.763
884.014 586.993
884.308 537.288
884.603 485.879
884.898 514.460
885.192 625.993
885.487 536.572
885.782 459.456
886.076 610.617
886.371 550.285
886.666 359.666
886.960 448.063
887.255 447.671
887.549 461.179
887.844 640.813
888.139 679.216
888.433 610.402
888.728 535.614
889.023 573.812
889.317 585.215
889.612 450.074
889.907 468.269
890.201 528.455
890.496 598.731
890.791 590.261
891.085 480.305
891.380 494.436
891.675 558.487
891.969 595.598
892.264 477.734
892.559 486.100
892.853 583.626
893.148 475.957
893.442 491.867
893.737 568.148
894.032 468.978
894.326 421.410
894.621 486.617
894.916 412.981
895.210 459.323
895.505 573.623
895.800 490.143
896.094 416.030
896.389 458.404
896.684 445.568
896.978 453.127
897.273 431.833
897.568 554.252
897.862 579.508
898.157 486.679
898.451 573.844
898.746 603.057
899.041 703.688
899.335 628.409
899.630 463.195
899.925 509.738
900.219 573.521
900.514 665.053
900.809 555.627
901.103 401.008
901.398 562.651
901.693 519.639
901.987 510.308
902.282 603.362
902.577 501.860
902.871 373.080
903.166 500.094
903.461 604.121
903.755 533.177
904.050 519.386
904.344 424.278
904.639 475.924
904.934 462.895
905.228 415.176
905.523 437.047
905.818 479.905
906.112 581.716
906.407 578.262
906.702 499.751
906.996 502.019
907.291 490.694
907.586 460.828
907.880 611.957
908.175 598.886
908.470 596.167
908.764 669.204
909.059 681.970
909.354 608.406
909.648 468.332
909.943 482.039
910.237 623.827
910.532 688.224
910.827 695.566
911.121 634.745
911.416 580.774
911.711 587.216
912.005 586.465
912.300 594.014
912.599 680.778
912.898 601.231
913.196 606.623
913.495 617.764
913.794 702.564
914.093 558.931
914.391 543.236
914.690 637.116
914.989 624.648
915.288 757.470
915.586 640.203
915.885 502.834
916.184 443.749
916.483 426.872
916.782 563.962
917.080 589.347
917.379 542.443
917.678 511.860
917.977 661.714
918.275 686.001
918.574 666.141
918.873 654.437
919.172 599.554
919.471 462.111
919.769 448.189
920.068 497.765
920.367 507.339
920.666 507.376
920.964 583.835
921.263 521.385
921.562 469.312
921.861 601.371
922.159 516.223
922.458 553.089
922.757 550.821
923.056 559.818
923.355 539.925
923.653 602.617
923.952 622.696
924.251 509.145
924.550 657.439
924.848 660.385
925.147 491.892
925.446 496.357
925.745 604.709
926.043 597.955
926.342 576.779
926.641 514.365
926.940 642.301
927.239 629.159
927.537 720.599
927.836 608.707
928.135 566.340
928.434 659.980
928.732 626.969
929.031 686.222
929.330 740.972
929.629 705.506
929.927 641.057
930.226 545.006
930.525 538.965
930.824 681.432
931.123 628.141
931.421 671.396
931.720 647.857
932.019 711.061
932.318 702.385
932.616 662.257
932.915 622.368
933.214 642.697
933.513 683.288
933.812 629.621
934.110 654.417
934.409 766.558
934.708 661.724
935.007 905.572
935.305 891.901
935.604 689.475
935.903 749.292
936.202 731.502
936.500 867.704
936.799 989.883
937.098 921.927
937.397 815.634
937.696 684.431
937.994 689.284
938.293 803.254
938.592 665.003
938.891 702.568
939.189 810.650
939.488 867.235
939.787 1017.460
940.086 794.698
940.384 822.814
940.683 776.075
940.982 679.601
941.281 836.141
941.580 1075.559
941.878 1042.975
942.177 830.439
942.476 844.021
942.775 793.339
943.073 640.029
943.372 642.036
943.671 886.917
943.970 1048.149
944.268 977.884
944.567 782.022
944.866 783.497
945.165 783.826
945.464 772.160
945.762 708.183
946.061 913.218
946.360 986.986
946.659 997.083
946.957 1012.800
947.256 886.337
947.555 736.902
947.854 762.710
948.153 709.280
948.451 716.502
948.750 733.737
949.049 676.799
949.348 934.303
949.646 822.956
949.945 787.630
950.244 919.119
950.543 797.688
950.841 704.112
951.140 741.502
951.439 620.369
951.738 682.020
952.037 801.194
952.335 872.421
952.634 821.510
952.933 734.199
953.232 727.235
953.530 524.855
953.829 803.223
954.128 918.870
954.427 807.684
954.725 916.495
955.024 881.230
955.323 895.507
955.622 665.315
955.921 596.893
956.219 704.748
956.518 629.922
956.817 671.712
957.116 687.883
957.414 673.667
957.713 571.922
958.012 538.347
958.311 541.670
958.610 679.794
958.908 709.701
959.207 682.706
959.506 752.657
959.805 796.973
960.103 750.675
960.402 688.961
960.701 582.329
961.000 565.095
961.298 615.204
961.597 733.914
961.896 619.859
962.195 644.175
962.494 719.480
962.792 658.326
963.091 623.403
963.390 580.698
963.689 646.386
963.987 733.897
964.286 777.673
964.585 768.735
964.884 678.390
965.182 581.967
965.481 947.841
965.780 1030.612
966.080 869.364
966.380 778.213
966.680 661.523
966.981 680.056
967.281 697.804
967.581 602.930
967.881 651.979
968.181 687.169
968.481 669.398
968.781 649.237
969.082 553.948
969.382 618.370
969.682 670.457
969.982 759.845
970.282 812.891
970.582 614.830
970.882 532.604
971.183 698.473
971.483 675.737
971.783 614.468
972.083 648.613
972.383 740.059
972.683 702.461
972.983 726.390
973.284 663.609
973.584 688.680
973.884 700.739
974.184 640.374
974.484 740.961
974.784 571.161
975.084 511.513
975.385 579.771
975.685 704.444
975.985 650.787
976.285 659.306
976.585 678.646
976.885 569.335
977.185 540.917
977.486 643.172
977.786 621.136
978.086 725.355
978.386 758.662
978.686 576.608
978.986 475.850
979.286 503.858
979.587 600.865
979.887 520.873
980.187 551.881
980.487 531.889
980.787 613.896
981.087 622.904
981.387 740.912
981.688 596.919
981.988 454.927
982.288 507.935
982.588 593.943
982.888 635.950
983.188 605.958
983.488 695.966
983.789 692.973
984.089 655.981
984.389 619.989
984.689 553.996
984.989 497.004
985.289 516.012
985.589 648.019
985.890 609.027
986.190 528.034
986.490 557.042
986.790 662.050
987.090 597.057
987.390 632.065
987.690 639.072
987.991 472.080
988.291 524.087
988.591 566.095
988.891 488.103
989.191 462.110
989.491 648.118
989.791 641.125
990.092 621.133
990.392 669.140
990.692 678.148
990.992 625.155
991.292 488.163
991.592 674.170
991.892 665.178
992.193 688.185
992.493 671.193
992.793 598.200
993.093 557.207
993.393 503.215
993.693 576.222
993.993 703.230
994.294 704.237
994.594 605.245
994.894 571.252
995.194 543.259
995.494 484.267
995.794 494.274
996.094 528.282
996.395 588.289
996.695 670.296
996.995 466.304
997.295 426.311
997.595 515.318
997.895 478.326
998.195 442.333
998.496 460.340
998.796 418.348
999.096 663.355
999.396 632.362
999.696 627.370
999.996 645.377
1000.296 727.384
1000.597 680.391
1000.897 543.399
1001.197 573.406
1001.497 792.413
1001.797 549.420
1002.097 453.428
1002.397 584.435
1002.698 636.442
1002.998 734.449
1003.298 684.457
1003.598 548.464
1003.898 553.471
1004.198 650.478
1004.498 684.485
1004.799 658.493
1005.099 666.500
1005.399 694.507
1005.699 709.514
1005.999 682.521
1006.299 610.528
1006.599 803.535
1006.900 794.543
1007.200 614.550
1007.500 603.557
1007.800 616.564
1008.100 544.571
1008.400 497.578
1008.700 526.585
1009.001 564.592
1009.301 574.599
1009.601 776.606
1009.901 745.614
1010.201 640.621
1010.501 634.628
1010.801 740.635
1011.102 567.642
1011.402 621.649
1011.702 565.656
1012.002 462.663
1012.302 649.670
1012.602 625.677
1012.902 592.684
1013.203 635.691
1013.503 645.698
1013.803 640.705
1014.103 542.712
1014.403 610.719
1014.703 583.726
1015.003 517.733
1015.304 705.740
1015.604 757.747
1015.904 495.754
1016.204 459.760
1016.504 533.767
1016.804 556.774
1017.104 528.781
1017.405 523.788
1017.705 559.795
1018.005 541.802
1018.305 515.809
1018.605 537.816
1018.905 453.823
1019.205 447.829
1019.506 730.836
1019.806 754.843
1020.106 644.850
1020.406 675.857
1020.706 646.864
1021.006 690.871
1021.306 803.877
1021.607 643.884
1021.907 758.891
1022.207 731.898
1022.507 531.905
1022.807 532.911
1023.107 575.918
1023.407 515.925
1023.708 575.932
1024.008 571.939
1024.308 582.945
1024.608 556.952
1024.908 467.959
1025.208 583.966
1025.508 773.972
1025.809 717.979
1026.109 597.986
1026.409 696.992
1026.709 620.999
1027.009 574.006
1027.309 620.013
1027.609 503.019
1027.910 481.026
1028.210 626.033
1028.510 752.039
1028.810 927.046
1029.110 763.053
1029.410 618.059
1029.710 762.066
1030.011 739.073
1030.311 799.079
1030.611 628.086
1030.911 598.093
1031.211 641.099
1031.511 594.106
1031.811 788.112
1032.112 800.119
1032.412 633.126
1032.712 476.132
1033.012 552.139
1033.312 759.145
1033.612 705.152
1033.912 616.159
1034.212 545.165
1034.513 515.172
1034.813 502.178
1035.113 633.185
1035.413 572.191
1035.713 581.198
1036.013 578.204
1036.313 562.211
1036.614 644.217
1036.914 609.224
1037.214 483.230
1037.514 604.237
1037.814 582.243
1038.114 559.250
1038.414 553.256
1038.715 656.263
1039.015 491.269
1039.315 441.276
1039.615 574.282
1039.915 552.289
1040.215 508.295
1040.515 558.302
1040.816 622.308
1041.116 609.314
1041.416 551.321
1041.716 483.327
1042.016 475.334
1042.316 673.340
1042.616 625.346
1042.917 500.353
1043.217 528.359
1043.517 627.366
1043.817 721.372
1044.117 646.378
1044.417 554.385
1044.717 524.391
1045.018 545.397
1045.318 655.404
1045.618 700.410
1045.918 582.417
1046.218 518.423
1046.518 504.429
1046.818 598.436
1047.119 516.442
1047.419 705.448
1047.719 646.454
1048.019 509.461
1048.319 632.467
1048.619 610.473
1048.919 622.480
1049.220 594.486
1049.520 654.492
1049.820 578.498
1050.120 491.505
1050.420 677.511
1050.720 655.517
1051.020 624.523
1051.321 631.530
1051.621 711.536
1051.921 597.542
1052.221 511.548
1052.521 446.555
1052.821 418.561
1053.121 560.567
1053.422 654.573
1053.722 712.579
1054.022 583.586
1054.322 685.592
1054.622 619.598
1054.922 542.604
1055.222 653.610
1055.523 638.616
1055.823 630.623
1056.123 651.629
1056.423 536.635
1056.723 688.641
1057.023 601.647
1057.323 459.653
1057.624 606.659
1057.924 664.665
1058.224 609.672
1058.524 537.678
1058.824 614.684
1059.124 587.690
1059.424 523.696
1059.725 630.702
1060.025 596.708
1060.325 596.714
1060.625 592.720
1060.925 558.726
1061.225 575.732
1061.525 682.738
1061.826 603.745
1062.126 607.751
1062.426 658.757
1062.726 716.763
1063.026 653.769
1063.326 856.775
1063.626 842.781
1063.927 706.787
1064.227 656.793
1064.527 547.799
1064.827 665.805
1065.127 613.811
1065.427 428.817
1065.727 500.823
1066.028 685.829
1066.328 691.835
1066.628 493.841
1066.928 452.847
1067.228 544.852
1067.528 552.858
1067.828 490.864
1068.129 456.870
1068.429 651.876
1068.729 721.882
1069.029 603.888
1069.329 491.894
1069.629 598.900
1069.929 655.906
1070.230 713.912
1070.530 653.918
1070.830 544.924
1071.130 672.929
1071.430 615.935
1071.730 602.941
1072.030 663.947
1072.331 600.953
1072.631 580.959
1072.931 650.965
1073.231 668.970
1073.531 588.976
1073.831 554.982
1074.131 648.988
1074.432 741.994
1074.732 599.000
1075.032 467.005
1075.332 531.011
1075.632 540.017
1075.932 448.023
1076.232 465.029
1076.533 489.034
1076.833 598.040
1077.133 599.046
1077.433 544.052
1077.733 489.058
1078.033 643.063
1078.333 707.069
1078.634 674.075
1078.934 643.081
1079.234 496.086
1079.534 636.092
1079.834 732.098
1080.134 740.104
1080.434 710.109
1080.735 633.115
1081.035 612.121
1081.335 477.127
1081.635 468.132
1081.935 557.138
1082.235 491.144
1082.535 532.149
1082.836 588.155
1083.136 558.161
1083.436 670.166
1083.736 661.172
1084.036 557.178
1084.336 537.183
1084.636 572.189
1084.937 663.195
1085.237 709.200
1085.537 646.206
1085.837 658.212
1086.137 606.217
1086.437 659.223
1086.737 607.229
1087.038 593.234
1087.338 729.240
1087.638 686.245
1087.938 501.251
1088.238 366.257
1088.538 532.262
1088.838 703.268
1089.139 698.273
1089.439 506.279
1089.739 653.285
1090.039 695.290
1090.339 714.296
1090.639 610.301
1090.939 675.307
1091.240 529.312
1091.540 541.318
1091.840 551.323
1092.140 690.329
1092.453 715.335
1092.766 560.340
1093.079 454.346
1093.392 486.351
1093.705 545.357
1094.018 616.362
1094.330 748.368
1094.643 656.373
1094.956 721.379
1095.269 622.384
1095.582 626.390
1095.895 578.395
1096.208 601.401
1096.521 590.406
1096.834 584.412
1097.147 617.417
1097.460 661.422
1097.773 718.428
1098.085 601.433
1098.398 497.439
1098.711 493.444
1099.024 471.450
1099.337 620.455
1099.650 704.461
1099.963 646.466
1100.276 527.471
1100.589 549.477
1100.902 641.482
1101.215 630.488
1101.528 626.493
1101.841 520.498
1102.153 631.504
1102.466 705.509
1102.779 536.515
1103.092 539.520
1103.405 638.525
1103.718 577.531
1104.031 568.536
1104.344 645.541
1104.657 550.547
1104.970 833.552
1105.283 687.558
1105.596 516.563
1105.909 530.568
1106.221 647.574
1106.534 625.579
1106.847 514.584
1107.160 451.590
1107.473 446.595
1107.786 543.600
1108.099 513.605
1108.412 556.611
1108.725 634.616
1109.038 492.621
1109.351 569.627
1109.664 626.632
1109.977 525.637
1110.289 514.642
1110.602 589.648
1110.915 618.653
1111.228 576.658
1111.541 473.664
1111.854 467.669
1112.167 434.674
1112.480 452.679
1112.793 503.685
1113.106 558.690
1113.419 658.695
1113.732 568.700
1114.044 500.705
1114.357 612.711
1114.670 591.716
1114.983 519.721
1115.296 593.726
1115.609 665.731
1115.922 615.737
1116.235 629.742
1116.548 605.747
1116.861 586.752
1117.174 581.757
1117.487 582.763
1117.800 745.768
1118.112 574.773
1118.425 523.778
1118.738 549.783
1119.051 498.788
1119.364 482.794
1119.677 575.799
1119.990 558.804
1120.303 569.809
1120.616 717.814
1120.929 632.819
1121.242 661.824
1121.555 693.829
1121.868 686.835
1122.180 590.840
1122.493 390.845
1122.806 414.850
1123.119 578.855
1123.432 645.860
1123.745 597.865
1124.058 512.870
1124.371 553.875
1124.684 630.880
1124.997 603.885
1125.310 545.891
1125.623 481.896
1125.935 436.901
1126.248 549.906
1126.561 649.911
1126.874 599.916
1127.187 672.921
1127.500 721.926
1127.813 678.931
1128.126 607.936
1128.439 626.941
1128.752 746.946
1129.065 519.951
1129.378 340.956
1129.691 490.961
1130.003 585.966
1130.316 540.971
1130.629 509.976
1130.942 609.981
1131.255 595.986
1131.568 479.991
1131.881 545.996
1132.194 614.001
1132.507 549.006
1132.820 561.011
1133.133 636.016
1133.446 520.021
1133.759 728.026
1134.071 1130.031
1134.384 788.036
1134.697 771.041
1135.010 823.046
1135.323 622.051
1135.636 526.055
1135.949 446.060
1136.262 479.065
1136.575 585.070
1136.888 559.075
1137.201 531.080
1137.514 522.085
1137.826 635.090
1138.139 521.095
1138.452 547.100
1138.765 810.105
1139.078 850.109
1139.391 709.114
1139.704 619.119
1140.017 688.124
1140.330 575.129
1140.643 496.134
1140.956 542.139
1141.269 597.144
1141.582 611.148
1141.894 524.153
1142.207 707.158
1142.520 642.163
1142.833 727.168
1143.146 577.173
1143.459 430.177
1143.772 521.182
1144.085 646.187
1144.398 567.192
1144.711 534.197
1145.024 528.202
1145.337 606.206
1145.650 652.211
1145.962 577.216
1146.275 609.221
1146.588 505.226
1146.901 605.230
1147.214 560.235
1147.527 493.240
1147.840 603.245
1148.153 606.249
1148.466 628.254
1148.779 594.259
1149.092 726.264
1149.405 607.269
1149.718 607.273
1150.030 660.278
1150.343 644.283
1150.656 512.288
1150.969 499.292
1151.282 716.297
1151.595 675.302
1151.908 583.306
1152.221 433.311
1152.534 445.316
1152.847 684.321
1153.160 624.325
1153.473 638.330
1153.785 642.335
1154.098 623.339
1154.411 741.344
1154.724 657.349
1155.037 746.353
1155.350 620.358
1155.663 558.363
1155.976 532.368
1156.289 663.372
1156.602 593.377
1156.915 495.382
1157.228 474.386
1157.541 520.391
1157.853 543.396
1158.166 600.400
1158.479 647.405
1158.792 585.409
1159.105 582.414
1159.418 587.419
1159.731 541.423
1160.044 552.428
1160.357 750.433
1160.670 681.437
1160.983 463.442
1161.296 580.446
1161.609 689.451
1161.921 574.456
1162.234 520.460
1162.547 419.465
1162.860 455.469
1163.173 492.474
1163.486 558.479
1163.799 583.483
1164.112 510.488
1164.425 554.492
1164.738 526.497
1165.051 449.502
1165.364 493.506
1165.676 550.511
1165.989 602.515
1166.302 602.520
1166.615 706.524
1166.928 645.529
1167.241 683.533
1167.554 703.538
1167.867 675.542
1168.180 590.547
1168.493 446.552
1168.806 518.556
1169.119 553.561
1169.432 655.565
1169.744 618.570
1170.057 595.574
1170.370 681.579
1170.683 660.583
1170.996 580.588
1171.309 606.592
1171.622 540.597
1171.935 556.601
1172.248 716.606
1172.561 652.610
1172.874 634.615
1173.187 614.619
1173.500 616.624
1173.812 652.628
1174.125 606.632
1174.438 666.637
1174.751 566.641
1175.064 551.646
1175.377 664.650
1175.690 605.655
1176.003 494.659
1176.316 549.664
1176.629 647.668
1176.942 574.672
1177.255 529.677
1177.567 463.681
1177.880 496.686
1178.193 670.690
1178.506 588.695
1178.819 640.699
1179.132 710.703
1179.445 548.708
1179.758 652.712
1180.071 657.717
1180.384 574.721
1180.697 627.725
1181.010 648.730
1181.323 747.734
1181.635 738.739
1181.948 694.743
1182.261 553.747
1182.574 535.752
1182.887 620.756
1183.200 740.760
1183.513 690.765
1183.826 627.769
1184.139 628.773
1184.452 613.778
1184.765 524.782
1185.078 451.787
1185.391 562.791
1185.703 552.795
1186.016 469.800
1186.329 472.804
1186.642 554.808
1186.955 710.813
1187.268 635.817
1187.581 604.821
1187.894 599.825
1188.207 640.830
1188.520 560.834
1188.833 596.838
1189.146 511.843
1189.459 475.847
1189.771 547.851
1190.084 654.856
1190.397 522.860
1190.710 563.864
1191.023 590.868
1191.336 560.873
1191.649 559.877
1191.962 617.881
1192.275 539.885
1192.588 654.890
1192.901 801.894
1193.214 593.898
1193.526 567.902
1193.839 625.907
1194.152 510.911
1194.465 588.915
1194.778 539.919
1195.091 554.924
1195.404 531.928
1195.717 549.932
1196.030 667.936
1196.343 577.941
1196.656 463.945
1196.969 530.949
1197.282 594.953
1197.594 588.957
1197.907 691.962
1198.220 675.966
1198.533 533.970
1198.846 530.974
1199.159 510.978
1199.472 518.983
1199.785 661.987
1200.098 512.991
1200.411 627.995
1200.724 601.999
1201.037 466.004
1201.350 447.008
1201.662 460.012
1201.975 586.016
1202.288 632.020
1202.601 214.024
