165.028 103.400
165.288 25.016
165.547 67.636
165.807 139.259
166.067 40.885
166.327 -32.486
166.587 -13.854
166.847 60.781
167.107 145.419
167.367 175.060
167.627 199.704
167.886 147.350
168.146 103.000
168.406 231.652
168.666 163.307
168.926 102.965
169.186 163.626
169.446 152.290
169.706 24.956
169.966 136.625
170.225 91.296
170.485 87.970
170.745 185.647
171.005 283.326
171.265 148.008
171.525 181.692
171.785 80.378
172.045 -0.932
172.305 191.759
172.564 139.453
172.824 20.149
173.084 165.848
173.344 102.549
173.604 89.252
173.864 196.957
174.124 169.665
174.384 181.375
174.644 235.087
174.903 357.801
175.163 362.517
175.423 364.235
175.683 133.956
175.943 142.678
176.203 147.402
176.463 109.129
176.723 55.857
176.983 150.587
177.242 215.319
177.502 349.053
177.762 335.789
178.022 109.527
178.282 98.266
178.542 75.007
178.802 130.750
179.062 77.495
179.322 310.241
179.581 373.989
179.841 227.738
180.101 249.490
180.361 244.242
180.621 193.997
180.881 133.752
181.141 164.510
181.401 132.268
181.661 180.029
181.920 358.790
182.180 269.553
182.440 118.318
182.700 72.083
182.960 51.850
183.220 106.619
183.480 347.388
183.740 263.159
184.000 169.931
184.259 60.705
184.519 157.479
184.779 144.255
185.039 234.031
185.299 309.809
185.559 305.588
185.819 343.368
186.079 288.149
186.339 195.931
186.598 168.714
186.858 82.498
187.118 118.282
187.378 243.068
187.638 251.855
187.898 298.642
188.158 383.431
188.418 216.220
188.678 145.010
188.937 209.800
189.197 279.592
189.457 276.384
189.717 251.177
189.977 139.970
190.237 147.764
190.497 280.559
190.757 246.355
191.017 257.151
191.276 158.947
191.536 138.745
191.796 131.542
192.056 101.341
192.316 199.139
192.576 181.938
192.836 79.738
193.096 110.538
193.356 142.338
193.616 173.139
193.875 199.941
194.135 211.742
194.395 371.544
194.655 378.346
194.915 298.149
195.175 246.951
195.435 296.754
195.695 114.558
195.955 10.361
196.214 173.165
196.474 332.968
196.734 302.772
196.994 275.576
197.254 278.381
197.514 247.185
197.774 205.989
198.034 149.794
198.294 131.598
198.553 178.403
198.813 154.207
199.073 23.011
199.333 68.816
199.593 251.620
199.853 285.425
200.113 387.229
200.373 362.033
200.633 128.837
200.892 83.641
201.152 72.445
201.412 121.249
201.672 272.052
201.932 457.855
202.192 408.658
202.452 214.461
202.712 104.264
202.972 178.066
203.231 369.868
203.491 332.670
203.751 255.471
204.011 340.272
204.271 416.073
204.531 205.874
204.791 179.674
205.051 203.474
205.311 270.273
205.570 177.072
205.830 171.870
206.090 204.668
206.350 278.466
206.610 467.263
206.870 291.060
207.130 209.856
207.390 243.652
207.650 191.447
207.909 262.242
208.169 317.036
208.429 281.829
208.689 139.622
208.949 271.415
209.209 388.207
209.469 174.998
209.729 122.789
209.989 154.579
210.248 95.368
210.508 402.157
210.768 317.945
211.028 180.732
211.288 286.519
211.548 274.305
211.808 305.090
212.068 420.875
212.328 397.659
212.587 390.442
212.847 327.224
213.107 336.006
213.367 295.786
213.627 300.566
213.887 286.346
214.147 160.124
214.407 255.902
214.667 264.679
214.926 302.455
215.186 248.230
215.446 312.004
215.706 248.777
215.966 220.550
216.226 190.322
216.486 169.092
216.746 283.862
217.006 353.631
217.265 274.399
217.525 250.166
217.785 289.933
218.045 357.698
218.305 276.462
218.565 235.225
218.825 349.988
219.085 483.749
219.345 257.510
219.604 156.269
219.864 327.027
220.124 375.785
220.384 290.541
220.644 250.297
220.904 227.051
221.164 280.804
221.424 265.557
221.684 171.308
221.943 209.058
222.203 336.807
222.463 252.555
222.723 151.302
222.983 252.048
223.243 203.793
223.503 274.536
223.763 251.279
224.023 224.020
224.282 350.761
224.542 397.500
224.802 344.238
225.062 305.975
225.322 411.711
225.582 366.446
225.842 308.179
226.102 338.912
226.362 314.643
226.621 326.373
226.881 223.102
227.141 255.830
227.401 350.556
227.661 289.281
227.921 376.006
228.181 288.729
228.441 268.450
228.701 452.171
228.960 463.890
229.220 321.608
229.480 215.325
229.740 355.041
230.000 464.755
230.260 306.469
230.520 246.181
230.780 277.891
231.040 274.601
231.299 234.309
231.559 294.016
231.819 276.722
232.079 362.426
232.339 357.130
232.599 192.832
232.859 282.532
233.119 371.232
233.379 228.930
233.638 273.627
233.898 412.322
234.158 408.017
234.418 249.710
234.678 314.401
234.938 315.092
235.198 206.781
235.458 189.469
235.718 234.155
235.978 289.841
236.237 317.524
236.497 305.207
236.757 341.888
237.017 338.568
237.277 321.247
237.537 369.924
237.797 287.600
238.057 348.275
238.317 283.949
238.576 204.621
238.836 265.291
239.096 372.961
239.356 309.629
239.616 248.296
239.876 338.961
240.136 308.625
240.396 398.288
240.656 433.949
240.915 349.609
241.175 291.268
241.435 254.925
241.695 322.581
241.955 456.236
242.215 502.889
242.475 425.541
242.735 343.192
242.995 402.841
243.254 407.489
243.514 335.136
243.774 92.781
244.034 215.425
244.294 567.067
244.554 435.708
244.814 366.348
245.074 285.986
245.334 273.623
245.593 321.259
245.853 327.893
246.113 288.526
246.373 397.158
246.633 424.788
246.893 318.417
247.153 355.045
247.413 456.671
247.673 395.296
247.932 332.919
248.192 386.541
248.452 457.162
248.712 368.781
248.972 245.399
249.232 456.016
249.492 326.631
249.752 204.245
250.012 364.858
250.271 328.469
250.531 381.079
250.791 561.687
251.051 500.294
251.311 384.900
251.571 223.504
251.831 308.107
252.091 393.709
252.351 359.309
252.610 319.908
252.870 406.506
253.130 368.102
253.390 345.697
253.650 441.291
253.911 413.883
254.172 425.474
254.433 370.063
254.694 339.651
254.955 420.238
255.216 302.823
255.477 429.407
255.738 419.990
255.999 289.571
256.261 441.151
256.522 413.730
256.783 391.307
257.044 261.883
257.305 199.458
257.566 207.031
257.827 155.603
258.088 287.174
258.349 313.743
258.610 381.311
258.871 474.877
259.132 541.443
259.393 346.007
259.654 217.569
259.915 206.130
260.176 332.690
260.437 411.249
260.698 344.806
260.959 322.362
261.221 441.917
261.482 490.470
261.743 376.022
262.004 356.573
262.265 550.122
262.526 502.670
262.787 306.217
263.048 266.762
263.309 259.306
263.570 408.849
263.831 356.390
264.092 326.930
264.353 205.469
264.614 488.007
264.875 499.543
265.136 330.078
265.397 523.611
265.658 603.144
265.919 630.675
266.181 544.204
266.442 397.733
266.703 325.260
266.964 299.786
267.225 278.310
267.486 372.834
267.747 472.356
268.008 494.876
268.269 510.396
268.530 506.914
268.791 507.431
269.052 424.946
269.313 348.461
269.574 373.974
269.835 395.486
270.096 449.996
270.357 486.505
270.618 404.013
270.879 356.520
271.141 395.026
271.402 366.530
271.663 292.033
271.924 393.535
272.185 390.035
272.446 377.534
272.707 372.032
272.968 315.529
273.229 309.025
273.490 380.519
273.751 342.012
274.012 294.504
274.273 402.994
274.534 369.484
274.795 357.972
275.056 370.459
275.317 273.945
275.578 227.429
275.839 357.912
276.101 317.394
276.362 264.875
276.623 363.355
276.884 434.833
277.145 463.310
277.406 503.786
277.667 358.261
277.928 303.735
278.189 495.207
278.450 449.678
278.711 415.148
278.972 431.617
279.233 364.085
279.494 465.551
279.755 551.016
280.016 603.480
280.277 454.943
280.538 429.405
280.799 338.865
281.061 396.325
281.322 402.783
281.583 341.240
281.844 269.696
282.105 287.151
282.366 419.604
282.627 409.057
282.888 507.508
283.149 478.958
283.410 377.407
283.671 435.855
283.932 407.301
284.193 238.747
284.454 294.191
284.715 347.634
284.976 353.076
285.237 453.517
285.498 651.957
285.759 559.396
286.021 494.834
286.282 460.270
286.543 494.705
286.804 415.140
287.065 413.573
287.326 487.005
287.587 329.436
287.848 399.865
288.109 549.294
288.370 501.722
288.631 354.148
288.892 336.573
289.153 296.998
289.414 280.421
289.675 513.843
289.936 614.264
290.197 569.684
290.458 476.103
290.719 397.521
290.981 541.937
291.242 616.353
291.503 545.768
291.764 381.181
292.025 249.593
292.286 287.005
292.547 411.415
292.808 387.824
293.069 400.232
293.330 397.640
293.591 422.046
293.852 377.451
294.113 333.855
294.374 319.258
294.635 394.659
294.896 453.060
295.157 516.460
295.418 536.859
295.679 521.257
295.941 486.653
296.202 490.049
296.463 443.444
296.724 516.837
296.985 587.230
297.246 570.622
297.507 403.012
297.768 353.402
298.029 525.790
298.290 656.178
298.551 682.564
298.812 685.950
299.073 462.335
299.334 309.718
299.595 475.101
299.856 472.482
300.117 592.863
300.378 554.242
300.639 346.621
300.901 392.999
301.162 501.375
301.423 542.751
301.684 644.126
301.945 626.500
302.206 419.872
302.467 400.244
302.728 299.615
302.989 428.985
303.250 536.354
303.511 626.722
303.772 590.089
304.033 490.455
304.294 492.820
304.555 466.184
304.816 485.547
305.077 512.910
305.338 354.271
305.599 367.631
305.861 480.991
306.122 536.349
306.383 464.707
306.644 459.064
306.905 348.419
307.166 518.774
307.427 505.128
307.688 471.481
307.949 456.833
308.210 538.184
308.471 557.535
308.732 458.884
308.993 321.232
309.254 356.580
309.515 278.927
309.776 425.272
310.037 438.617
310.298 300.961
310.559 386.304
310.821 531.646
311.082 510.988
311.343 419.328
311.604 309.668
311.865 275.006
312.126 323.344
312.387 383.681
312.648 387.017
312.909 375.352
313.170 454.686
313.434 507.020
313.698 412.352
313.963 471.684
314.227 414.015
314.491 383.345
314.755 464.674
315.019 476.002
315.284 330.330
315.548 488.656
315.812 462.982
316.076 558.307
316.340 562.631
316.604 520.954
316.869 537.277
317.133 500.598
317.397 601.919
317.661 571.239
317.925 479.558
318.190 450.876
318.454 449.194
318.718 397.510
318.982 467.826
319.246 542.141
319.511 649.455
319.775 474.769
320.039 497.081
320.303 489.393
320.567 519.704
320.832 503.014
321.096 427.323
321.360 480.632
321.624 457.940
321.888 428.247
322.153 431.553
322.417 331.858
322.681 276.163
322.945 398.467
323.209 491.770
323.473 489.072
323.738 454.373
324.002 438.674
324.266 566.974
324.530 550.273
324.794 453.572
325.059 383.869
325.323 375.166
325.587 405.462
325.851 419.758
326.115 668.052
326.380 541.346
326.644 490.639
326.908 503.931
327.172 508.223
327.436 526.514
327.701 485.804
327.965 421.093
328.229 520.382
328.493 406.670
328.757 435.957
329.022 570.243
329.286 440.529
329.550 417.814
329.814 467.098
330.078 488.382
330.342 438.664
330.607 455.946
330.871 508.228
331.135 569.508
331.399 560.788
331.663 449.067
331.928 452.346
332.192 538.624
332.456 502.901
332.720 535.177
332.984 469.453
333.249 514.727
333.513 502.002
333.777 399.275
334.041 353.548
334.305 450.820
334.570 496.092
334.834 373.362
335.098 593.633
335.362 640.902
335.626 586.171
335.891 456.439
336.155 491.706
336.419 459.973
336.683 304.239
336.947 421.504
337.211 463.769
337.476 383.033
337.740 431.296
338.004 495.559
338.268 446.821
338.532 512.082
338.797 490.343
339.061 481.602
339.325 581.862
339.589 621.121
339.853 477.379
340.118 439.636
340.382 550.893
340.646 708.149
340.910 488.404
341.174 442.659
341.439 461.913
341.703 459.167
341.967 431.419
342.231 469.672
342.495 413.923
342.759 521.174
343.024 515.425
343.288 595.674
343.552 533.923
343.816 315.172
344.080 367.420
344.345 466.667
344.609 381.914
344.873 299.159
345.137 493.405
345.401 569.650
345.666 383.894
345.930 527.137
346.194 608.380
346.458 373.622
346.722 357.864
346.987 348.105
347.251 507.346
347.515 700.586
347.779 498.825
348.043 444.064
348.308 464.302
348.572 374.539
348.836 343.776
349.100 391.012
349.364 328.248
349.628 334.483
349.893 406.718
350.157 499.952
350.421 480.185
350.685 490.418
350.949 449.650
351.214 375.882
351.478 426.113
351.742 423.343
352.006 439.573
352.270 434.803
352.535 360.031
352.799 397.260
353.063 512.487
353.327 432.714
353.591 375.941
353.856 417.167
354.120 433.392
354.384 563.617
354.648 649.841
354.912 557.065
355.177 505.288
355.441 412.511
355.705 613.733
355.969 633.955
356.233 529.176
356.497 524.396
356.762 535.616
357.026 495.835
357.290 460.054
357.554 451.273
357.818 510.490
358.083 552.708
358.347 504.924
358.611 482.140
358.875 513.356
359.139 479.571
359.404 353.786
359.668 471.000
359.932 546.213
360.196 574.426
360.460 528.639
360.725 548.851
360.989 589.062
361.253 697.273
361.517 634.483
361.781 559.693
362.046 561.903
362.310 596.111
362.574 581.320
362.838 460.528
363.102 492.735
363.366 524.942
363.631 452.148
363.895 484.354
364.159 572.559
364.423 504.764
364.687 578.968
364.952 627.172
365.216 632.376
365.480 516.578
365.747 405.781
366.013 490.983
366.280 489.184
366.546 574.385
366.813 508.585
367.079 529.785
367.346 574.985
367.612 538.184
367.879 549.382
368.145 592.580
368.412 492.777
368.678 421.974
368.945 596.171
369.211 552.367
369.478 516.563
369.744 493.758
370.011 519.953
370.278 522.147
370.544 463.340
370.811 465.534
371.077 500.726
371.344 466.919
371.610 484.111
371.877 536.302
372.143 585.493
372.410 620.684
372.676 691.874
372.943 654.063
373.209 542.252
373.476 452.441
373.742 412.629
374.009 535.817
374.276 593.004
374.542 552.191
374.809 476.378
375.075 359.563
375.342 333.749
375.608 359.934
375.875 388.119
376.141 636.303
376.408 630.487
376.674 597.670
376.941 504.853
377.207 440.035
377.474 811.217
377.740 756.399
378.007 443.580
378.273 518.761
378.540 583.941
378.807 482.121
379.073 469.301
379.340 496.480
379.606 473.658
379.873 467.836
380.139 538.014
380.406 556.192
380.672 482.368
380.939 450.545
381.205 483.721
381.472 377.897
381.738 322.072
382.005 483.247
382.271 534.421
382.538 479.595
382.804 617.769
383.071 571.942
383.338 556.115
383.604 623.287
383.871 695.459
384.137 645.631
384.404 537.802
384.670 493.973
384.937 465.143
385.203 527.313
385.470 541.483
385.736 547.652
386.003 490.821
386.269 499.989
386.536 486.157
386.802 483.325
387.069 614.492
387.336 752.659
387.602 689.825
387.869 471.991
388.135 423.157
388.402 396.322
388.668 483.487
388.935 552.651
389.201 689.816
389.468 651.979
389.734 629.143
390.001 579.306
390.267 511.468
390.534 565.630
390.800 548.792
391.067 615.954
391.333 601.115
391.600 517.276
391.867 519.436
392.133 537.596
392.400 455.755
392.666 339.915
392.933 568.074
393.199 689.232
393.466 533.390
393.732 536.548
393.999 620.705
394.265 552.862
394.532 421.019
394.798 529.175
395.065 483.331
395.331 521.487
395.598 550.642
395.864 588.797
396.131 743.952
396.398 878.106
396.664 933.260
396.931 1026.413
397.197 1254.566
397.464 1297.719
397.730 1551.872
397.997 1706.024
398.263 1803.175
398.530 1848.327
398.796 2033.478
399.063 2095.628
399.329 1991.779
399.596 2073.929
399.862 2018.078
400.129 1967.228
400.396 1949.377
400.662 1703.525
400.929 1693.674
401.195 1707.822
401.462 1731.969
401.728 1757.117
401.995 1745.264
402.261 1660.410
402.528 1634.557
402.794 1674.702
403.061 1762.848
403.327 1969.993
403.594 1844.138
403.860 1742.283
404.127 1708.427
404.393 1740.571
404.660 1749.715
404.931 1769.858
405.202 1791.001
405.473 1705.144
405.745 1819.286
406.016 2009.429
406.287 1870.570
406.558 1762.712
406.829 1813.853
407.100 1656.994
407.371 1835.134
407.642 1840.274
407.914 1651.414
408.185 1552.554
408.456 1544.693
408.727 1697.832
408.998 1681.970
409.269 1841.108
409.540 1905.246
409.811 1549.384
410.083 1540.521
410.354 1518.659
410.625 1368.795
410.896 1461.932
411.167 1575.068
411.438 1613.204
411.709 1370.339
411.981 1438.474
412.252 1295.609
412.523 1114.744
412.794 1304.878
413.065 1324.012
413.336 1068.146
413.607 1134.279
413.878 1151.413
414.150 1018.545
414.421 872.678
414.692 758.810
414.963 714.942
415.234 890.074
415.505 881.205
415.776 950.336
416.047 907.467
416.319 795.598
416.590 723.728
416.861 578.858
417.132 712.987
417.403 761.117
417.674 641.246
417.945 495.375
418.217 525.503
418.488 703.631
418.759 550.759
419.030 485.887
419.301 564.014
419.572 651.141
419.843 680.268
420.114 559.395
420.386 543.521
420.657 632.647
420.928 534.773
421.199 512.898
421.470 500.023
421.741 432.148
422.012 429.273
422.283 471.397
422.555 494.521
422.826 569.645
423.097 682.769
423.368 658.892
423.639 511.015
423.910 600.138
424.181 551.260
424.453 449.382
424.724 755.504
424.995 864.626
425.266 602.747
425.537 535.869
425.808 687.989
426.079 752.110
426.350 657.230
426.622 645.350
426.893 735.470
427.164 665.590
427.435 628.709
427.706 576.828
427.977 566.947
428.248 578.066
428.519 692.184
428.791 567.302
429.062 700.420
429.333 576.537
429.604 522.655
429.875 651.772
430.146 734.888
430.417 721.005
430.689 649.121
430.960 516.237
431.231 548.353
431.502 740.469
431.773 763.584
432.044 635.699
432.315 765.814
432.586 716.928
432.858 677.042
433.129 539.157
433.400 560.270
433.671 641.384
433.942 597.497
434.213 428.610
434.484 491.723
434.755 630.836
435.027 524.948
435.298 617.060
435.569 603.172
435.840 469.284
436.116 421.395
436.391 543.506
436.667 593.617
436.942 631.728
437.218 664.839
437.493 705.949
437.769 734.059
438.045 640.169
438.320 607.278
438.596 626.387
438.871 590.496
439.147 600.605
439.422 529.714
439.698 417.822
439.974 473.930
440.249 634.038
440.525 670.146
440.800 417.254
441.076 535.361
441.351 685.468
441.627 688.575
441.903 678.681
442.178 582.788
442.454 564.894
442.729 757.000
443.005 601.105
443.281 624.211
443.556 689.316
443.832 631.421
444.107 511.526
444.383 502.631
444.658 538.735
444.934 462.839
445.210 686.943
445.485 690.047
445.761 675.150
446.036 645.253
446.312 684.357
446.587 685.459
446.863 469.562
447.139 533.664
447.414 583.767
447.690 660.869
447.965 690.971
448.241 608.072
448.516 542.173
448.792 537.275
449.068 581.376
449.343 637.476
449.619 522.577
449.894 551.677
450.170 555.777
450.445 709.877
450.721 736.977
450.997 534.076
451.272 588.176
451.548 513.275
451.823 466.374
452.099 595.472
452.375 552.571
452.650 504.669
452.926 557.767
453.201 598.865
453.477 886.963
453.752 774.060
454.028 611.158
454.304 628.255
454.579 686.352
454.855 674.448
455.130 665.545
455.406 791.641
455.681 745.737
455.957 689.833
456.233 597.929
456.508 590.024
456.784 621.119
457.059 594.215
457.335 752.310
457.610 695.404
457.886 619.499
458.162 571.593
458.437 558.687
458.713 654.781
458.988 631.875
459.264 686.969
459.539 724.062
459.815 643.155
460.091 523.248
460.366 483.341
460.642 472.434
460.917 560.526
461.193 586.618
461.468 510.710
461.744 520.802
462.020 516.894
462.295 533.986
462.571 478.077
462.846 564.168
463.122 696.259
463.397 725.350
463.673 544.895
463.949 562.968
464.224 602.019
464.500 620.091
464.775 560.801
465.051 638.613
465.327 728.252
465.602 776.516
465.878 721.437
466.153 623.002
466.429 908.428
466.704 1161.103
466.980 1088.513
467.256 1088.602
467.531 1211.902
467.807 1203.184
468.082 1172.210
468.358 1105.058
468.633 1106.466
468.909 1029.245
469.185 945.944
469.460 1038.533
469.736 1084.983
470.011 867.548
470.287 873.804
470.562 967.386
470.838 867.541
471.114 980.625
471.389 901.924
471.665 859.444
471.940 884.692
472.216 854.414
472.491 726.693
472.767 751.857
473.043 851.334
473.318 912.272
473.594 749.577
473.869 745.339
474.145 753.563
474.421 704.818
474.696 664.211
474.972 593.690
475.247 691.220
475.523 800.580
475.798 766.822
476.074 665.311
476.350 622.626
476.625 673.293
476.901 690.707
477.176 663.610
477.452 576.549
477.727 546.113
478.003 416.576
478.279 651.415
478.554 768.368
478.830 748.886
479.105 753.539
479.381 692.005
479.656 643.406
479.932 629.664
480.208 725.262
480.483 748.877
480.759 769.181
481.034 694.747
481.310 631.191
481.585 715.684
481.861 740.966
482.137 598.306
482.412 650.098
482.688 702.084
482.963 751.610
483.239 792.018
483.514 596.706
483.790 688.591
484.066 847.821
484.341 732.283
484.617 647.882
484.892 746.172
485.168 732.319
485.443 610.396
485.719 660.175
485.995 796.838
486.270 801.080
486.546 682.856
486.821 591.933
487.097 574.058
487.373 695.855
487.648 827.434
487.924 808.997
488.199 595.114
488.475 430.159
488.750 437.233
489.026 577.088
489.302 578.144
489.577 596.278
489.853 622.212
490.128 778.016
490.404 704.921
490.679 521.041
490.955 730.770
491.231 804.157
491.506 765.878
491.782 639.374
492.057 569.350
492.333 712.279
492.608 701.588
492.884 650.779
493.160 508.973
493.435 580.631
493.711 721.879
493.986 663.457
494.262 643.591
494.537 626.015
494.813 672.824
495.089 568.449
495.364 615.671
495.640 593.149
495.915 528.386
496.191 677.135
496.467 693.637
496.742 685.825
497.018 728.711
497.293 667.577
497.569 749.335
497.844 687.523
498.120 739.079
498.396 693.988
498.671 605.373
498.947 721.630
499.222 737.328
499.498 686.391
499.773 717.306
500.049 755.696
500.325 759.514
500.600 827.103
500.876 766.939
501.151 880.885
501.427 872.803
501.702 956.162
501.978 970.301
502.254 984.410
502.529 845.662
502.805 1022.816
503.080 1193.272
503.356 1064.373
503.631 956.427
503.907 974.626
504.183 921.051
504.458 964.643
504.734 942.502
505.009 1037.616
505.285 940.557
505.560 956.863
505.836 873.892
506.112 834.486
506.387 722.206
506.663 713.455
506.938 765.090
507.214 752.012
507.490 813.946
507.765 828.328
508.041 856.650
508.316 911.207
508.592 760.395
508.867 777.805
509.143 870.557
509.419 814.342
509.694 714.479
509.970 679.440
510.245 595.062
510.521 693.532
510.796 655.942
511.072 586.076
511.348 623.856
511.623 678.756
511.899 643.993
512.174 727.827
512.450 783.716
512.725 748.066
513.001 570.976
513.277 534.831
513.552 757.157
513.828 685.707
514.103 638.789
514.379 713.446
514.654 641.238
514.930 639.058
515.206 954.489
515.481 859.360
515.757 649.119
516.032 582.988
516.308 639.528
516.583 695.551
516.859 670.888
517.135 722.556
517.410 700.804
517.686 726.132
517.961 675.658
518.237 646.279
518.513 598.621
518.788 830.210
519.064 816.119
519.339 697.160
519.615 654.076
519.890 725.828
520.166 729.041
520.442 848.707
520.717 910.363
520.993 915.152
521.268 791.135
521.544 745.957
521.819 643.718
522.095 694.982
522.371 848.736
522.646 856.464
522.922 935.203
523.197 879.705
523.473 947.820
523.748 874.193
524.024 796.738
524.300 789.140
524.575 793.025
524.851 826.574
525.126 848.785
525.402 871.664
525.677 907.127
525.953 808.802
526.229 767.749
526.504 765.670
526.780 914.133
527.055 843.294
527.331 863.445
527.606 930.420
527.882 904.705
528.158 759.076
528.433 906.462
528.709 900.760
528.984 900.815
529.260 854.526
529.535 823.981
529.811 668.417
530.087 596.612
530.362 618.437
530.638 765.153
530.913 866.974
531.189 837.943
531.465 748.229
531.740 733.548
532.016 730.444
532.291 741.137
532.567 801.737
532.842 794.040
533.118 758.007
533.394 899.574
533.669 735.037
533.945 580.422
534.220 649.542
534.496 816.734
534.771 729.865
535.047 717.948
535.323 748.977
535.598 720.983
535.874 739.320
536.149 737.164
536.425 703.693
536.700 634.275
536.976 689.494
537.252 827.614
537.527 681.133
537.803 701.816
538.078 905.116
538.354 961.217
538.629 901.193
538.905 979.986
539.181 1078.620
539.456 1047.115
539.732 1263.404
540.007 1311.829
540.283 1122.467
540.558 1014.798
540.834 1065.325
541.110 1159.502
541.385 1108.070
541.661 1208.123
541.936 1249.016
542.212 1183.658
542.488 1168.844
542.763 1198.629
543.039 1214.752
543.314 1249.526
543.590 1115.765
543.865 1179.372
544.141 1233.049
544.417 1255.941
544.692 1202.369
544.968 1273.920
545.243 1231.501
545.519 1031.720
545.794 1093.433
546.070 1218.734
546.348 1104.575
546.627 926.590
546.905 1159.404
547.183 1154.174
547.461 1140.322
547.740 1232.727
548.018 1098.814
548.296 959.740
548.575 919.076
548.853 935.015
549.131 998.621
549.409 1020.498
549.688 1145.549
549.966 1117.821
550.244 1156.562
550.523 1190.153
550.801 1206.847
551.079 1251.202
551.357 1367.968
551.636 1324.176
551.914 1253.566
552.192 1136.259
552.471 1298.338
552.749 1369.720
553.027 1379.248
553.306 1385.807
553.584 1463.535
553.862 1411.065
554.140 1453.354
554.419 1431.502
554.697 1545.164
554.975 1689.493
555.254 1644.879
555.532 1454.844
555.810 1513.960
556.088 1656.142
556.367 1507.212
556.645 1381.279
556.923 1416.346
557.202 1354.764
557.480 1403.981
557.758 1254.267
558.036 1176.719
558.315 1161.902
558.593 1236.489
558.871 1159.091
559.150 1093.130
559.428 1036.136
559.706 936.700
559.984 1014.028
560.263 1147.136
560.541 1051.615
560.819 1030.516
561.098 1009.349
561.376 994.010
561.654 859.440
561.932 725.567
562.211 778.013
562.489 873.159
562.767 850.293
563.046 706.102
563.324 663.243
563.602 759.986
563.880 655.655
564.159 689.289
564.437 778.797
564.715 676.902
564.994 567.541
565.272 672.192
565.550 561.333
565.828 483.221
566.107 657.298
566.385 618.259
566.663 514.063
566.942 519.404
567.220 551.148
567.498 672.876
567.776 549.843
568.055 515.271
568.333 591.276
568.611 668.567
568.890 566.491
569.168 506.817
569.446 610.732
569.725 571.162
570.003 384.732
570.281 412.227
570.559 538.963
570.838 539.528
571.116 593.388
571.394 677.734
571.673 687.164
571.951 672.340
572.229 637.432
572.507 594.362
572.786 602.766
573.064 655.002
573.342 637.518
573.621 509.049
573.899 558.848
574.177 768.421
574.455 722.294
574.734 586.057
575.012 626.217
575.290 585.737
575.569 643.217
575.847 641.928
576.125 647.858
576.403 539.500
576.682 575.471
576.960 635.761
577.243 731.634
577.527 596.437
577.810 483.179
578.093 500.463
578.377 502.482
578.660 569.718
578.944 595.452
579.227 592.713
579.510 657.762
579.794 566.195
580.077 539.908
580.360 585.128
580.644 566.883
580.927 534.686
581.210 583.435
581.494 548.783
581.777 632.856
582.061 581.735
582.344 513.563
582.627 464.751
582.911 515.640
583.194 475.278
583.477 622.026
583.761 689.932
584.044 748.855
584.327 697.697
584.611 561.874
584.894 592.884
585.178 532.985
585.461 544.015
585.744 665.934
586.028 592.641
586.311 588.682
586.594 656.723
586.878 570.763
587.161 574.804
587.444 646.845
587.728 639.885
588.011 638.926
588.295 501.966
588.578 565.441
588.861 719.328
589.145 617.087
589.428 600.728
589.711 504.167
589.995 520.687
590.278 720.527
590.562 599.287
590.845 563.763
591.128 748.869
591.412 679.049
591.695 598.848
591.978 706.074
592.262 626.899
592.545 478.131
592.828 662.280
593.112 567.940
593.395 537.072
593.679 505.699
593.962 640.201
594.245 652.538
594.529 549.094
594.812 432.285
595.095 400.913
595.379 642.459
595.662 703.772
595.945 555.148
596.229 501.064
596.512 519.912
596.796 552.180
597.079 651.671
597.362 779.432
597.646 782.656
597.929 611.576
598.212 565.555
598.496 587.332
598.779 719.070
599.062 784.260
599.346 636.223
599.629 592.240
599.913 595.635
600.196 639.022
600.479 649.257
600.763 574.072
601.046 485.468
601.329 539.132
601.613 688.098
601.896 570.141
602.179 614.804
602.463 645.293
602.746 654.170
603.030 677.782
603.313 649.676
603.596 527.043
603.880 566.759
604.163 626.599
604.446 560.399
604.730 465.431
605.013 594.170
605.296 662.369
605.580 553.688
605.863 646.770
606.147 557.677
606.430 510.700
606.713 646.244
606.997 603.818
607.280 716.765
607.563 660.049
607.847 635.002
608.130 661.746
608.414 710.058
608.697 648.449
608.980 607.004
609.264 717.439
609.547 614.910
609.830 609.069
610.114 638.487
610.397 624.810
610.680 659.458
610.964 651.963
611.247 663.763
611.531 578.090
611.814 497.653
612.097 516.334
612.381 660.960
612.664 742.115
612.947 570.412
613.231 535.118
613.514 583.812
613.797 671.273
614.081 698.812
614.364 625.173
614.648 579.038
614.931 510.310
615.214 484.804
615.498 573.811
615.781 649.213
616.064 631.530
616.348 682.745
616.631 716.950
616.914 783.207
617.198 706.180
617.481 564.342
617.765 594.519
618.048 655.356
618.331 580.366
618.615 562.198
618.898 776.659
619.181 750.013
619.465 641.985
619.748 571.791
620.031 494.173
620.315 494.697
620.598 589.467
620.882 686.412
621.165 831.263
621.448 748.791
621.732 668.973
622.015 554.578
622.298 575.658
622.582 654.110
622.865 609.842
623.148 546.938
623.432 688.207
623.715 594.146
623.999 752.844
624.282 719.496
624.565 786.370
624.849 645.558
625.132 510.804
625.415 791.079
625.699 878.692
625.982 706.172
626.265 589.332
626.549 597.861
626.832 746.379
627.116 756.513
627.399 536.344
627.682 538.319
627.966 544.859
628.249 557.422
628.532 576.995
628.816 761.427
629.099 624.424
629.383 626.834
629.666 594.645
629.949 568.000
630.233 595.730
630.516 602.910
630.799 653.183
631.083 572.387
631.366 496.488
631.649 484.769
631.933 524.482
632.216 638.564
632.500 604.245
632.783 619.021
633.066 628.511
633.350 649.908
633.633 691.782
633.916 630.498
634.200 534.755
634.483 608.985
634.766 670.308
635.050 635.089
635.333 498.454
635.617 518.429
635.900 637.855
636.183 659.384
636.467 578.450
636.750 616.067
637.033 624.587
637.317 598.394
637.600 601.620
637.883 601.084
638.167 599.611
638.450 562.937
638.734 494.613
639.017 556.440
639.300 592.049
639.584 533.526
639.867 690.711
640.150 651.450
640.434 670.188
640.717 674.263
641.000 602.329
641.284 659.366
641.567 570.208
641.851 593.448
642.134 752.678
642.417 681.909
642.701 762.089
642.984 807.199
643.267 734.769
643.551 593.411
643.834 524.642
644.117 586.913
644.401 542.505
644.684 629.694
644.968 745.458
645.251 673.492
645.534 574.083
645.818 549.720
646.101 690.171
646.384 717.428
646.668 662.057
646.951 562.554
647.235 576.268
647.518 531.183
647.801 655.271
648.085 729.801
648.368 726.755
648.651 619.639
648.935 712.171
649.218 808.244
649.501 751.540
649.785 725.436
650.068 892.870
650.352 931.512
650.635 888.941
650.918 840.614
651.202 969.220
651.485 1067.983
651.768 1093.741
652.052 1011.100
652.335 971.989
652.618 1007.363
652.902 1094.750
653.185 1288.229
653.469 1258.482
653.752 1206.985
654.035 1300.819
654.319 1510.576
654.602 1496.973
654.885 1476.447
655.169 1497.993
655.452 1394.671
655.735 1366.614
656.019 1392.509
656.302 1371.214
656.586 1461.713
656.869 1604.126
657.152 1494.142
657.436 1390.133
657.719 1476.066
658.002 1551.199
658.286 1566.935
658.569 1409.619
658.852 1379.252
659.136 1479.542
659.419 1476.525
659.703 1398.380
659.986 1385.210
660.269 1395.178
660.553 1224.072
660.836 1284.060
661.119 1405.022
661.403 1375.325
661.686 1306.813
661.969 1218.336
662.253 1147.003
662.536 1144.999
662.820 1277.592
663.103 1193.441
663.386 1183.327
663.670 1217.837
663.953 1062.565
664.236 1167.013
664.520 1159.948
664.803 1074.869
665.086 1146.682
665.370 1213.728
665.653 1207.676
665.937 1172.417
666.220 1144.046
666.503 1107.562
666.787 1085.277
667.070 1052.957
667.353 1063.147
667.637 975.824
667.920 1083.356
668.204 970.718
668.487 806.961
668.770 997.219
669.054 867.918
669.337 800.532
669.620 798.520
669.904 783.477
670.187 844.445
670.470 922.884
670.754 823.931
671.037 682.494
671.321 619.515
671.604 832.854
671.887 829.639
672.171 763.135
672.454 756.246
672.737 758.847
673.021 701.190
673.304 695.777
673.587 851.861
673.871 812.488
674.154 824.193
674.438 853.843
674.721 808.649
675.004 691.194
675.288 640.809
675.571 629.137
675.854 592.088
676.138 574.168
676.421 607.810
676.704 567.142
676.988 714.158
677.271 856.451
677.555 745.677
677.838 661.939
678.121 665.414
678.405 647.149
678.688 776.574
678.971 593.564
679.255 703.549
679.538 802.122
679.821 806.298
680.105 662.820
680.388 571.465
680.672 610.547
680.955 609.533
681.238 602.909
681.522 633.493
681.805 653.228
682.088 687.990
682.372 763.811
682.655 661.294
682.938 699.942
683.222 690.573
683.505 634.894
683.789 678.806
684.072 688.236
684.355 730.341
684.639 714.709
684.922 642.709
685.205 591.587
685.489 713.741
685.772 755.265
686.056 734.114
686.339 803.177
686.622 712.799
686.906 617.835
687.189 714.937
687.472 833.960
687.756 738.225
688.039 597.058
688.322 529.234
688.606 768.299
688.889 738.052
689.173 626.386
689.456 740.190
689.739 745.434
690.023 673.774
690.306 722.808
690.589 638.747
690.873 667.243
691.156 667.268
691.439 596.533
691.723 573.665
692.006 670.120
692.290 615.737
692.573 657.697
692.856 724.752
693.140 740.321
693.423 696.100
693.706 595.291
693.990 528.934
694.273 518.082
694.556 769.377
694.840 853.722
695.123 714.435
695.407 717.849
695.690 638.125
695.973 601.693
696.257 658.770
696.540 782.601
696.830 678.018
697.120 642.071
697.410 686.609
697.699 664.390
697.989 881.971
698.279 703.412
698.569 549.026
698.859 640.238
699.149 722.796
699.439 624.022
699.729 624.429
700.018 568.330
700.308 683.982
700.598 595.320
700.888 491.902
701.178 689.395
701.468 644.094
701.758 523.910
702.048 648.608
702.337 622.997
702.627 710.561
702.917 643.985
703.207 580.273
703.497 668.243
703.787 557.041
704.077 526.437
704.366 617.772
704.656 551.979
704.946 504.345
705.236 524.842
705.526 694.001
705.816 793.824
706.106 603.623
706.396 552.247
706.685 577.436
706.975 492.055
707.265 419.744
707.555 624.174
707.845 623.950
708.135 574.418
708.425 463.053
708.715 447.706
709.004 657.760
709.294 634.066
709.584 592.403
709.874 630.886
710.164 651.617
710.454 633.163
710.744 577.278
711.034 627.026
711.323 637.624
711.613 582.527
711.903 649.822
712.193 719.657
712.483 605.617
712.773 640.053
713.063 592.694
713.352 601.348
713.642 619.744
713.932 702.458
714.222 736.164
714.512 643.056
714.802 572.755
715.092 648.357
715.382 569.754
715.671 517.516
715.961 570.489
716.251 531.974
716.541 606.554
716.831 666.568
717.121 555.371
717.411 628.012
717.701 730.425
717.990 631.880
718.280 517.035
718.570 523.741
718.860 519.444
719.150 550.524
719.440 548.110
719.730 543.878
720.019 792.424
720.309 674.767
720.599 595.513
720.889 512.462
721.179 574.683
721.469 678.701
721.759 628.557
722.049 655.422
722.338 517.378
722.628 561.620
722.918 658.029
723.208 677.584
723.498 484.334
723.788 573.366
724.078 760.104
724.368 714.338
724.657 613.477
724.947 691.233
725.237 726.669
725.527 733.446
725.817 606.432
726.107 538.578
726.397 495.078
726.686 465.116
726.976 589.894
727.266 653.743
727.556 578.327
727.846 684.425
728.136 690.552
728.426 550.437
728.716 492.316
729.005 633.809
729.295 545.650
729.585 463.233
729.875 490.456
730.165 609.282
730.455 644.219
730.745 637.097
731.035 605.077
731.324 673.394
731.614 620.649
731.904 494.935
732.194 665.994
732.484 611.214
732.774 568.431
733.064 558.723
733.354 441.037
733.643 536.006
733.933 599.830
734.223 539.420
734.513 658.347
734.803 741.935
735.093 609.271
735.383 540.549
735.672 565.959
735.962 645.363
736.252 531.359
736.542 594.123
736.832 581.409
737.122 449.645
737.412 551.625
737.702 671.910
737.991 629.731
738.281 580.841
738.571 597.971
738.861 614.914
739.151 585.406
739.441 653.679
739.731 566.185
740.021 590.965
740.310 682.296
740.600 719.513
740.890 522.055
741.180 568.514
741.470 582.353
741.760 647.525
742.050 806.477
742.339 655.767
742.629 539.069
742.919 719.108
743.209 562.289
743.499 520.331
743.789 543.637
744.079 629.795
744.369 654.907
744.658 515.490
744.948 327.870
745.238 521.474
745.528 598.796
745.818 685.718
746.108 593.475
746.398 625.860
746.688 635.809
746.977 763.930
747.267 605.061
747.557 673.275
747.847 720.013
748.137 670.996
748.427 600.368
748.717 484.450
749.006 385.479
749.296 516.359
749.586 574.570
749.876 713.606
750.166 592.110
750.456 540.874
750.746 602.310
751.036 517.498
751.325 633.285
751.615 615.953
751.905 595.991
752.195 600.605
752.485 550.623
752.775 590.232
753.065 527.186
753.355 703.381
753.644 704.399
753.934 568.989
754.224 523.301
754.514 707.579
754.804 494.249
755.094 397.978
755.384 501.306
755.674 585.576
755.963 599.636
756.253 578.168
756.543 657.846
756.833 732.553
757.123 678.623
757.413 558.719
757.703 538.637
757.992 541.669
758.282 595.360
758.572 571.855
758.862 512.576
759.152 603.046
759.442 583.382
759.732 664.388
760.022 724.707
760.311 594.669
760.601 481.004
760.891 604.764
761.181 634.324
761.471 565.563
761.761 493.643
762.051 552.069
762.341 645.092
762.630 700.140
762.920 612.544
763.210 648.461
763.500 647.825
763.793 543.110
764.086 562.261
764.379 578.815
764.671 675.412
764.964 613.054
765.257 608.041
765.550 610.292
765.843 480.269
766.136 576.053
766.429 553.892
766.722 572.485
767.014 524.643
767.307 407.363
767.600 400.331
767.893 436.034
768.186 483.430
768.479 589.294
768.772 665.923
769.064 699.206
769.357 667.301
769.650 609.522
769.943 773.074
770.236 686.485
770.529 542.033
770.822 575.315
771.115 637.832
771.407 760.591
771.700 728.318
771.993 789.676
772.286 692.024
772.579 670.174
772.872 595.594
773.165 494.804
773.457 593.611
773.750 657.798
774.043 557.916
774.336 590.819
774.629 643.072
774.922 663.919
775.215 570.091
775.508 547.811
775.800 499.993
776.093 634.450
776.386 669.040
776.679 527.736
776.972 649.605
777.265 873.186
777.558 891.439
777.850 704.630
778.143 634.294
778.436 604.767
778.729 655.432
779.022 708.715
779.315 561.997
779.608 483.621
779.900 552.984
780.193 595.211
780.486 577.561
780.779 567.971
781.072 495.274
781.365 569.006
781.658 609.754
781.951 585.673
782.243 634.616
782.536 675.063
782.829 651.986
783.122 663.046
783.415 675.436
783.708 665.422
784.001 638.357
784.293 670.469
784.586 725.925
784.879 738.967
785.172 676.181
785.465 549.619
785.758 574.685
786.051 641.835
786.344 706.567
786.636 866.449
786.929 646.244
787.222 584.367
787.515 568.198
787.808 543.102
788.101 472.188
788.394 610.066
788.686 793.897
788.979 756.707
789.272 706.016
789.565 634.469
789.858 535.682
790.151 540.228
790.444 538.246
790.737 546.799
791.029 535.743
791.322 625.579
791.615 596.057
791.908 635.225
792.201 625.624
792.494 587.129
792.787 644.329
793.079 789.553
793.372 697.148
793.665 698.855
793.958 586.208
794.251 583.232
794.544 733.065
794.837 771.697
795.130 633.128
795.422 602.235
795.715 633.158
796.008 619.833
796.301 611.641
796.594 622.612
796.887 707.288
797.180 721.966
797.472 539.528
797.765 397.968
798.058 461.332
798.351 504.678
798.644 507.684
798.937 506.701
799.230 553.024
799.523 899.552
799.815 792.887
800.108 535.674
800.401 532.697
800.694 643.024
800.987 579.586
801.280 618.721
801.573 720.634
801.865 723.645
802.158 602.179
802.451 528.342
802.744 514.384
803.037 563.301
803.330 559.882
803.623 681.094
803.915 652.167
804.208 537.948
804.501 595.095
804.794 664.179
805.087 609.529
805.380 506.557
805.673 534.092
805.966 678.251
806.258 641.871
806.551 649.198
806.844 634.152
807.137 727.266
807.430 555.868
807.723 496.645
808.016 783.808
808.308 795.460
808.601 606.126
808.894 561.082
809.187 583.817
809.480 581.232
809.773 582.672
810.066 654.701
810.359 705.727
810.651 682.948
810.944 441.346
811.237 441.806
811.530 651.709
811.825 568.543
812.119 474.139
812.414 470.117
812.709 572.626
813.003 574.812
813.298 546.944
813.593 598.726
813.887 584.976
814.182 899.564
814.476 836.532
814.771 723.856
815.066 607.337
815.360 520.351
815.655 548.821
815.950 605.344
816.244 616.549
816.539 709.563
816.834 675.938
817.128 669.499
817.423 764.651
817.718 942.880
818.012 755.026
818.307 475.578
818.602 606.740
818.896 694.242
819.191 590.139
819.486 534.726
819.780 712.907
820.075 852.679
820.369 806.887
820.664 658.668
820.959 685.597
821.253 706.011
821.548 593.072
821.843 706.467
822.137 732.164
822.432 667.036
822.727 602.053
823.021 573.468
823.316 767.393
823.611 762.732
823.905 624.787
824.200 544.669
824.495 632.330
824.789 652.387
825.084 668.573
825.379 650.305
825.673 584.480
825.968 646.049
826.262 664.756
826.557 678.579
826.852 718.212
827.146 655.594
827.441 598.709
827.736 681.100
828.030 640.392
828.325 429.535
828.620 668.403
828.914 783.899
829.209 589.684
829.504 757.874
829.798 746.760
830.093 583.194
830.388 491.242
830.682 468.562
830.977 715.517
831.271 730.834
831.566 530.091
831.861 501.858
832.155 535.128
832.450 665.431
832.745 768.886
833.039 628.810
833.334 554.034
833.629 621.807
833.923 565.526
834.218 547.622
834.513 529.426
834.807 529.322
835.102 471.678
835.397 504.379
835.691 505.357
835.986 562.830
836.281 528.868
836.575 505.858
836.870 531.250
837.164 573.815
837.459 512.720
837.754 544.959
838.048 543.103
838.343 528.956
838.638 596.738
838.932 624.718
839.227 603.259
839.522 610.619
839.816 577.661
840.111 550.140
840.406 572.442
840.700 725.696
840.995 840.951
841.290 843.912
841.584 674.388
841.879 732.936
842.174 650.289
842.468 620.941
842.763 528.072
843.057 564.302
843.352 587.968
843.647 630.652
843.941 665.917
844.236 687.571
844.531 735.139
844.825 717.312
845.120 705.107
845.415 772.178
845.709 699.533
846.004 746.818
846.299 616.520
846.593 779.859
846.888 737.263
847.183 616.053
847.477 561.458
847.772 652.059
848.066 642.586
848.361 630.397
848.656 721.209
848.950 702.300
849.245 788.930
849.540 634.482
849.834 746.334
850.129 763.259
850.424 649.338
850.718 644.352
851.013 765.055
851.308 696.453
851.602 686.134
851.897 768.279
852.192 854.933
852.486 694.912
852.781 629.634
853.076 738.468
853.370 767.385
853.665 767.399
853.959 748.537
854.254 654.197
854.549 816.336
854.843 724.094
855.138 657.332
855.433 717.756
855.727 797.274
856.022 699.212
856.317 679.249
856.611 699.129
856.906 619.347
857.201 704.989
857.495 809.689
857.790 790.920
858.085 776.042
858.379 761.262
858.674 580.365
858.969 468.870
859.263 598.821
859.558 599.058
859.852 549.402
860.147 678.693
860.442 750.798
860.736 506.527
861.031 648.212
861.326 763.574
861.620 672.089
861.915 779.374
862.210 773.659
862.504 566.447
862.799 694.108
863.094 744.771
863.388 603.075
863.683 618.354
863.978 573.966
864.272 571.717
864.567 556.288
864.861 541.523
865.156 488.181
865.451 446.594
865.745 675.843
866.040 749.433
866.335 730.393
866.629 757.431
866.924 633.061
867.219 602.094
867.513 692.806
867.808 645.238
868.103 584.884
868.397 626.813
868.692 638.690
868.987 549.258
869.281 526.960
869.576 637.612
869.871 690.038
870.165 578.624
870.460 478.457
870.754 531.195
871.049 516.263
871.344 585.549
871.638 692.415
871.933 593.524
872.228 609.684
872.522 561.346
872.817 668.749
873.112 871.303
873.406 716.569
873.701 769.263
873.996 706.432
874.290 638.635
874.585 579.153
874.880 598.971
875.174 589.507
875.469 578.320
875.764 583.564
876.058 534.796
876.353 478.498
876.647 458.795
876.942 542.818
877.237 604.428
877.531 627.518
877.826 658.389
878.121 600.438
878.415 549.546
878.710 514.851
879.005 656.610
879.299 630.259
879.594 565.113
879.889 429.254
880.183 417.202
880.478 494.619
880.773 506.778
881.067 568.285
881.362 580.261
881.656 501.197
881.951 544.262
882.246 488.286
882.540 515.967
882.835 538.451
883.130 558.169
883.424 488.880
883.719 463.316
884.014 580.563
884.308 470.755
884.603 446.775
884.898 504.448
885.192 649.432
885.487 614.211
885.782 488.236
886.076 567.404
886.371 539.465
886.666 401.771
886.960 455.184
887.255 426.138
887.549 453.982
887.844 656.852
888.139 696.103
888.433 649.500
888.728 562.210
889.023 580.870
889.317 578.963
889.612 472.170
889.907 508.045
890.201 555.842
890.496 600.453
890.791 572.546
891.085 541.159
891.380 534.107
891.675 555.790
891.969 601.735
892.264 485.617
892.559 495.754
892.853 585.345
893.148 523.571
893.442 507.680
893.737 609.548
894.032 545.584
894.326 401.099
894.621 468.950
894.916 394.417
895.210 452.228
895.505 610.679
895.800 547.568
896.094 420.397
896.389 468.067
896.684 516.193
896.978 490.151
897.273 474.227
897.568 578.941
897.862 595.377
898.157 505.200
898.451 607.426
898.746 606.550
899.041 615.954
899.335 562.819
899.630 550.915
899.925 580.552
900.219 670.906
900.514 715.584
900.809 521.773
901.103 395.634
901.398 589.248
901.693 512.470
901.987 487.980
902.282 621.125
902.577 514.303
902.871 454.139
903.166 558.032
903.461 602.289
903.755 575.133
904.050 536.366
904.344 433.208
904.639 439.107
904.934 486.189
905.228 542.827
905.523 498.317
905.818 509.589
906.112 633.923
906.407 561.971
906.702 468.964
906.996 543.526
907.291 517.871
907.586 449.913
907.880 655.507
908.175 644.294
908.470 572.485
908.764 591.956
909.059 664.620
909.354 549.966
909.648 456.413
909.943 505.737
910.237 659.462
910.532 679.929
910.827 709.268
911.121 656.717
911.416 589.919
911.711 599.119
912.005 638.905
912.300 622.565
912.599 668.705
912.898 596.559
913.196 620.491
913.495 651.113
913.794 671.849
914.093 583.026
914.391 582.259
914.690 653.860
914.989 596.590
915.288 669.736
915.586 626.137
915.885 468.143
916.184 419.312
916.483 468.101
916.782 608.088
917.080 604.338
917.379 571.586
917.678 506.159
917.977 616.298
918.275 701.091
918.574 660.401
918.873 617.353
919.172 629.003
919.471 527.653
919.769 533.938
920.068 533.057
920.367 544.612
920.666 532.305
920.964 606.864
921.263 556.019
921.562 470.229
921.861 605.196
922.159 497.746
922.458 552.072
922.757 606.221
923.056 555.864
923.355 545.753
923.653 647.623
923.952 611.832
924.251 481.538
924.550 630.790
924.848 672.195
925.147 578.068
925.446 498.293
925.745 616.589
926.043 643.723
926.342 586.721
926.641 506.317
926.940 576.054
927.239 650.237
927.537 720.550
927.836 594.488
928.135 587.589
928.434 676.191
928.732 637.124
929.031 680.031
929.330 678.359
929.629 627.347
929.927 592.604
930.226 550.132
930.525 559.705
930.824 700.152
931.123 662.609
931.421 726.901
931.720 711.165
932.019 719.493
932.318 689.554
932.616 588.330
932.915 594.299
933.214 653.491
933.513 671.240
933.812 718.481
934.110 768.303
934.409 799.949
934.708 685.319
935.007 828.508
935.305 827.699
935.604 608.119
935.903 698.707
936.202 856.001
936.500 938.390
936.799 1027.493
937.098 915.703
937.397 781.783
937.696 665.384
937.994 667.513
938.293 804.485
938.592 654.484
938.891 709.137
939.189 818.630
939.488 864.469
939.787 974.987
940.086 823.718
940.384 917.456
940.683 722.563
940.982 683.783
941.281 819.004
941.580 1129.855
941.878 1172.590
942.177 857.867
942.476 823.574
942.775 873.798
943.073 747.155
943.372 655.164
943.671 836.995
943.970 1001.229
944.268 930.963
944.567 793.650
944.866 852.142
945.165 903.466
945.464 831.946
945.762 686.345
946.061 916.041
946.360 1009.941
946.659 971.228
946.957 962.805
947.256 908.998
947.555 835.846
947.854 850.215
948.153 894.608
948.451 856.102
948.750 803.021
949.049 767.519
949.348 934.240
949.646 859.678
949.945 818.691
950.244 958.193
950.543 876.715
950.841 796.051
951.140 700.327
951.439 653.160
951.738 674.138
952.037 665.894
952.335 793.653
952.634 848.444
952.933 708.565
953.232 736.105
953.530 576.630
953.829 844.571
954.128 905.046
954.427 774.087
954.725 796.981
955.024 823.505
955.323 907.631
955.622 691.959
955.921 619.785
956.219 758.975
956.518 687.215
956.817 710.804
957.116 747.001
957.414 696.019
957.713 578.911
958.012 466.948
958.311 499.708
958.610 737.814
958.908 745.405
959.207 738.847
959.506 748.040
959.805 807.149
960.103 765.379
960.402 666.260
960.701 619.566
961.000 588.666
961.298 531.167
961.597 730.505
961.896 654.407
962.195 678.532
962.494 832.263
962.792 731.984
963.091 642.097
963.390 611.418
963.689 582.949
963.987 652.238
964.286 751.538
964.585 803.507
964.884 755.348
965.182 636.935
965.481 941.341
965.780 1014.453
966.080 849.961
966.380 731.978
966.680 633.668
966.981 690.692
967.281 731.872
967.581 608.213
967.881 648.734
968.181 725.501
968.481 682.090
968.781 661.928
969.082 556.013
969.382 600.372
969.682 710.369
969.982 766.108
970.282 801.241
970.582 616.897
970.882 566.066
971.183 740.400
971.483 668.353
971.783 639.475
972.083 695.443
972.383 695.361
972.683 652.880
972.983 709.781
973.284 621.296
973.584 655.679
973.884 715.126
974.184 722.465
974.484 746.071
974.784 580.366
975.084 550.363
975.385 574.630
975.685 658.574
975.985 600.743
976.285 608.293
976.585 598.317
976.885 539.849
977.185 583.512
977.486 655.286
977.786 644.442
978.086 767.692
978.386 737.428
978.686 529.090
978.986 509.806
979.286 584.814
979.587 659.822
979.887 566.830
980.187 558.838
980.487 522.845
980.787 614.853
981.087 588.861
981.387 709.869
981.688 603.876
981.988 486.884
982.288 565.892
982.588 646.900
982.888 652.907
983.188 623.915
983.488 709.923
983.789 746.930
984.089 698.938
984.389 603.946
984.689 546.953
984.989 470.961
985.289 512.969
985.589 683.976
985.890 624.984
986.190 519.992
986.490 579.999
986.790 680.007
987.090 637.015
987.390 642.022
987.690 684.030
987.991 582.037
988.291 581.045
988.591 620.053
988.891 551.060
989.191 545.068
989.491 678.075
989.791 648.083
990.092 644.090
990.392 693.098
990.692 594.105
990.992 611.113
991.292 527.120
991.592 651.128
991.892 634.135
992.193 707.143
992.493 697.150
992.793 598.158
993.093 558.165
993.393 556.173
993.693 612.180
993.993 648.188
994.294 773.195
994.594 649.203
994.894 576.210
995.194 589.218
995.494 519.225
995.794 528.232
996.094 516.240
996.395 613.247
996.695 697.255
996.995 513.262
997.295 520.269
997.595 573.277
997.895 418.284
998.195 359.291
998.496 492.299
998.796 487.306
999.096 668.313
999.396 624.321
999.696 640.328
999.996 690.335
1000.296 785.343
1000.597 709.350
1000.897 597.357
1001.197 664.365
1001.497 789.372
1001.797 592.379
1002.097 519.386
1002.397 611.394
1002.698 681.401
1002.998 759.408
1003.298 692.415
1003.598 562.423
1003.898 527.430
1004.198 708.437
1004.498 728.444
1004.799 650.451
1005.099 709.459
1005.399 698.466
1005.699 741.473
1005.999 679.480
1006.299 545.487
1006.599 811.495
1006.900 771.502
1007.200 580.509
1007.500 617.516
1007.800 588.523
1008.100 543.530
1008.400 545.537
1008.700 570.545
1009.001 529.552
1009.301 550.559
1009.601 739.566
1009.901 762.573
1010.201 651.580
1010.501 630.587
1010.801 741.594
1011.102 627.601
1011.402 631.608
1011.702 558.615
1012.002 526.622
1012.302 690.629
1012.602 664.637
1012.902 587.644
1013.203 592.651
1013.503 707.658
1013.803 725.665
1014.103 601.672
1014.403 698.679
1014.703 577.686
1015.003 530.693
1015.304 684.700
1015.604 803.707
1015.904 552.713
1016.204 525.720
1016.504 602.727
1016.804 629.734
1017.104 591.741
1017.405 527.748
1017.705 526.755
1018.005 559.762
1018.305 550.769
1018.605 526.776
1018.905 458.783
1019.205 471.790
1019.506 836.797
1019.806 773.803
1020.106 642.810
1020.406 664.817
1020.706 646.824
1021.006 626.831
1021.306 794.838
1021.607 659.845
1021.907 751.851
1022.207 728.858
1022.507 541.865
1022.807 562.872
1023.107 609.879
1023.407 558.886
1023.708 561.892
1024.008 501.899
1024.308 555.906
1024.608 585.913
1024.908 509.919
1025.208 606.926
1025.508 764.933
1025.809 685.940
1026.109 565.946
1026.409 702.953
1026.709 717.960
1027.009 631.967
1027.309 646.973
1027.609 535.980
1027.910 518.987
1028.210 641.994
1028.510 729.000
1028.810 939.007
1029.110 831.014
1029.410 692.020
1029.710 792.027
1030.011 754.034
1030.311 753.040
1030.611 624.047
1030.911 675.054
1031.211 711.060
1031.511 614.067
1031.811 761.074
1032.112 785.080
1032.412 662.087
1032.712 493.093
1033.012 604.100
1033.312 777.107
1033.612 695.113
1033.912 632.120
1034.212 533.126
1034.513 501.133
1034.813 518.140
1035.113 629.146
1035.413 530.153
1035.713 597.159
1036.013 692.166
1036.313 691.172
1036.614 734.179
1036.914 665.185
1037.214 516.192
1037.514 609.199
1037.814 590.205
1038.114 619.212
1038.414 604.218
1038.715 646.225
1039.015 512.231
1039.315 481.238
1039.615 611.244
1039.915 577.250
1040.215 544.257
1040.515 556.263
1040.816 684.270
1041.116 649.276
1041.416 545.283
1041.716 522.289
1042.016 529.296
1042.316 648.302
1042.616 611.309
1042.917 548.315
1043.217 497.321
1043.517 544.328
1043.817 650.334
1044.117 680.341
1044.417 644.347
1044.717 548.353
1045.018 563.360
1045.318 649.366
1045.618 669.372
1045.918 567.379
1046.218 475.385
1046.518 546.392
1046.818 598.398
1047.119 517.404
1047.419 710.411
1047.719 698.417
1048.019 635.423
1048.319 665.429
1048.619 637.436
1048.919 641.442
1049.220 572.448
1049.520 628.455
1049.820 601.461
1050.120 483.467
1050.420 657.474
1050.720 652.480
1051.020 610.486
1051.321 603.492
1051.621 695.499
1051.921 601.505
1052.221 483.511
1052.521 460.517
1052.821 459.524
1053.121 602.530
1053.422 722.536
1053.722 832.542
1054.022 665.548
1054.322 729.555
1054.622 616.561
1054.922 518.567
1055.222 614.573
1055.523 612.579
1055.823 636.586
1056.123 694.592
1056.423 662.598
1056.723 774.604
1057.023 635.610
1057.323 495.616
1057.624 604.623
1057.924 721.629
1058.224 704.635
1058.524 586.641
1058.824 679.647
1059.124 635.653
1059.424 550.659
1059.725 672.665
1060.025 585.671
1060.325 537.678
1060.625 500.684
1060.925 545.690
1061.225 612.696
1061.525 753.702
1061.826 594.708
1062.126 549.714
1062.426 654.720
1062.726 706.726
1063.026 672.732
1063.326 858.738
1063.626 773.744
1063.927 627.750
1064.227 660.756
1064.527 588.762
1064.827 715.768
1065.127 634.774
1065.427 431.780
1065.727 461.786
1066.028 644.792
1066.328 649.798
1066.628 538.804
1066.928 498.810
1067.228 524.816
1067.528 542.822
1067.828 545.828
1068.129 493.834
1068.429 664.840
1068.729 749.846
1069.029 570.852
1069.329 473.858
1069.629 588.864
1069.929 738.870
1070.230 787.876
1070.530 726.882
1070.830 604.888
1071.130 707.894
1071.430 650.899
1071.730 655.905
1072.030 735.911
1072.331 559.917
1072.631 593.923
1072.931 645.929
1073.231 633.935
1073.531 615.941
1073.831 551.946
1074.131 689.952
1074.432 767.958
1074.732 619.964
1075.032 484.970
1075.332 497.976
1075.632 543.981
1075.932 507.987
1076.232 513.993
1076.533 522.999
1076.833 640.005
1077.133 593.011
1077.433 563.016
1077.733 505.022
1078.033 621.028
1078.333 650.034
1078.634 694.040
1078.934 681.045
1079.234 563.051
1079.534 748.057
1079.834 796.063
1080.134 704.068
1080.434 715.074
1080.735 638.080
1081.035 605.086
1081.335 468.091
1081.635 488.097
1081.935 605.103
1082.235 610.108
1082.535 569.114
1082.836 604.120
1083.136 622.126
1083.436 746.131
1083.736 672.137
1084.036 532.143
1084.336 540.148
1084.636 524.154
1084.937 684.160
1085.237 777.165
1085.537 681.171
1085.837 630.177
1086.137 584.182
1086.437 631.188
1086.737 577.194
1087.038 617.199
1087.338 742.205
1087.638 772.211
1087.938 549.216
1088.238 408.222
1088.538 544.227
1088.838 673.233
1089.139 683.239
1089.439 558.244
1089.739 669.250
1090.039 695.256
1090.339 750.261
1090.639 626.267
1090.939 673.272
1091.240 566.278
1091.540 561.283
1091.840 576.289
1092.140 663.295
1092.453 685.300
1092.766 579.306
1093.079 549.311
1093.392 582.317
1093.705 547.322
1094.018 565.328
1094.330 763.333
1094.643 686.339
1094.956 722.344
1095.269 609.350
1095.582 637.355
1095.895 573.361
1096.208 581.366
1096.521 639.372
1096.834 666.377
1097.147 610.383
1097.460 648.388
1097.773 704.394
1098.085 616.399
1098.398 486.405
1098.711 484.410
1099.024 455.416
1099.337 582.421
1099.650 721.427
1099.963 700.432
1100.276 553.437
1100.589 555.443
1100.902 669.448
1101.215 657.454
1101.528 700.459
1101.841 614.465
1102.153 672.470
1102.466 739.475
1102.779 563.481
1103.092 514.486
1103.405 610.492
1103.718 574.497
1104.031 553.502
1104.344 620.508
1104.657 612.513
1104.970 893.518
1105.283 695.524
1105.596 579.529
1105.909 598.535
1106.221 675.540
1106.534 670.545
1106.847 516.551
1107.160 470.556
1107.473 442.561
1107.786 551.567
1108.099 496.572
1108.412 551.577
1108.725 653.583
1109.038 538.588
1109.351 616.593
1109.664 650.599
1109.977 528.604
1110.289 554.609
1110.602 580.614
1110.915 609.620
1111.228 564.625
1111.541 528.630
1111.854 509.636
1112.167 435.641
1112.480 482.646
1112.793 597.651
1113.106 570.657
1113.419 647.662
1113.732 634.667
1114.044 528.672
1114.357 608.678
1114.670 689.683
1114.983 569.688
1115.296 532.693
1115.609 623.698
1115.922 631.704
1116.235 618.709
1116.548 644.714
1116.861 572.719
1117.174 546.724
1117.487 598.730
1117.800 751.735
1118.112 621.740
1118.425 536.745
1118.738 529.750
1119.051 555.756
1119.364 573.761
1119.677 654.766
1119.990 585.771
1120.303 654.776
1120.616 711.781
1120.929 581.786
1121.242 663.792
1121.555 680.797
1121.868 639.802
1122.180 561.807
1122.493 399.812
1122.806 492.817
1123.119 611.822
1123.432 666.827
1123.745 653.833
1124.058 578.838
1124.371 554.843
1124.684 711.848
1124.997 653.853
1125.310 583.858
1125.623 529.863
1125.935 472.868
1126.248 546.873
1126.561 621.878
1126.874 572.883
1127.187 588.889
1127.500 641.894
1127.813 645.899
1128.126 646.904
1128.439 647.909
1128.752 773.914
1129.065 595.919
1129.378 411.924
1129.691 555.929
1130.003 623.934
1130.316 579.939
1130.629 538.944
1130.942 590.949
1131.255 598.954
1131.568 498.959
1131.881 557.964
1132.194 634.969
1132.507 630.974
1132.820 620.979
1133.133 668.984
1133.446 557.989
1133.759 744.994
1134.071 1156.999
1134.384 860.004
1134.697 764.009
1135.010 827.014
1135.323 648.019
1135.636 568.024
1135.949 470.029
1136.262 472.033
1136.575 563.038
1136.888 576.043
1137.201 554.048
1137.514 535.053
1137.826 628.058
1138.139 543.063
1138.452 574.068
1138.765 810.073
1139.078 815.078
1139.391 778.083
1139.704 704.088
1140.017 678.092
1140.330 544.097
1140.643 532.102
1140.956 556.107
1141.269 617.112
1141.582 625.117
1141.894 536.122
1142.207 676.127
1142.520 647.131
1142.833 749.136
1143.146 621.141
1143.459 476.146
1143.772 543.151
1144.085 653.156
1144.398 570.161
1144.711 540.165
1145.024 537.170
1145.337 619.175
1145.650 629.180
1145.962 560.185
1146.275 605.189
1146.588 547.194
1146.901 649.199
1147.214 632.204
1147.527 555.209
1147.840 624.213
1148.153 588.218
1148.466 621.223
1148.779 620.228
1149.092 664.233
1149.405 566.237
1149.718 617.242
1150.030 710.247
1150.343 661.252
1150.656 532.256
1150.969 462.261
1151.282 723.266
1151.595 688.271
1151.908 556.275
1152.221 417.280
1152.534 492.285
1152.847 760.290
1153.160 658.294
1153.473 624.299
1153.785 697.304
1154.098 647.309
1154.411 694.313
1154.724 621.318
1155.037 717.323
1155.350 645.327
1155.663 612.332
1155.976 541.337
1156.289 604.341
1156.602 551.346
1156.915 469.351
1157.228 428.355
1157.541 512.360
1157.853 547.365
1158.166 623.370
1158.479 697.374
1158.792 612.379
1159.105 625.383
1159.418 668.388
1159.731 617.393
1160.044 620.397
1160.357 800.402
1160.670 703.407
1160.983 471.411
1161.296 572.416
1161.609 700.421
1161.921 621.425
1162.234 578.430
1162.547 488.434
1162.860 465.439
1163.173 475.444
1163.486 606.448
1163.799 654.453
1164.112 594.457
1164.425 542.462
1164.738 528.467
1165.051 498.471
1165.364 520.476
1165.676 606.480
1165.989 693.485
1166.302 595.490
1166.615 676.494
1166.928 636.499
1167.241 712.503
1167.554 726.508
1167.867 705.512
1168.180 633.517
1168.493 503.521
1168.806 562.526
1169.119 516.531
1169.432 643.535
1169.744 638.540
1170.057 617.544
1170.370 761.549
1170.683 705.553
1170.996 583.558
1171.309 554.562
1171.622 516.567
1171.935 593.571
1172.248 734.576
1172.561 649.580
1172.874 616.585
1173.187 610.589
1173.500 624.594
1173.812 697.598
1174.125 703.603
1174.438 665.607
1174.751 525.612
1175.064 564.616
1175.377 672.621
1175.690 579.625
1176.003 559.629
1176.316 598.634
1176.629 645.638
1176.942 576.643
1177.255 483.647
1177.567 454.652
1177.880 480.656
1178.193 623.661
1178.506 605.665
1178.819 676.669
1179.132 710.674
1179.445 544.678
1179.758 693.683
1180.071 692.687
1180.384 581.692
1180.697 611.696
1181.010 681.700
1181.323 774.705
1181.635 737.709
1181.948 713.714
1182.261 626.718
1182.574 514.722
1182.887 570.727
1183.200 746.731
1183.513 712.735
1183.826 628.740
1184.139 668.744
1184.452 659.749
1184.765 552.753
1185.078 431.757
1185.391 533.762
1185.703 570.766
1186.016 446.770
1186.329 500.775
1186.642 575.779
1186.955 690.783
1187.268 588.788
1187.581 591.792
1187.894 529.796
1188.207 626.801
1188.520 585.805
1188.833 559.809
1189.146 482.814
1189.459 409.818
1189.771 473.822
1190.084 609.826
1190.397 534.831
1190.710 556.835
1191.023 595.839
1191.336 620.844
1191.649 578.848
1191.962 614.852
1192.275 543.857
1192.588 706.861
1192.901 846.865
1193.214 655.869
1193.526 634.874
1193.839 705.878
1194.152 586.882
1194.465 670.886
1194.778 639.891
1195.091 643.895
1195.404 557.899
1195.717 630.903
1196.030 693.908
1196.343 543.912
1196.656 481.916
1196.969 556.920
1197.282 621.925
1197.594 627.929
1197.907 720.933
1198.220 682.937
1198.533 567.941
1198.846 603.946
1199.159 547.950
1199.472 565.954
1199.785 616.958
1200.098 513.962
1200.411 656.967
1200.724 627.971
1201.037 568.975
1201.350 515.979
1201.662 495.983
1201.975 630.988
1202.288 645.992
1202.601 240.996
