165.028 38.371
165.288 -51.985
165.547 0.663
165.807 95.313
166.067 9.967
166.327 -95.376
166.587 -45.716
166.847 60.947
167.107 112.613
167.367 125.283
167.627 134.955
167.886 76.631
168.146 76.309
168.406 277.990
168.666 217.675
168.926 116.362
169.186 117.052
169.446 60.745
169.706 -22.559
169.966 54.139
170.225 99.840
170.485 129.544
170.745 179.251
171.005 285.960
171.265 123.672
171.525 129.387
171.785 104.104
172.045 20.824
172.305 183.546
172.564 147.271
172.824 -20.002
173.084 106.727
173.344 119.459
173.604 136.194
173.864 164.930
174.124 147.669
174.384 68.411
174.644 164.154
174.903 290.900
175.163 302.648
175.423 265.398
175.683 52.151
175.943 120.905
176.203 88.662
176.463 122.420
176.723 89.181
176.983 106.944
177.242 159.708
177.502 245.475
177.762 265.243
178.022 70.014
178.282 40.786
178.542 42.560
178.802 62.336
179.062 70.114
179.322 256.893
179.581 303.674
179.841 178.457
180.101 268.241
180.361 211.028
180.621 149.815
180.881 145.605
181.141 107.396
181.401 115.188
181.661 170.982
181.920 281.777
182.180 214.574
182.440 96.373
182.700 40.172
182.960 74.973
183.220 143.776
183.480 405.580
183.740 262.385
184.000 121.191
184.259 15.999
184.519 162.808
184.779 153.618
185.039 190.429
185.299 313.241
185.559 340.055
185.819 298.869
186.079 243.685
186.339 172.501
186.598 148.319
186.858 78.138
187.118 64.958
187.378 186.778
187.638 186.600
187.898 215.422
188.158 293.245
188.418 195.070
188.678 128.895
188.937 172.720
189.197 278.547
189.457 290.374
189.717 208.202
189.977 71.031
190.237 99.861
190.497 278.691
190.757 229.521
191.017 234.353
191.276 146.185
191.536 151.017
191.796 136.851
192.056 72.684
192.316 134.518
192.576 103.353
192.836 82.188
193.096 150.024
193.356 171.860
193.616 208.696
193.875 199.533
194.135 180.370
194.395 264.208
194.655 266.045
194.915 247.883
195.175 228.722
195.435 309.560
195.695 128.399
195.955 -20.762
196.214 151.078
196.474 297.917
196.734 260.757
196.994 287.597
197.254 273.436
197.514 256.276
197.774 238.117
198.034 67.957
198.294 71.797
198.553 205.637
198.813 187.477
199.073 94.317
199.333 113.158
199.593 222.998
199.853 263.838
200.113 364.678
200.373 339.518
200.633 131.358
200.892 144.197
201.152 164.037
201.412 188.876
201.672 296.715
201.932 422.554
202.192 389.393
202.452 195.231
202.712 142.069
202.972 187.907
203.231 347.745
203.491 339.582
203.751 223.419
204.011 286.256
204.271 303.093
204.531 106.929
204.791 135.764
205.051 164.599
205.311 228.434
205.570 166.269
205.830 158.103
206.090 140.936
206.350 274.769
206.610 449.602
206.870 263.434
207.130 188.265
207.390 231.096
207.650 198.927
207.909 200.757
208.169 255.586
208.429 272.415
208.689 119.243
208.949 236.071
209.209 355.898
209.469 164.724
209.729 164.550
209.989 249.375
210.248 142.200
210.508 398.023
210.768 378.846
211.028 223.669
211.288 299.490
211.548 254.311
211.808 273.131
212.068 356.951
212.328 381.770
212.587 412.587
212.847 313.405
213.107 358.221
213.367 352.036
213.627 330.851
213.887 284.665
214.147 171.478
214.407 244.290
214.667 267.101
214.926 331.912
215.186 258.721
215.446 282.530
215.706 230.338
215.966 220.144
216.226 258.950
216.486 260.755
216.746 310.559
217.006 339.363
217.265 253.165
217.525 195.966
217.785 250.766
218.045 304.565
218.305 243.364
218.565 202.161
218.825 275.957
219.085 386.752
219.345 190.546
219.604 142.340
219.864 295.132
220.124 334.923
220.384 302.713
220.644 258.502
220.904 225.289
221.164 246.076
221.424 218.862
221.684 181.647
221.943 202.430
222.203 291.212
222.463 176.994
222.723 114.774
222.983 250.553
223.243 221.331
223.503 326.107
223.763 246.883
224.023 193.657
224.282 284.431
224.542 341.203
224.802 320.973
225.062 307.743
225.322 426.512
225.582 383.279
225.842 303.045
226.102 291.810
226.362 275.574
226.621 294.336
226.881 172.097
227.141 247.857
227.401 281.616
227.661 209.374
227.921 390.130
228.181 285.885
228.441 269.639
228.701 485.392
228.960 448.143
229.220 266.893
229.480 197.642
229.740 356.389
230.000 454.135
230.260 295.880
230.520 270.624
230.780 270.366
231.040 286.107
231.299 229.847
231.559 219.585
231.819 239.322
232.079 369.058
232.339 380.793
232.599 181.526
232.859 303.258
233.119 441.988
233.379 321.717
233.638 320.445
233.898 418.171
234.158 369.897
234.418 233.620
234.678 320.343
234.938 371.064
235.198 244.784
235.458 212.502
235.718 298.219
235.978 297.935
236.237 264.649
236.497 322.362
236.757 364.074
237.017 281.784
237.277 285.492
237.537 293.200
237.797 208.906
238.057 315.611
238.317 307.314
238.576 232.016
238.836 295.716
239.096 303.415
239.356 295.113
239.616 309.810
239.876 330.505
240.136 319.198
240.396 403.890
240.656 469.581
240.915 392.270
241.175 329.958
241.435 244.645
241.695 309.330
241.955 443.014
242.215 507.696
242.475 445.377
242.735 300.056
242.995 389.735
243.254 366.411
243.514 332.086
243.774 171.760
244.034 183.433
244.294 496.104
244.554 456.773
244.814 378.442
245.074 322.108
245.334 299.774
245.593 287.438
245.853 274.100
246.113 240.761
246.373 333.421
246.633 371.079
246.893 322.736
247.153 351.391
247.413 456.045
247.673 415.698
247.932 342.349
248.192 378.999
248.452 465.647
248.712 423.294
248.972 228.939
249.232 466.583
249.492 407.226
249.752 253.867
250.012 423.507
250.271 384.145
250.531 424.782
250.791 629.418
251.051 537.052
251.311 358.684
251.571 210.315
251.831 314.945
252.091 374.574
252.351 306.201
252.610 297.826
252.870 387.450
253.130 346.073
253.390 347.694
253.650 385.314
253.911 386.933
254.172 460.550
254.433 381.165
254.694 248.779
254.955 329.392
255.216 320.004
255.477 491.614
255.738 452.222
255.999 328.829
256.261 445.435
256.522 464.040
256.783 405.642
257.044 234.244
257.305 171.844
257.566 229.443
257.827 207.040
258.088 270.636
258.349 278.231
258.610 362.824
258.871 381.415
259.132 473.006
259.393 427.595
259.654 253.182
259.915 138.768
260.176 237.353
260.437 406.937
260.698 360.519
260.959 327.099
261.221 404.678
261.482 427.256
261.743 431.833
262.004 399.408
262.265 560.982
262.526 495.554
262.787 316.125
263.048 332.694
263.309 323.263
263.570 454.830
263.831 389.395
264.092 317.959
264.353 218.522
264.614 513.083
264.875 499.643
265.136 344.202
265.397 548.759
265.658 637.315
265.919 598.870
266.181 536.423
266.442 423.975
266.703 349.525
266.964 328.075
267.225 324.623
267.486 358.169
267.747 443.714
268.008 499.258
268.269 555.801
268.530 534.342
268.791 460.882
269.052 490.420
269.313 431.957
269.574 373.493
269.835 349.028
270.096 404.561
270.357 454.093
270.618 382.623
270.879 369.153
271.141 397.681
271.402 374.207
271.663 284.732
271.924 437.257
272.185 433.779
272.446 393.301
272.707 379.821
272.968 360.340
273.229 353.857
273.490 378.373
273.751 334.888
274.012 305.402
274.273 421.914
274.534 389.425
274.795 396.935
275.056 442.444
275.317 313.951
275.578 240.457
275.839 329.962
276.101 285.465
276.362 280.967
276.623 398.468
276.884 526.968
277.145 444.466
277.406 393.963
277.667 295.459
277.928 292.954
278.189 493.447
278.450 452.939
278.711 408.430
278.972 416.920
279.233 345.408
279.494 452.895
279.755 572.381
280.016 610.866
280.277 498.349
280.538 513.831
280.799 404.312
281.061 377.792
281.322 358.271
281.583 314.748
281.844 237.224
282.105 253.699
282.366 407.173
282.627 359.645
282.888 471.116
283.149 489.587
283.410 397.055
283.671 397.523
283.932 369.990
284.193 218.455
284.454 342.919
284.715 442.382
284.976 399.844
285.237 477.304
285.498 719.764
285.759 565.222
286.021 512.679
286.282 505.135
286.543 523.589
286.804 451.043
287.065 464.495
287.326 505.946
287.587 372.396
287.848 472.845
288.109 590.293
288.370 508.739
288.631 273.185
288.892 277.629
289.153 311.072
289.414 288.514
289.675 545.955
289.936 642.395
290.197 557.833
290.458 434.271
290.719 366.707
290.981 476.142
291.242 569.576
291.503 555.009
291.764 397.441
292.025 229.872
292.286 268.302
292.547 432.730
292.808 364.157
293.069 409.584
293.330 485.009
293.591 487.433
293.852 429.856
294.113 355.278
294.374 350.699
294.635 444.119
294.896 439.537
295.157 482.955
295.418 546.371
295.679 560.787
295.941 474.201
296.202 431.614
296.463 453.026
296.724 549.438
296.985 556.848
297.246 490.257
297.507 300.665
297.768 329.071
298.029 497.477
298.290 628.882
298.551 592.286
298.812 595.688
299.073 429.090
299.334 389.491
299.595 525.890
299.856 490.289
300.117 653.686
300.378 576.083
300.639 380.478
300.901 357.873
301.162 416.266
301.423 417.658
301.684 604.050
301.945 633.440
302.206 384.829
302.467 413.218
302.728 354.605
302.989 460.991
303.250 528.377
303.511 539.761
303.772 519.144
304.033 481.526
304.294 473.908
304.555 427.288
304.816 539.667
305.077 552.046
305.338 414.423
305.599 366.800
305.861 409.175
306.122 437.550
306.383 418.923
306.644 415.296
306.905 334.667
307.166 539.038
307.427 547.407
307.688 491.776
307.949 472.144
308.210 477.510
308.471 484.876
308.732 453.241
308.993 358.605
309.254 423.968
309.515 287.330
309.776 466.691
310.037 509.051
310.298 303.411
310.559 372.769
310.821 496.126
311.082 432.483
311.343 373.838
311.604 345.193
311.865 316.547
312.126 371.899
312.387 409.251
312.648 396.602
312.909 414.952
313.170 470.301
313.434 485.649
313.698 386.997
313.963 472.343
314.227 419.689
314.491 430.033
314.755 500.377
315.019 461.720
315.284 336.062
315.548 476.403
315.812 453.743
316.076 539.083
316.340 537.421
316.604 516.759
316.869 581.095
317.133 512.431
317.397 553.766
317.661 568.100
317.925 443.434
318.190 409.766
318.454 385.097
318.718 383.428
318.982 529.758
319.246 593.087
319.511 729.415
319.775 541.742
320.039 521.069
320.303 555.394
320.567 575.719
320.832 518.043
321.096 461.366
321.360 494.688
321.624 423.010
321.888 338.330
322.153 392.650
322.417 364.969
322.681 323.287
322.945 472.605
323.209 514.921
323.473 436.237
323.738 409.552
324.002 419.866
324.266 596.179
324.530 575.491
324.794 454.803
325.059 377.114
325.323 358.424
325.587 438.733
325.851 433.042
326.115 647.349
326.380 559.656
326.644 510.962
326.908 518.268
327.172 468.572
327.436 506.876
327.701 571.179
327.965 481.481
328.229 508.782
328.493 347.083
328.757 369.383
329.022 493.682
329.286 378.980
329.550 407.278
329.814 451.575
330.078 457.871
330.342 409.166
330.607 436.461
330.871 513.755
331.135 656.048
331.399 649.340
331.663 472.632
331.928 413.922
332.192 520.213
332.456 491.502
332.720 520.790
332.984 475.078
333.249 495.365
333.513 428.652
333.777 307.938
334.041 276.223
334.305 421.507
334.570 542.790
334.834 416.073
335.098 542.355
335.362 671.636
335.626 527.917
335.891 403.197
336.155 479.476
336.419 421.755
336.683 248.033
336.947 421.310
337.211 461.586
337.476 415.862
337.740 503.137
338.004 441.411
338.268 406.685
338.532 466.958
338.797 486.230
339.061 538.501
339.325 592.772
339.589 692.042
339.853 602.312
340.118 505.581
340.382 590.849
340.646 662.116
340.910 448.383
341.174 440.649
341.439 395.915
341.703 465.179
341.967 467.443
342.231 462.707
342.495 416.970
342.759 530.232
343.024 543.493
343.288 617.754
343.552 580.014
343.816 361.274
344.080 366.532
344.345 503.791
344.609 415.048
344.873 358.305
345.137 506.561
345.401 535.817
345.666 344.072
345.930 442.326
346.194 532.580
346.458 390.833
346.722 374.085
346.987 406.337
347.251 547.588
347.515 705.839
347.779 491.089
348.043 431.338
348.308 455.587
348.572 371.835
348.836 351.082
349.100 397.329
349.364 345.575
349.628 377.821
349.893 448.066
350.157 562.310
350.421 554.554
350.685 540.797
350.949 415.040
351.214 350.282
351.478 400.523
351.742 457.764
352.006 432.004
352.270 432.243
352.535 396.482
352.799 418.721
353.063 477.958
353.327 359.196
353.591 323.432
353.856 414.668
354.120 466.904
354.384 554.138
354.648 706.373
354.912 597.606
355.177 443.839
355.441 366.072
355.705 626.304
355.969 616.535
356.233 516.766
356.497 498.996
356.762 510.226
357.026 480.455
357.290 478.684
357.554 489.912
357.818 521.139
358.083 506.366
358.347 511.592
358.611 502.818
358.875 517.043
359.139 551.268
359.404 427.492
359.668 498.715
359.932 634.938
360.196 608.161
360.460 479.383
360.725 475.604
360.989 550.825
361.253 680.045
361.517 593.265
361.781 619.484
362.046 623.703
362.310 621.921
362.574 564.139
362.838 473.356
363.102 519.572
363.366 546.788
363.631 442.004
363.895 490.219
364.159 612.433
364.423 584.647
364.687 601.860
364.952 632.073
365.216 664.286
365.480 569.498
365.747 420.709
366.013 463.920
366.280 460.130
366.546 546.340
366.813 527.549
367.079 551.758
367.346 611.966
367.612 595.174
367.879 633.381
368.145 686.588
368.412 523.794
368.678 439.000
368.945 511.205
369.211 447.410
369.478 515.614
369.744 494.818
370.011 521.021
370.278 494.224
370.544 473.427
370.811 533.628
371.077 502.830
371.344 467.031
371.610 507.231
371.877 497.431
372.143 523.630
372.410 596.829
372.676 642.028
372.943 639.226
373.209 618.423
373.476 482.620
373.742 343.817
374.009 522.013
374.276 558.209
374.542 555.404
374.809 525.599
375.075 416.793
375.342 349.987
375.608 336.180
375.875 396.373
376.141 597.565
376.408 559.757
376.674 526.949
376.941 446.140
377.207 474.330
377.474 875.520
377.740 754.710
378.007 406.899
378.273 526.088
378.540 673.276
378.807 485.464
379.073 407.651
379.340 444.838
379.606 493.025
379.873 491.211
380.139 509.397
380.406 592.582
380.672 551.767
380.939 488.951
381.205 441.135
381.472 354.318
381.738 325.501
382.005 483.684
382.271 510.866
382.538 507.048
382.804 669.229
383.071 612.410
383.338 551.591
383.604 582.771
383.871 617.950
384.137 580.130
384.404 520.308
384.670 486.487
384.937 436.665
385.203 523.842
385.470 522.019
385.736 553.196
386.003 518.372
386.269 456.548
386.536 465.724
386.802 489.899
387.069 521.073
387.336 730.247
387.602 700.421
387.869 452.595
388.135 443.768
388.402 401.940
388.668 477.112
388.935 555.284
389.201 675.456
389.468 633.627
389.734 638.797
390.001 578.968
390.267 457.137
390.534 590.307
390.800 618.476
391.067 639.644
391.333 606.813
391.600 459.981
391.867 488.148
392.133 574.315
392.400 467.482
392.666 362.648
392.933 566.814
393.199 656.980
393.466 505.145
393.732 478.309
393.999 573.474
394.265 534.638
394.532 466.802
394.798 525.965
395.065 498.128
395.331 554.290
395.598 594.452
395.864 563.614
396.131 646.776
396.398 630.937
396.664 673.097
396.931 723.258
397.197 832.417
397.464 754.577
397.730 918.736
397.997 976.895
398.263 941.053
398.530 998.212
398.796 1157.369
399.063 1189.527
399.329 1094.684
399.596 1160.840
399.862 1128.997
400.129 1250.153
400.396 1274.308
400.662 1013.464
400.929 981.618
401.195 926.773
401.462 1007.927
401.728 1101.081
401.995 1062.234
402.261 957.388
402.528 949.540
402.794 1036.693
403.061 1186.845
403.327 1407.997
403.594 1273.148
403.860 1143.299
404.127 1161.450
404.393 1319.600
404.660 1302.750
404.931 1313.900
405.202 1337.049
405.473 1235.198
405.745 1377.347
406.016 1604.495
406.287 1485.644
406.558 1342.791
406.829 1448.939
407.100 1395.086
407.371 1617.232
407.642 1671.379
407.914 1477.525
408.185 1350.670
408.456 1389.816
408.727 1530.961
408.998 1518.106
409.269 1656.250
409.540 1648.394
409.811 1412.538
410.083 1450.681
410.354 1400.825
410.625 1297.967
410.896 1388.110
411.167 1549.252
411.438 1586.394
411.709 1351.535
411.981 1506.677
412.252 1291.818
412.523 1134.958
412.794 1325.098
413.065 1331.238
413.336 1102.378
413.607 1118.517
413.878 1148.656
414.150 1031.795
414.421 832.934
414.692 754.072
414.963 778.210
415.234 923.347
415.505 931.484
415.776 980.621
416.047 935.758
416.319 909.894
416.590 755.030
416.861 514.166
417.132 730.301
417.403 731.436
417.674 653.571
417.945 558.706
418.217 538.840
418.488 701.974
418.759 602.107
419.030 500.241
419.301 517.374
419.572 575.506
419.843 583.639
420.114 526.771
420.386 513.903
420.657 689.035
420.928 594.166
421.199 507.297
421.470 467.428
421.741 436.558
422.012 427.688
422.283 477.818
422.555 467.948
422.826 503.077
423.097 679.206
423.368 638.335
423.639 473.463
423.910 570.591
424.181 533.719
424.453 441.847
424.724 720.974
424.995 770.101
425.266 562.228
425.537 471.355
425.808 650.481
426.079 664.607
426.350 586.733
426.622 533.858
426.893 658.983
427.164 575.108
427.435 452.233
427.706 481.357
427.977 482.481
428.248 450.605
428.519 550.729
428.791 469.852
429.062 563.975
429.333 463.098
429.604 379.220
429.875 526.342
430.146 651.464
430.417 597.586
430.689 521.707
430.960 412.829
431.231 448.949
431.502 685.070
431.773 716.191
432.044 585.311
432.315 730.431
432.586 699.550
432.858 611.670
433.129 465.789
433.400 520.908
433.671 602.026
433.942 534.145
434.213 437.263
434.484 484.381
434.755 585.498
435.027 433.615
435.298 536.733
435.569 651.849
435.840 513.966
436.116 500.082
436.391 545.199
436.667 551.314
436.942 603.430
437.218 638.545
437.493 666.661
437.769 714.775
438.045 566.890
438.320 560.004
438.596 593.119
438.871 532.233
439.147 522.346
439.422 437.460
439.698 385.573
439.974 422.686
440.249 566.799
440.525 600.911
440.800 374.023
441.076 514.135
441.351 695.247
441.627 719.359
441.903 671.470
442.178 506.581
442.454 486.692
442.729 668.803
443.005 527.913
443.281 647.023
443.556 795.133
443.832 653.243
444.107 510.352
444.383 544.461
444.658 611.570
444.934 441.679
445.210 586.788
445.485 696.896
445.761 693.004
446.036 657.112
446.312 645.220
446.587 621.327
446.863 479.434
447.139 498.541
447.414 538.648
447.690 624.755
447.965 617.861
448.241 489.967
448.516 520.073
448.792 543.178
449.068 526.284
449.343 588.389
449.619 481.494
449.894 484.599
450.170 516.703
450.445 675.808
450.721 655.912
450.997 420.016
451.272 566.120
451.548 508.223
451.823 465.326
452.099 525.429
452.375 427.532
452.650 423.635
452.926 570.737
453.201 582.840
453.477 723.942
453.752 625.043
454.028 490.145
454.304 597.246
454.579 668.348
454.855 564.449
455.130 582.549
455.406 694.650
455.681 650.750
455.957 579.850
456.233 538.950
456.508 534.050
456.784 549.150
457.059 537.249
457.335 709.348
457.610 659.447
457.886 587.546
458.162 498.644
458.437 467.743
458.713 587.841
458.988 588.939
459.264 619.036
459.539 665.134
459.815 574.231
460.091 500.328
460.366 511.425
460.642 491.522
460.917 547.619
461.193 601.715
461.468 529.811
461.744 460.907
462.020 452.003
462.295 572.099
462.571 553.194
462.846 583.289
463.122 672.384
463.397 684.479
463.673 571.003
463.949 555.113
464.224 517.245
464.500 544.312
464.775 538.950
465.051 527.988
465.327 516.621
465.602 695.839
465.878 708.615
466.153 487.442
466.429 692.817
466.704 876.848
466.980 803.694
467.256 772.787
467.531 810.689
467.807 806.584
468.082 836.735
468.358 771.925
468.633 830.567
468.909 755.357
469.185 665.756
469.460 835.531
469.736 847.541
470.011 665.356
470.287 736.206
470.562 826.491
470.838 660.917
471.114 798.038
471.389 740.553
471.665 685.780
471.940 799.925
472.216 824.307
472.491 671.230
472.767 664.901
473.043 760.325
473.318 885.161
473.594 764.082
473.869 736.465
474.145 660.257
474.421 603.378
474.696 664.504
474.972 584.822
475.247 630.359
475.523 753.023
475.798 741.647
476.074 710.430
476.350 707.463
476.625 660.361
476.901 692.049
477.176 670.047
477.452 569.758
477.727 553.568
478.003 404.718
478.279 638.545
478.554 762.615
478.830 728.889
479.105 713.282
479.381 647.735
479.656 556.543
479.932 588.486
480.208 689.190
480.483 669.367
480.759 690.685
481.034 606.233
481.310 612.378
481.585 664.655
481.861 649.617
482.137 545.320
482.412 629.362
482.688 690.430
482.963 751.004
483.239 782.398
483.514 551.017
483.790 628.997
484.066 849.230
484.341 736.687
484.617 657.270
484.892 723.705
485.168 668.064
485.443 558.137
485.719 582.074
485.995 699.054
486.270 719.254
486.546 649.662
486.821 542.916
487.097 504.411
487.373 550.343
487.648 713.708
487.924 724.884
488.199 516.981
488.475 396.234
488.750 439.652
489.026 525.539
489.302 538.374
489.577 568.315
489.853 568.815
490.128 676.629
490.404 651.582
490.679 517.607
490.955 724.411
491.231 807.576
491.506 757.562
491.782 662.395
492.057 611.921
492.333 709.844
492.608 582.717
492.884 571.051
493.160 484.042
493.435 543.890
493.711 684.161
493.986 660.059
494.262 583.330
494.537 586.346
494.813 662.560
495.089 504.149
495.364 534.676
495.640 611.371
495.915 606.533
496.191 742.643
496.467 695.173
496.742 667.661
497.018 721.373
497.293 580.281
497.569 652.075
497.844 607.895
498.120 674.305
498.396 672.740
498.671 593.045
498.947 673.555
499.222 632.548
499.498 612.355
499.773 731.831
500.049 733.363
500.325 634.368
500.600 692.709
500.876 640.423
501.151 740.075
501.427 773.019
501.702 832.161
501.978 802.082
502.254 846.067
502.529 702.431
502.805 820.028
503.080 921.734
503.356 802.655
503.631 778.286
503.907 808.273
504.183 760.775
504.458 811.454
504.734 774.305
505.009 842.121
505.285 794.462
505.560 787.664
505.836 752.095
506.112 764.312
506.387 676.326
506.663 642.346
506.938 661.628
507.214 704.166
507.490 767.161
507.765 751.321
508.041 744.327
508.316 813.015
508.592 697.650
508.867 724.181
509.143 832.065
509.419 743.692
509.694 603.853
509.970 607.934
510.245 602.781
510.521 738.247
510.796 622.692
511.072 556.826
511.348 628.565
511.623 668.513
511.899 630.801
512.174 738.484
512.450 778.493
512.725 745.822
513.001 607.389
513.277 512.794
513.552 667.973
513.828 669.680
514.103 647.411
514.379 727.997
514.654 602.614
514.930 614.265
515.206 891.450
515.481 771.790
515.757 548.991
516.032 516.228
516.308 622.706
516.583 691.431
516.859 621.988
517.135 627.894
517.410 686.990
517.686 692.884
517.961 651.159
518.237 610.191
518.513 522.916
518.788 723.633
519.064 755.117
519.339 639.000
519.615 545.782
519.890 552.067
520.166 598.803
520.442 750.358
520.717 789.880
520.993 776.252
521.268 623.496
521.544 606.233
521.819 545.571
522.095 597.891
522.371 771.875
522.646 756.595
522.922 833.517
523.197 779.937
523.473 836.667
523.748 747.732
524.024 681.763
524.300 681.822
524.575 651.260
524.851 714.477
525.126 758.786
525.402 791.151
525.677 847.669
525.953 770.436
526.229 716.957
526.504 628.707
526.780 775.392
527.055 770.451
527.331 790.605
527.606 829.735
527.882 788.808
528.158 672.763
528.433 836.301
528.709 801.810
528.984 783.634
529.260 778.468
529.535 802.754
529.811 651.996
530.087 579.199
530.362 649.179
530.638 730.421
530.913 820.604
531.189 800.219
531.465 664.176
531.740 654.247
532.016 742.944
532.291 719.791
532.567 748.375
532.842 760.060
533.118 763.764
533.394 846.116
533.669 712.605
533.945 609.549
534.220 609.606
534.496 741.707
534.771 661.590
535.047 700.341
535.323 707.918
535.598 731.674
535.874 812.523
536.149 752.768
536.425 598.962
536.700 542.267
536.976 628.680
537.252 733.377
537.527 643.780
537.803 652.677
538.078 761.537
538.354 849.105
538.629 790.941
538.905 871.706
539.181 932.653
539.456 848.882
539.732 1004.761
540.007 1052.201
540.283 899.146
540.558 844.019
540.834 896.189
541.110 898.122
541.385 868.475
541.661 991.302
541.936 1095.412
542.212 984.466
542.488 1006.325
542.763 1122.336
543.039 1172.116
543.314 1132.488
543.590 1023.439
543.865 1053.285
544.141 1139.734
544.417 1179.511
544.692 1060.399
544.968 1238.209
545.243 1151.025
545.519 958.278
545.794 1031.849
546.070 1138.265
546.348 1061.839
546.627 894.833
546.905 1022.146
547.183 1030.100
547.461 1071.861
547.740 1107.664
548.018 997.486
548.296 956.827
548.575 841.686
548.853 775.205
549.131 783.202
549.409 855.891
549.688 991.856
549.966 977.028
550.244 1062.398
550.523 987.066
550.801 969.309
551.079 1087.097
551.357 1141.550
551.636 1095.019
551.914 1067.270
552.192 996.316
552.471 1124.695
552.749 1198.392
553.027 1105.729
553.306 1169.589
553.584 1311.233
553.862 1217.658
554.140 1278.612
554.419 1290.577
554.697 1402.282
554.975 1435.207
555.254 1349.788
555.532 1184.457
555.810 1320.912
556.088 1451.788
556.367 1275.596
556.645 1217.012
556.923 1285.154
557.202 1225.646
557.480 1299.262
557.758 1243.735
558.036 1127.392
558.315 1074.919
558.593 1216.303
558.871 1195.055
559.150 1126.127
559.428 1156.942
559.706 1072.117
559.984 1085.609
560.263 1255.295
560.541 1198.066
560.819 1116.416
561.098 1107.586
561.376 1097.057
561.654 974.989
561.932 856.629
562.211 948.210
562.489 979.958
562.767 864.861
563.046 718.764
563.324 683.573
563.602 707.331
563.880 667.351
564.159 759.528
564.437 823.085
564.715 679.007
564.994 580.205
565.272 691.576
565.550 619.051
565.828 552.513
566.107 634.484
566.385 615.576
566.663 549.772
566.942 547.464
567.220 614.753
567.498 762.505
567.776 614.474
568.055 542.404
568.333 649.181
568.611 679.379
568.890 596.573
569.168 525.376
569.446 600.325
569.725 630.322
570.003 508.628
570.281 468.547
570.559 597.219
570.838 633.660
571.116 618.815
571.394 647.930
571.673 672.852
571.951 638.599
572.229 590.100
572.507 609.183
572.786 655.540
573.064 601.696
573.342 537.476
573.621 525.886
573.899 601.053
574.177 797.974
574.455 672.699
574.734 521.738
575.012 650.941
575.290 628.117
575.569 667.013
575.847 714.817
576.125 685.420
576.403 513.250
576.682 558.047
576.960 663.624
577.243 719.118
577.527 626.275
577.810 496.269
578.093 566.823
578.377 571.940
578.660 566.055
578.944 576.968
579.227 591.026
579.510 606.522
579.794 556.573
580.077 541.199
580.360 561.621
580.644 546.333
580.927 507.159
581.210 580.761
581.494 575.986
581.777 626.202
582.061 528.264
582.344 520.858
582.627 513.923
582.911 548.861
583.194 524.502
583.477 615.364
583.761 654.329
584.044 691.299
584.327 631.093
584.611 545.222
584.894 597.213
585.178 532.321
585.461 559.337
585.744 665.274
586.028 565.982
586.311 571.025
586.594 646.067
586.878 577.110
587.161 523.152
587.444 624.195
587.728 630.237
588.011 647.280
588.295 508.322
588.578 570.793
588.861 718.687
589.145 608.448
589.428 563.053
589.711 487.532
589.995 488.086
590.278 696.919
590.562 619.657
590.845 552.147
591.128 794.152
591.412 726.329
591.695 610.213
591.978 675.514
592.262 679.227
592.545 478.512
592.828 623.741
593.112 550.378
593.395 493.590
593.679 491.147
593.962 627.642
594.245 631.038
594.529 518.641
594.812 421.744
595.095 447.080
595.379 668.675
595.662 739.957
595.945 620.096
596.229 497.497
596.512 482.691
596.796 560.513
597.079 653.067
597.362 795.681
597.646 763.282
597.929 590.226
598.212 627.231
598.496 642.093
598.779 728.369
599.062 744.203
599.346 602.090
599.629 563.074
599.913 559.602
600.196 595.109
600.479 635.901
600.763 625.729
601.046 491.794
601.329 531.686
601.613 627.564
601.896 596.137
602.179 698.734
602.463 646.709
602.746 649.694
603.030 738.141
603.313 667.779
603.596 519.632
603.880 570.141
604.163 585.865
604.446 555.946
604.730 509.951
605.013 584.832
605.296 692.200
605.580 591.356
605.863 613.921
606.147 509.159
606.430 533.682
606.713 648.657
606.997 570.975
607.280 729.945
607.563 655.618
607.847 642.307
608.130 683.759
608.414 629.310
608.697 576.510
608.980 583.967
609.264 720.851
609.547 643.786
609.830 611.502
610.114 621.333
610.397 607.657
610.680 623.733
610.964 671.071
611.247 674.049
611.531 534.413
611.814 434.351
612.097 467.754
612.381 632.037
612.664 723.960
612.947 614.084
613.231 567.015
613.514 566.626
613.797 646.230
614.081 614.831
614.364 594.239
614.648 590.345
614.931 527.513
615.214 482.362
615.498 532.036
615.781 569.013
616.064 518.852
616.348 659.635
616.631 719.434
616.914 738.446
617.198 654.480
617.481 584.565
617.765 608.846
618.048 688.455
618.331 642.094
618.615 603.238
618.898 724.815
619.181 729.791
619.465 646.472
619.748 505.063
620.031 485.797
620.315 521.001
620.598 576.116
620.882 630.348
621.165 836.775
621.448 773.192
621.732 685.439
622.015 602.887
622.298 556.268
622.582 629.712
622.865 638.368
623.148 564.477
623.432 629.706
623.715 589.701
623.999 766.445
624.282 733.113
624.565 799.009
624.849 647.132
625.132 512.383
625.415 785.603
625.699 837.894
625.982 655.285
626.265 618.222
626.549 608.541
626.832 744.939
627.116 739.923
627.399 575.311
627.682 568.137
627.966 566.592
628.249 617.364
628.532 534.366
628.816 685.785
629.099 588.940
629.383 589.385
629.666 591.238
629.949 555.640
630.233 537.670
630.516 651.070
630.799 713.119
631.083 605.520
631.366 551.211
631.649 492.219
631.933 412.436
632.216 599.152
632.500 639.887
632.783 661.356
633.066 614.564
633.350 615.713
633.633 697.197
633.916 638.778
634.200 570.817
634.483 615.320
634.766 673.761
635.050 584.248
635.333 490.478
635.617 492.427
635.900 621.382
636.183 681.732
636.467 612.120
636.750 599.675
637.033 614.800
637.317 648.843
637.600 605.031
637.883 517.169
638.167 478.253
638.450 517.649
638.734 503.634
639.017 547.672
639.300 588.901
639.584 520.091
639.867 719.373
640.150 666.082
640.434 681.079
640.717 677.668
641.000 586.109
641.284 609.503
641.567 541.815
641.851 611.795
642.134 748.610
642.417 732.986
642.701 772.990
642.984 842.391
643.267 748.492
643.551 571.555
643.834 489.646
644.117 563.187
644.401 555.309
644.684 605.947
644.968 733.875
645.251 696.630
645.534 548.442
645.818 500.628
646.101 599.719
646.384 640.124
646.668 641.092
646.951 581.966
647.235 587.241
647.518 528.999
647.801 639.930
648.085 714.475
648.368 676.642
648.651 562.009
648.935 608.294
649.218 753.332
649.501 690.922
649.785 622.504
650.068 751.065
650.352 802.795
650.635 786.569
650.918 747.606
651.202 854.127
651.485 945.185
651.768 909.040
652.052 795.367
652.335 801.691
652.618 834.991
652.902 880.451
653.185 1029.288
653.469 919.392
653.752 964.685
654.035 1086.941
654.319 1252.509
654.602 1226.180
654.885 1136.632
655.169 1187.296
655.452 1197.537
655.735 1244.789
656.019 1232.662
656.302 1159.985
656.586 1234.112
656.869 1373.844
657.152 1369.612
657.436 1276.284
657.719 1389.267
658.002 1449.002
658.286 1369.687
658.569 1235.075
658.852 1174.314
659.136 1298.555
659.419 1293.508
659.703 1209.274
659.986 1305.750
660.269 1302.332
660.553 1124.208
660.836 1162.855
661.119 1293.982
661.403 1225.364
661.686 1087.829
661.969 1034.958
662.253 990.236
662.536 974.005
662.820 1078.549
663.103 1052.209
663.386 1069.479
663.670 1038.067
663.953 881.136
664.236 948.927
664.520 908.429
664.803 863.878
665.086 835.704
665.370 937.896
665.653 1032.150
665.937 1037.282
666.220 935.890
666.503 942.003
666.787 920.734
667.070 901.292
667.353 931.808
667.637 792.015
667.920 888.392
668.204 844.336
668.487 844.364
668.770 1029.570
669.054 834.078
669.337 798.259
669.620 819.694
669.904 862.675
670.187 918.629
670.470 952.247
670.754 864.520
671.037 735.436
671.321 694.876
671.604 860.236
671.887 869.333
672.171 823.301
672.454 847.027
672.737 831.373
673.021 789.176
673.304 763.320
673.587 873.204
673.871 823.588
674.154 741.842
674.438 772.437
674.721 787.881
675.004 776.373
675.288 790.804
675.571 742.212
675.854 633.074
676.138 597.672
676.421 568.388
676.704 562.804
676.988 677.834
677.271 860.380
677.555 795.113
677.838 661.738
678.121 645.585
678.405 667.653
678.688 740.144
678.971 536.313
679.255 684.680
679.538 790.517
679.821 769.797
680.105 704.164
680.388 627.348
680.672 630.106
680.955 623.896
681.238 599.599
681.522 644.740
681.805 666.596
682.088 702.387
682.372 787.610
682.655 708.083
682.938 789.529
683.222 807.302
683.505 673.376
683.789 724.604
684.072 675.519
684.355 731.208
684.639 742.717
684.922 654.017
685.205 635.255
685.489 702.087
685.772 745.689
686.056 728.713
686.339 755.937
686.622 614.510
686.906 599.923
687.189 723.122
687.472 828.577
687.756 700.523
688.039 586.458
688.322 547.862
688.606 809.892
688.889 802.611
689.173 633.535
689.456 696.192
689.739 693.086
690.023 667.363
690.306 635.064
690.589 590.678
690.873 632.753
691.156 704.579
691.439 631.764
691.723 553.746
692.006 618.932
692.290 621.829
692.573 702.206
692.856 733.936
693.140 742.252
693.423 694.925
693.706 598.261
693.990 572.230
694.273 586.127
694.556 787.817
694.840 834.974
695.123 705.004
695.407 710.493
695.690 584.441
695.973 572.697
696.257 694.686
696.540 839.058
696.830 709.752
697.120 671.750
697.410 691.619
697.699 665.293
697.989 851.111
698.279 741.240
698.569 604.234
698.859 690.324
699.149 724.724
699.439 648.421
699.729 609.008
700.018 586.583
700.308 649.210
700.598 568.704
700.888 537.523
701.178 719.742
701.468 657.170
701.758 535.961
702.048 633.350
702.337 605.703
702.627 734.676
702.917 677.182
703.207 598.299
703.497 657.076
703.787 541.866
704.077 591.731
704.366 693.980
704.656 570.940
704.946 559.250
705.236 527.746
705.526 678.939
705.816 793.732
706.106 551.688
706.396 536.221
706.685 557.486
706.975 565.453
707.265 496.962
707.555 706.512
707.845 693.241
708.135 565.415
708.425 481.745
708.715 523.787
709.004 723.885
709.294 694.263
709.584 648.538
709.874 697.870
710.164 684.085
710.454 643.958
710.744 619.652
711.034 666.401
711.323 675.938
711.613 609.031
711.903 700.883
712.193 767.768
712.483 594.732
712.773 586.888
713.063 594.590
713.352 614.015
713.642 612.837
713.932 703.370
714.222 727.338
714.512 642.995
714.802 615.330
715.092 658.956
715.382 584.202
715.671 562.826
715.961 615.712
716.251 551.186
716.541 575.701
716.831 634.784
717.121 543.813
717.411 624.133
717.701 704.537
717.990 640.443
718.280 543.730
718.570 486.444
718.860 509.855
719.150 500.812
719.440 498.446
719.730 509.449
720.019 729.404
720.309 671.860
720.599 606.933
720.889 543.043
721.179 612.920
721.469 640.348
721.759 548.940
722.049 616.075
722.338 516.383
722.628 628.827
722.918 680.068
723.208 698.704
723.498 566.993
723.788 617.608
724.078 787.984
724.368 723.951
724.657 618.264
724.947 642.989
725.237 694.788
725.527 710.253
725.817 624.728
726.107 535.652
726.397 493.119
726.686 438.981
726.976 503.798
727.266 607.300
727.556 564.767
727.846 679.564
728.136 691.500
728.426 572.705
728.716 504.896
729.005 633.792
729.295 536.913
729.585 430.208
729.875 473.968
730.165 603.449
730.455 631.597
730.745 602.133
731.035 588.561
731.324 684.084
731.614 674.038
731.904 561.982
732.194 587.270
732.484 580.079
732.774 590.799
733.064 586.928
733.354 444.924
733.643 551.612
733.933 584.233
734.223 522.849
734.513 667.119
734.803 724.375
735.093 593.663
735.383 545.434
735.672 656.782
735.962 726.580
736.252 509.858
736.542 548.095
736.832 565.745
737.122 476.123
737.412 534.966
737.702 698.415
737.991 678.808
738.281 623.132
738.571 594.052
738.861 566.698
739.151 578.529
739.441 654.676
739.731 557.350
740.021 585.069
740.310 659.630
740.600 723.479
740.890 558.526
741.180 539.905
741.470 562.629
741.760 680.122
742.050 816.370
742.339 709.201
742.629 597.450
742.919 734.957
743.209 523.776
743.499 496.618
743.789 568.416
744.079 580.316
744.369 577.783
744.658 568.046
744.948 419.978
745.238 582.951
745.528 607.747
745.818 734.361
746.108 673.864
746.398 670.581
746.688 668.614
746.977 784.819
747.267 610.062
747.557 671.324
747.847 714.086
748.137 601.383
748.427 597.422
748.717 507.398
749.006 398.455
749.296 514.409
749.586 602.473
749.876 680.781
750.166 581.198
750.456 595.755
750.746 568.424
751.036 517.545
751.325 703.192
751.615 648.969
751.905 649.987
752.195 652.655
752.485 565.674
752.775 625.318
753.065 526.238
753.355 656.387
753.644 662.411
753.934 581.092
754.224 618.642
754.514 741.772
754.804 531.418
755.094 418.096
755.384 485.317
755.674 578.615
755.963 688.965
756.253 646.502
756.543 686.996
756.833 713.521
757.123 702.783
757.413 616.070
757.703 576.893
757.992 512.590
758.282 604.463
758.572 593.028
758.862 514.655
759.152 585.025
759.442 586.464
759.732 680.539
760.022 770.004
760.311 628.946
760.601 491.138
760.891 679.285
761.181 678.620
761.471 626.001
761.761 517.888
762.051 506.829
762.341 692.454
762.630 731.437
762.920 617.659
763.210 625.356
763.500 662.005
763.793 571.389
764.086 623.773
764.379 606.061
764.671 708.695
764.964 582.958
765.257 588.006
765.550 650.701
765.843 552.937
766.136 624.528
766.429 535.836
766.722 576.603
767.014 539.823
767.307 456.800
767.600 492.064
767.893 549.029
768.186 522.838
768.479 582.331
768.772 655.937
769.064 649.907
769.357 605.967
769.650 596.515
769.943 742.961
770.236 656.372
770.529 575.398
770.822 596.585
771.115 643.981
771.407 782.893
771.700 788.965
771.993 751.395
772.286 654.792
772.579 721.689
772.872 615.860
773.165 551.361
773.457 630.008
773.750 631.670
774.043 520.688
774.336 566.686
774.629 602.859
774.922 574.221
775.215 568.184
775.508 609.353
775.800 548.395
776.093 621.472
776.386 645.008
776.679 575.182
776.972 624.544
777.265 831.006
777.558 861.374
777.850 706.757
778.143 660.543
778.436 639.091
778.729 641.481
779.022 692.754
779.315 584.228
779.608 488.768
779.900 498.835
780.193 530.007
780.486 531.500
780.779 576.119
781.072 496.400
781.365 591.198
781.658 611.888
781.951 542.628
782.243 601.677
782.536 677.199
782.829 631.031
783.122 622.012
783.415 655.507
783.708 653.517
784.001 657.546
784.293 687.652
784.586 773.152
784.879 779.181
785.172 625.264
785.465 549.755
785.758 595.863
786.051 652.994
786.344 718.704
786.636 820.541
786.929 641.378
787.222 624.627
787.515 594.364
787.808 588.197
788.101 571.230
788.394 709.109
788.686 779.055
788.979 733.850
789.272 676.190
789.565 623.635
789.858 536.825
790.151 496.418
790.444 508.422
790.737 545.946
791.029 541.879
791.322 619.739
791.615 599.197
791.908 652.358
792.201 626.773
792.494 563.352
792.787 659.420
793.079 754.810
793.372 655.468
793.665 728.919
793.958 600.321
794.251 607.315
794.544 754.137
794.837 822.701
795.130 687.123
795.422 679.163
795.715 691.143
796.008 686.858
796.301 662.597
796.594 639.704
796.887 696.493
797.180 723.125
797.472 585.553
797.765 473.904
798.058 547.152
798.351 563.666
798.644 530.780
798.937 511.852
799.230 569.127
799.523 937.606
799.815 841.908
800.108 532.851
800.401 501.959
800.694 601.278
800.987 558.819
801.280 654.856
801.573 723.802
801.865 741.800
802.158 639.278
802.451 526.519
802.744 548.491
803.037 577.448
803.330 596.022
803.623 688.257
803.915 684.280
804.208 549.114
804.501 647.326
804.794 706.400
805.087 602.709
805.380 506.738
805.673 512.251
805.966 620.375
806.258 563.897
806.551 628.298
806.844 648.393
807.137 714.386
807.430 573.122
807.723 559.081
808.016 756.887
808.308 788.606
808.601 581.214
808.894 508.958
809.187 569.908
809.480 582.428
809.773 583.868
810.066 648.857
810.359 698.870
810.651 694.241
810.944 481.863
811.237 455.119
811.530 630.714
811.825 585.911
812.119 494.518
812.414 480.405
812.709 570.804
813.003 600.315
813.298 600.734
813.593 633.374
813.887 579.104
814.182 884.553
814.476 809.324
814.771 764.669
815.066 680.786
815.360 540.882
815.655 503.295
815.950 558.755
816.244 601.497
816.539 645.551
816.834 638.430
817.128 677.872
817.423 740.396
817.718 889.922
818.012 684.469
818.307 467.594
818.602 572.117
818.896 675.976
819.191 630.437
819.486 580.257
819.780 703.855
820.075 889.017
820.369 835.028
820.664 652.677
820.959 751.036
821.253 748.720
821.548 668.942
821.843 717.075
822.137 708.479
822.432 647.470
822.727 588.723
823.021 556.993
823.316 713.285
823.611 777.621
823.905 654.399
824.200 524.901
824.495 641.002
824.789 671.608
825.084 708.849
825.379 669.527
825.673 675.529
825.968 689.672
826.262 653.341
826.557 684.131
826.852 705.713
827.146 706.789
827.441 682.725
827.736 739.727
828.030 626.819
828.325 472.241
828.620 699.432
828.914 808.585
829.209 659.843
829.504 831.289
829.798 793.566
830.093 604.581
830.388 534.828
830.682 497.319
830.977 705.236
831.271 760.492
831.566 593.098
831.861 592.918
832.155 587.348
832.450 692.591
832.745 810.367
833.039 682.497
833.334 535.873
833.629 627.131
833.923 618.293
834.218 573.994
834.513 559.697
834.807 543.520
835.102 506.605
835.397 523.374
835.691 529.195
835.986 550.299
836.281 489.930
836.575 466.958
836.870 494.380
837.164 564.280
837.459 529.562
837.754 555.942
838.048 539.431
838.343 528.219
838.638 569.504
838.932 650.579
839.227 613.377
839.522 625.733
839.816 592.821
840.111 643.391
840.406 629.924
840.700 679.533
840.995 827.009
841.290 876.858
841.584 702.312
841.879 738.359
842.174 671.322
842.468 622.253
842.763 539.884
843.057 658.754
843.352 679.634
843.647 653.364
843.941 621.034
844.236 631.574
844.531 660.421
844.825 674.973
845.120 727.347
845.415 797.824
845.709 720.840
846.004 808.289
846.299 644.716
846.593 789.113
846.888 785.929
847.183 647.919
847.477 558.371
847.772 617.173
848.066 659.934
848.361 668.286
848.656 686.166
848.950 646.606
849.245 729.741
849.540 697.719
849.834 846.299
850.129 812.880
850.424 674.907
850.718 664.204
851.013 767.666
851.308 680.692
851.602 680.706
851.897 803.116
852.192 902.320
852.486 754.791
852.781 676.914
853.076 799.494
853.370 771.134
853.665 803.185
853.959 823.055
854.254 719.508
854.549 903.213
854.843 757.441
855.138 638.374
855.433 728.265
855.727 839.447
856.022 650.942
856.317 602.817
856.611 658.906
856.906 630.887
857.201 732.212
857.495 876.001
857.790 907.439
858.085 823.129
858.379 740.491
858.674 597.330
858.969 544.575
859.263 615.712
859.558 654.440
859.852 587.081
860.147 683.395
860.442 763.135
860.736 588.541
861.031 752.761
861.326 775.819
861.620 627.095
861.915 721.560
862.210 780.409
862.504 655.625
862.799 729.601
863.094 797.211
863.388 681.943
863.683 647.298
863.978 559.509
864.272 508.870
864.567 599.621
864.861 600.472
865.156 494.747
865.451 452.107
865.745 666.825
866.040 765.220
866.335 767.776
866.629 791.690
866.924 596.446
867.219 568.625
867.513 764.615
867.808 721.842
868.103 640.914
868.397 661.532
868.692 672.329
868.987 581.855
869.281 567.467
869.576 674.991
869.871 745.399
870.165 596.875
870.460 508.642
870.754 581.202
871.049 512.600
871.344 596.745
871.638 656.194
871.933 569.198
872.228 609.988
872.522 586.208
872.817 673.944
873.112 928.359
873.406 775.409
873.701 775.420
873.996 713.552
874.290 592.246
874.585 574.603
874.880 665.230
875.174 603.350
875.469 576.692
875.764 600.277
876.058 569.816
876.353 482.640
876.647 423.556
876.942 497.057
877.237 576.024
877.531 598.241
877.826 613.888
878.121 556.064
878.415 543.201
878.710 547.351
879.005 687.159
879.299 627.734
879.594 587.052
879.889 432.376
880.183 410.000
880.478 500.534
880.773 521.085
881.067 572.315
881.362 574.981
881.656 482.036
881.951 534.377
882.246 479.353
882.540 542.996
882.835 578.274
883.130 554.796
883.424 538.630
883.719 467.272
884.014 581.774
884.308 566.683
884.603 478.864
884.898 537.355
885.192 630.760
885.487 606.380
885.782 519.166
886.076 618.062
886.371 567.591
886.666 417.316
886.960 471.611
887.255 493.581
887.549 452.494
887.844 652.682
888.139 728.487
888.433 656.027
888.728 526.985
889.023 519.002
889.317 582.808
889.612 467.155
889.907 527.813
890.201 604.814
890.496 625.509
890.791 593.164
891.085 547.637
891.380 550.295
891.675 570.225
891.969 569.351
892.264 470.940
892.559 510.165
892.853 650.078
893.148 549.470
893.442 506.220
893.737 586.041
894.032 501.834
894.326 435.764
894.621 501.853
894.916 414.122
895.210 455.176
895.505 554.449
895.800 501.898
896.094 425.117
896.389 471.905
896.684 563.321
896.978 542.533
897.273 467.463
897.568 582.784
897.862 606.297
898.157 557.677
898.451 651.985
898.746 655.534
899.041 717.240
899.335 630.447
899.630 540.590
899.925 584.408
900.219 644.647
900.514 688.392
900.809 544.331
901.103 402.166
901.398 586.900
901.693 529.706
901.987 507.906
902.282 600.072
902.577 505.702
902.871 442.872
903.166 571.733
903.461 666.896
903.755 622.818
904.050 580.595
904.344 452.383
904.639 474.408
904.934 553.838
905.228 538.656
905.523 483.315
905.818 526.132
906.112 636.051
906.407 599.303
906.702 521.734
906.996 574.569
907.291 564.481
907.586 527.236
907.880 661.289
908.175 600.990
908.470 609.182
908.764 659.500
909.059 688.634
909.354 601.397
909.648 454.010
909.943 485.069
910.237 660.715
910.532 692.183
910.827 756.354
911.121 742.378
911.416 629.781
911.711 616.004
912.005 614.385
912.300 606.303
912.599 718.079
912.898 610.780
913.196 608.778
913.495 637.545
913.794 720.524
914.093 641.870
914.391 569.585
914.690 647.681
914.989 605.344
915.288 758.707
915.586 656.396
915.885 513.440
916.184 456.251
916.483 459.075
916.782 618.782
917.080 665.784
917.379 607.725
917.678 558.354
917.977 676.204
918.275 699.559
918.574 672.148
918.873 664.249
919.172 615.094
919.471 543.226
919.769 576.248
920.068 521.006
920.367 513.401
920.666 549.965
920.964 597.619
921.263 509.184
921.562 517.899
921.861 673.333
922.159 616.453
922.458 606.763
922.757 533.640
923.056 540.617
923.355 584.331
923.653 658.777
923.952 648.595
924.251 502.590
924.550 608.513
924.848 644.912
925.147 537.820
925.446 545.308
925.745 607.038
926.043 646.105
926.342 601.098
926.641 543.709
926.940 606.538
927.239 631.517
927.537 715.897
927.836 648.530
928.135 616.387
928.434 656.267
928.732 615.078
929.031 666.107
929.330 695.175
929.629 659.615
929.927 616.699
930.226 549.508
930.525 589.225
930.824 738.106
931.123 677.671
931.421 708.451
931.720 704.195
932.019 708.252
932.318 722.994
932.616 684.048
932.915 599.041
933.214 657.180
933.513 668.407
933.812 633.303
934.110 695.739
934.409 799.284
934.708 700.413
935.007 939.951
935.305 877.418
935.604 637.625
935.903 753.237
936.202 782.935
936.500 928.086
936.799 998.825
937.098 869.349
937.397 833.606
937.696 681.090
937.994 682.082
938.293 815.348
938.592 696.848
938.891 738.857
939.189 816.498
939.488 902.860
939.787 1057.628
940.086 861.683
940.384 845.605
940.683 790.652
940.982 712.695
941.281 856.575
941.580 1110.417
941.878 1099.698
942.177 861.360
942.476 899.867
942.775 846.586
943.073 697.837
943.372 633.778
943.671 825.873
943.970 978.411
944.268 890.577
944.567 756.247
944.866 833.746
945.165 899.695
945.464 780.000
945.762 607.125
946.061 905.084
946.360 990.399
946.659 980.425
946.957 940.579
947.256 885.447
947.555 772.792
947.854 822.560
948.153 844.637
948.451 763.116
948.750 809.154
949.049 802.488
949.348 1022.490
949.646 901.126
949.945 892.335
950.244 1019.493
950.543 871.922
950.841 781.950
951.140 738.026
951.439 648.463
951.738 745.097
952.037 782.182
952.335 822.590
952.634 820.715
952.933 688.651
953.232 679.252
953.530 470.977
953.829 802.448
954.128 850.513
954.427 831.763
954.725 926.820
955.024 863.297
955.323 891.103
955.622 716.753
955.921 620.306
956.219 792.065
956.518 717.599
956.817 697.081
957.116 730.945
957.414 698.888
957.713 588.809
958.012 562.192
958.311 538.630
958.610 683.730
958.908 793.196
959.207 829.942
959.506 771.367
959.805 758.780
960.103 770.415
960.402 766.414
960.701 616.670
961.000 575.659
961.298 573.091
961.597 741.073
961.896 695.075
962.195 661.260
962.494 754.208
962.792 670.861
963.091 605.095
963.390 602.011
963.689 592.173
963.987 708.212
964.286 813.974
964.585 813.781
964.884 769.927
965.182 690.271
965.481 954.720
965.780 1092.265
966.080 930.007
966.380 809.791
966.680 762.485
966.981 746.723
967.281 714.223
967.581 639.605
967.881 675.861
968.181 686.531
968.481 660.270
968.781 695.311
969.082 568.101
969.382 651.531
969.682 733.973
969.982 800.228
970.282 831.250
970.582 680.797
970.882 584.337
971.183 745.068
971.483 678.258
971.783 631.594
972.083 681.328
972.383 725.944
972.683 747.257
972.983 753.727
973.284 610.421
973.584 630.398
973.884 669.201
974.184 700.342
974.484 725.919
974.784 537.667
975.084 492.485
975.385 563.880
975.685 691.624
975.985 635.901
976.285 639.339
976.585 692.276
976.885 651.987
977.185 616.463
977.486 595.972
977.786 626.632
978.086 712.654
978.386 692.481
978.686 577.027
978.986 521.265
979.286 563.273
979.587 638.281
979.887 539.289
980.187 476.298
980.487 506.306
980.787 592.314
981.087 551.322
981.387 734.330
981.688 602.338
981.988 488.346
982.288 552.354
982.588 586.362
982.888 641.370
983.188 602.378
983.488 740.386
983.789 718.394
984.089 682.403
984.389 638.411
984.689 557.419
984.989 527.427
985.289 558.435
985.589 699.443
985.890 622.451
986.190 514.459
986.490 547.466
986.790 648.474
987.090 586.482
987.390 644.490
987.690 659.498
987.991 543.506
988.291 545.514
988.591 572.522
988.891 484.530
989.191 533.538
989.491 661.546
989.791 669.554
990.092 679.562
990.392 685.569
990.692 649.577
990.992 652.585
991.292 500.593
991.592 630.601
991.892 653.609
992.193 718.616
992.493 687.624
992.793 641.632
993.093 643.640
993.393 594.648
993.693 580.655
993.993 663.663
994.294 773.671
994.594 690.679
994.894 633.687
995.194 626.694
995.494 566.702
995.794 601.710
996.094 571.718
996.395 642.725
996.695 708.733
996.995 472.741
997.295 429.748
997.595 562.756
997.895 476.764
998.195 409.771
998.496 488.779
998.796 517.787
999.096 764.794
999.396 663.802
999.696 657.810
999.996 665.817
1000.296 759.825
1000.597 756.833
1000.897 606.840
1001.197 610.848
1001.497 767.856
1001.797 621.863
1002.097 556.871
1002.397 605.878
1002.698 607.886
1002.998 696.893
1003.298 641.901
1003.598 486.909
1003.898 523.916
1004.198 678.924
1004.498 744.931
1004.799 678.939
1005.099 674.946
1005.399 689.954
1005.699 700.961
1005.999 716.969
1006.299 582.976
1006.599 796.984
1006.900 810.991
1007.200 579.999
1007.500 654.006
1007.800 685.014
1008.100 577.021
1008.400 550.028
1008.700 571.036
1009.001 567.043
1009.301 589.051
1009.601 783.058
1009.901 802.066
1010.201 680.073
1010.501 682.080
1010.801 812.088
1011.102 597.095
1011.402 607.102
1011.702 546.110
1012.002 499.117
1012.302 653.125
1012.602 651.132
1012.902 583.139
1013.203 622.147
1013.503 712.154
1013.803 712.161
1014.103 583.169
1014.403 643.176
1014.703 547.183
1015.003 498.190
1015.304 706.198
1015.604 785.205
1015.904 584.212
1016.204 577.220
1016.504 598.227
1016.804 536.234
1017.104 495.241
1017.405 548.249
1017.705 581.256
1018.005 573.263
1018.305 584.270
1018.605 600.277
1018.905 501.285
1019.205 503.292
1019.506 813.299
1019.806 827.306
1020.106 664.313
1020.406 679.321
1020.706 612.328
1021.006 661.335
1021.306 794.342
1021.607 678.349
1021.907 784.356
1022.207 712.363
1022.507 577.371
1022.807 655.378
1023.107 646.385
1023.407 561.392
1023.708 578.399
1024.008 560.406
1024.308 610.413
1024.608 596.420
1024.908 505.427
1025.208 596.434
1025.508 789.442
1025.809 755.449
1026.109 611.456
1026.409 715.463
1026.709 678.470
1027.009 616.477
1027.309 658.484
1027.609 505.491
1027.910 533.498
1028.210 623.505
1028.510 741.512
1028.810 941.519
1029.110 825.526
1029.410 694.533
1029.710 799.540
1030.011 765.547
1030.311 795.554
1030.611 676.561
1030.911 660.568
1031.211 709.575
1031.511 632.581
1031.811 783.588
1032.112 771.595
1032.412 671.602
1032.712 511.609
1033.012 620.616
1033.312 829.623
1033.612 743.630
1033.912 612.637
1034.212 565.644
1034.513 518.650
1034.813 507.657
1035.113 662.664
1035.413 541.671
1035.713 581.678
1036.013 681.685
1036.313 652.692
1036.614 718.698
1036.914 666.705
1037.214 479.712
1037.514 609.719
1037.814 588.726
1038.114 585.732
1038.414 553.739
1038.715 651.746
1039.015 552.753
1039.315 478.760
1039.615 578.766
1039.915 607.773
1040.215 556.780
1040.515 575.787
1040.816 711.793
1041.116 639.800
1041.416 599.807
1041.716 525.814
1042.016 527.820
1042.316 651.827
1042.616 584.834
1042.917 516.840
1043.217 549.847
1043.517 616.854
1043.817 692.861
1044.117 661.867
1044.417 603.874
1044.717 585.881
1045.018 606.887
1045.318 671.894
1045.618 732.901
1045.918 627.907
1046.218 509.914
1046.518 556.920
1046.818 632.927
1047.119 517.934
1047.419 743.940
1047.719 725.947
1048.019 617.953
1048.319 665.960
1048.619 597.967
1048.919 627.973
1049.220 573.980
1049.520 627.986
1049.820 583.993
1050.120 468.000
1050.420 695.006
1050.720 662.013
1051.020 662.019
1051.321 725.026
1051.621 786.032
1051.921 609.039
1052.221 516.045
1052.521 508.052
1052.821 519.058
1053.121 648.065
1053.422 728.071
1053.722 757.078
1054.022 663.084
1054.322 723.091
1054.622 587.097
1054.922 558.104
1055.222 677.110
1055.523 660.117
1055.823 664.123
1056.123 721.130
1056.423 586.136
1056.723 636.142
1057.023 639.149
1057.323 495.155
1057.624 543.162
1057.924 639.168
1058.224 684.175
1058.524 562.181
1058.824 681.187
1059.124 648.194
1059.424 538.200
1059.725 657.206
1060.025 606.213
1060.325 601.219
1060.625 559.226
1060.925 543.232
1061.225 574.238
1061.525 714.245
1061.826 602.251
1062.126 613.257
1062.426 704.264
1062.726 746.270
1063.026 646.276
1063.326 842.283
1063.626 822.289
1063.927 689.295
1064.227 682.301
1064.527 605.308
1064.827 752.314
1065.127 688.320
1065.427 494.327
1065.727 521.333
1066.028 675.339
1066.328 661.345
1066.628 501.352
1066.928 500.358
1067.228 590.364
1067.528 568.370
1067.828 557.377
1068.129 528.383
1068.429 703.389
1068.729 727.395
1069.029 612.401
1069.329 520.408
1069.629 632.414
1069.929 701.420
1070.230 721.426
1070.530 706.432
1070.830 595.439
1071.130 704.445
1071.430 641.451
1071.730 636.457
1072.030 702.463
1072.331 586.469
1072.631 611.475
1072.931 630.482
1073.231 675.488
1073.531 662.494
1073.831 576.500
1074.131 709.506
1074.432 817.512
1074.732 634.518
1075.032 487.524
1075.332 508.531
1075.632 559.537
1075.932 485.543
1076.232 491.549
1076.533 542.555
1076.833 572.561
1077.133 570.567
1077.433 566.573
1077.733 537.579
1078.033 683.585
1078.333 658.591
1078.634 672.597
1078.934 681.603
1079.234 534.609
1079.534 686.615
1079.834 751.621
1080.134 722.627
1080.434 710.633
1080.735 659.639
1081.035 640.645
1081.335 504.651
1081.635 551.657
1081.935 595.663
1082.235 518.669
1082.535 519.675
1082.836 605.681
1083.136 639.687
1083.436 758.693
1083.736 763.699
1084.036 611.705
1084.336 548.711
1084.636 647.717
1084.937 728.723
1085.237 741.729
1085.537 640.735
1085.837 676.741
1086.137 611.746
1086.437 639.752
1086.737 626.758
1087.038 617.764
1087.338 744.770
1087.638 760.776
1087.938 583.782
1088.238 438.788
1088.538 527.794
1088.838 651.799
1089.139 683.805
1089.439 537.811
1089.739 682.817
1090.039 692.823
1090.339 707.829
1090.639 635.834
1090.939 642.840
1091.240 593.846
1091.540 591.852
1091.840 576.858
1092.140 679.864
1092.453 680.869
1092.766 574.875
1093.079 549.881
1093.392 573.887
1093.705 553.893
1094.018 600.898
1094.330 750.904
1094.643 724.910
1094.956 765.916
1095.269 661.921
1095.582 688.927
1095.895 616.933
1096.208 631.939
1096.521 625.944
1096.834 612.950
1097.147 614.956
1097.460 694.962
1097.773 768.967
1098.085 614.973
1098.398 579.979
1098.711 569.984
1099.024 484.990
1099.337 634.996
1099.650 729.001
1099.963 692.007
1100.276 592.013
1100.589 574.019
1100.902 666.024
1101.215 668.030
1101.528 718.036
1101.841 613.041
1102.153 623.047
1102.466 695.052
1102.779 526.058
1103.092 526.064
1103.405 646.069
1103.718 603.075
1104.031 564.081
1104.344 649.086
1104.657 605.092
1104.970 903.097
1105.283 757.103
1105.596 561.109
1105.909 582.114
1106.221 664.120
1106.534 639.125
1106.847 521.131
1107.160 469.137
1107.473 498.142
1107.786 559.148
1108.099 525.153
1108.412 547.159
1108.725 629.164
1109.038 495.170
1109.351 572.176
1109.664 588.181
1109.977 534.187
1110.289 596.192
1110.602 568.198
1110.915 567.203
1111.228 593.209
1111.541 505.214
1111.854 482.220
1112.167 422.225
1112.480 493.231
1112.793 559.236
1113.106 589.242
1113.419 705.247
1113.732 691.253
1114.044 574.258
1114.357 621.264
1114.670 584.269
1114.983 495.274
1115.296 518.280
1115.609 619.285
1115.922 609.291
1116.235 613.296
1116.548 638.302
1116.861 588.307
1117.174 563.313
1117.487 643.318
1117.800 833.323
1118.112 674.329
1118.425 600.334
1118.738 546.340
1119.051 505.345
1119.364 537.350
1119.677 667.356
1119.990 618.361
1120.303 694.367
1120.616 740.372
1120.929 579.377
1121.242 687.383
1121.555 681.388
1121.868 691.393
1122.180 681.399
1122.493 462.404
1122.806 486.410
1123.119 642.415
1123.432 658.420
1123.745 636.426
1124.058 561.431
1124.371 534.436
1124.684 668.442
1124.997 636.447
1125.310 571.452
1125.623 524.457
1125.935 498.463
1126.248 563.468
1126.561 679.473
1126.874 682.479
1127.187 726.484
1127.500 725.489
1127.813 657.494
1128.126 618.500
1128.439 685.505
1128.752 860.510
1129.065 641.516
1129.378 411.521
1129.691 548.526
1130.003 603.531
1130.316 559.537
1130.629 508.542
1130.942 592.547
1131.255 565.552
1131.568 527.557
1131.881 589.563
1132.194 647.568
1132.507 602.573
1132.820 547.578
1133.133 680.584
1133.446 555.589
1133.759 747.594
1134.071 1186.599
1134.384 876.604
1134.697 817.609
1135.010 842.615
1135.323 614.620
1135.636 523.625
1135.949 501.630
1136.262 536.635
1136.575 565.640
1136.888 575.646
1137.201 593.651
1137.514 592.656
1137.826 720.661
1138.139 604.666
1138.452 601.671
1138.765 783.676
1139.078 794.682
1139.391 770.687
1139.704 651.692
1140.017 673.697
1140.330 643.702
1140.643 632.707
1140.956 606.712
1141.269 616.717
1141.582 620.722
1141.894 538.727
1142.207 689.733
1142.520 613.738
1142.833 740.743
1143.146 688.748
1143.459 527.753
1143.772 597.758
1144.085 676.763
1144.398 613.768
1144.711 605.773
1145.024 564.778
1145.337 603.783
1145.650 695.788
1145.962 629.793
1146.275 613.798
1146.588 582.803
1146.901 693.808
1147.214 619.813
1147.527 543.818
1147.840 601.823
1148.153 580.828
1148.466 622.833
1148.779 631.838
1149.092 711.843
1149.405 579.848
1149.718 596.853
1150.030 713.858
1150.343 639.863
1150.656 532.868
1150.969 531.873
1151.282 754.878
1151.595 708.883
1151.908 605.888
1152.221 446.893
1152.534 515.898
1152.847 774.903
1153.160 679.908
1153.473 632.913
1153.785 700.918
1154.098 680.923
1154.411 682.928
1154.724 605.932
1155.037 735.937
1155.350 695.942
1155.663 699.947
1155.976 604.952
1156.289 665.957
1156.602 551.962
1156.915 439.967
1157.228 436.972
1157.541 532.977
1157.853 594.981
1158.166 655.986
1158.479 726.991
1158.792 634.996
1159.105 665.001
1159.418 718.006
1159.731 615.011
1160.044 622.015
1160.357 809.020
1160.670 733.025
1160.983 548.030
1161.296 658.035
1161.609 751.040
1161.921 647.044
1162.234 547.049
1162.547 412.054
1162.860 465.059
1163.173 518.064
1163.486 613.069
1163.799 650.073
1164.112 621.078
1164.425 621.083
1164.738 554.088
1165.051 499.093
1165.364 570.097
1165.676 591.102
1165.989 652.107
1166.302 585.112
1166.615 683.116
1166.928 645.121
1167.241 760.126
1167.554 758.131
1167.867 675.135
1168.180 601.140
1168.493 493.145
1168.806 598.150
1169.119 579.154
1169.432 669.159
1169.744 671.164
1170.057 668.169
1170.370 733.173
1170.683 713.178
1170.996 620.183
1171.309 629.188
1171.622 583.192
1171.935 570.197
1172.248 755.202
1172.561 780.206
1172.874 686.211
1173.187 676.216
1173.500 704.220
1173.812 744.225
1174.125 668.230
1174.438 701.234
1174.751 587.239
1175.064 561.244
1175.377 667.248
1175.690 589.253
1176.003 505.258
1176.316 591.262
1176.629 634.267
1176.942 588.272
1177.255 560.276
1177.567 459.281
1177.880 515.286
1178.193 670.290
1178.506 644.295
1178.819 701.300
1179.132 714.304
1179.445 540.309
1179.758 700.313
1180.071 677.318
1180.384 501.323
1180.697 572.327
1181.010 630.332
1181.323 769.336
1181.635 804.341
1181.948 742.346
1182.261 604.350
1182.574 539.355
1182.887 582.359
1183.200 697.364
1183.513 705.368
1183.826 592.373
1184.139 661.378
1184.452 589.382
1184.765 532.387
1185.078 525.391
1185.391 552.396
1185.703 480.400
1186.016 435.405
1186.329 461.409
1186.642 538.414
1186.955 724.418
1187.268 622.423
1187.581 575.427
1187.894 597.432
1188.207 657.437
1188.520 617.441
1188.833 633.446
1189.146 534.450
1189.459 472.455
1189.771 538.459
1190.084 659.464
1190.397 578.468
1190.710 664.473
1191.023 696.477
1191.336 663.481
1191.649 612.486
1191.962 648.490
1192.275 528.495
1192.588 688.499
1192.901 857.504
1193.214 659.508
1193.526 641.513
1193.839 703.517
1194.152 605.522
1194.465 687.526
1194.778 598.531
1195.091 613.535
1195.404 572.539
1195.717 575.544
1196.030 680.548
1196.343 613.553
1196.656 546.557
1196.969 597.562
1197.282 663.566
1197.594 625.570
1197.907 712.575
1198.220 769.579
1198.533 628.584
1198.846 585.588
1199.159 550.592
1199.472 564.597
1199.785 690.601
1200.098 577.606
1200.411 675.610
1200.724 626.614
1201.037 560.619
1201.350 511.623
1201.662 531.627
1201.975 638.632
1202.288 638.636
1202.601 290.640
