165.028 37.321
165.288 -90.064
165.547 6.555
165.807 123.177
166.067 68.802
166.327 -37.571
166.587 -71.940
166.847 94.694
167.107 98.331
167.367 45.971
167.627 138.614
167.886 132.259
168.146 127.908
168.406 292.559
168.666 254.213
168.926 146.870
169.186 181.529
169.446 129.191
169.706 10.856
169.966 137.524
170.225 137.194
170.485 163.867
170.745 205.543
171.005 323.221
171.265 151.901
171.525 127.584
171.785 31.269
172.045 77.957
172.305 247.648
172.564 158.340
172.824 17.035
173.084 150.733
173.344 104.432
173.604 147.134
173.864 195.838
174.124 109.545
174.384 96.253
174.644 178.964
174.903 309.677
175.163 282.392
175.423 306.109
175.683 133.828
175.943 202.549
176.203 105.272
176.463 92.997
176.723 89.724
176.983 120.453
177.242 174.184
177.502 306.916
177.762 337.651
178.022 155.387
178.282 135.125
178.542 91.865
178.802 54.607
179.062 77.350
179.322 325.095
179.581 372.842
179.841 219.590
180.101 241.340
180.361 234.091
180.621 213.844
180.881 156.598
181.141 92.354
181.401 137.112
181.661 256.871
181.920 360.631
182.180 228.392
182.440 95.155
182.700 80.920
182.960 87.686
183.220 166.453
183.480 417.221
183.740 248.990
184.000 83.761
184.259 -20.467
184.519 116.306
184.779 144.080
185.039 215.855
185.299 284.632
185.559 286.409
185.819 301.188
186.079 297.967
186.339 217.748
186.598 168.530
186.858 64.312
187.118 100.095
187.378 245.880
187.638 240.665
187.898 290.451
188.158 317.238
188.418 191.026
188.678 112.814
188.937 156.603
189.197 230.393
189.457 288.184
189.717 233.976
189.977 111.768
190.237 112.561
190.497 261.354
190.757 217.148
191.017 198.943
191.276 133.738
191.536 159.534
191.796 100.330
192.056 135.127
192.316 189.924
192.576 124.722
192.836 150.520
193.096 150.319
193.356 158.118
193.616 218.917
193.875 217.717
194.135 150.517
194.395 281.317
194.655 300.118
194.915 316.919
195.175 307.721
195.435 338.522
195.695 108.324
195.955 -14.874
196.214 136.928
196.474 244.730
196.734 230.533
196.994 246.336
197.254 259.138
197.514 208.941
197.774 229.744
198.034 167.547
198.294 126.350
198.553 158.153
198.813 177.956
199.073 119.759
199.333 151.562
199.593 285.365
199.853 286.168
200.113 379.971
200.373 375.774
200.633 170.576
200.892 97.379
201.152 128.181
201.412 176.983
201.672 269.785
201.932 420.587
202.192 408.389
202.452 256.190
202.712 230.991
202.972 277.792
203.231 356.593
203.491 322.393
203.751 263.193
204.011 280.993
204.271 362.793
204.531 178.592
204.791 163.390
205.051 207.189
205.311 313.986
205.570 237.784
205.830 151.581
206.090 125.378
206.350 234.174
206.610 392.970
206.870 263.765
207.130 248.560
207.390 302.354
207.650 277.148
207.909 312.941
208.169 354.734
208.429 321.526
208.689 155.318
208.949 278.109
209.209 330.899
209.469 167.689
209.729 175.478
209.989 173.267
210.248 90.055
210.508 378.842
210.768 333.629
211.028 195.415
211.288 264.200
211.548 229.985
211.808 275.769
212.068 406.552
212.328 455.334
212.587 440.116
212.847 274.897
213.107 322.677
213.367 305.456
213.627 304.235
213.887 229.013
214.147 124.790
214.407 229.566
214.667 280.342
214.926 347.116
215.186 297.890
215.446 341.663
215.706 164.435
215.966 154.206
216.226 212.976
216.486 174.746
216.746 261.514
217.006 305.282
217.265 257.049
217.525 238.814
217.785 304.579
218.045 298.343
218.305 199.106
218.565 213.868
218.825 284.629
219.085 385.389
219.345 265.148
219.604 177.906
219.864 313.663
220.124 350.419
220.384 329.174
220.644 285.928
220.904 210.681
221.164 288.433
221.424 273.184
221.684 180.934
221.943 240.683
222.203 363.431
222.463 254.178
222.723 137.923
222.983 278.668
223.243 242.411
223.503 251.154
223.763 202.895
224.023 183.635
224.282 271.374
224.542 345.112
224.802 346.849
225.062 311.584
225.322 416.319
225.582 331.052
225.842 309.785
226.102 375.516
226.362 336.246
226.621 336.974
226.881 218.702
227.141 290.428
227.401 374.154
227.661 260.878
227.921 408.601
228.181 323.322
228.441 271.043
228.701 447.762
228.960 440.480
229.220 261.197
229.480 189.913
229.740 368.627
230.000 459.340
230.260 330.052
230.520 249.763
230.780 215.472
231.040 244.181
231.299 249.888
231.559 292.593
231.819 316.298
232.079 401.001
232.339 381.703
232.599 155.404
232.859 259.103
233.119 340.801
233.379 231.498
233.638 283.194
233.898 396.888
234.158 345.581
234.418 213.273
234.678 317.964
234.938 365.653
235.198 226.341
235.458 192.027
235.718 292.713
235.978 275.397
236.237 244.080
236.497 300.761
236.757 400.441
237.017 368.120
237.277 318.797
237.537 302.473
237.797 212.148
238.057 292.822
238.317 322.494
238.576 228.165
238.836 260.834
239.096 374.503
239.356 369.169
239.616 347.835
239.876 353.499
240.136 330.162
240.396 387.824
240.656 508.484
240.915 461.143
241.175 368.800
241.435 226.456
241.695 328.111
241.955 469.765
242.215 568.417
242.475 494.068
242.735 314.717
242.995 429.365
243.254 377.012
243.514 262.657
243.774 170.302
244.034 299.944
244.294 562.586
244.554 436.226
244.814 339.864
245.074 295.501
245.334 291.137
245.593 297.772
245.853 309.405
246.113 211.037
246.373 350.668
246.633 409.297
246.893 327.924
247.153 361.551
247.413 449.176
247.673 392.800
247.932 304.422
248.192 387.043
248.452 459.663
248.712 401.281
248.972 273.898
249.232 452.513
249.492 358.127
249.752 167.740
250.012 384.352
250.271 353.962
250.531 333.571
250.791 540.178
251.051 502.784
251.311 363.389
251.571 203.992
251.831 344.594
252.091 430.195
252.351 350.794
252.610 280.392
252.870 326.988
253.130 302.583
253.390 305.177
253.650 438.770
253.911 416.361
254.172 459.951
254.433 411.539
254.694 373.126
254.955 386.712
255.216 279.296
255.477 454.879
255.738 366.461
255.999 248.041
256.261 469.620
256.522 447.198
256.783 401.774
257.044 251.349
257.305 195.922
257.566 219.495
257.827 236.066
258.088 287.635
258.349 261.203
258.610 320.770
258.871 420.336
259.132 480.900
259.393 350.463
259.654 232.025
259.915 145.585
260.176 243.144
260.437 352.701
260.698 333.258
260.959 292.813
261.221 389.366
261.482 481.918
261.743 443.469
262.004 432.019
262.265 610.567
262.526 495.114
262.787 288.660
263.048 290.205
263.309 346.748
263.570 431.289
263.831 369.830
264.092 340.369
264.353 217.907
264.614 537.444
264.875 461.979
265.136 305.513
265.397 576.045
265.658 568.577
265.919 623.107
266.181 593.636
266.442 389.163
266.703 269.689
266.964 268.214
267.225 299.738
267.486 367.260
267.747 453.781
268.008 494.301
268.269 515.820
268.530 501.337
268.791 443.853
269.052 474.368
269.313 442.881
269.574 411.393
269.835 421.904
270.096 403.414
270.357 432.922
270.618 375.429
270.879 338.935
271.141 436.440
271.402 407.943
271.663 306.445
271.924 423.946
272.185 444.445
272.446 394.944
272.707 365.441
272.968 351.937
273.229 317.431
273.490 336.925
273.751 324.417
274.012 340.908
274.273 536.398
274.534 448.886
274.795 433.373
275.056 441.859
275.317 282.344
275.578 217.828
275.839 311.310
276.101 293.791
276.362 289.271
276.623 344.750
276.884 507.228
277.145 469.704
277.406 415.179
277.667 330.653
277.928 246.126
278.189 435.597
278.450 457.068
278.711 426.537
278.972 427.005
279.233 359.472
279.494 463.937
279.755 580.402
280.016 565.865
280.277 410.327
280.538 381.788
280.799 311.248
281.061 383.706
281.322 361.163
281.583 353.620
281.844 272.075
282.105 283.529
282.366 460.981
282.627 431.433
282.888 482.883
283.149 446.333
283.410 382.781
283.671 436.228
283.932 389.674
284.193 230.118
284.454 346.562
284.715 402.004
284.976 371.446
285.237 471.886
285.498 648.325
285.759 513.763
286.021 473.200
286.282 402.635
286.543 488.070
286.804 427.503
287.065 439.936
287.326 477.367
287.587 311.797
287.848 418.226
288.109 542.654
288.370 510.081
288.631 360.507
288.892 294.931
289.153 317.355
289.414 320.777
289.675 533.199
289.936 603.619
290.197 536.038
290.458 446.456
290.719 366.873
290.981 521.289
291.242 657.704
291.503 591.118
291.764 407.531
292.025 253.942
292.286 274.353
292.547 400.762
292.808 375.171
293.069 436.578
293.330 513.985
293.591 531.390
293.852 443.794
294.113 370.198
294.374 328.600
294.635 414.001
294.896 459.401
295.157 477.800
295.418 495.198
295.679 449.595
295.941 428.991
296.202 471.386
296.463 452.780
296.724 530.173
296.985 567.565
297.246 470.956
297.507 323.346
297.768 317.735
298.029 491.123
298.290 640.510
298.551 659.896
298.812 636.280
299.073 466.664
299.334 386.047
299.595 494.429
299.856 496.810
300.117 594.190
300.378 520.569
300.639 363.947
300.901 344.324
301.162 439.700
301.423 507.075
301.684 666.449
301.945 695.822
302.206 417.194
302.467 423.565
302.728 350.935
302.989 433.305
303.250 512.673
303.511 551.040
303.772 542.406
304.033 503.772
304.294 470.136
304.555 474.500
304.816 538.862
305.077 559.224
305.338 442.585
305.599 401.945
305.861 398.303
306.122 513.661
306.383 453.018
306.644 444.374
306.905 360.729
307.166 536.084
307.427 489.437
307.688 418.789
307.949 455.141
308.210 475.491
308.471 489.841
308.732 433.190
308.993 331.538
309.254 390.884
309.515 375.230
309.776 462.576
310.037 422.920
310.298 263.263
310.559 353.606
310.821 543.947
311.082 518.288
311.343 374.628
311.604 343.967
311.865 288.305
312.126 286.642
312.387 382.978
312.648 453.314
312.909 481.648
313.170 464.982
313.434 495.315
313.698 404.647
313.963 489.978
314.227 435.308
314.491 424.637
314.755 450.966
315.019 509.294
315.284 312.620
315.548 431.947
315.812 455.272
316.076 535.596
316.340 585.919
316.604 511.242
316.869 546.564
317.133 501.885
317.397 562.205
317.661 564.524
317.925 523.843
318.190 481.161
318.454 481.478
318.718 424.794
318.982 526.109
319.246 608.423
319.511 688.737
319.775 495.050
320.039 504.362
320.303 535.673
320.567 564.983
320.832 568.293
321.096 462.602
321.360 420.910
321.624 422.217
321.888 386.523
322.153 405.829
322.417 371.134
322.681 292.438
322.945 480.741
323.209 489.044
323.473 409.345
323.738 419.646
324.002 409.946
324.266 576.246
324.530 515.544
324.794 386.842
325.059 350.139
325.323 325.436
325.587 419.731
325.851 411.026
326.115 617.320
326.380 534.614
326.644 495.906
326.908 527.198
327.172 479.489
327.436 491.779
327.701 468.069
327.965 479.358
328.229 534.646
328.493 326.933
328.757 383.220
329.022 581.506
329.286 417.791
329.550 400.075
329.814 445.359
330.078 482.642
330.342 452.924
330.607 520.206
330.871 542.487
331.135 617.767
331.399 602.046
331.663 468.325
331.928 465.603
332.192 535.880
332.456 504.157
332.720 531.432
332.984 472.708
333.249 515.982
333.513 476.256
333.777 342.529
334.041 337.801
334.305 498.073
334.570 579.344
334.834 407.614
335.098 564.884
335.362 654.153
335.626 576.421
335.891 488.688
336.155 483.955
336.419 446.221
336.683 310.487
336.947 416.752
337.211 416.016
337.476 375.279
337.740 429.542
338.004 437.804
338.268 423.066
338.532 463.327
338.797 501.587
339.061 545.847
339.325 555.105
339.589 631.364
339.853 487.621
340.118 435.878
340.382 586.134
340.646 698.390
340.910 490.645
341.174 458.899
341.439 445.153
341.703 472.406
341.967 500.659
342.231 459.910
342.495 448.161
342.759 562.412
343.024 484.662
343.288 589.911
343.552 571.160
343.816 350.408
344.080 380.655
344.345 480.902
344.609 335.148
344.873 264.394
345.137 457.639
345.401 529.883
345.666 351.127
345.930 443.370
346.194 562.612
346.458 405.854
346.722 384.095
346.987 386.336
347.251 536.576
347.515 693.815
347.779 473.054
348.043 403.293
348.308 462.530
348.572 411.767
348.836 359.004
349.100 407.240
349.364 359.475
349.628 356.710
349.893 421.944
350.157 481.177
350.421 483.410
350.685 492.643
350.949 418.875
351.214 359.106
351.478 429.336
351.742 437.567
352.006 532.796
352.270 491.025
352.535 353.253
352.799 305.481
353.063 446.708
353.327 430.935
353.591 379.161
353.856 439.387
354.120 453.612
354.384 550.836
354.648 645.060
354.912 519.284
355.177 471.506
355.441 411.729
355.705 612.950
355.969 621.171
356.233 545.392
356.497 521.612
356.762 554.832
357.026 558.051
357.290 483.269
357.554 492.487
357.818 479.704
358.083 434.921
358.347 455.137
358.611 468.353
358.875 516.568
359.139 456.783
359.404 362.997
359.668 492.211
359.932 633.424
360.196 641.637
360.460 532.849
360.725 523.060
360.989 549.271
361.253 657.482
361.517 647.692
361.781 572.902
362.046 532.111
362.310 561.319
362.574 578.527
362.838 493.734
363.102 518.941
363.366 590.148
363.631 477.354
363.895 448.559
364.159 604.764
364.423 596.969
364.687 613.173
364.952 596.376
365.216 582.579
365.480 556.782
365.747 490.984
366.013 534.185
366.280 480.386
366.546 569.587
366.813 498.787
367.079 546.986
367.346 614.185
367.612 521.384
367.879 513.582
368.145 612.780
368.412 562.977
368.678 497.173
368.945 563.370
369.211 491.565
369.478 523.761
369.744 495.955
370.011 477.150
370.278 453.344
370.544 435.537
370.811 495.730
371.077 504.922
371.344 474.114
371.610 457.306
371.877 501.497
372.143 593.688
372.410 628.878
372.676 650.067
372.943 602.257
373.209 515.445
373.476 471.634
373.742 400.822
374.009 574.009
374.276 592.196
374.542 557.383
374.809 464.569
375.075 309.754
375.342 290.940
375.608 358.124
375.875 362.309
376.141 604.493
376.408 644.676
376.674 581.859
376.941 521.042
377.207 505.224
377.474 898.405
377.740 760.587
378.007 426.768
378.273 532.948
378.540 644.128
378.807 498.307
379.073 432.487
379.340 459.665
379.606 516.844
379.873 540.021
380.139 518.199
380.406 553.376
380.672 481.553
380.939 417.729
381.205 376.904
381.472 293.080
381.738 352.255
382.005 500.429
382.271 535.603
382.538 544.777
382.804 661.950
383.071 611.123
383.338 539.296
383.604 572.468
383.871 635.640
384.137 621.811
384.404 572.982
384.670 570.152
384.937 446.322
385.203 562.492
385.470 543.661
385.736 550.830
386.003 525.999
386.269 455.167
386.536 491.334
386.802 542.502
387.069 610.669
387.336 737.835
387.602 678.001
387.869 419.167
388.135 414.332
388.402 378.497
388.668 476.662
388.935 587.826
389.201 676.990
389.468 603.153
389.734 612.316
390.001 565.479
390.267 469.641
390.534 568.803
390.800 548.965
391.067 654.126
391.333 603.287
391.600 532.447
391.867 554.607
392.133 551.767
392.400 445.926
392.666 343.085
392.933 594.244
393.199 689.402
393.466 506.560
393.732 476.718
393.999 568.875
394.265 585.031
394.532 477.188
394.798 548.344
395.065 518.500
395.331 582.655
395.598 601.810
395.864 614.965
396.131 711.119
396.398 809.273
396.664 862.426
396.931 1025.579
397.197 1232.732
397.464 1339.885
397.730 1607.037
397.997 1779.189
398.263 1828.340
398.530 1883.491
398.796 2098.642
399.063 2223.793
399.329 2205.943
399.596 2362.092
399.862 2360.242
400.129 2440.391
400.396 2431.540
400.662 2132.688
400.929 2100.836
401.195 2198.984
401.462 2227.131
401.728 2273.278
401.995 2268.425
402.261 2161.571
402.528 2199.717
402.794 2296.863
403.061 2463.008
403.327 2593.153
403.594 2438.298
403.860 2320.442
404.127 2311.586
404.393 2446.730
404.660 2430.874
404.931 2316.017
405.202 2319.159
405.473 2312.302
405.745 2496.444
406.016 2697.586
406.287 2509.727
406.558 2439.868
406.829 2539.009
407.100 2442.150
407.371 2715.290
407.642 2637.430
407.914 2396.570
408.185 2370.709
408.456 2337.848
408.727 2395.986
408.998 2536.125
409.269 2768.263
409.540 2802.401
409.811 2465.538
410.083 2397.675
410.354 2451.812
410.625 2270.948
410.896 2327.085
411.167 2443.220
411.438 2380.356
411.709 2144.491
411.981 2284.626
412.252 2076.761
412.523 1869.895
412.794 1965.029
413.065 1973.163
413.336 1660.297
413.607 1652.430
413.878 1622.563
414.150 1530.695
414.421 1290.828
414.692 1229.960
414.963 1203.091
415.234 1287.223
415.505 1227.354
415.776 1265.485
416.047 1216.615
416.319 1076.746
416.590 879.876
416.861 709.005
417.132 859.135
417.403 865.264
417.674 755.393
417.945 627.521
418.217 569.650
418.488 719.778
418.759 599.905
419.030 520.033
419.301 595.160
419.572 674.287
419.843 664.413
420.114 540.540
420.386 544.666
420.657 618.792
420.928 536.917
421.199 550.042
421.470 501.167
421.741 420.292
422.012 498.416
422.283 513.540
422.555 554.664
422.826 648.788
423.097 715.911
423.368 648.034
423.639 495.157
423.910 609.280
424.181 543.402
424.453 462.524
424.724 716.645
424.995 840.767
425.266 689.888
425.537 577.009
425.808 660.130
426.079 664.250
426.350 630.370
426.622 610.490
426.893 711.610
427.164 641.729
427.435 598.848
427.706 608.967
427.977 628.086
428.248 583.204
428.519 608.322
428.791 573.440
429.062 701.558
429.333 591.675
429.604 490.792
429.875 634.909
430.146 739.025
430.417 672.142
430.689 626.258
430.960 533.374
431.231 537.489
431.502 722.604
431.773 734.720
432.044 598.834
432.315 751.949
432.586 727.063
432.858 723.177
433.129 551.291
433.400 606.405
433.671 599.518
433.942 499.631
434.213 409.744
434.484 473.857
434.755 584.969
435.027 454.081
435.298 544.193
435.569 607.305
435.840 498.417
436.116 496.528
436.391 550.639
436.667 549.749
436.942 666.860
437.218 741.970
437.493 648.080
437.769 707.190
438.045 622.300
438.320 622.409
438.596 678.518
438.871 589.627
439.147 546.736
439.422 429.844
439.698 402.952
439.974 467.060
440.249 621.168
440.525 685.276
440.800 464.383
441.076 527.490
441.351 666.597
441.627 683.703
441.903 614.810
442.178 462.916
442.454 471.022
442.729 721.128
443.005 562.233
443.281 609.338
443.556 767.443
443.832 660.548
444.107 506.653
444.383 538.757
444.658 575.861
444.934 441.965
445.210 632.069
445.485 714.173
445.761 697.276
446.036 608.379
446.312 655.482
446.587 676.585
446.863 482.687
447.139 589.789
447.414 618.891
447.690 619.993
447.965 658.095
448.241 586.196
448.516 542.297
448.792 555.398
449.068 565.499
449.343 592.600
449.619 515.700
449.894 550.800
450.170 519.900
450.445 684.000
450.721 765.100
450.997 487.199
451.272 574.298
451.548 553.397
451.823 503.496
452.099 596.594
452.375 573.692
452.650 575.791
452.926 610.888
453.201 650.986
453.477 875.084
453.752 766.181
454.028 605.278
454.304 652.375
454.579 713.472
454.855 684.568
455.130 661.665
455.406 773.761
455.681 731.857
455.957 644.952
456.233 642.048
456.508 674.143
456.784 676.238
457.059 637.333
457.335 754.428
457.610 692.523
457.886 627.617
458.162 568.711
458.437 558.805
458.713 673.899
458.988 696.992
459.264 732.086
459.539 697.179
459.815 627.272
460.091 539.365
460.366 516.458
460.642 524.550
460.917 593.642
461.193 584.734
461.468 501.826
461.744 551.918
462.020 489.010
462.295 538.101
462.571 538.192
462.846 582.283
463.122 686.374
463.397 698.465
463.673 577.977
463.949 538.107
464.224 587.148
464.500 644.181
464.775 601.915
465.051 613.777
465.327 668.425
465.602 824.534
465.878 900.372
466.153 731.897
466.429 951.498
466.704 1194.150
466.980 1115.626
467.256 1174.714
467.531 1281.083
467.807 1272.435
468.082 1257.493
468.358 1250.315
468.633 1276.257
468.909 1218.112
469.185 1146.057
469.460 1209.671
469.736 1253.272
470.011 1098.274
470.287 1058.020
470.562 1179.192
470.838 1055.342
471.114 1043.363
471.389 1030.318
471.665 1070.880
471.940 1108.488
472.216 1004.323
472.491 893.977
472.767 901.055
473.043 1003.575
473.318 1094.938
473.594 871.640
473.869 845.145
474.145 841.161
474.421 793.433
474.696 787.414
474.972 677.303
475.247 710.698
475.523 806.800
475.798 793.436
476.074 682.733
476.350 652.267
476.625 713.158
476.901 766.249
477.176 724.819
477.452 609.211
477.727 601.156
478.003 446.156
478.279 655.589
478.554 774.574
478.830 736.787
479.105 759.739
479.381 772.235
479.656 627.286
479.932 663.206
480.208 769.904
480.483 790.440
480.759 784.454
481.034 719.096
481.310 704.025
481.585 688.572
481.861 686.636
482.137 568.200
482.412 650.203
482.688 724.278
482.963 787.823
483.239 754.046
483.514 574.766
483.790 642.695
484.066 861.911
484.341 780.290
484.617 720.766
484.892 808.961
485.168 768.243
485.443 633.361
485.719 647.354
485.995 749.321
486.270 752.619
486.546 644.381
486.821 576.208
487.097 553.428
487.373 600.295
487.648 781.275
487.924 784.514
488.199 548.062
488.475 376.231
488.750 448.116
489.026 588.964
489.302 596.888
489.577 549.318
489.853 565.504
490.128 789.867
490.404 743.179
490.679 549.515
490.955 735.756
491.231 809.142
491.506 739.557
491.782 634.575
492.057 600.758
492.333 738.795
492.608 631.235
492.884 641.092
493.160 552.123
493.435 539.551
493.711 681.780
493.986 654.739
494.262 610.354
494.537 605.523
494.813 715.119
495.089 586.227
495.364 608.891
495.640 603.068
495.915 581.528
496.191 774.672
496.467 690.777
496.742 675.084
497.018 730.782
497.293 645.956
497.569 706.941
497.844 648.015
498.120 742.145
498.396 720.870
498.671 649.163
498.947 770.385
499.222 703.627
499.498 622.805
499.773 707.452
500.049 825.582
500.325 809.510
500.600 815.198
500.876 804.072
501.151 983.287
501.427 980.328
501.702 1037.664
501.978 1048.789
502.254 1112.401
502.529 981.572
502.805 1111.532
503.080 1303.246
503.356 1168.404
503.631 1069.653
503.907 1141.726
504.183 1115.479
504.458 1200.568
504.734 1163.022
505.009 1175.224
505.285 1095.510
505.560 1083.348
505.836 1177.630
506.112 1134.176
506.387 1029.993
506.663 1012.841
506.938 965.386
507.214 905.797
507.490 928.182
507.765 966.666
508.041 1039.387
508.316 1010.190
508.592 883.348
508.867 940.876
509.143 987.233
509.419 874.736
509.694 760.710
509.970 690.565
510.245 668.227
510.521 733.624
510.796 672.017
511.072 655.099
511.348 678.782
511.623 718.727
511.899 687.821
512.174 713.021
512.450 735.195
512.725 698.553
513.001 610.709
513.277 540.861
513.552 676.218
513.828 671.989
514.103 655.626
514.379 784.541
514.654 637.389
514.930 639.146
515.206 964.391
515.481 833.933
515.757 603.174
516.032 548.829
516.308 697.232
516.583 795.150
516.859 693.370
517.135 707.063
517.410 767.945
517.686 804.935
517.961 753.489
518.237 726.869
518.513 663.566
518.788 891.224
519.064 910.798
519.339 820.917
519.615 772.886
519.890 808.844
520.166 873.634
520.442 1017.222
520.717 1087.540
520.993 1070.342
521.268 907.677
521.544 971.258
521.819 890.679
522.095 927.311
522.371 1036.738
522.646 1010.909
522.922 1124.941
523.197 1079.021
523.473 1177.568
523.748 1146.046
524.024 1012.132
524.300 990.179
524.575 976.839
524.851 1060.149
525.126 1091.697
525.402 1085.143
525.677 1107.209
525.953 1065.098
526.229 1027.869
526.504 1006.899
526.780 1126.452
527.055 1092.179
527.331 1123.814
527.606 1125.904
527.882 1103.829
528.158 1062.797
528.433 1229.000
528.709 1119.650
528.984 1052.527
529.260 1028.645
529.535 1082.467
529.811 931.706
530.087 839.233
530.362 870.926
530.638 955.802
530.913 1017.488
531.189 1025.282
531.465 911.437
531.740 880.488
532.016 954.896
532.291 948.181
532.567 920.034
532.842 928.810
533.118 881.268
533.394 960.819
533.669 851.848
533.945 741.008
534.220 794.564
534.496 899.579
534.771 871.270
535.047 876.077
535.323 825.229
535.598 836.185
535.874 918.110
536.149 863.343
536.425 726.277
536.700 691.106
536.976 755.260
537.252 941.531
537.527 947.421
537.803 1037.848
538.078 1252.295
538.354 1372.309
538.629 1352.060
538.905 1435.774
539.181 1609.271
539.456 1626.090
539.732 1782.733
540.007 1827.209
540.283 1701.597
540.558 1704.906
540.834 1765.701
541.110 1817.007
541.385 1863.595
541.661 2070.578
541.936 2169.809
542.212 1986.512
542.488 1905.295
542.763 2055.001
543.039 2204.910
543.314 2178.176
543.590 1958.942
543.865 1997.723
544.141 2076.226
544.417 2081.243
544.692 1949.219
544.968 2026.729
545.243 1977.106
545.519 1787.508
545.794 1786.354
546.070 1906.684
546.348 1814.105
546.627 1609.570
546.905 1721.671
547.183 1719.295
547.461 1743.180
547.740 1877.292
548.018 1745.014
548.296 1657.930
548.575 1560.662
548.853 1517.018
549.131 1601.478
549.409 1748.749
549.688 1909.514
549.966 1885.754
550.244 1924.495
550.523 1911.736
550.801 2043.556
551.079 2127.638
551.357 2215.719
551.636 2227.413
551.914 2177.705
552.192 2117.596
552.471 2266.823
552.749 2408.219
553.027 2431.488
553.306 2449.795
553.584 2577.670
553.862 2549.646
554.140 2585.058
554.419 2601.017
554.697 2850.821
554.975 2985.065
555.254 2958.735
555.532 2773.276
555.810 2902.325
556.088 3006.750
556.367 2908.453
556.645 2803.531
556.923 2872.644
557.202 2776.605
557.480 2779.781
557.758 2567.627
558.036 2497.838
558.315 2492.081
558.593 2543.434
558.871 2526.056
559.150 2432.332
559.428 2343.157
559.706 2163.825
559.984 2167.574
560.263 2257.140
560.541 2072.860
560.819 1958.332
561.098 1874.804
561.376 1887.349
561.654 1660.471
561.932 1370.488
562.211 1341.964
562.489 1369.867
562.767 1243.837
563.046 1029.899
563.324 995.366
563.602 1077.059
563.880 955.148
564.159 927.362
564.437 1012.807
564.715 850.675
564.994 696.209
565.272 817.175
565.550 758.909
565.828 625.324
566.107 716.811
566.385 734.563
566.663 607.222
566.942 573.267
567.220 666.491
567.498 815.252
567.776 666.257
568.055 580.724
568.333 686.537
568.611 745.707
568.890 633.033
569.168 548.392
569.446 591.477
569.725 569.298
570.003 521.032
570.281 541.889
570.559 602.861
570.838 582.190
571.116 684.542
571.394 752.414
571.673 710.510
571.951 664.641
572.229 654.005
572.507 652.739
572.786 664.118
573.064 650.202
573.342 617.138
573.621 506.190
573.899 550.135
574.177 807.551
574.455 749.732
574.734 595.910
575.012 656.618
575.290 622.044
575.569 641.324
575.847 679.287
576.125 693.068
576.403 558.232
576.682 629.620
576.960 686.075
577.243 685.442
577.527 610.298
577.810 471.423
578.093 480.806
578.377 527.253
578.660 597.453
578.944 608.365
579.227 570.998
579.510 642.964
579.794 603.961
580.077 571.690
580.360 614.958
580.644 585.819
580.927 555.628
581.210 536.783
581.494 487.097
581.777 574.216
582.061 577.818
582.344 541.546
582.627 530.621
582.911 606.435
583.194 580.135
583.477 668.999
583.761 635.108
584.044 687.046
584.327 700.760
584.611 627.874
584.894 595.948
585.178 579.006
585.461 599.027
585.744 650.016
586.028 589.707
586.311 582.748
586.594 653.789
586.878 634.830
587.161 579.870
587.444 641.911
587.728 604.951
588.011 694.992
588.295 565.032
588.578 588.484
588.861 702.410
589.145 548.153
589.428 585.779
589.711 518.233
589.995 564.708
590.278 687.625
590.562 599.353
590.845 533.858
591.128 750.930
591.412 668.135
591.695 565.945
591.978 691.168
592.262 653.936
592.545 500.129
592.828 642.384
593.112 558.034
593.395 514.205
593.679 470.903
593.962 606.400
594.245 641.657
594.529 555.128
594.812 462.170
595.095 418.887
595.379 616.703
595.662 638.230
595.945 520.454
596.229 475.334
596.512 561.559
596.796 579.993
597.079 624.012
597.362 739.891
597.646 736.230
597.929 627.464
598.212 624.906
598.496 651.623
598.779 753.683
599.062 796.169
599.346 639.247
599.629 595.261
599.913 549.392
600.196 622.335
600.479 670.972
600.763 636.203
601.046 500.279
601.329 572.658
601.613 729.457
601.896 637.066
602.179 665.946
602.463 634.548
602.746 679.772
603.030 744.641
603.313 681.140
603.596 529.067
603.880 597.212
604.163 651.169
604.446 609.432
604.730 517.401
605.013 565.855
605.296 644.799
605.580 605.658
605.863 657.604
606.147 580.264
606.430 559.732
606.713 659.024
606.997 653.829
607.280 798.039
607.563 622.927
607.847 585.208
608.130 692.169
608.414 743.386
608.697 673.949
608.980 641.344
609.264 717.498
609.547 629.661
609.830 645.367
610.114 678.703
610.397 678.738
610.680 711.377
610.964 718.689
611.247 700.096
611.531 623.291
611.814 489.862
612.097 536.020
612.381 726.706
612.664 859.936
612.947 682.346
613.231 592.096
613.514 621.199
613.797 713.571
614.081 732.270
614.364 740.163
614.648 721.533
614.931 625.300
615.214 617.475
615.498 675.147
615.781 683.720
616.064 597.140
616.348 751.701
616.631 810.604
616.914 832.478
617.198 800.820
617.481 733.859
617.765 724.754
618.048 729.452
618.331 673.217
618.615 660.082
618.898 820.195
619.181 804.418
619.465 779.531
619.748 670.761
620.031 592.251
620.315 616.657
620.598 691.707
620.882 743.073
621.165 899.909
621.448 784.634
621.732 795.399
622.015 704.885
622.298 606.623
622.582 683.110
622.865 699.810
623.148 625.917
623.432 681.257
623.715 635.245
623.999 849.190
624.282 798.871
624.565 825.663
624.849 644.609
625.132 556.225
625.415 796.177
625.699 853.522
625.982 731.457
626.265 601.523
626.549 631.252
626.832 740.375
627.116 779.802
627.399 594.987
627.682 601.885
627.966 587.213
628.249 565.528
628.532 536.851
628.816 721.363
629.099 647.527
629.383 632.897
629.666 612.683
629.949 579.012
630.233 556.024
630.516 630.716
630.799 677.967
631.083 595.125
631.366 557.567
631.649 484.824
631.933 453.038
632.216 580.082
632.500 679.275
632.783 700.628
633.066 589.805
633.350 587.160
633.633 666.739
633.916 665.167
634.200 576.994
634.483 604.249
634.766 707.610
635.050 646.570
635.333 520.390
635.617 516.583
635.900 618.950
636.183 710.524
636.467 604.022
636.750 632.156
637.033 652.940
637.317 610.675
637.600 629.867
637.883 595.502
638.167 609.043
638.450 584.523
638.734 614.515
639.017 669.787
639.300 627.681
639.584 587.833
639.867 776.823
640.150 687.048
640.434 708.592
640.717 734.127
641.000 691.164
641.284 746.333
641.567 637.611
641.851 670.062
642.134 777.986
642.417 708.128
642.701 829.492
642.984 856.782
643.267 800.363
643.551 698.331
643.834 638.095
644.117 678.724
644.401 632.527
644.684 715.030
644.968 916.400
645.251 783.298
645.534 611.656
645.818 621.065
646.101 758.765
646.384 842.361
646.668 859.290
646.951 828.332
647.235 807.521
647.518 801.910
647.801 908.140
648.085 994.639
648.368 997.481
648.651 964.614
648.935 1070.978
649.218 1262.154
649.501 1233.211
649.785 1249.026
650.068 1368.391
650.352 1428.256
650.635 1494.851
650.918 1543.596
651.202 1706.461
651.485 1851.509
651.768 1916.034
652.052 1945.373
652.335 2037.941
652.618 2168.024
652.902 2345.280
653.185 2591.164
653.469 2532.663
653.752 2594.257
654.035 2843.588
654.319 3137.086
654.602 3175.735
654.885 3212.310
655.169 3251.482
655.452 3230.351
655.735 3325.163
656.019 3427.248
656.302 3369.275
656.586 3346.111
656.869 3478.177
657.152 3453.112
657.436 3457.521
657.719 3699.458
658.002 3717.749
658.286 3704.360
658.569 3542.396
658.852 3522.160
659.136 3590.254
659.419 3364.901
659.703 3084.726
659.986 3155.820
660.269 3219.237
660.553 3017.823
660.836 2971.103
661.119 2987.391
661.403 2899.817
661.686 2820.597
661.969 2706.688
662.253 2658.234
662.536 2561.716
662.820 2546.406
663.103 2530.206
663.386 2448.084
663.670 2353.791
663.953 2088.932
664.236 2222.788
664.520 2185.328
664.803 2053.643
665.086 2015.154
665.370 2097.263
665.653 2102.356
665.937 2133.927
666.220 2108.600
666.503 2092.399
666.787 2065.043
667.070 1934.105
667.353 1923.969
667.637 1789.262
667.920 1867.382
668.204 1730.687
668.487 1616.777
668.770 1756.943
669.054 1494.241
669.337 1382.641
669.620 1404.074
669.904 1384.341
670.187 1438.786
670.470 1513.750
670.754 1446.430
671.037 1244.916
671.321 1126.204
671.604 1268.486
671.887 1218.634
672.171 1080.483
672.454 1047.707
672.737 1056.028
673.021 941.240
673.304 930.939
673.587 1069.570
673.871 1035.789
674.154 995.700
674.438 1044.027
674.721 991.638
675.004 959.762
675.288 909.377
675.571 892.832
675.854 804.290
676.138 788.650
676.421 803.938
676.704 765.539
676.988 891.710
677.271 1015.591
677.555 914.289
677.838 838.824
678.121 830.752
678.405 808.689
678.688 878.073
678.971 652.742
679.255 788.660
679.538 876.860
679.821 915.268
680.105 749.059
680.388 660.819
680.672 661.531
680.955 645.965
681.238 679.961
681.522 668.885
681.805 763.809
682.088 879.705
682.372 795.143
682.655 670.737
682.938 846.128
683.222 825.277
683.505 739.436
683.789 813.652
684.072 780.239
684.355 806.590
684.639 810.791
684.922 707.476
685.205 657.397
685.489 732.579
685.772 716.651
686.056 761.359
686.339 823.100
686.622 686.751
686.906 632.497
687.189 760.914
687.472 937.349
687.756 773.727
688.039 602.326
688.322 556.422
688.606 808.013
688.889 808.038
689.173 692.196
689.456 781.991
689.739 771.578
690.023 698.848
690.306 743.711
690.589 713.795
690.873 759.903
691.156 729.750
691.439 708.963
691.723 662.162
692.006 687.876
692.290 697.905
692.573 818.700
692.856 815.991
693.140 813.943
693.423 775.857
693.706 639.898
693.990 658.247
694.273 651.393
694.556 822.055
694.840 919.953
695.123 805.390
695.407 812.839
695.690 708.202
695.973 765.657
696.257 771.072
696.540 876.269
696.830 768.506
697.120 786.002
697.410 840.660
697.699 740.334
697.989 905.582
698.279 827.560
698.569 724.277
698.859 825.734
699.149 854.744
699.439 776.264
699.729 773.454
700.018 726.538
700.308 903.191
700.598 790.064
700.888 694.182
701.178 872.181
701.468 851.035
701.758 719.497
702.048 806.228
702.337 734.265
702.627 830.687
702.917 810.528
703.207 745.474
703.497 797.060
703.787 695.779
704.077 682.417
704.366 706.169
704.656 650.318
704.946 618.389
705.236 586.824
705.526 764.903
705.816 838.778
706.106 583.726
706.396 642.927
706.685 656.923
706.975 554.660
707.265 485.198
707.555 642.092
707.845 614.082
708.135 525.898
708.425 498.669
708.715 531.824
709.004 733.889
709.294 680.551
709.584 663.451
709.874 732.506
710.164 669.411
710.454 631.230
710.744 587.193
711.034 630.027
711.323 592.391
711.613 574.696
711.903 689.196
712.193 785.579
712.483 606.642
712.773 579.131
713.063 560.351
713.352 531.850
713.642 566.022
713.932 689.816
714.222 715.758
714.512 651.852
714.802 604.773
715.092 664.871
715.382 565.926
715.671 536.862
715.961 585.944
716.251 477.101
716.541 526.710
716.831 606.993
717.121 518.978
717.411 693.124
717.701 744.819
717.990 607.040
718.280 513.255
718.570 485.576
718.860 503.263
719.150 570.621
719.440 534.791
719.730 494.252
720.019 729.487
720.309 712.056
720.599 659.545
720.889 562.262
721.179 583.335
721.469 662.457
721.759 616.132
722.049 691.895
722.338 569.192
722.628 536.683
722.918 569.777
723.208 682.431
723.498 579.566
723.788 574.369
724.078 727.420
724.368 709.556
724.657 618.333
724.947 647.879
725.237 691.960
725.527 709.354
725.817 635.401
726.107 573.434
726.397 518.328
726.686 452.583
726.976 504.827
727.266 647.013
727.556 590.939
727.846 701.889
728.136 704.131
728.426 565.980
728.716 537.899
729.005 671.639
729.295 598.015
729.585 464.244
729.875 488.557
730.165 595.742
730.455 578.303
730.745 566.262
731.035 624.534
731.324 728.881
731.614 675.057
731.904 526.073
732.194 613.555
732.484 618.062
732.774 605.435
733.064 582.108
733.354 460.532
733.643 527.264
733.933 556.009
734.223 514.118
734.513 655.462
734.803 682.462
735.093 596.627
735.383 596.252
735.672 620.685
735.962 706.068
736.252 520.645
736.542 541.273
736.832 526.600
737.122 484.978
737.412 564.409
737.702 690.595
737.991 671.968
738.281 623.161
738.571 593.098
738.861 573.615
739.151 586.429
739.441 689.116
739.731 559.341
740.021 639.279
740.310 700.086
740.600 678.091
740.890 452.143
741.180 512.284
741.470 577.456
741.760 670.268
742.050 791.708
742.339 655.805
742.629 561.858
742.919 731.016
743.209 532.683
743.499 511.468
743.789 539.716
744.079 597.160
744.369 630.218
744.658 549.226
744.948 427.908
745.238 601.790
745.528 617.665
745.818 697.661
746.108 663.949
746.398 668.599
746.688 598.111
746.977 724.247
747.267 567.363
747.557 668.343
747.847 766.771
748.137 649.144
748.427 587.471
748.717 499.428
749.006 368.601
749.296 541.297
749.586 670.130
749.876 770.417
750.166 663.862
750.456 602.727
750.746 632.289
751.036 546.478
751.325 720.149
751.615 674.932
751.905 641.983
752.195 658.643
752.485 635.661
752.775 644.324
753.065 588.285
753.355 760.476
753.644 694.427
753.934 537.902
754.224 576.498
754.514 742.757
754.804 529.392
755.094 415.067
755.384 450.190
755.674 535.464
755.963 646.815
756.253 689.651
756.543 751.164
756.833 729.576
757.123 677.656
757.413 575.842
757.703 495.458
757.992 510.551
758.282 588.369
758.572 585.963
758.862 550.805
759.152 630.219
759.442 599.484
759.732 634.274
760.022 694.593
760.311 605.772
760.601 509.210
760.891 623.916
761.181 643.407
761.471 642.059
761.761 489.652
762.051 440.324
762.341 641.105
762.630 747.508
762.920 591.433
763.210 623.297
763.500 611.609
763.793 520.991
764.086 603.587
764.379 611.045
764.671 701.605
764.964 611.079
765.257 603.048
765.550 596.216
765.843 453.088
766.136 545.847
766.429 517.639
766.722 600.720
767.014 580.011
767.307 431.569
767.600 462.805
767.893 460.264
768.186 446.168
768.479 524.814
768.772 671.000
769.064 694.203
769.357 609.935
769.650 561.172
769.943 714.702
770.236 616.028
770.529 450.335
770.822 507.811
771.115 626.780
771.407 761.637
771.700 751.563
771.993 744.258
772.286 686.006
772.579 736.742
772.872 602.686
773.165 542.219
773.457 603.727
773.750 592.244
774.043 497.407
774.336 549.441
774.629 656.213
774.922 630.655
775.215 540.864
775.508 555.903
775.800 533.228
776.093 644.557
776.386 651.973
776.679 576.110
776.972 639.570
777.265 845.025
777.558 854.251
777.850 651.399
778.143 638.350
778.436 635.990
778.729 622.302
779.022 660.509
779.315 539.922
779.608 431.395
779.900 500.758
780.193 533.940
780.486 562.536
780.779 554.967
781.072 496.311
781.365 602.140
781.658 586.697
781.951 479.283
782.243 568.519
782.536 684.134
782.829 621.901
783.122 671.113
783.415 704.558
783.708 690.532
784.001 663.467
784.293 713.633
784.586 727.964
784.879 698.921
785.172 621.160
785.465 513.582
785.758 560.692
786.051 640.868
786.344 720.602
786.636 862.480
786.929 645.278
787.222 579.386
787.515 543.207
787.808 561.118
788.101 543.152
788.394 724.985
788.686 856.869
788.979 793.741
789.272 661.095
789.565 578.615
789.858 538.710
790.151 508.294
790.444 480.338
790.737 516.833
791.029 507.833
791.322 663.537
791.615 577.148
791.908 590.304
792.201 663.582
792.494 618.071
792.787 649.343
793.079 762.667
793.372 653.357
793.665 645.050
793.958 580.260
794.251 598.221
794.544 740.070
794.837 864.452
795.130 692.982
795.422 614.233
795.715 518.535
796.008 585.934
796.301 610.678
796.594 548.940
796.887 647.560
797.180 667.164
797.472 550.529
797.765 496.705
798.058 525.110
798.351 484.771
798.644 475.813
798.937 499.756
799.230 608.834
799.523 877.651
799.815 755.034
800.108 556.644
800.401 532.730
800.694 661.021
800.987 568.652
801.280 651.721
801.573 738.649
801.865 714.687
802.158 616.184
802.451 568.295
802.744 579.287
803.037 578.304
803.330 546.928
803.623 684.121
803.915 697.110
804.208 502.017
804.501 561.094
804.794 655.203
805.087 621.562
805.380 445.467
805.673 436.027
805.966 584.189
806.258 561.743
806.551 641.199
806.844 629.165
807.137 655.942
807.430 515.740
807.723 531.819
808.016 790.869
808.308 833.722
808.601 641.299
808.894 550.049
809.187 575.793
809.480 593.337
809.773 610.845
810.066 639.643
810.359 720.866
810.651 688.026
810.944 420.209
811.237 481.193
811.530 634.587
811.825 562.515
812.119 509.489
812.414 436.850
812.709 531.245
813.003 614.318
813.298 500.465
813.593 583.560
813.887 574.887
814.182 927.994
814.476 855.854
814.771 795.969
815.066 675.528
815.360 523.433
815.655 465.520
815.950 517.890
816.244 559.613
816.539 688.189
816.834 674.951
817.128 709.327
817.423 736.141
817.718 866.225
818.012 674.033
818.307 422.332
818.602 496.116
818.896 611.112
819.191 616.893
819.486 563.595
819.780 662.476
820.075 805.240
820.369 770.725
820.664 599.695
820.959 691.841
821.253 727.805
821.548 642.845
821.843 690.923
822.137 677.103
822.432 670.194
822.727 640.667
823.021 636.131
823.316 750.707
823.611 700.984
823.905 579.699
824.200 542.597
824.495 645.022
824.789 704.107
825.084 696.003
825.379 633.460
825.673 639.423
825.968 728.621
826.262 656.314
826.557 660.546
826.852 682.152
827.146 657.750
827.441 634.797
827.736 768.181
828.030 708.438
828.325 543.156
828.620 722.576
828.914 776.493
829.209 581.242
829.504 776.995
829.798 771.131
830.093 572.656
830.388 537.786
830.682 490.769
830.977 629.233
831.271 673.093
831.566 544.767
831.861 526.942
832.155 496.698
832.450 599.210
832.745 714.278
833.039 619.592
833.334 525.435
833.629 643.179
833.923 604.951
834.218 529.562
834.513 592.520
834.807 574.217
835.102 454.859
835.397 522.178
835.691 509.320
835.986 519.638
836.281 496.576
836.575 483.383
836.870 540.068
837.164 560.159
837.459 441.460
837.754 478.582
838.048 502.036
838.343 483.931
838.638 530.036
838.932 600.117
839.227 582.558
839.522 610.649
839.816 599.560
840.111 545.170
840.406 523.275
840.700 675.272
840.995 849.095
841.290 851.093
841.584 710.279
841.879 732.967
842.174 689.779
842.468 651.275
842.763 523.906
843.057 611.953
843.352 607.128
843.647 559.103
843.941 574.551
844.236 634.572
844.531 672.128
844.825 655.049
845.120 710.628
845.415 765.595
845.709 665.273
846.004 700.133
846.299 613.205
846.593 769.814
846.888 718.174
847.183 573.245
847.477 577.292
847.772 669.118
848.066 682.392
848.361 689.656
848.656 653.968
848.950 632.619
849.245 740.909
849.540 607.055
849.834 710.858
850.129 785.081
850.424 683.815
850.718 682.316
851.013 770.836
851.308 680.413
851.602 654.020
851.897 744.147
852.192 879.076
852.486 714.419
852.781 589.576
853.076 752.247
853.370 738.814
853.665 768.576
853.959 791.949
854.254 632.565
854.549 852.815
854.843 745.767
855.138 621.083
855.433 744.969
855.727 827.850
856.022 650.657
856.317 683.796
856.611 707.044
856.906 610.401
857.201 725.200
857.495 829.855
857.790 775.310
858.085 693.668
858.379 663.625
858.674 573.738
858.969 532.095
859.263 585.593
859.558 659.662
859.852 599.983
860.147 672.145
860.442 774.872
860.736 595.882
861.031 712.304
861.326 802.650
861.620 639.757
861.915 763.258
862.210 783.346
862.504 633.929
862.799 705.865
863.094 704.376
863.388 600.981
863.683 613.082
863.978 582.434
864.272 588.589
864.567 611.932
864.861 581.343
865.156 522.621
865.451 440.380
865.745 641.675
866.040 711.278
866.335 707.765
866.629 750.258
866.924 632.064
867.219 599.052
867.513 719.393
867.808 692.062
868.103 655.834
868.397 642.024
868.692 623.567
868.987 560.386
869.281 589.300
869.576 693.752
869.871 702.078
870.165 541.762
870.460 439.640
870.754 534.205
871.049 510.339
871.344 581.616
871.638 621.366
871.933 555.128
872.228 589.042
872.522 583.966
872.817 663.883
873.112 878.180
873.406 698.059
873.701 791.729
873.996 763.908
874.290 571.541
874.585 493.743
874.880 603.847
875.174 607.909
875.469 614.095
875.764 645.367
876.058 566.645
876.353 437.257
876.647 453.058
876.942 541.885
877.237 576.703
877.531 644.719
877.826 671.761
878.121 605.217
878.415 553.370
878.710 566.013
879.005 689.717
879.299 599.182
879.594 524.687
879.889 426.460
880.183 449.122
880.478 501.193
880.773 522.676
881.067 549.671
881.362 528.193
881.656 521.611
881.951 561.879
882.246 460.610
882.540 502.167
882.835 539.395
883.130 534.318
883.424 477.000
883.719 491.677
884.014 590.615
884.308 525.424
884.603 474.048
884.898 516.247
885.192 570.865
885.487 559.131
885.782 522.495
886.076 581.816
886.371 584.372
886.666 453.813
886.960 491.050
887.255 482.563
887.549 408.430
887.844 648.833
888.139 756.733
888.433 613.047
888.728 520.493
889.023 601.320
889.317 638.383
889.612 492.566
889.907 524.883
890.201 558.520
890.496 564.225
890.791 551.368
891.085 532.356
891.380 525.304
891.675 501.926
891.969 584.974
892.264 491.807
892.559 526.642
892.853 693.929
893.148 582.729
893.442 476.866
893.737 569.888
894.032 527.104
894.326 446.937
894.621 449.590
894.916 413.840
895.210 504.233
895.505 583.317
895.800 475.089
896.094 416.007
896.389 481.329
896.684 538.301
896.978 514.004
897.273 432.694
897.568 554.229
897.862 609.547
898.157 541.474
898.451 659.662
898.746 664.096
899.041 684.179
899.335 605.357
899.630 514.591
899.925 537.173
900.219 588.555
900.514 700.523
900.809 549.376
901.103 417.859
901.398 574.173
901.693 508.931
901.987 478.199
902.282 578.406
902.577 473.291
902.871 372.165
903.166 518.804
903.461 631.776
903.755 622.520
904.050 551.622
904.344 430.538
904.639 432.852
904.934 417.989
905.228 437.635
905.523 433.417
905.818 482.585
906.112 631.243
906.407 566.507
906.702 492.495
906.996 524.579
907.291 511.542
907.586 458.994
907.880 643.723
908.175 580.681
908.470 564.326
908.764 635.575
909.059 706.538
909.354 626.631
909.648 524.016
909.943 579.733
910.237 660.400
910.532 699.200
910.827 728.540
911.121 723.713
911.416 644.170
911.711 623.039
912.005 613.146
912.300 570.928
912.599 689.080
912.898 614.158
913.196 568.567
913.495 629.800
913.794 747.151
914.093 615.547
914.391 566.468
914.690 652.018
914.989 576.072
915.288 705.207
915.586 680.366
915.885 481.275
916.184 427.778
916.483 445.611
916.782 581.795
917.080 629.737
917.379 575.376
917.678 492.987
917.977 650.348
918.275 671.786
918.574 616.781
918.873 660.111
919.172 625.220
919.471 501.061
919.769 547.308
920.068 541.676
920.367 522.626
920.666 532.329
920.964 626.119
921.263 536.775
921.562 446.122
921.861 584.890
922.159 544.327
922.458 548.216
922.757 565.389
923.056 592.021
923.355 560.469
923.653 645.688
923.952 599.073
924.251 501.247
924.550 699.779
924.848 724.590
925.147 549.350
925.446 513.198
925.745 621.584
926.043 626.815
926.342 591.740
926.641 510.341
926.940 580.090
927.239 572.796
927.537 698.352
927.836 598.561
928.135 570.372
928.434 679.265
928.732 624.904
929.031 642.185
929.330 728.640
929.629 682.871
929.927 644.122
930.226 596.741
930.525 649.127
930.824 730.417
931.123 696.107
931.421 710.155
931.720 628.825
932.019 694.068
932.318 702.359
932.616 671.867
932.915 634.195
933.214 631.825
933.513 620.012
933.812 584.589
934.110 668.772
934.409 796.632
934.708 696.608
935.007 937.255
935.305 873.546
935.604 617.438
935.903 763.365
936.202 778.923
936.500 838.899
936.799 1003.220
937.098 944.093
937.397 873.177
937.696 752.756
937.994 714.797
938.293 838.107
938.592 667.587
938.891 686.622
939.189 735.552
939.488 875.311
939.787 1070.779
940.086 856.992
940.384 868.742
940.683 851.991
940.982 726.310
941.281 840.375
941.580 1147.056
941.878 1125.074
942.177 856.454
942.476 919.678
942.775 925.077
943.073 729.569
943.372 706.518
943.671 949.932
943.970 1032.009
944.268 882.681
944.567 795.146
944.866 825.861
945.165 846.565
945.464 737.089
945.762 668.962
946.061 900.178
946.360 956.737
946.659 969.829
946.957 964.264
947.256 911.872
947.555 848.609
947.854 884.146
948.153 800.539
948.451 782.112
948.750 861.305
949.049 856.960
949.348 1069.888
949.646 916.930
949.945 821.428
950.244 973.069
950.543 831.170
950.841 797.415
951.140 754.734
951.439 576.975
951.738 666.345
952.037 776.457
952.335 876.263
952.634 830.478
952.933 734.170
953.232 695.318
953.530 476.786
953.829 736.695
954.128 912.584
954.427 830.016
954.725 893.068
955.024 849.300
955.323 865.028
955.622 665.287
955.921 593.243
956.219 755.384
956.518 670.516
956.817 687.106
957.116 747.028
957.414 686.612
957.713 589.501
958.012 527.794
958.311 511.376
958.610 689.060
958.908 781.186
959.207 795.065
959.506 794.869
959.805 786.720
960.103 773.350
960.402 759.151
960.701 668.179
961.000 632.561
961.298 611.820
961.597 720.451
961.896 578.539
962.195 613.074
962.494 752.641
962.792 658.301
963.091 616.763
963.390 631.222
963.689 613.574
963.987 717.550
964.286 806.997
964.585 786.121
964.884 736.934
965.182 584.101
965.481 940.290
965.780 1030.588
966.080 876.867
966.380 821.154
966.680 703.211
966.981 676.827
967.281 710.574
967.581 649.815
967.881 709.525
968.181 690.344
968.481 655.574
968.781 632.228
969.082 506.406
969.382 628.907
969.682 688.310
969.982 690.421
970.282 744.303
970.582 595.779
970.882 509.544
971.183 722.584
971.483 699.823
971.783 645.761
972.083 711.090
972.383 823.110
972.683 723.078
972.983 747.071
973.284 629.566
973.584 608.328
973.884 633.706
974.184 677.313
974.484 727.536
974.784 542.362
975.084 515.585
975.385 582.807
975.685 685.073
975.985 663.010
976.285 654.187
976.585 668.461
976.885 589.618
977.185 607.900
977.486 598.570
977.786 630.251
978.086 749.551
978.386 684.977
978.686 561.435
978.986 556.828
979.286 575.836
979.587 651.844
979.887 576.851
980.187 532.859
980.487 482.867
980.787 626.875
981.087 622.882
981.387 784.890
981.688 664.898
981.988 502.906
982.288 535.913
982.588 580.921
982.888 635.929
983.188 615.936
983.488 702.944
983.789 661.952
984.089 619.960
984.389 605.967
984.689 550.975
984.989 503.983
985.289 554.990
985.589 729.998
985.890 679.005
986.190 538.013
986.490 554.021
986.790 673.028
987.090 620.036
987.390 659.043
987.690 640.051
987.991 503.059
988.291 555.066
988.591 574.074
988.891 464.081
989.191 485.089
989.491 655.096
989.791 640.104
990.092 628.112
990.392 662.119
990.692 659.127
990.992 664.134
991.292 550.142
991.592 659.149
991.892 648.157
992.193 712.164
992.493 697.172
992.793 584.179
993.093 565.186
993.393 538.194
993.693 589.201
993.993 638.209
994.294 730.216
994.594 659.224
994.894 555.231
995.194 567.238
995.494 468.246
995.794 519.253
996.094 568.261
996.395 640.268
996.695 728.275
996.995 556.283
997.295 505.290
997.595 533.298
997.895 502.305
998.195 465.312
998.496 466.320
998.796 443.327
999.096 708.334
999.396 652.341
999.696 637.349
999.996 662.356
1000.296 758.363
1000.597 762.371
1000.897 618.378
1001.197 555.385
1001.497 722.393
1001.797 589.400
1002.097 501.407
1002.397 555.414
1002.698 640.422
1002.998 746.429
1003.298 697.436
1003.598 568.443
1003.898 504.450
1004.198 651.458
1004.498 735.465
1004.799 671.472
1005.099 709.479
1005.399 699.486
1005.699 701.494
1005.999 687.501
1006.299 606.508
1006.599 809.515
1006.900 791.522
1007.200 624.529
1007.500 623.536
1007.800 635.544
1008.100 577.551
1008.400 504.558
1008.700 553.565
1009.001 584.572
1009.301 574.579
1009.601 721.586
1009.901 788.593
1010.201 647.600
1010.501 619.607
1010.801 741.614
1011.102 579.622
1011.402 633.629
1011.702 591.636
1012.002 524.643
1012.302 654.650
1012.602 611.657
1012.902 593.664
1013.203 630.671
1013.503 673.678
1013.803 666.685
1014.103 503.692
1014.403 618.699
1014.703 548.706
1015.003 468.713
1015.304 703.720
1015.604 775.727
1015.904 529.734
1016.204 510.740
1016.504 538.747
1016.804 564.754
1017.104 567.761
1017.405 596.768
1017.705 584.775
1018.005 551.782
1018.305 557.789
1018.605 555.796
1018.905 429.803
1019.205 433.810
1019.506 809.816
1019.806 809.823
1020.106 726.830
1020.406 731.837
1020.706 640.844
1021.006 669.851
1021.306 829.858
1021.607 648.864
1021.907 732.871
1022.207 700.878
1022.507 597.885
1022.807 616.892
1023.107 639.898
1023.407 568.905
1023.708 556.912
1024.008 515.919
1024.308 575.926
1024.608 561.932
1024.908 491.939
1025.208 617.946
1025.508 809.953
1025.809 780.959
1026.109 591.966
1026.409 673.973
1026.709 679.980
1027.009 632.986
1027.309 691.993
1027.609 605.000
1027.910 589.006
1028.210 690.013
1028.510 763.020
1028.810 919.026
1029.110 852.033
1029.410 724.040
1029.710 730.047
1030.011 691.053
1030.311 749.060
1030.611 625.066
1030.911 638.073
1031.211 720.080
1031.511 594.086
1031.811 780.093
1032.112 772.100
1032.412 676.106
1032.712 522.113
1033.012 586.119
1033.312 772.126
1033.612 694.133
1033.912 642.139
1034.212 603.146
1034.513 599.152
1034.813 588.159
1035.113 639.165
1035.413 503.172
1035.713 542.179
1036.013 633.185
1036.313 661.192
1036.614 724.198
1036.914 627.205
1037.214 500.211
1037.514 651.218
1037.814 584.224
1038.114 566.231
1038.414 551.237
1038.715 650.244
1039.015 549.250
1039.315 447.257
1039.615 628.263
1039.915 604.270
1040.215 566.276
1040.515 592.282
1040.816 652.289
1041.116 656.295
1041.416 590.302
1041.716 510.308
1042.016 532.315
1042.316 724.321
1042.616 628.328
1042.917 517.334
1043.217 576.340
1043.517 639.347
1043.817 616.353
1044.117 560.359
1044.417 575.366
1044.717 564.372
1045.018 582.379
1045.318 685.385
1045.618 727.391
1045.918 650.398
1046.218 550.404
1046.518 538.410
1046.818 585.417
1047.119 504.423
1047.419 718.429
1047.719 715.436
1048.019 582.442
1048.319 622.448
1048.619 644.455
1048.919 637.461
1049.220 623.467
1049.520 670.473
1049.820 602.480
1050.120 462.486
1050.420 652.492
1050.720 635.498
1051.020 590.505
1051.321 679.511
1051.621 778.517
1051.921 644.523
1052.221 514.530
1052.521 435.536
1052.821 436.542
1053.121 581.548
1053.422 668.555
1053.722 735.561
1054.022 628.567
1054.322 772.573
1054.622 656.579
1054.922 559.586
1055.222 677.592
1055.523 690.598
1055.823 678.604
1056.123 713.610
1056.423 632.616
1056.723 659.623
1057.023 602.629
1057.323 493.635
1057.624 610.641
1057.924 685.647
1058.224 685.653
1058.524 596.659
1058.824 665.665
1059.124 628.672
1059.424 573.678
1059.725 679.684
1060.025 623.690
1060.325 584.696
1060.625 554.702
1060.925 515.708
1061.225 561.714
1061.525 712.720
1061.826 601.726
1062.126 591.732
1062.426 655.738
1062.726 721.744
1063.026 700.750
1063.326 813.756
1063.626 797.762
1063.927 699.769
1064.227 653.775
1064.527 535.781
1064.827 645.787
1065.127 632.793
1065.427 466.799
1065.727 461.805
1066.028 645.811
1066.328 658.816
1066.628 475.822
1066.928 499.828
1067.228 558.834
1067.528 523.840
1067.828 530.846
1068.129 494.852
1068.429 661.858
1068.729 726.864
1069.029 624.870
1069.329 514.876
1069.629 591.882
1069.929 699.888
1070.230 760.894
1070.530 682.900
1070.830 582.906
1071.130 670.911
1071.430 682.917
1071.730 709.923
1072.030 749.929
1072.331 546.935
1072.631 596.941
1072.931 656.947
1073.231 624.953
1073.531 584.958
1073.831 613.964
1074.131 691.970
1074.432 754.976
1074.732 628.982
1075.032 489.988
1075.332 464.993
1075.632 587.999
1075.932 564.005
1076.232 498.011
1076.533 499.017
1076.833 626.023
1077.133 608.028
1077.433 527.034
1077.733 507.040
1078.033 669.046
1078.333 670.051
1078.634 625.057
1078.934 612.063
1079.234 557.069
1079.534 705.074
1079.834 720.080
1080.134 694.086
1080.434 709.092
1080.735 637.097
1081.035 604.103
1081.335 503.109
1081.635 530.115
1081.935 600.120
1082.235 565.126
1082.535 565.132
1082.836 597.137
1083.136 634.143
1083.436 727.149
1083.736 700.155
1084.036 542.160
1084.336 505.166
1084.636 580.172
1084.937 709.177
1085.237 773.183
1085.537 690.189
1085.837 700.194
1086.137 641.200
1086.437 725.205
1086.737 643.211
1087.038 634.217
1087.338 774.222
1087.638 735.228
1087.938 542.234
1088.238 440.239
1088.538 553.245
1088.838 690.250
1089.139 675.256
1089.439 478.262
1089.739 655.267
1090.039 671.273
1090.339 708.278
1090.639 630.284
1090.939 663.290
1091.240 565.295
1091.540 632.301
1091.840 633.306
1092.140 693.312
1092.453 670.317
1092.766 597.323
1093.079 521.328
1093.392 570.334
1093.705 574.339
1094.018 647.345
1094.330 787.350
1094.643 703.356
1094.956 772.362
1095.269 613.367
1095.582 623.373
1095.895 575.378
1096.208 544.384
1096.521 601.389
1096.834 674.394
1097.147 618.400
1097.460 689.405
1097.773 758.411
1098.085 590.416
1098.398 559.422
1098.711 551.427
1099.024 466.433
1099.337 639.438
1099.650 737.444
1099.963 683.449
1100.276 553.454
1100.589 530.460
1100.902 617.465
1101.215 626.471
1101.528 720.476
1101.841 637.482
1102.153 685.487
1102.466 732.492
1102.779 568.498
1103.092 567.503
1103.405 629.508
1103.718 617.514
1104.031 585.519
1104.344 635.525
1104.657 612.530
1104.970 874.535
1105.283 681.541
1105.596 568.546
1105.909 584.551
1106.221 624.557
1106.534 608.562
1106.847 546.567
1107.160 456.573
1107.473 452.578
1107.786 559.583
1108.099 450.589
1108.412 521.594
1108.725 632.599
1109.038 552.605
1109.351 679.610
1109.664 678.615
1109.977 545.620
1110.289 574.626
1110.602 585.631
1110.915 551.636
1111.228 552.642
1111.541 517.647
1111.854 477.652
1112.167 445.657
1112.480 477.663
1112.793 505.668
1113.106 521.673
1113.419 575.678
1113.732 593.684
1114.044 547.689
1114.357 601.694
1114.670 596.699
1114.983 501.705
1115.296 542.710
1115.609 640.715
1115.922 642.720
1116.235 655.725
1116.548 608.731
1116.861 601.736
1117.174 572.741
1117.487 591.746
1117.800 784.751
1118.112 631.756
1118.425 596.762
1118.738 581.767
1119.051 559.772
1119.364 546.777
1119.677 627.782
1119.990 567.787
1120.303 622.793
1120.616 739.798
1120.929 593.803
1121.242 675.808
1121.555 677.813
1121.868 661.818
1122.180 596.823
1122.493 443.828
1122.806 470.834
1123.119 585.839
1123.432 657.844
1123.745 600.849
1124.058 547.854
1124.371 534.859
1124.684 642.864
1124.997 607.869
1125.310 553.874
1125.623 454.879
1125.935 379.884
1126.248 543.890
1126.561 699.895
1126.874 657.900
1127.187 717.905
1127.500 711.910
1127.813 654.915
1128.126 608.920
1128.439 583.925
1128.752 722.930
1129.065 557.935
1129.378 373.940
1129.691 557.945
1130.003 650.950
1130.316 551.955
1130.629 491.960
1130.942 581.965
1131.255 617.970
1131.568 543.975
1131.881 581.980
1132.194 645.985
1132.507 637.990
1132.820 597.995
1133.133 652.000
1133.446 573.005
1133.759 762.010
1134.071 1151.015
1134.384 838.020
1134.697 743.025
1135.010 849.030
1135.323 709.035
1135.636 519.040
1135.949 523.044
1136.262 555.049
1136.575 593.054
1136.888 587.059
1137.201 578.064
1137.514 564.069
1137.826 647.074
1138.139 577.079
1138.452 603.084
1138.765 766.089
1139.078 749.094
1139.391 770.098
1139.704 714.103
1140.017 721.108
1140.330 593.113
1140.643 505.118
1140.956 545.123
1141.269 641.128
1141.582 665.133
1141.894 533.137
1142.207 729.142
1142.520 672.147
1142.833 714.152
1143.146 582.157
1143.459 479.162
1143.772 566.167
1144.085 650.171
1144.398 536.176
1144.711 542.181
1145.024 553.186
1145.337 601.191
1145.650 610.195
1145.962 551.200
1146.275 596.205
1146.588 477.210
1146.901 611.215
1147.214 620.220
1147.527 572.224
1147.840 671.229
1148.153 626.234
1148.466 613.239
1148.779 591.243
1149.092 687.248
1149.405 616.253
1149.718 670.258
1150.030 723.262
1150.343 638.267
1150.656 535.272
1150.969 558.277
1151.282 726.281
1151.595 666.286
1151.908 582.291
1152.221 411.296
1152.534 470.300
1152.847 750.305
1153.160 656.310
1153.473 663.315
1153.785 698.319
1154.098 657.324
1154.411 757.329
1154.724 622.333
1155.037 708.338
1155.350 686.343
1155.663 719.347
1155.976 594.352
1156.289 654.357
1156.602 518.362
1156.915 473.366
1157.228 479.371
1157.541 523.376
1157.853 544.380
1158.166 581.385
1158.479 689.389
1158.792 601.394
1159.105 592.399
1159.418 643.403
1159.731 630.408
1160.044 594.413
1160.357 764.417
1160.670 711.422
1160.983 508.427
1161.296 613.431
1161.609 725.436
1161.921 631.440
1162.234 594.445
1162.547 512.450
1162.860 492.454
1163.173 491.459
1163.486 608.463
1163.799 617.468
1164.112 594.473
1164.425 571.477
1164.738 520.482
1165.051 496.486
1165.364 545.491
1165.676 646.496
1165.989 680.500
1166.302 607.505
1166.615 667.509
1166.928 632.514
1167.241 688.518
1167.554 695.523
1167.867 695.527
1168.180 650.532
1168.493 529.537
1168.806 643.541
1169.119 630.546
1169.432 678.550
1169.744 653.555
1170.057 644.559
1170.370 754.564
1170.683 714.568
1170.996 615.573
1171.309 585.577
1171.622 577.582
1171.935 604.586
1172.248 771.591
1172.561 691.595
1172.874 654.600
1173.187 677.604
1173.500 634.609
1173.812 642.613
1174.125 652.618
1174.438 672.622
1174.751 543.626
1175.064 545.631
1175.377 679.635
1175.690 604.640
1176.003 526.644
1176.316 572.649
1176.629 606.653
1176.942 576.658
1177.255 537.662
1177.567 503.667
1177.880 518.671
1178.193 624.675
1178.506 564.680
1178.819 648.684
1179.132 725.689
1179.445 549.693
1179.758 690.697
1180.071 712.702
1180.384 513.706
1180.697 582.711
1181.010 686.715
1181.323 781.719
1181.635 777.724
1181.948 679.728
1182.261 531.733
1182.574 497.737
1182.887 586.741
1183.200 800.746
1183.513 781.750
1183.826 644.754
1184.139 650.759
1184.452 617.763
1184.765 528.768
1185.078 482.772
1185.391 547.776
1185.703 551.781
1186.016 493.785
1186.329 524.789
1186.642 617.794
1186.955 739.798
1187.268 609.802
1187.581 603.807
1187.894 559.811
1188.207 600.815
1188.520 570.820
1188.833 552.824
1189.146 498.828
1189.459 464.832
1189.771 546.837
1190.084 669.841
1190.397 557.845
1190.710 610.850
1191.023 651.854
1191.336 602.858
1191.649 575.862
1191.962 646.867
1192.275 523.871
1192.588 641.875
1192.901 822.880
1193.214 614.884
1193.526 585.888
1193.839 675.892
1194.152 550.897
1194.465 675.901
1194.778 620.905
1195.091 605.909
1195.404 598.914
1195.717 654.918
1196.030 705.922
1196.343 577.926
1196.656 515.930
1196.969 565.935
1197.282 611.939
1197.594 578.943
1197.907 747.947
1198.220 705.952
1198.533 571.956
1198.846 613.960
1199.159 514.964
1199.472 535.968
1199.785 633.973
1200.098 537.977
1200.411 713.981
1200.724 729.985
1201.037 691.989
1201.350 575.993
1201.662 504.998
1201.975 606.002
1202.288 565.006
1202.601 181.010
