165.028 66.059
165.288 -9.343
165.547 29.258
165.807 98.862
166.067 49.469
166.327 -27.921
166.587 -46.308
166.847 72.308
167.107 130.927
167.367 136.548
167.627 162.173
167.886 120.800
168.146 90.430
168.406 293.062
168.666 246.698
168.926 113.336
169.186 128.977
169.446 165.620
169.706 18.266
169.966 90.915
170.225 84.566
170.485 118.220
170.745 225.876
171.005 354.535
171.265 173.196
171.525 101.859
171.785 28.525
172.045 41.193
172.305 187.864
172.564 94.537
172.824 -37.788
173.084 122.890
173.344 107.569
173.604 144.251
173.864 206.935
174.124 139.622
174.384 105.310
174.644 219.001
174.903 338.693
175.163 321.388
175.423 332.084
175.683 138.783
175.943 248.483
176.203 217.186
176.463 129.890
176.723 104.597
176.983 97.305
177.242 132.015
177.502 344.727
177.762 405.440
178.022 97.156
178.282 80.873
178.542 111.591
178.802 126.312
179.062 118.034
179.322 300.758
179.581 324.483
179.841 142.210
180.101 215.938
180.361 226.668
180.621 241.400
180.881 205.133
181.141 143.867
181.401 116.603
181.661 189.340
181.920 354.079
182.180 204.819
182.440 102.560
182.700 103.303
182.960 142.047
183.220 201.792
183.480 376.538
183.740 203.286
184.000 135.035
184.259 16.785
184.519 147.536
184.779 171.288
185.039 209.041
185.299 315.795
185.559 329.551
185.819 351.307
186.079 318.064
186.339 221.823
186.598 174.582
186.858 77.342
187.118 98.103
187.378 205.865
187.638 215.628
187.898 290.392
188.158 312.156
188.418 147.922
188.678 116.688
188.937 180.455
189.197 239.222
189.457 244.990
189.717 223.759
189.977 132.529
190.237 103.299
190.497 255.070
190.757 248.841
191.017 211.613
191.276 150.386
191.536 167.159
191.796 138.933
192.056 121.707
192.316 160.481
192.576 129.256
192.836 86.032
193.096 135.808
193.356 196.584
193.616 134.361
193.875 113.138
194.135 131.915
194.395 299.693
194.655 332.471
194.915 268.249
195.175 220.027
195.435 328.806
195.695 134.585
195.955 -69.636
196.214 148.144
196.474 325.923
196.734 254.703
196.994 244.483
197.254 274.262
197.514 216.042
197.774 216.823
198.034 143.603
198.294 157.383
198.553 234.163
198.813 174.943
199.073 58.723
199.333 114.504
199.593 327.284
199.853 352.064
200.113 376.844
200.373 359.624
200.633 156.403
200.892 95.183
201.152 69.963
201.412 98.742
201.672 257.521
201.932 479.300
202.192 379.079
202.452 170.858
202.712 179.636
202.972 241.414
203.231 335.192
203.491 297.969
203.751 268.747
204.011 287.524
204.271 349.300
204.531 155.076
204.791 147.852
205.051 184.628
205.311 219.403
205.570 164.178
205.830 152.952
206.090 144.726
206.350 257.500
206.610 460.273
206.870 227.046
207.130 175.818
207.390 259.590
207.650 200.361
207.909 228.131
208.169 277.902
208.429 282.671
208.689 129.440
208.949 264.209
209.209 350.977
209.469 197.744
209.729 148.511
209.989 215.277
210.248 167.043
210.508 448.807
210.768 355.572
211.028 216.335
211.288 285.098
211.548 293.861
211.808 293.622
212.068 376.383
212.328 394.143
212.587 397.903
212.847 313.661
213.107 380.419
213.367 305.177
213.627 342.933
213.887 326.689
214.147 173.444
214.407 272.198
214.667 292.951
214.926 346.704
215.186 286.455
215.446 301.206
215.706 218.956
215.966 204.706
216.226 212.454
216.486 218.201
216.746 301.948
217.006 347.694
217.265 247.439
217.525 203.183
217.785 237.926
218.045 319.668
218.305 221.409
218.565 171.149
218.825 266.889
219.085 362.627
219.345 239.365
219.604 187.101
219.864 315.837
220.124 369.571
220.384 274.305
220.644 262.037
220.904 224.769
221.164 284.499
221.424 260.229
221.684 172.957
221.943 235.685
222.203 346.411
222.463 204.137
222.723 119.861
222.983 254.585
223.243 182.307
223.503 219.028
223.763 203.748
224.023 185.467
224.282 298.185
224.542 278.902
224.802 292.618
225.062 301.333
225.322 403.047
225.582 325.759
225.842 303.470
226.102 301.181
226.362 295.890
226.621 345.598
226.881 243.305
227.141 277.011
227.401 338.715
227.661 210.419
227.921 344.121
228.181 272.822
228.441 250.522
228.701 429.221
228.960 441.918
229.220 204.615
229.480 130.310
229.740 378.004
230.000 446.697
230.260 250.389
230.520 242.079
230.780 219.769
231.040 239.457
231.299 244.143
231.559 244.829
231.819 286.514
232.079 333.197
232.339 306.879
232.599 147.560
232.859 299.239
233.119 377.917
233.379 221.594
233.638 267.270
233.898 400.945
234.158 371.618
234.418 231.290
234.678 292.961
234.938 340.631
235.198 225.299
235.458 191.966
235.718 292.632
235.978 288.297
236.237 274.960
236.497 321.622
236.757 396.283
237.017 364.942
237.277 378.600
237.537 372.257
237.797 264.913
238.057 351.567
238.317 317.220
238.576 203.872
238.836 271.522
239.096 370.172
239.356 313.819
239.616 282.466
239.876 355.111
240.136 361.755
240.396 372.398
240.656 457.039
240.915 359.680
241.175 286.318
241.435 240.956
241.695 356.592
241.955 501.227
242.215 509.861
242.475 461.493
242.735 368.124
242.995 406.753
243.254 387.382
243.514 335.009
243.774 183.635
244.034 249.259
244.294 520.882
244.554 410.504
244.814 338.124
245.074 345.743
245.334 304.361
245.593 296.978
245.853 321.593
246.113 288.207
246.373 399.819
246.633 383.431
246.893 308.040
247.153 400.649
247.413 473.256
247.673 391.862
247.932 329.467
248.192 384.070
248.452 442.672
248.712 423.273
248.972 267.872
249.232 426.470
249.492 344.067
249.752 245.662
250.012 454.256
250.271 334.849
250.531 377.440
250.791 597.031
251.051 561.619
251.311 341.207
251.571 186.793
251.831 330.378
252.091 380.961
252.351 313.543
252.610 300.124
252.870 364.704
253.130 314.282
253.390 294.859
253.650 417.435
253.911 420.009
254.172 440.582
254.433 357.153
254.694 280.724
254.955 370.293
255.216 293.861
255.477 451.427
255.738 406.992
255.999 304.556
256.261 466.118
256.522 431.680
256.783 374.239
257.044 227.798
257.305 201.355
257.566 215.911
257.827 167.466
258.088 285.019
258.349 300.571
258.610 324.122
258.871 414.672
259.132 458.220
259.393 338.767
259.654 221.312
259.915 196.856
260.176 349.399
260.437 413.941
260.698 341.482
260.959 307.021
261.221 460.559
261.482 492.095
261.743 416.630
262.004 427.164
262.265 571.697
262.526 513.229
262.787 325.759
263.048 312.288
263.309 261.815
263.570 367.342
263.831 356.867
264.092 328.391
264.353 219.913
264.614 503.434
264.875 430.954
265.136 307.473
265.397 503.991
265.658 573.507
265.919 608.022
266.181 526.536
266.442 355.048
266.703 282.559
266.964 357.069
267.225 365.578
267.486 376.086
267.747 452.592
268.008 454.097
268.269 520.601
268.530 490.103
268.791 446.604
269.052 441.104
269.313 377.603
269.574 421.101
269.835 436.597
270.096 435.092
270.357 431.586
270.618 347.079
270.879 307.570
271.141 350.060
271.402 405.550
271.663 373.037
271.924 423.524
272.185 477.009
272.446 461.493
272.707 383.976
272.968 354.458
273.229 367.939
273.490 422.418
273.751 378.896
274.012 370.373
274.273 512.849
274.534 431.324
274.795 403.797
275.056 456.269
275.317 342.740
275.578 240.210
275.839 328.679
276.101 304.146
276.362 294.612
276.623 372.077
276.884 455.541
277.145 502.004
277.406 525.466
277.667 345.926
277.928 267.386
278.189 462.844
278.450 508.301
278.711 508.756
278.972 519.211
279.233 431.665
279.494 519.117
279.755 626.568
280.016 622.018
280.277 430.467
280.538 434.915
280.799 323.361
281.061 364.807
281.322 378.251
281.583 365.695
281.844 307.137
282.105 331.578
282.366 477.018
282.627 407.456
282.888 458.894
283.149 432.330
283.410 385.766
283.671 428.200
283.932 374.633
284.193 243.065
284.454 364.496
284.715 438.926
284.976 411.355
285.237 475.782
285.498 674.209
285.759 552.634
286.021 502.059
286.282 469.482
286.543 516.904
286.804 444.325
287.065 452.745
287.326 465.164
287.587 334.582
287.848 505.999
288.109 585.415
288.370 497.830
288.631 323.243
288.892 273.656
289.153 323.067
289.414 266.478
289.675 496.887
289.936 600.295
290.197 549.702
290.458 442.109
290.719 372.514
290.981 520.918
291.242 647.321
291.503 588.723
291.764 429.124
292.025 267.524
292.286 267.923
292.547 403.321
292.808 361.718
293.069 448.114
293.330 528.508
293.591 527.902
293.852 409.295
294.113 336.687
294.374 377.077
294.635 486.467
294.896 488.856
295.157 509.244
295.418 524.630
295.679 555.016
295.941 533.401
296.202 516.785
296.463 470.167
296.724 576.549
296.985 564.930
297.246 503.310
297.507 320.688
297.768 306.066
298.029 480.443
298.290 630.819
298.551 654.194
298.812 623.568
299.073 450.941
299.334 319.313
299.595 488.684
299.856 509.054
300.117 637.423
300.378 521.791
300.639 335.158
300.901 341.525
301.162 414.890
301.423 446.254
301.684 589.618
301.945 641.980
302.206 499.342
302.467 461.702
302.728 380.062
302.989 461.420
303.250 487.778
303.511 569.135
303.772 507.491
304.033 464.846
304.294 522.200
304.555 487.553
304.816 525.906
305.077 565.257
305.338 419.607
305.599 391.957
305.861 478.305
306.122 574.653
306.383 439.000
306.644 407.346
306.905 363.691
307.166 510.035
307.427 507.378
307.688 457.721
307.949 450.062
308.210 478.403
308.471 517.742
308.732 462.081
308.993 354.419
309.254 359.756
309.515 294.092
309.776 433.428
310.037 472.762
310.298 298.096
310.559 384.428
310.821 539.760
311.082 480.091
311.343 372.421
311.604 363.750
311.865 378.079
312.126 319.406
312.387 360.733
312.648 433.059
312.909 463.384
313.170 459.708
313.434 454.032
313.698 391.354
313.963 482.676
314.227 414.997
314.491 392.317
314.755 473.636
315.019 426.954
315.284 331.272
315.548 425.589
315.812 399.905
316.076 544.220
316.340 560.534
316.604 517.847
316.869 572.160
317.133 544.472
317.397 578.783
317.661 573.093
317.925 474.403
318.190 445.711
318.454 450.019
318.718 444.326
318.982 558.632
319.246 626.938
319.511 712.243
319.775 484.546
320.039 429.850
320.303 458.152
320.567 532.453
320.832 501.754
321.096 412.054
321.360 423.354
321.624 467.652
321.888 409.950
322.153 376.247
322.417 343.543
322.681 328.838
322.945 478.133
323.209 492.427
323.473 462.720
323.738 441.012
324.002 434.304
324.266 538.595
324.530 583.885
324.794 472.174
325.059 353.463
325.323 335.751
325.587 428.038
325.851 477.324
326.115 653.610
326.380 547.895
326.644 547.179
326.908 525.463
327.172 451.746
327.436 472.028
327.701 408.309
327.965 396.590
328.229 508.869
328.493 380.149
328.757 370.427
329.022 507.705
329.286 393.982
329.550 399.258
329.814 417.534
330.078 427.809
330.342 387.083
330.607 446.357
330.871 515.629
331.135 593.901
331.399 608.173
331.663 500.444
331.928 461.714
332.192 578.983
332.456 515.252
332.720 519.520
332.984 467.787
333.249 496.054
333.513 502.320
333.777 365.585
334.041 362.849
334.305 415.113
334.570 464.377
334.834 368.639
335.098 557.901
335.362 613.162
335.626 521.423
335.891 434.683
336.155 498.942
336.419 466.201
336.683 303.459
336.947 401.716
337.211 401.973
337.476 346.229
337.740 458.484
338.004 458.739
338.268 417.993
338.532 509.246
338.797 493.499
339.061 531.751
339.325 610.003
339.589 649.254
339.853 510.504
340.118 445.753
340.382 537.002
340.646 619.251
340.910 451.499
341.174 474.746
341.439 422.992
341.703 431.238
341.967 444.483
342.231 444.728
342.495 404.972
342.759 569.215
343.024 510.458
343.288 573.700
343.552 506.942
343.816 305.183
344.080 418.423
344.345 478.663
344.609 340.902
344.873 264.140
345.137 398.378
345.401 467.616
345.666 316.852
345.930 505.089
346.194 603.324
346.458 397.559
346.722 375.794
346.987 404.027
347.251 485.261
347.515 649.493
347.779 493.725
348.043 429.957
348.308 428.188
348.572 317.418
348.836 293.648
349.100 380.877
349.364 279.106
349.628 330.334
349.893 347.561
350.157 465.788
350.421 474.014
350.685 490.240
350.949 439.465
351.214 319.690
351.478 369.914
351.742 425.138
352.006 512.361
352.270 483.583
352.535 376.805
352.799 389.026
353.063 477.247
353.327 389.467
353.591 343.687
353.856 397.906
354.120 458.125
354.384 586.343
354.648 625.560
354.912 545.777
355.177 509.994
355.441 406.210
355.705 622.425
355.969 672.640
356.233 534.854
356.497 515.068
356.762 480.281
357.026 478.494
357.290 467.706
357.554 467.918
357.818 518.129
358.083 510.340
358.347 517.550
358.611 504.760
358.875 494.969
359.139 488.177
359.404 393.385
359.668 484.593
359.932 576.800
360.196 607.007
360.460 474.213
360.725 451.418
360.989 551.623
361.253 648.828
361.517 580.032
361.781 600.235
362.046 593.438
362.310 624.641
362.574 622.843
362.838 475.045
363.102 480.246
363.366 535.446
363.631 470.646
363.895 472.846
364.159 609.045
364.423 536.244
364.687 571.442
364.952 603.640
365.216 664.837
365.480 551.033
365.747 384.230
366.013 464.425
366.280 489.621
366.546 511.816
366.813 437.010
367.079 523.204
367.346 559.397
367.612 516.590
367.879 573.783
368.145 622.975
368.412 490.166
368.678 407.357
368.945 539.548
369.211 476.738
369.478 551.928
369.744 496.117
370.011 429.306
370.278 470.494
370.544 469.682
370.811 521.869
371.077 502.056
371.344 476.243
371.610 483.429
371.877 495.614
372.143 593.800
372.410 586.984
372.676 655.169
372.943 675.353
373.209 592.536
373.476 474.719
373.742 396.901
374.009 522.084
374.276 589.265
374.542 546.446
374.809 440.627
375.075 269.808
375.342 292.988
375.608 302.167
375.875 373.346
376.141 641.525
376.408 572.703
376.674 551.881
376.941 463.058
377.207 454.235
377.474 807.412
377.740 725.588
378.007 451.763
378.273 566.939
378.540 650.114
378.807 505.288
379.073 480.462
379.340 482.636
379.606 467.809
379.873 470.982
380.139 486.154
380.406 516.326
380.672 511.498
380.939 455.669
381.205 413.840
381.472 327.010
381.738 303.180
382.005 479.349
382.271 566.519
382.538 537.687
382.804 616.856
383.071 510.024
383.338 496.191
383.604 509.359
383.871 600.525
384.137 640.692
384.404 550.858
384.670 521.023
384.937 450.189
385.203 500.353
385.470 524.518
385.736 582.682
386.003 515.846
386.269 498.009
386.536 495.172
386.802 517.334
387.069 584.497
387.336 747.658
387.602 684.820
387.869 409.981
388.135 365.141
388.402 350.302
388.668 432.462
388.935 532.621
389.201 694.780
389.468 611.939
389.734 580.097
390.001 573.256
390.267 491.413
390.534 535.571
390.800 512.728
391.067 579.884
391.333 575.040
391.600 520.196
391.867 529.352
392.133 515.507
392.400 432.662
392.666 336.816
392.933 587.970
393.199 693.124
393.466 518.277
393.732 496.430
393.999 612.583
394.265 587.735
394.532 510.887
394.798 585.039
395.065 519.190
395.331 566.341
395.598 596.491
395.864 592.642
396.131 637.792
396.398 662.941
396.664 749.090
396.931 795.239
397.197 857.388
397.464 859.536
397.730 1057.684
397.997 1186.831
398.263 1214.978
398.530 1274.125
398.796 1486.272
399.063 1542.418
399.329 1510.563
399.596 1707.709
399.862 1695.854
400.129 1763.999
400.396 1768.143
400.662 1611.288
400.929 1707.431
401.195 1760.575
401.462 1822.718
401.728 1964.861
401.995 2012.003
402.261 1976.146
402.528 2052.287
402.794 2210.429
403.061 2454.570
403.327 2622.711
403.594 2509.852
403.860 2405.992
404.127 2437.132
404.393 2535.272
404.660 2594.411
404.931 2580.550
405.202 2604.689
405.473 2558.827
405.745 2692.965
406.016 3044.103
406.287 2985.240
406.558 2870.378
406.829 3003.514
407.100 3022.651
407.371 3296.787
407.642 3313.923
407.914 3095.059
408.185 3017.194
408.456 3080.329
408.727 3313.464
408.998 3407.598
409.269 3587.732
409.540 3646.866
409.811 3412.000
410.083 3354.133
410.354 3396.266
410.625 3347.398
410.896 3467.531
411.167 3603.663
411.438 3578.794
411.709 3249.926
411.981 3432.057
412.252 3124.188
412.523 2810.318
412.794 2857.449
413.065 2704.579
413.336 2391.708
413.607 2393.838
413.878 2358.967
414.150 2256.096
414.421 2055.224
414.692 1888.352
414.963 1743.480
415.234 1753.608
415.505 1657.735
415.776 1674.863
416.047 1613.989
416.319 1509.116
416.590 1235.242
416.861 935.368
417.132 1091.494
417.403 1092.619
417.674 970.745
417.945 777.870
418.217 737.994
418.488 837.118
418.759 715.243
419.030 579.366
419.301 619.490
419.572 725.613
419.843 721.736
420.114 621.859
420.386 592.981
420.657 704.104
420.928 626.225
421.199 601.347
421.470 541.468
421.741 429.590
422.012 485.710
422.283 510.831
422.555 554.951
422.826 638.071
423.097 657.191
423.368 601.311
423.639 454.430
423.910 550.549
424.181 550.668
424.453 464.786
424.724 678.905
424.995 767.023
425.266 563.140
425.537 489.258
425.808 675.375
426.079 708.492
426.350 579.609
426.622 524.725
426.893 620.842
427.164 593.958
427.435 530.073
427.706 529.189
427.977 533.304
428.248 520.419
428.519 583.534
428.791 514.648
429.062 619.762
429.333 516.876
429.604 418.990
429.875 543.104
430.146 639.217
430.417 650.330
430.689 647.443
430.960 506.555
431.231 489.667
431.502 641.779
431.773 631.891
432.044 588.003
432.315 738.114
432.586 683.225
432.858 665.336
433.129 546.447
433.400 568.557
433.671 579.667
433.942 488.777
434.213 400.887
434.484 467.996
434.755 583.105
435.027 442.214
435.298 524.323
435.569 599.432
435.840 478.540
436.116 525.648
436.391 563.756
436.667 577.863
436.942 673.971
437.218 716.078
437.493 721.185
437.769 729.291
438.045 625.398
438.320 588.504
438.596 566.610
438.871 504.716
439.147 511.822
439.422 493.927
439.698 410.032
439.974 404.137
440.249 578.242
440.525 647.346
440.800 458.450
441.076 498.554
441.351 637.658
441.627 699.762
441.903 633.865
442.178 484.968
442.454 508.071
442.729 727.174
443.005 573.276
443.281 667.379
443.556 746.481
443.832 586.582
444.107 431.684
444.383 487.786
444.658 557.887
444.934 426.988
445.210 612.089
445.485 711.189
445.761 738.290
446.036 644.390
446.312 674.490
446.587 707.589
446.863 537.689
447.139 573.788
447.414 575.887
447.690 575.986
447.965 653.085
448.241 583.184
448.516 566.282
448.792 615.380
449.068 591.478
449.343 584.576
449.619 505.673
449.894 567.770
450.170 550.868
450.445 681.964
450.721 734.061
450.997 508.158
451.272 623.254
451.548 530.350
451.823 471.446
452.099 568.542
452.375 465.637
452.650 500.732
452.926 569.828
453.201 584.923
453.477 840.017
453.752 700.112
454.028 534.206
454.304 584.300
454.579 679.394
454.855 608.488
455.130 605.582
455.406 798.675
455.681 744.768
455.957 602.861
456.233 576.954
456.508 596.047
456.784 649.139
457.059 608.231
457.335 718.323
457.610 627.415
457.886 555.507
458.162 559.598
458.437 593.690
458.713 669.781
458.988 671.872
459.264 725.962
459.539 670.053
459.815 546.143
460.091 493.234
460.366 472.324
460.642 472.413
460.917 558.503
461.193 595.593
461.468 547.682
461.744 541.771
462.020 487.860
462.295 515.949
462.571 503.037
462.846 597.126
463.122 683.214
463.397 643.302
463.673 518.871
463.949 534.943
464.224 554.011
464.500 584.068
464.775 529.739
465.051 543.739
465.327 609.304
465.602 717.565
465.878 793.293
466.153 655.861
466.429 827.431
466.704 1016.312
466.980 944.430
467.256 964.516
467.531 1114.716
467.807 1008.704
468.082 949.671
468.358 938.796
468.633 1016.006
468.909 915.689
469.185 894.583
469.460 1029.371
469.736 1080.845
470.011 889.590
470.287 928.015
470.562 989.446
470.838 832.102
471.114 957.269
471.389 965.434
471.665 983.683
471.940 1008.042
472.216 952.458
472.491 767.083
472.767 798.370
473.043 922.186
473.318 1000.362
473.594 837.844
473.869 750.275
474.145 699.493
474.421 685.334
474.696 703.728
474.972 621.024
475.247 645.184
475.523 711.819
475.798 706.511
476.074 639.682
476.350 667.258
476.625 663.943
476.901 709.896
477.176 699.071
477.452 574.330
477.727 567.290
478.003 453.989
478.279 643.094
478.554 745.817
478.830 682.566
479.105 682.275
479.381 704.989
479.656 590.464
479.932 624.393
480.208 704.812
480.483 683.955
480.759 664.823
481.034 587.462
481.310 566.328
481.585 597.522
481.861 633.890
482.137 521.547
482.412 649.872
482.688 663.704
482.963 661.109
483.239 731.666
483.514 559.397
483.790 585.355
484.066 769.661
484.341 614.278
484.617 542.953
484.892 676.276
485.168 680.331
485.443 559.451
485.719 579.406
485.995 682.498
486.270 600.627
486.546 460.047
486.821 431.436
487.097 427.696
487.373 522.022
487.648 704.138
487.924 694.669
488.199 481.878
488.475 302.186
488.750 322.254
489.026 538.540
489.302 529.780
489.577 482.273
489.853 522.029
490.128 637.673
490.404 646.905
490.679 491.399
490.955 649.347
491.231 741.304
491.506 660.887
491.782 562.682
492.057 509.364
492.333 589.669
492.608 539.837
492.884 517.402
493.160 409.839
493.435 479.340
493.711 625.488
493.986 555.405
494.262 496.215
494.537 480.598
494.813 579.274
495.089 451.229
495.364 497.467
495.640 553.528
495.915 540.826
496.191 684.676
496.467 611.528
496.742 592.877
497.018 628.667
497.293 534.954
497.569 637.330
497.844 568.363
498.120 660.511
498.396 713.477
498.671 615.942
498.947 680.558
499.222 601.780
499.498 609.411
499.773 684.106
500.049 684.541
500.325 604.453
500.600 630.730
500.876 705.503
501.151 840.386
501.427 858.366
501.702 893.467
501.978 886.499
502.254 926.620
502.529 859.357
502.805 1004.298
503.080 1110.216
503.356 1004.440
503.631 958.047
503.907 965.114
504.183 889.270
504.458 942.981
504.734 963.328
505.009 1026.084
505.285 1035.286
505.560 1049.472
505.836 1032.382
506.112 1002.084
506.387 921.178
506.663 857.623
506.938 854.655
507.214 862.809
507.490 910.488
507.765 862.207
508.041 909.699
508.316 977.373
508.592 852.609
508.867 822.640
509.143 915.345
509.419 820.937
509.694 700.999
509.970 684.012
510.245 642.666
510.521 701.086
510.796 630.519
511.072 584.628
511.348 620.414
511.623 601.534
511.899 583.898
512.174 679.706
512.450 760.443
512.725 659.314
513.001 539.793
513.277 492.786
513.552 690.490
513.828 660.589
514.103 612.709
514.379 773.137
514.654 621.085
514.930 575.721
515.206 899.064
515.481 762.715
515.757 598.696
516.032 613.825
516.308 755.264
516.583 857.025
516.859 783.361
517.135 790.236
517.410 851.927
517.686 884.056
517.961 851.073
518.237 778.675
518.513 753.024
518.788 965.120
519.064 994.203
519.339 972.033
519.615 979.839
519.890 1044.525
520.166 1077.295
520.442 1259.183
520.717 1289.077
520.993 1280.742
521.268 1161.183
521.544 1193.963
521.819 1160.986
522.095 1283.729
522.371 1428.288
522.646 1355.477
522.922 1497.913
523.197 1486.474
523.473 1545.395
523.748 1462.196
524.024 1413.448
524.300 1356.087
524.575 1333.176
524.851 1412.657
525.126 1405.625
525.402 1482.623
525.677 1581.243
525.953 1448.811
526.229 1398.196
526.504 1362.268
526.780 1504.424
527.055 1483.908
527.331 1516.498
527.606 1640.611
527.882 1550.099
528.158 1393.592
528.433 1605.534
528.709 1454.916
528.984 1461.688
529.260 1566.476
529.535 1620.741
529.811 1359.507
530.087 1271.706
530.362 1307.667
530.638 1339.186
530.913 1391.966
531.189 1382.746
531.465 1284.343
531.740 1271.145
532.016 1344.961
532.291 1255.072
532.567 1284.690
532.842 1279.898
533.118 1222.026
533.394 1298.994
533.669 1156.632
533.945 1013.689
534.220 1004.014
534.496 1123.837
534.771 1001.204
535.047 1059.794
535.323 1082.366
535.598 1030.631
535.874 1043.409
536.149 1036.661
536.425 943.794
536.700 909.600
536.976 1035.945
537.252 1288.241
537.527 1371.091
537.803 1591.183
538.078 1943.832
538.354 2113.008
538.629 2158.447
538.905 2386.846
539.181 2696.339
539.456 2838.403
539.732 3131.483
540.007 3288.494
540.283 3183.100
540.558 3261.944
540.834 3414.838
541.110 3651.934
541.385 3750.005
541.661 3834.215
541.936 3887.620
542.212 3864.876
542.488 3965.026
542.763 4127.615
543.039 4194.260
543.314 4303.438
543.590 4283.929
543.865 4283.980
544.141 4285.024
544.417 4248.331
544.692 4138.153
544.968 4220.627
545.243 4092.666
545.519 3838.404
545.794 3804.496
546.070 3783.671
546.348 3618.332
546.627 3339.437
546.905 3498.034
547.183 3411.692
547.461 3450.470
547.740 3504.145
548.018 3384.417
548.296 3257.967
548.575 3201.413
548.853 3177.629
549.131 3348.482
549.409 3493.027
549.688 3687.520
549.966 3806.616
550.244 3852.300
550.523 3859.432
550.801 3971.501
551.079 4026.968
551.357 4138.787
551.636 4063.599
551.914 4021.115
552.192 4001.439
552.471 4196.948
552.749 4292.174
553.027 4275.201
553.306 4333.975
553.584 4526.746
553.862 4545.922
554.140 4736.539
554.419 4838.242
554.697 4918.602
554.975 5060.607
555.254 5267.828
555.532 5029.331
555.810 5088.861
556.088 5233.817
556.367 5026.463
556.645 4807.611
556.923 4864.077
557.202 4804.003
557.480 4793.559
557.758 4569.750
558.036 4407.817
558.315 4291.874
558.593 4313.217
558.871 4153.533
559.150 3944.585
559.428 3798.931
559.706 3563.032
559.984 3509.445
560.263 3580.358
560.541 3319.420
560.819 3122.277
561.098 2948.047
561.376 2772.130
561.654 2431.789
561.932 2072.287
562.211 1991.501
562.489 1954.080
562.767 1748.794
563.046 1490.191
563.324 1341.011
563.602 1364.437
563.880 1261.444
564.159 1280.681
564.437 1281.414
564.715 1034.126
564.994 937.240
565.272 994.865
565.550 831.921
565.828 749.269
566.107 892.410
566.385 843.254
566.663 700.453
566.942 714.617
567.220 768.454
567.498 899.043
567.776 755.816
568.055 674.128
568.333 740.517
568.611 763.180
568.890 695.785
569.168 612.229
569.446 624.457
569.725 630.296
570.003 516.328
570.281 522.672
570.559 617.492
570.838 651.045
571.116 734.083
571.394 760.287
571.673 731.969
571.951 701.653
572.229 627.908
572.507 657.715
572.786 668.124
573.064 634.736
573.342 626.988
573.621 530.692
573.899 549.270
574.177 722.700
574.455 722.470
574.734 613.630
575.012 680.207
575.290 627.046
575.569 653.192
575.847 660.744
576.125 617.606
576.403 547.527
576.682 620.869
576.960 694.055
577.243 699.319
577.527 608.423
577.810 495.164
578.093 526.265
578.377 573.789
578.660 561.972
578.944 559.048
579.227 546.335
579.510 617.284
579.794 566.350
580.077 559.883
580.360 581.312
580.644 551.146
580.927 524.895
581.210 557.739
581.494 525.026
581.777 589.221
582.061 561.959
582.344 520.686
582.627 492.810
582.911 544.695
583.194 531.306
583.477 567.275
583.761 583.283
584.044 692.106
584.327 656.873
584.611 539.031
584.894 587.023
585.178 576.074
585.461 584.105
585.744 676.053
586.028 574.769
586.311 590.809
586.594 653.848
586.878 558.888
587.161 569.927
587.444 642.967
587.728 622.006
588.011 645.045
588.295 511.084
588.578 535.588
588.861 680.482
589.145 585.202
589.428 572.814
589.711 493.280
589.995 485.833
590.278 619.737
590.562 554.396
590.845 495.939
591.128 731.011
591.412 666.179
591.695 534.016
591.978 689.210
592.262 679.947
592.545 519.108
592.828 648.407
593.112 597.948
593.395 549.132
593.679 484.878
593.962 642.286
594.245 634.720
594.529 534.260
594.812 436.351
595.095 399.012
595.379 632.616
595.662 657.139
595.945 548.282
596.229 507.101
596.512 515.044
596.796 559.199
597.079 628.980
597.362 743.868
597.646 709.539
597.929 562.197
598.212 558.714
598.496 612.110
598.779 716.182
599.062 782.358
599.346 645.179
599.629 575.545
599.913 603.586
600.196 657.809
600.479 669.993
600.763 629.310
601.046 526.830
601.329 551.991
601.613 617.364
601.896 558.402
602.179 638.439
602.463 606.059
602.746 642.440
603.030 762.318
603.313 682.116
603.596 543.780
603.880 585.439
604.163 639.396
604.446 625.093
604.730 516.411
605.013 597.154
605.296 621.280
605.580 530.228
605.863 596.864
606.147 576.331
606.430 575.386
606.713 657.049
606.997 574.476
607.280 728.547
607.563 618.014
607.847 542.175
608.130 599.099
608.414 673.890
608.697 632.828
608.980 583.531
609.264 710.608
609.547 621.798
609.830 613.017
610.114 645.372
610.397 611.126
610.680 652.636
610.964 631.401
611.247 638.297
611.531 569.281
611.814 458.422
612.097 507.524
612.381 676.667
612.664 852.046
612.947 698.989
613.231 543.968
613.514 542.571
613.797 687.006
614.081 735.173
614.364 674.302
614.648 640.937
614.931 626.235
615.214 604.657
615.498 635.767
615.781 694.497
616.064 596.105
616.348 727.043
616.631 769.172
616.914 803.881
617.198 759.386
617.481 660.896
617.765 667.498
618.048 772.830
618.331 684.017
618.615 586.900
618.898 753.929
619.181 779.653
619.465 740.892
619.748 666.741
620.031 556.542
620.315 573.975
620.598 638.069
620.882 743.998
621.165 874.989
621.448 752.755
621.732 686.870
622.015 588.395
622.298 599.571
622.582 699.004
622.865 664.770
623.148 580.886
623.432 682.181
623.715 640.172
623.999 801.970
624.282 745.578
624.565 797.413
624.849 679.739
625.132 554.125
625.415 837.424
625.699 909.946
625.982 720.271
626.265 611.547
626.549 584.699
626.832 740.286
627.116 764.561
627.399 553.482
627.682 546.349
627.966 604.240
628.249 657.990
628.532 608.114
628.816 753.365
629.099 617.371
629.383 602.770
629.666 625.573
629.949 560.986
630.233 545.985
630.516 629.626
630.799 703.584
631.083 627.568
631.366 579.119
631.649 533.742
631.933 450.977
632.216 553.637
632.500 648.013
632.783 666.543
633.066 646.871
633.350 651.789
633.633 738.062
633.916 709.291
634.200 628.661
634.483 635.750
634.766 686.489
635.050 646.461
635.333 580.223
635.617 619.036
635.900 663.389
636.183 682.030
636.467 662.510
636.750 689.591
637.033 699.996
637.317 606.798
637.600 616.594
637.883 649.846
638.167 645.512
638.450 638.713
638.734 621.887
639.017 707.121
639.300 767.074
639.584 661.614
639.867 849.668
640.150 819.761
640.434 808.563
640.717 789.143
641.000 786.367
641.284 898.544
641.567 805.867
641.851 809.058
642.134 949.982
642.417 888.374
642.701 936.005
642.984 937.961
643.267 906.973
643.551 819.922
643.834 753.239
644.117 824.658
644.401 861.072
644.684 960.443
644.968 1065.560
645.251 993.293
645.534 906.078
645.818 927.681
646.101 1014.964
646.384 1150.202
646.668 1225.346
646.951 1203.777
647.235 1268.845
647.518 1358.157
647.801 1576.229
648.085 1727.828
648.368 1814.065
648.651 1887.400
648.935 2127.327
649.218 2344.868
649.501 2360.300
649.785 2522.887
650.068 2827.674
650.352 2958.794
650.635 3078.819
650.918 3167.851
651.202 3411.240
651.485 3641.476
651.768 3848.386
652.052 4025.291
652.335 4277.515
652.618 4547.405
652.902 4778.900
653.185 5258.309
653.469 5315.318
653.752 5407.257
654.035 5632.742
654.319 5947.229
654.602 6084.745
654.885 6083.960
655.169 6149.150
655.452 6134.706
655.735 6147.123
656.019 6324.000
656.302 6276.561
656.586 6428.685
656.869 6608.998
657.152 6529.083
657.436 6410.103
657.719 6424.627
658.002 6457.221
658.286 6274.882
658.569 5956.596
658.852 5920.149
659.136 5974.837
659.419 5819.534
659.703 5672.353
659.986 5670.350
660.269 5647.326
660.553 5590.801
660.836 5644.690
661.119 5758.538
661.403 5772.330
661.686 5743.087
661.969 5797.030
662.253 5715.963
662.536 5783.063
662.820 6066.491
663.103 6020.879
663.386 6007.721
663.670 6000.648
663.953 5938.933
664.236 6068.583
664.520 5905.489
664.803 5817.370
665.086 5791.265
665.370 5758.659
665.653 5752.606
665.937 5611.408
666.220 5423.807
666.503 5404.564
666.787 5177.410
667.070 4859.707
667.353 4512.172
667.637 3991.890
667.920 3863.113
668.204 3444.613
668.487 2881.058
668.770 2711.921
669.054 2376.916
669.337 2043.993
669.620 1785.100
669.904 1592.880
670.187 1496.670
670.470 1483.938
670.754 1342.127
671.037 1184.366
671.321 1087.166
671.604 1068.876
671.887 1009.607
672.171 1024.985
672.454 1020.896
672.737 1010.718
673.021 979.986
673.304 928.656
673.587 1154.555
673.871 1240.289
674.154 1230.581
674.438 1275.037
674.721 1265.813
675.004 1284.630
675.288 1300.088
675.571 1272.616
675.854 1257.194
676.138 1239.959
676.421 1216.496
676.704 1191.952
676.988 1236.155
677.271 1381.052
677.555 1257.376
677.838 1102.283
678.121 1051.583
678.405 938.878
678.688 1025.860
678.971 826.769
679.255 934.678
679.538 1077.857
679.821 1109.002
680.105 949.224
680.388 841.253
680.672 783.940
680.955 797.479
681.238 747.345
681.522 692.539
681.805 794.835
682.088 915.907
682.372 934.614
682.655 823.924
682.938 917.894
683.222 930.445
683.505 773.658
683.789 858.322
684.072 882.381
684.355 926.369
684.639 892.991
684.922 742.703
685.205 755.254
685.489 889.934
685.772 860.585
686.056 857.326
686.339 926.388
686.622 727.193
686.906 667.718
687.189 804.486
687.472 993.446
687.756 834.978
688.039 700.175
688.322 642.788
688.606 878.720
688.889 845.342
689.173 777.516
689.456 923.678
689.739 926.834
690.023 853.942
690.306 826.854
690.589 795.808
690.873 844.952
691.156 881.397
691.439 808.580
691.723 724.316
692.006 827.178
692.290 830.680
692.573 935.760
692.856 1019.854
693.140 981.536
693.423 894.622
693.706 840.650
693.990 804.809
694.273 819.497
694.556 1003.401
694.840 1022.045
695.123 939.401
695.407 927.103
695.690 836.648
695.973 857.122
696.257 937.621
696.540 1068.367
696.830 929.574
697.120 974.818
697.410 990.267
697.699 947.223
697.989 1187.054
698.279 1065.217
698.569 966.812
698.859 1072.368
699.149 1101.895
699.439 976.175
699.729 927.242
700.018 944.611
700.308 1088.421
700.598 956.945
700.888 871.733
701.178 1043.459
701.468 1014.025
701.758 880.295
702.048 964.518
702.337 988.771
702.627 1047.342
702.917 950.492
703.207 872.064
703.497 929.559
703.787 822.114
704.077 797.812
704.366 824.344
704.656 692.144
704.946 636.089
705.236 622.488
705.526 767.597
705.816 849.455
706.106 590.404
706.396 649.598
706.685 669.531
706.975 556.345
707.265 489.852
707.555 637.817
707.845 647.476
708.135 590.014
708.425 516.152
708.715 517.672
709.004 692.083
709.294 669.377
709.584 665.119
709.874 735.159
710.164 689.815
710.454 611.159
710.744 578.987
711.034 647.471
711.323 661.965
711.613 626.552
711.903 737.068
712.193 761.670
712.483 591.583
712.773 574.887
713.063 548.264
713.352 556.025
713.642 592.104
713.932 704.140
714.222 716.421
714.512 662.242
714.802 641.284
715.092 700.413
715.382 588.826
715.671 561.647
715.961 585.633
716.251 507.618
716.541 579.334
716.831 637.451
717.121 487.986
717.411 618.172
717.701 707.186
717.990 606.727
718.280 517.717
718.570 527.288
718.860 550.659
719.150 551.204
719.440 583.140
719.730 605.684
720.019 775.927
720.309 688.817
720.599 628.664
720.889 538.021
721.179 590.671
721.469 668.842
721.759 610.059
722.049 607.202
722.338 532.437
722.628 577.667
722.918 620.318
723.208 669.607
723.498 566.741
723.788 594.255
724.078 732.868
724.368 684.156
724.657 578.506
724.947 619.585
725.237 668.464
725.527 666.553
725.817 619.642
726.107 600.182
726.397 545.075
726.686 484.165
726.976 558.652
727.266 604.126
727.556 520.005
727.846 667.672
728.136 690.255
728.426 591.806
728.716 560.817
729.005 671.301
729.295 587.986
729.585 486.234
729.875 495.969
730.165 601.221
730.455 623.548
730.745 597.959
731.035 615.453
731.324 697.409
731.614 613.549
731.904 523.784
732.194 627.787
732.484 606.043
732.774 572.988
733.064 569.115
733.354 446.565
733.643 522.037
733.933 574.178
734.223 553.729
734.513 703.845
734.803 711.379
735.093 585.544
735.383 563.673
735.672 608.613
735.962 654.832
736.252 498.785
736.542 536.020
736.832 537.017
737.122 407.170
737.412 462.090
737.702 653.926
737.991 646.093
738.281 597.235
738.571 570.144
738.861 563.410
739.151 531.932
739.441 627.789
739.731 534.395
740.021 561.082
740.310 638.577
740.600 679.699
740.890 462.615
741.180 526.725
741.470 584.986
741.760 646.208
742.050 759.750
742.339 673.239
742.629 585.226
742.919 695.036
743.209 500.691
743.499 502.194
743.789 551.224
744.079 626.489
744.369 686.224
744.658 568.672
744.948 373.077
745.238 515.189
745.528 569.717
745.818 697.284
746.108 631.825
746.398 679.144
746.688 607.662
746.977 755.644
747.267 628.552
747.557 660.009
747.847 758.436
748.137 654.731
748.427 561.217
748.717 485.100
749.006 434.884
749.296 559.836
749.586 531.436
749.876 603.696
750.166 533.993
750.456 578.411
750.746 620.922
751.036 529.123
751.325 655.887
751.615 625.591
751.905 633.600
752.195 613.251
752.485 583.269
752.775 614.901
753.065 564.869
753.355 704.025
753.644 729.067
753.934 609.795
754.224 585.128
754.514 758.424
754.804 524.983
755.094 404.639
755.384 441.767
755.674 579.197
755.963 711.611
756.253 659.130
756.543 667.513
756.833 684.953
757.123 654.162
757.413 575.439
757.703 524.200
757.992 487.031
758.282 550.816
758.572 558.422
758.862 476.027
759.152 533.331
759.442 529.800
759.732 629.847
760.022 732.377
760.311 653.654
760.601 498.741
760.891 624.512
761.181 670.133
761.471 640.643
761.761 562.755
762.051 568.814
762.341 660.814
762.630 690.701
762.920 580.949
763.210 592.640
763.500 641.406
763.793 558.844
764.086 600.150
764.379 589.503
764.671 738.413
764.964 624.747
765.257 559.372
765.550 572.613
765.843 507.105
766.136 585.751
766.429 559.558
766.722 562.032
767.014 529.290
767.307 412.015
767.600 437.207
767.893 468.914
768.186 442.721
768.479 575.802
768.772 730.052
769.064 644.383
769.357 597.427
769.650 550.666
769.943 702.192
770.236 639.772
770.529 524.505
770.822 511.417
771.115 575.949
771.407 718.827
771.700 742.052
771.993 743.828
772.286 669.431
772.579 692.966
772.872 580.079
773.165 494.409
773.457 551.885
773.750 625.112
774.043 553.483
774.336 537.897
774.629 571.102
774.922 621.140
775.215 576.756
775.508 567.554
775.800 579.071
776.093 645.129
776.386 650.532
776.679 534.385
776.972 595.831
777.265 866.743
777.558 883.995
777.850 681.113
778.143 677.108
778.436 699.938
778.729 681.160
779.022 661.075
779.315 554.558
779.608 440.001
779.900 465.142
780.193 507.369
780.486 503.863
780.779 555.530
781.072 521.922
781.365 599.693
781.658 569.186
781.951 504.944
782.243 606.152
782.536 686.702
782.829 662.621
783.122 655.609
783.415 636.912
783.708 659.997
784.001 696.121
784.293 692.124
784.586 754.572
784.879 762.603
785.172 624.718
785.465 513.135
785.758 551.226
786.051 571.281
786.344 653.154
786.636 819.989
786.929 599.784
787.222 509.728
787.515 483.698
787.808 553.676
788.101 510.734
788.394 694.565
788.686 827.447
788.979 754.289
789.272 733.571
789.565 696.925
789.858 573.188
790.151 504.844
790.444 513.850
790.737 515.379
791.029 531.331
791.322 605.198
791.615 586.663
791.908 634.803
792.201 641.171
792.494 611.633
792.787 632.951
793.079 764.205
793.372 623.020
793.665 651.572
793.958 612.703
794.251 620.694
794.544 695.788
794.837 794.203
795.130 704.487
795.422 666.615
795.715 581.884
796.008 611.421
796.301 619.182
796.594 608.240
796.887 707.856
797.180 713.561
797.472 559.039
797.765 434.427
798.058 513.690
798.351 487.298
798.644 479.336
798.937 473.368
799.230 533.668
799.523 879.180
799.815 830.341
800.108 573.127
800.401 478.425
800.694 642.589
800.987 580.148
801.280 564.339
801.573 637.280
801.865 686.245
802.158 609.726
802.451 576.806
802.744 613.747
803.037 644.699
803.330 575.427
803.623 694.627
803.915 662.705
804.208 530.514
804.501 620.680
804.794 624.698
805.087 549.087
805.380 461.023
805.673 532.648
805.966 625.755
806.258 592.328
806.551 656.784
806.844 622.662
807.137 648.427
807.430 492.167
807.723 478.125
808.016 745.207
808.308 782.938
808.601 588.609
808.894 508.318
809.187 563.224
809.480 635.106
809.773 584.231
810.066 587.850
810.359 672.041
810.651 657.266
810.944 442.908
811.237 470.614
811.530 629.053
811.825 549.905
812.119 502.946
812.414 397.006
812.709 557.017
813.003 581.437
813.298 490.873
813.593 592.186
813.887 543.017
814.182 826.080
814.476 790.384
814.771 761.971
815.066 665.875
815.360 522.935
815.655 479.250
815.950 559.100
816.244 615.065
816.539 671.379
816.834 636.734
817.128 686.377
817.423 726.465
817.718 883.104
818.012 681.733
818.307 409.531
818.602 558.111
818.896 638.326
819.191 579.386
819.486 592.951
819.780 691.832
820.075 855.296
820.369 806.407
820.664 628.166
820.959 710.996
821.253 710.710
821.548 594.661
821.843 631.216
822.137 723.362
822.432 662.383
822.727 620.335
823.021 586.549
823.316 713.612
823.611 753.864
823.905 597.013
824.200 508.385
824.495 656.096
824.789 679.317
825.084 671.238
825.379 606.559
825.673 645.228
825.968 694.227
826.262 637.772
826.557 673.826
826.852 666.755
827.146 666.768
827.441 655.470
827.736 718.813
828.030 638.825
828.325 475.740
828.620 640.297
828.914 736.634
829.209 597.654
829.504 791.303
829.798 756.837
830.093 584.803
830.388 517.163
830.682 493.399
830.977 658.171
831.271 674.658
831.566 510.761
831.861 533.716
832.155 554.379
832.450 655.616
832.745 741.585
833.039 636.537
833.334 552.519
833.629 614.203
833.923 553.928
834.218 575.277
834.513 548.962
834.807 519.866
835.102 443.447
835.397 462.439
835.691 483.248
835.986 521.096
836.281 478.441
836.575 516.145
836.870 565.931
837.164 551.833
837.459 483.924
837.754 570.850
838.048 513.271
838.343 537.292
838.638 590.370
838.932 600.591
839.227 602.776
839.522 622.026
839.816 592.084
840.111 558.649
840.406 554.881
840.700 735.291
840.995 880.006
841.290 870.988
841.584 672.859
841.879 731.395
842.174 678.852
842.468 660.132
842.763 550.639
843.057 581.768
843.352 635.263
843.647 655.764
843.941 618.072
844.236 652.402
844.531 728.077
844.825 699.282
845.120 769.325
845.415 790.372
845.709 689.026
846.004 741.815
846.299 617.080
846.593 708.752
846.888 671.459
847.183 624.509
847.477 586.852
847.772 637.870
848.066 645.426
848.361 693.607
848.656 677.308
848.950 638.869
849.245 770.049
849.540 663.655
849.834 757.212
850.129 770.709
850.424 669.426
850.718 643.772
851.013 708.153
851.308 612.061
851.602 653.406
851.897 779.204
852.192 870.425
852.486 750.461
852.781 631.344
853.076 727.578
853.370 748.498
853.665 802.287
853.959 770.788
854.254 674.141
854.549 898.899
854.843 785.017
855.138 668.092
855.433 685.468
855.727 806.878
856.022 713.324
856.317 657.227
856.611 715.444
856.906 603.060
857.201 661.814
857.495 797.930
857.790 774.705
858.085 667.452
858.379 646.375
858.674 585.344
858.969 540.362
859.263 603.777
859.558 660.164
859.852 577.407
860.147 655.101
860.442 773.184
860.736 599.646
861.031 671.538
861.326 758.674
861.620 656.428
861.915 734.683
862.210 744.132
862.504 610.859
862.799 709.546
863.094 714.431
863.388 603.584
863.683 648.555
863.978 628.269
864.272 655.379
864.567 623.947
864.861 570.296
865.156 529.347
865.451 459.578
865.745 604.835
866.040 735.477
866.335 806.064
866.629 762.036
866.924 628.421
867.219 579.040
867.513 703.506
867.808 657.929
868.103 578.272
868.397 594.905
868.692 608.866
868.987 531.572
869.281 540.501
869.576 675.160
869.871 723.545
870.165 610.999
870.460 505.820
870.754 576.395
871.049 505.818
871.344 594.926
871.638 616.867
871.933 531.919
872.228 568.808
872.522 561.807
872.817 703.454
873.112 930.471
873.406 733.612
873.701 743.378
873.996 686.440
874.290 622.553
874.585 537.859
874.880 666.349
875.174 637.347
875.469 577.804
875.764 602.353
876.058 608.533
876.353 492.380
876.647 473.651
876.942 519.272
877.237 520.662
877.531 582.159
877.826 664.550
878.121 645.555
878.415 589.871
878.710 542.751
879.005 637.198
879.299 602.419
879.594 542.970
879.889 418.409
880.183 443.901
880.478 576.435
880.773 544.556
881.067 518.388
881.362 600.224
881.656 580.399
881.951 578.946
882.246 485.016
882.540 515.468
882.835 543.468
883.130 535.632
883.424 527.760
883.719 489.327
884.014 585.538
884.308 575.906
884.603 540.741
884.898 520.259
885.192 623.646
885.487 589.329
885.782 499.457
886.076 623.568
886.371 591.039
886.666 413.837
886.960 472.615
887.255 467.725
887.549 466.898
887.844 616.148
888.139 676.007
888.433 644.564
888.728 514.654
889.023 542.194
889.317 582.022
889.612 465.484
889.907 469.505
890.201 571.284
890.496 597.314
890.791 525.240
891.085 499.190
891.380 517.734
891.675 524.384
891.969 557.078
892.264 476.319
892.559 497.912
892.853 652.818
893.148 603.401
893.442 548.602
893.737 607.295
894.032 525.712
894.326 432.329
894.621 464.056
894.916 410.682
895.210 432.355
895.505 588.104
895.800 517.014
896.094 397.841
896.389 459.632
896.684 540.436
896.978 486.128
897.273 418.031
897.568 545.763
897.862 569.242
898.157 592.240
898.451 711.357
898.746 614.020
899.041 655.317
899.335 625.210
899.630 511.412
899.925 529.568
900.219 591.579
900.514 658.298
900.809 539.068
901.103 404.016
901.398 572.763
901.693 547.588
901.987 508.869
902.282 601.924
902.577 512.909
902.871 406.400
903.166 532.551
903.461 603.571
903.755 622.886
904.050 567.222
904.344 420.134
904.639 451.156
904.934 456.956
905.228 480.268
905.523 454.525
905.818 502.773
906.112 644.223
906.407 569.582
906.702 503.713
906.996 546.627
907.291 506.466
907.586 453.021
907.880 649.541
908.175 562.868
908.470 543.785
908.764 638.668
909.059 699.620
909.354 645.249
909.648 528.952
909.943 541.746
910.237 668.089
910.532 661.990
910.827 725.243
911.121 679.128
911.416 591.231
911.711 584.806
912.005 642.061
912.300 665.394
912.599 713.503
912.898 621.005
913.196 598.623
913.495 639.448
913.794 699.196
914.093 594.563
914.391 604.050
914.690 661.719
914.989 629.666
915.288 712.110
915.586 642.421
915.885 483.521
916.184 385.000
916.483 406.584
916.782 574.650
917.080 649.847
917.379 580.458
917.678 494.303
917.977 665.846
918.275 661.754
918.574 628.542
918.873 669.034
919.172 619.888
919.471 484.326
919.769 535.291
920.068 536.323
920.367 542.143
920.666 497.164
920.964 574.574
921.263 575.690
921.562 509.243
921.861 610.440
922.159 568.956
922.458 564.115
922.757 593.008
923.056 540.646
923.355 520.696
923.653 666.640
923.952 598.474
924.251 459.309
924.550 654.844
924.848 655.806
925.147 551.719
925.446 541.363
925.745 642.846
926.043 600.311
926.342 579.142
926.641 557.730
926.940 609.568
927.239 599.344
927.537 673.492
927.836 668.791
928.135 630.603
928.434 703.032
928.732 641.625
929.031 641.557
929.330 730.062
929.629 711.017
929.927 694.983
930.226 628.196
930.525 634.975
930.824 761.058
931.123 674.544
931.421 702.172
931.720 706.316
932.019 798.399
932.318 780.510
932.616 669.066
932.915 621.677
933.214 689.724
933.513 672.775
933.812 623.428
934.110 671.407
934.409 793.713
934.708 729.695
935.007 985.253
935.305 949.584
935.604 636.464
935.903 770.863
936.202 852.922
936.500 923.287
936.799 1057.145
937.098 972.921
937.397 909.947
937.696 839.312
937.994 724.221
938.293 773.997
938.592 700.761
938.891 753.436
939.189 750.804
939.488 783.930
939.787 1065.823
940.086 881.060
940.384 895.730
940.683 883.464
940.982 765.087
941.281 889.274
941.580 1137.580
941.878 1104.001
942.177 872.917
942.476 928.958
942.775 890.487
943.073 741.866
943.372 690.938
943.671 866.903
943.970 1058.911
944.268 911.047
944.567 788.382
944.866 889.272
945.165 879.227
945.464 768.290
945.762 678.211
946.061 925.283
946.360 1076.697
946.659 1052.024
946.957 976.207
947.256 818.650
947.555 776.998
947.854 939.754
948.153 889.543
948.451 821.736
948.750 893.719
949.049 889.105
949.348 1092.312
949.646 853.401
949.945 761.035
950.244 937.129
950.543 855.792
950.841 828.573
951.140 775.116
951.439 635.277
951.738 635.534
952.037 740.523
952.335 862.543
952.634 838.662
952.933 775.559
953.232 842.469
953.530 564.480
953.829 827.493
954.128 970.614
954.427 886.371
954.725 932.927
955.024 913.552
955.323 962.915
955.622 762.817
955.921 651.654
956.219 769.092
956.518 670.951
956.817 771.760
957.116 792.428
957.414 703.550
957.713 660.350
958.012 606.580
958.311 564.184
958.610 760.328
958.908 780.450
959.207 796.627
959.506 808.980
959.805 817.812
960.103 780.571
960.402 747.102
960.701 678.756
961.000 648.714
961.298 564.070
961.597 711.896
961.896 754.164
962.195 718.911
962.494 805.030
962.792 747.805
963.091 663.465
963.390 604.144
963.689 629.266
963.987 751.672
964.286 886.733
964.585 853.975
964.884 739.491
965.182 638.423
965.481 997.663
965.780 1093.270
966.080 909.508
966.380 812.943
966.680 718.565
966.981 727.421
967.281 729.076
967.581 641.665
967.881 734.424
968.181 803.728
968.481 780.154
968.781 692.052
969.082 585.977
969.382 649.344
969.682 702.352
969.982 766.503
970.282 889.190
970.582 699.746
970.882 590.542
971.183 682.031
971.483 636.251
971.783 708.759
972.083 755.207
972.383 774.669
972.683 725.505
972.983 774.350
973.284 679.412
973.584 692.108
973.884 719.634
974.184 680.752
974.484 762.949
974.784 666.051
975.084 618.296
975.385 652.480
975.685 729.217
975.985 641.937
976.285 653.523
976.585 729.790
976.885 630.580
977.185 621.451
977.486 665.792
977.786 694.563
978.086 753.937
978.386 697.436
978.686 591.078
978.986 590.175
979.286 619.182
979.587 653.190
979.887 600.197
980.187 591.205
980.487 580.212
980.787 626.220
981.087 573.227
981.387 760.235
981.688 630.242
981.988 475.250
982.288 542.257
982.588 655.265
982.888 687.272
983.188 673.280
983.488 727.287
983.789 733.295
984.089 704.302
984.389 639.310
984.689 555.317
984.989 447.325
985.289 506.332
985.589 662.340
985.890 661.347
986.190 551.354
986.490 517.362
986.790 640.369
987.090 615.377
987.390 686.384
987.690 701.391
987.991 571.399
988.291 565.406
988.591 588.413
988.891 519.421
989.191 506.428
989.491 683.435
989.791 605.443
990.092 592.450
990.392 640.457
990.692 660.465
990.992 657.472
991.292 523.479
991.592 641.486
991.892 670.494
992.193 701.501
992.493 642.508
992.793 529.516
993.093 536.523
993.393 493.530
993.693 541.537
993.993 639.544
994.294 754.552
994.594 643.559
994.894 598.566
995.194 611.573
995.494 520.581
995.794 509.588
996.094 480.595
996.395 592.602
996.695 653.609
996.995 498.616
997.295 439.624
997.595 526.631
997.895 483.638
998.195 419.645
998.496 447.652
998.796 424.659
999.096 678.666
999.396 622.673
999.696 608.681
999.996 656.688
1000.296 740.695
1000.597 741.702
1000.897 611.709
1001.197 582.716
1001.497 738.723
1001.797 536.730
1002.097 469.737
1002.397 581.744
1002.698 606.751
1002.998 698.758
1003.298 668.765
1003.598 532.772
1003.898 516.779
1004.198 640.786
1004.498 728.793
1004.799 655.800
1005.099 649.807
1005.399 711.814
1005.699 738.821
1005.999 720.828
1006.299 610.835
1006.599 785.842
1006.900 776.849
1007.200 603.856
1007.500 602.863
1007.800 597.870
1008.100 515.877
1008.400 540.884
1008.700 575.890
1009.001 557.897
1009.301 523.904
1009.601 709.911
1009.901 784.918
1010.201 667.925
1010.501 601.932
1010.801 711.939
1011.102 575.945
1011.402 616.952
1011.702 530.959
1012.002 494.966
1012.302 649.973
1012.602 647.980
1012.902 562.986
1013.203 607.993
1013.503 696.000
1013.803 715.007
1014.103 565.014
1014.403 640.020
1014.703 550.027
1015.003 489.034
1015.304 660.041
1015.604 741.048
1015.904 515.054
1016.204 479.061
1016.504 576.068
1016.804 601.074
1017.104 611.081
1017.405 594.088
1017.705 561.095
1018.005 534.101
1018.305 572.108
1018.605 545.115
1018.905 440.121
1019.205 463.128
1019.506 797.135
1019.806 767.142
1020.106 664.148
1020.406 718.155
1020.706 700.161
1021.006 701.168
1021.306 805.175
1021.607 676.181
1021.907 747.188
1022.207 708.195
1022.507 514.201
1022.807 579.208
1023.107 641.215
1023.407 556.221
1023.708 587.228
1024.008 516.234
1024.308 578.241
1024.608 570.247
1024.908 455.254
1025.208 608.261
1025.508 773.267
1025.809 728.274
1026.109 576.280
1026.409 636.287
1026.709 692.293
1027.009 669.300
1027.309 650.306
1027.609 497.313
1027.910 501.319
1028.210 661.326
1028.510 745.332
1028.810 918.339
1029.110 801.345
1029.410 642.352
1029.710 744.358
1030.011 788.365
1030.311 752.371
1030.611 606.378
1030.911 663.384
1031.211 715.391
1031.511 585.397
1031.811 733.404
1032.112 728.410
1032.412 627.416
1032.712 484.423
1033.012 552.429
1033.312 808.436
1033.612 774.442
1033.912 650.448
1034.212 551.455
1034.513 558.461
1034.813 522.468
1035.113 628.474
1035.413 533.480
1035.713 576.487
1036.013 583.493
1036.313 580.499
1036.614 714.506
1036.914 629.512
1037.214 474.518
1037.514 632.525
1037.814 564.531
1038.114 568.537
1038.414 567.544
1038.715 649.550
1039.015 518.556
1039.315 427.563
1039.615 558.569
1039.915 536.575
1040.215 490.581
1040.515 556.588
1040.816 660.594
1041.116 588.600
1041.416 519.606
1041.716 500.613
1042.016 476.619
1042.316 650.625
1042.616 607.631
1042.917 508.638
1043.217 548.644
1043.517 616.650
1043.817 668.656
1044.117 633.662
1044.417 573.669
1044.717 543.675
1045.018 564.681
1045.318 697.687
1045.618 738.693
1045.918 638.700
1046.218 529.706
1046.518 550.712
1046.818 608.718
1047.119 493.724
1047.419 746.730
1047.719 748.736
1048.019 603.743
1048.319 644.749
1048.619 625.755
1048.919 691.761
1049.220 599.767
1049.520 633.773
1049.820 610.779
1050.120 515.785
1050.420 718.791
1050.720 697.797
1051.020 664.804
1051.321 647.810
1051.621 737.816
1051.921 636.822
1052.221 528.828
1052.521 514.834
1052.821 496.840
1053.121 582.846
1053.422 646.852
1053.722 766.858
1054.022 647.864
1054.322 753.870
1054.622 678.876
1054.922 526.882
1055.222 605.888
1055.523 621.894
1055.823 662.900
1056.123 668.906
1056.423 615.912
1056.723 714.918
1057.023 631.924
1057.323 475.930
1057.624 641.936
1057.924 715.942
1058.224 694.948
1058.524 554.954
1058.824 613.960
1059.124 648.966
1059.424 609.972
1059.725 672.977
1060.025 602.983
1060.325 589.989
1060.625 589.995
1060.925 574.001
1061.225 576.007
1061.525 669.013
1061.826 611.019
1062.126 631.025
1062.426 699.030
1062.726 688.036
1063.026 650.042
1063.326 857.048
1063.626 817.054
1063.927 635.060
1064.227 630.066
1064.527 507.071
1064.827 672.077
1065.127 651.083
1065.427 476.089
1065.727 433.095
1066.028 641.101
1066.328 696.106
1066.628 497.112
1066.928 484.118
1067.228 530.124
1067.528 500.130
1067.828 541.135
1068.129 470.141
1068.429 620.147
1068.729 728.153
1069.029 634.158
1069.329 508.164
1069.629 625.170
1069.929 686.176
1070.230 694.181
1070.530 692.187
1070.830 602.193
1071.130 654.199
1071.430 624.204
1071.730 646.210
1072.030 713.216
1072.331 579.222
1072.631 644.227
1072.931 677.233
1073.231 627.239
1073.531 599.244
1073.831 561.250
1074.131 698.256
1074.432 803.261
1074.732 605.267
1075.032 509.273
1075.332 479.278
1075.632 553.284
1075.932 538.290
1076.232 500.295
1076.533 497.301
1076.833 591.307
1077.133 603.312
1077.433 591.318
1077.733 585.323
1078.033 656.329
1078.333 638.335
1078.634 665.340
1078.934 682.346
1079.234 519.351
1079.534 703.357
1079.834 782.363
1080.134 734.368
1080.434 728.374
1080.735 615.379
1081.035 548.385
1081.335 456.391
1081.635 515.396
1081.935 581.402
1082.235 551.407
1082.535 580.413
1082.836 636.418
1083.136 658.424
1083.436 750.429
1083.736 670.435
1084.036 579.440
1084.336 521.446
1084.636 546.451
1084.937 685.457
1085.237 741.462
1085.537 673.468
1085.837 668.473
1086.137 624.479
1086.437 690.484
1086.737 626.490
1087.038 582.495
1087.338 731.501
1087.638 740.506
1087.938 537.512
1088.238 430.517
1088.538 575.523
1088.838 704.528
1089.139 729.533
1089.439 574.539
1089.739 665.544
1090.039 650.550
1090.339 677.555
1090.639 605.561
1090.939 641.566
1091.240 537.571
1091.540 572.577
1091.840 567.582
1092.140 653.588
1092.453 705.593
1092.766 599.598
1093.079 543.604
1093.392 571.609
1093.705 541.614
1094.018 592.620
1094.330 757.625
1094.643 686.631
1094.956 708.636
1095.269 617.641
1095.582 629.647
1095.895 514.652
1096.208 502.657
1096.521 610.663
1096.834 657.668
1097.147 624.673
1097.460 661.679
1097.773 732.684
1098.085 565.689
1098.398 482.694
1098.711 569.700
1099.024 495.705
1099.337 612.710
1099.650 761.716
1099.963 720.721
1100.276 534.726
1100.589 545.731
1100.902 600.737
1101.215 621.742
1101.528 665.747
1101.841 506.753
1102.153 579.758
1102.466 671.763
1102.779 509.768
1103.092 499.773
1103.405 618.779
1103.718 595.784
1104.031 532.789
1104.344 589.794
1104.657 569.800
1104.970 837.805
1105.283 695.810
1105.596 591.815
1105.909 578.820
1106.221 662.826
1106.534 671.831
1106.847 515.836
1107.160 455.841
1107.473 455.846
1107.786 547.851
1108.099 481.857
1108.412 526.862
1108.725 610.867
1109.038 504.872
1109.351 633.877
1109.664 611.882
1109.977 449.888
1110.289 511.893
1110.602 535.898
1110.915 590.903
1111.228 640.908
1111.541 528.913
1111.854 495.918
1112.167 457.923
1112.480 558.928
1112.793 570.934
1113.106 513.939
1113.419 560.944
1113.732 547.949
1114.044 516.954
1114.357 612.959
1114.670 573.964
1114.983 514.969
1115.296 590.974
1115.609 694.979
1115.922 581.984
1116.235 633.989
1116.548 612.994
1116.861 552.999
1117.174 576.005
1117.487 627.010
1117.800 826.015
1118.112 649.020
1118.425 592.025
1118.738 552.030
1119.051 511.035
1119.364 552.040
1119.677 587.045
1119.990 587.050
1120.303 653.055
1120.616 702.060
1120.929 560.065
1121.242 641.070
1121.555 650.075
1121.868 657.080
1122.180 604.085
1122.493 427.090
1122.806 450.095
1123.119 594.100
1123.432 661.104
1123.745 602.109
1124.058 536.114
1124.371 521.119
1124.684 629.124
1124.997 612.129
1125.310 545.134
1125.623 484.139
1125.935 440.144
1126.248 540.149
1126.561 658.154
1126.874 635.159
1127.187 686.164
1127.500 709.169
1127.813 627.173
1128.126 624.178
1128.439 615.183
1128.752 758.188
1129.065 589.193
1129.378 403.198
1129.691 533.203
1130.003 577.208
1130.316 545.212
1130.629 494.217
1130.942 571.222
1131.255 565.227
1131.568 509.232
1131.881 609.237
1132.194 700.242
1132.507 613.246
1132.820 541.251
1133.133 655.256
1133.446 513.261
1133.759 709.266
1134.071 1191.271
1134.384 876.275
1134.697 770.280
1135.010 765.285
1135.323 575.290
1135.636 534.295
1135.949 537.299
1136.262 553.304
1136.575 556.309
1136.888 590.314
1137.201 616.319
1137.514 557.323
1137.826 658.328
1138.139 587.333
1138.452 575.338
1138.765 806.342
1139.078 800.347
1139.391 750.352
1139.704 728.357
1140.017 681.361
1140.330 561.366
1140.643 508.371
1140.956 549.376
1141.269 614.380
1141.582 652.385
1141.894 552.390
1142.207 691.395
1142.520 634.399
1142.833 705.404
1143.146 571.409
1143.459 422.413
1143.772 519.418
1144.085 672.423
1144.398 564.427
1144.711 527.432
1145.024 510.437
1145.337 582.441
1145.650 639.446
1145.962 547.451
1146.275 540.456
1146.588 466.460
1146.901 648.465
1147.214 600.469
1147.527 535.474
1147.840 652.479
1148.153 570.483
1148.466 612.488
1148.779 605.493
1149.092 686.497
1149.405 574.502
1149.718 587.507
1150.030 645.511
1150.343 600.516
1150.656 491.520
1150.969 472.525
1151.282 698.530
1151.595 678.534
1151.908 549.539
1152.221 426.543
1152.534 479.548
1152.847 722.553
1153.160 658.557
1153.473 660.562
1153.785 658.566
1154.098 630.571
1154.411 704.576
1154.724 604.580
1155.037 728.585
1155.350 656.589
1155.663 651.594
1155.976 569.598
1156.289 639.603
1156.602 514.607
1156.915 438.612
1157.228 473.617
1157.541 552.621
1157.853 586.626
1158.166 650.630
1158.479 675.635
1158.792 572.639
1159.105 593.644
1159.418 628.648
1159.731 644.653
1160.044 602.657
1160.357 752.662
1160.670 649.666
1160.983 435.671
1161.296 600.675
1161.609 741.680
1161.921 632.684
1162.234 584.689
1162.547 476.693
1162.860 497.698
1163.173 504.702
1163.486 565.707
1163.799 598.711
1164.112 563.715
1164.425 594.720
1164.738 562.724
1165.051 505.729
1165.364 557.733
1165.676 609.738
1165.989 635.742
1166.302 564.747
1166.615 619.751
1166.928 591.755
1167.241 707.760
1167.554 739.764
1167.867 706.769
1168.180 582.773
1168.493 500.777
1168.806 604.782
1169.119 573.786
1169.432 611.791
1169.744 584.795
1170.057 577.799
1170.370 719.804
1170.683 654.808
1170.996 528.813
1171.309 580.817
1171.622 550.821
1171.935 520.826
1172.248 804.830
1172.561 719.834
1172.874 632.839
1173.187 661.843
1173.500 661.848
1173.812 689.852
1174.125 665.856
1174.438 668.861
1174.751 548.865
1175.064 551.869
1175.377 651.874
1175.690 581.878
1176.003 529.882
1176.316 607.887
1176.629 630.891
1176.942 573.895
1177.255 552.899
1177.567 490.904
1177.880 486.908
1178.193 638.912
1178.506 576.917
1178.819 675.921
1179.132 742.925
1179.445 551.930
1179.758 680.934
1180.071 684.938
1180.384 530.942
1180.697 590.947
1181.010 636.951
1181.323 750.955
1181.635 754.959
1181.948 663.964
1182.261 569.968
1182.574 526.972
1182.887 618.976
1183.200 754.981
1183.513 766.985
1183.826 646.989
1184.139 664.993
1184.452 586.998
1184.765 480.002
1185.078 426.006
1185.391 512.010
1185.703 539.015
1186.016 502.019
1186.329 523.023
1186.642 597.027
1186.955 749.031
1187.268 576.036
1187.581 590.040
1187.894 572.044
1188.207 598.048
1188.520 582.052
1188.833 585.057
1189.146 481.061
1189.459 445.065
1189.771 501.069
1190.084 654.073
1190.397 518.077
1190.710 604.082
1191.023 655.086
1191.336 624.090
1191.649 605.094
1191.962 638.098
1192.275 548.102
1192.588 679.107
1192.901 830.111
1193.214 622.115
1193.526 535.119
1193.839 594.123
1194.152 535.127
1194.465 645.131
1194.778 605.136
1195.091 596.140
1195.404 549.144
1195.717 585.148
1196.030 686.152
1196.343 597.156
1196.656 519.160
1196.969 599.164
1197.282 628.168
1197.594 630.172
1197.907 746.177
1198.220 743.181
1198.533 580.185
1198.846 574.189
1199.159 489.193
1199.472 474.197
1199.785 637.201
1200.098 546.205
1200.411 627.209
1200.724 563.213
1201.037 566.217
1201.350 475.221
1201.662 464.225
1201.975 582.229
1202.288 641.234
1202.601 232.238
