165.028 96.507
165.288 43.097
165.547 48.691
165.807 94.287
166.067 47.886
166.327 -46.512
166.587 -11.907
166.847 140.701
167.107 155.312
167.367 163.926
167.627 180.542
167.886 140.161
168.146 126.783
168.406 307.408
168.666 263.035
168.926 160.665
169.186 168.298
169.446 173.933
169.706 36.570
169.966 66.211
170.225 82.854
170.485 146.499
170.745 219.147
171.005 336.797
171.265 239.450
171.525 178.105
171.785 40.762
172.045 36.422
172.305 197.084
172.564 154.748
172.824 54.415
173.084 180.083
173.344 55.754
173.604 89.428
173.864 177.103
174.124 181.780
174.384 121.460
174.644 217.142
174.903 325.825
175.163 318.511
175.423 318.199
175.683 149.888
175.943 209.580
176.203 181.273
176.463 92.969
176.723 68.666
176.983 167.365
177.242 175.066
177.502 303.769
177.762 354.473
178.022 111.179
178.282 77.887
178.542 116.597
178.802 130.308
179.062 109.021
179.322 336.735
179.581 349.451
179.841 140.169
180.101 220.888
180.361 259.609
180.621 218.331
180.881 169.054
181.141 157.779
181.401 168.506
181.661 236.233
181.920 339.963
182.180 161.693
182.440 46.425
182.700 116.158
182.960 144.892
183.220 169.628
183.480 404.365
183.740 253.103
184.000 97.842
184.259 14.582
184.519 153.324
184.779 146.066
185.039 186.810
185.299 298.554
185.559 312.300
185.819 316.047
186.079 325.794
186.339 227.543
186.598 173.293
186.858 100.043
187.118 112.794
187.378 210.547
187.638 198.300
187.898 285.054
188.158 357.808
188.418 132.564
188.678 44.320
188.937 163.077
189.197 273.835
189.457 322.593
189.717 230.352
189.977 43.112
190.237 57.872
190.497 257.633
190.757 287.395
191.017 284.157
191.276 151.919
191.536 159.683
191.796 131.446
192.056 120.211
192.316 195.975
192.576 135.740
192.836 109.506
193.096 172.272
193.356 148.038
193.616 190.805
193.875 175.572
194.135 138.339
194.395 345.107
194.655 321.875
194.915 269.643
195.175 204.412
195.435 291.180
195.695 179.949
195.955 74.719
196.214 221.488
196.474 283.257
196.734 237.027
196.994 261.797
197.254 283.567
197.514 217.337
197.774 216.107
198.034 161.877
198.294 144.647
198.553 214.417
198.813 186.188
199.073 32.958
199.333 96.728
199.593 242.498
199.853 286.268
200.113 412.038
200.373 384.808
200.633 180.578
200.892 163.347
201.152 122.117
201.412 138.886
201.672 281.655
201.932 454.424
202.192 343.193
202.452 208.962
202.712 160.730
202.972 198.498
203.231 302.266
203.491 331.034
203.751 318.801
204.011 285.568
204.271 311.335
204.531 130.101
204.791 91.867
205.051 147.633
205.311 281.398
205.570 196.163
205.830 152.927
206.090 132.691
206.350 273.455
206.610 483.218
206.870 267.981
207.130 190.743
207.390 273.505
207.650 225.266
207.909 268.027
208.169 294.787
208.429 279.547
208.689 141.306
208.949 269.065
209.209 373.823
209.469 193.581
209.729 127.338
209.989 169.094
210.248 116.850
210.508 389.605
210.768 355.359
211.028 246.113
211.288 321.866
211.548 336.619
211.808 314.371
212.068 396.122
212.328 425.872
212.587 423.622
212.847 318.371
213.107 354.119
213.367 339.867
213.627 291.613
213.887 361.359
214.147 221.105
214.407 209.849
214.667 236.593
214.926 346.336
215.186 263.078
215.446 345.819
215.706 267.559
215.966 237.299
216.226 242.038
216.486 232.776
216.746 253.513
217.006 258.249
217.265 192.984
217.525 192.719
217.785 238.452
218.045 262.185
218.305 273.917
218.565 239.647
218.825 276.377
219.085 338.106
219.345 162.834
219.604 157.561
219.864 308.287
220.124 327.013
220.384 259.737
220.644 264.460
220.904 200.182
221.164 271.903
221.424 293.623
221.684 194.343
221.943 242.061
222.203 349.778
222.463 260.494
222.723 158.209
222.983 233.923
223.243 213.636
223.503 302.348
223.763 211.059
224.023 131.769
224.282 268.478
224.542 343.186
224.802 317.892
225.062 294.598
225.322 438.302
225.582 355.006
225.842 281.708
226.102 346.409
226.362 302.109
226.621 270.808
226.881 215.506
227.141 242.203
227.401 287.898
227.661 243.593
227.921 418.286
228.181 316.978
228.441 269.669
228.701 432.359
228.960 423.048
229.220 241.735
229.480 139.421
229.740 330.107
230.000 444.791
230.260 256.473
230.520 211.155
230.780 259.836
231.040 247.515
231.299 252.193
231.559 291.870
231.819 305.545
232.079 339.220
232.339 316.893
232.599 178.565
232.859 330.236
233.119 415.906
233.379 281.574
233.638 288.241
233.898 381.907
234.158 394.572
234.418 271.235
234.678 322.898
234.938 352.559
235.198 234.218
235.458 208.877
235.718 256.534
235.978 278.190
236.237 315.845
236.497 350.498
236.757 400.151
237.017 389.802
237.277 331.451
237.537 253.100
237.797 215.747
238.057 406.393
238.317 331.038
238.576 193.681
238.836 303.323
239.096 343.964
239.356 270.604
239.616 272.242
239.876 326.879
240.136 327.515
240.396 378.149
240.656 515.783
240.915 459.414
241.175 364.045
241.435 256.674
241.695 366.302
241.955 529.929
242.215 498.555
242.475 381.179
242.735 302.802
242.995 411.423
243.254 355.044
243.514 282.663
243.774 170.280
244.034 286.897
244.294 519.512
244.554 376.126
244.814 349.738
245.074 331.349
245.334 329.959
245.593 370.568
245.853 370.175
246.113 270.781
246.373 372.386
246.633 410.989
246.893 360.591
247.153 341.192
247.413 427.792
247.673 400.390
247.932 322.987
248.192 363.582
248.452 466.176
248.712 474.769
248.972 282.361
249.232 403.951
249.492 307.540
249.752 187.128
250.012 361.715
250.271 369.300
250.531 424.884
250.791 611.466
251.051 535.047
251.311 363.627
251.571 219.206
251.831 315.783
252.091 436.359
252.351 381.934
252.610 360.507
252.870 410.079
253.130 342.650
253.390 346.220
253.650 442.788
253.911 431.355
254.172 407.921
254.433 344.485
254.694 316.048
254.955 379.610
255.216 273.170
255.477 438.729
255.738 482.287
255.999 352.844
256.261 448.399
256.522 403.953
256.783 391.506
257.044 248.057
257.305 188.607
257.566 240.156
257.827 201.703
258.088 278.250
258.349 307.795
258.610 427.338
258.871 431.881
259.132 440.422
259.393 338.962
259.654 247.500
259.915 160.038
260.176 274.574
260.437 424.109
260.698 373.642
260.959 293.174
261.221 399.705
261.482 467.235
261.743 415.763
262.004 410.291
262.265 562.816
262.526 524.341
262.787 340.864
263.048 324.387
263.309 298.907
263.570 440.427
263.831 398.945
264.092 325.463
264.353 237.978
264.614 495.493
264.875 463.006
265.136 363.518
265.397 528.029
265.658 564.539
265.919 569.047
266.181 534.554
266.442 425.060
266.703 331.565
266.964 328.068
267.225 321.571
267.486 397.072
267.747 485.571
268.008 486.070
268.269 565.567
268.530 538.063
268.791 448.558
269.052 466.052
269.313 455.544
269.574 395.035
269.835 407.525
270.096 458.014
270.357 466.502
270.618 395.988
270.879 370.473
271.141 427.957
271.402 415.440
271.663 325.921
271.924 366.402
272.185 406.881
272.446 429.359
272.707 423.836
272.968 358.311
273.229 345.786
273.490 387.259
273.751 361.731
274.012 313.202
274.273 431.671
274.534 409.140
274.795 421.607
275.056 477.073
275.317 359.538
275.578 338.002
275.839 394.465
276.101 315.926
276.362 323.387
276.623 351.846
276.884 472.304
277.145 446.761
277.406 427.216
277.667 333.671
277.928 290.124
278.189 515.576
278.450 508.028
278.711 450.477
278.972 427.926
279.233 359.374
279.494 440.821
279.755 547.266
280.016 583.710
280.277 447.153
280.538 487.595
280.799 397.036
281.061 372.476
281.322 338.915
281.583 399.352
281.844 354.789
282.105 319.224
282.366 446.658
282.627 443.091
282.888 519.523
283.149 533.954
283.410 473.384
283.671 437.813
283.932 385.240
284.193 243.667
284.454 412.092
284.715 481.517
284.976 396.940
285.237 503.362
285.498 731.783
285.759 574.203
286.021 485.622
286.282 420.040
286.543 459.457
286.804 438.873
287.065 449.287
287.326 516.701
287.587 398.113
287.848 463.525
288.109 524.935
288.370 493.345
288.631 346.753
288.892 328.160
289.153 336.566
289.414 308.971
289.675 561.376
289.936 673.779
290.197 570.181
290.458 432.582
290.719 374.982
290.981 556.381
291.242 637.778
291.503 602.175
291.764 464.571
292.025 292.966
292.286 334.360
292.547 463.753
292.808 439.144
293.069 515.535
293.330 547.925
293.591 508.314
293.852 463.701
294.113 433.088
294.374 412.474
294.635 435.859
294.896 483.242
295.157 561.625
295.418 541.007
295.679 521.388
295.941 443.768
296.202 501.146
296.463 457.524
296.724 492.901
296.985 524.277
297.246 539.652
297.507 395.026
297.768 307.399
298.029 440.771
298.290 626.142
298.551 665.512
298.812 660.881
299.073 435.249
299.334 320.616
299.595 459.983
299.856 529.348
300.117 654.712
300.378 550.076
300.639 362.438
300.901 306.800
301.162 414.160
301.423 509.520
301.684 595.879
301.945 599.237
302.206 400.594
302.467 408.949
302.728 368.305
302.989 451.659
303.250 515.012
303.511 596.364
303.772 572.715
304.033 446.066
304.294 446.415
304.555 448.764
304.816 456.112
305.077 487.459
305.338 436.805
305.599 403.150
305.861 495.494
306.122 540.837
306.383 398.179
306.644 421.521
306.905 358.862
307.166 546.201
307.427 536.540
307.688 462.878
307.949 410.215
308.210 461.551
308.471 465.887
308.732 422.221
308.993 331.555
309.254 426.887
309.515 350.219
309.776 428.550
310.037 488.880
310.298 388.210
310.559 421.538
310.821 520.866
311.082 472.192
311.343 361.518
311.604 354.843
311.865 292.168
312.126 282.491
312.387 409.814
312.648 402.135
312.909 441.456
313.170 459.776
313.434 434.095
313.698 396.414
313.963 420.731
314.227 360.048
314.491 430.364
314.755 502.679
315.019 475.993
315.284 324.307
315.548 458.620
315.812 461.931
316.076 542.242
316.340 524.553
316.604 525.862
316.869 584.171
317.133 553.479
317.397 584.786
317.661 599.092
317.925 516.397
318.190 444.702
318.454 423.006
318.718 428.309
318.982 581.611
319.246 612.913
319.511 717.214
319.775 573.514
320.039 564.813
320.303 533.112
320.567 583.409
320.832 509.706
321.096 415.002
321.360 442.298
321.624 468.592
321.888 381.886
322.153 376.179
322.417 382.472
322.681 310.763
322.945 413.054
323.209 514.344
323.473 442.634
323.738 438.922
324.002 424.210
324.266 600.497
324.530 595.784
324.794 460.069
325.059 413.354
325.323 401.639
325.587 441.922
325.851 401.205
326.115 615.487
326.380 547.768
326.644 486.049
326.908 544.329
327.172 471.608
327.436 503.886
327.701 532.164
327.965 476.441
328.229 490.717
328.493 340.993
328.757 394.268
329.022 511.542
329.286 350.815
329.550 343.088
329.814 420.360
330.078 443.632
330.342 399.902
330.607 416.172
330.871 495.442
331.135 612.710
331.399 643.978
331.663 505.246
331.928 487.512
332.192 557.778
332.456 531.043
332.720 540.308
332.984 493.572
333.249 533.835
333.513 475.098
333.777 369.359
334.041 318.621
334.305 415.881
334.570 496.141
334.834 381.400
335.098 565.659
335.362 655.917
335.626 539.174
335.891 445.431
336.155 507.687
336.419 474.942
336.683 324.197
336.947 448.451
337.211 481.704
337.476 337.957
337.740 402.209
338.004 453.460
338.268 425.711
338.532 485.961
338.797 453.211
339.061 504.460
339.325 566.708
339.589 630.956
339.853 523.203
340.118 446.449
340.382 542.695
340.646 591.940
340.910 418.184
341.174 443.428
341.439 393.672
341.703 453.914
341.967 469.156
342.231 467.398
342.495 429.639
342.759 570.879
343.024 569.119
343.288 646.358
343.552 593.596
343.816 341.834
344.080 399.071
344.345 456.308
344.609 335.544
344.873 276.780
345.137 471.015
345.401 517.249
345.666 321.483
345.930 470.716
346.194 549.948
346.458 404.180
346.722 385.412
346.987 347.642
347.251 496.873
347.515 672.102
347.779 482.331
348.043 402.560
348.308 402.788
348.572 328.015
348.836 317.242
349.100 409.468
349.364 327.694
349.628 312.919
349.893 392.144
350.157 579.368
350.421 517.591
350.685 512.814
350.949 441.036
351.214 324.258
351.478 410.479
351.742 441.700
352.006 490.920
352.270 494.140
352.535 385.359
352.799 381.577
353.063 539.795
353.327 459.013
353.591 313.229
353.856 388.446
354.120 472.662
354.384 568.877
354.648 673.092
354.912 591.306
355.177 465.519
355.441 419.733
355.705 633.945
355.969 638.157
356.233 539.369
356.497 469.580
356.762 441.790
357.026 450.001
357.290 486.210
357.554 502.419
357.818 520.627
358.083 482.835
358.347 514.043
358.611 496.250
358.875 472.456
359.139 482.662
359.404 420.868
359.668 514.072
359.932 613.277
360.196 573.481
360.460 464.684
360.725 493.887
360.989 571.090
361.253 645.291
361.517 570.493
361.781 584.694
362.046 564.894
362.310 618.094
362.574 623.294
362.838 506.493
363.102 544.691
363.366 536.889
363.631 432.087
363.895 451.284
364.159 601.480
364.423 568.676
364.687 602.872
364.952 615.067
365.216 637.262
365.480 528.456
365.747 371.650
366.013 445.843
366.280 495.036
366.546 550.228
366.813 474.420
367.079 565.611
367.346 650.802
367.612 546.993
367.879 541.183
368.145 598.372
368.412 502.561
368.678 454.750
368.945 565.938
369.211 477.126
369.478 562.313
369.744 550.500
370.011 549.686
370.278 555.872
370.544 477.058
370.811 495.243
371.077 537.427
371.344 473.611
371.610 499.795
371.877 543.978
372.143 559.161
372.410 609.344
372.676 642.525
372.943 672.707
373.209 602.888
373.476 462.069
373.742 387.249
374.009 526.429
374.276 579.608
374.542 557.787
374.809 524.965
375.075 364.143
375.342 290.321
375.608 364.498
375.875 428.675
376.141 590.851
376.408 561.027
376.674 533.203
376.941 503.378
377.207 499.553
377.474 869.727
377.740 742.901
378.007 457.074
378.273 548.247
378.540 618.420
378.807 479.592
379.073 441.764
379.340 403.935
379.606 469.106
379.873 468.277
380.139 530.447
380.406 601.617
380.672 542.786
380.939 451.955
381.205 386.124
381.472 349.292
381.738 361.460
382.005 514.627
382.271 556.794
382.538 514.961
382.804 648.127
383.071 596.293
383.338 542.458
383.604 551.623
383.871 637.788
384.137 636.952
384.404 532.116
384.670 542.279
384.937 501.443
385.203 523.605
385.470 519.768
385.736 596.930
386.003 561.091
386.269 541.252
386.536 486.413
386.802 477.574
387.069 598.734
387.336 701.893
387.602 680.053
387.869 420.212
388.135 375.370
388.402 366.529
388.668 402.686
388.935 565.844
389.201 723.001
389.468 664.158
389.734 677.314
390.001 618.470
390.267 486.626
390.534 559.781
390.800 579.936
391.067 625.091
391.333 591.245
391.600 528.399
391.867 527.552
392.133 511.705
392.400 433.858
392.666 387.011
392.933 583.163
393.199 649.315
393.466 535.466
393.732 553.617
393.999 616.768
394.265 546.918
394.532 502.068
394.798 580.218
395.065 510.367
395.331 557.516
395.598 616.665
395.864 625.813
396.131 682.961
396.398 695.109
396.664 780.256
396.931 908.403
397.197 1031.549
397.464 1084.696
397.730 1339.842
397.997 1443.987
398.263 1483.132
398.530 1594.277
398.796 1765.422
399.063 1898.566
399.329 1942.710
399.596 2039.854
399.862 2017.997
400.129 2113.140
400.396 2215.283
400.662 2047.425
400.929 2112.567
401.195 2197.709
401.462 2236.850
401.728 2366.991
401.995 2538.132
402.261 2549.272
402.528 2722.412
402.794 2900.552
403.061 3048.691
403.327 3214.830
403.594 3135.969
403.860 3044.108
404.127 3041.246
404.393 3092.384
404.660 3093.521
404.931 3114.658
405.202 3128.795
405.473 3073.932
405.745 3315.068
406.016 3684.204
406.287 3608.340
406.558 3588.475
406.829 3641.610
407.100 3661.745
407.371 4097.880
407.642 4227.014
407.914 4133.148
408.185 4045.281
408.456 3962.415
408.727 4260.548
408.998 4346.680
409.269 4586.813
409.540 4697.945
409.811 4342.076
410.083 4384.208
410.354 4436.339
410.625 4264.470
410.896 4299.601
411.167 4354.731
411.438 4335.861
411.709 4009.991
411.981 4046.120
412.252 3789.249
412.523 3444.378
412.794 3460.507
413.065 3275.635
413.336 2941.763
413.607 2952.891
413.878 2844.018
414.150 2589.146
414.421 2348.272
414.692 2268.399
414.963 2156.525
415.234 2192.651
415.505 2008.777
415.776 1997.903
416.047 1845.028
416.319 1644.153
416.590 1466.278
416.861 1079.402
417.132 1119.526
417.403 1099.650
417.674 1001.774
417.945 819.897
418.217 759.020
418.488 937.143
418.759 724.265
419.030 622.387
419.301 675.509
419.572 727.631
419.843 650.752
420.114 555.874
420.386 574.994
420.657 711.115
420.928 592.235
421.199 540.355
421.470 565.475
421.741 469.595
422.012 441.714
422.283 450.833
422.555 501.952
422.826 623.071
423.097 691.189
423.368 590.307
423.639 404.425
423.910 550.542
424.181 498.659
424.453 434.776
424.724 731.893
424.995 837.010
425.266 644.126
425.537 478.242
425.808 662.358
426.079 723.473
426.350 607.588
426.622 577.703
426.893 694.818
427.164 609.932
427.435 554.047
427.706 524.161
427.977 531.274
428.248 522.388
428.519 636.501
428.791 572.614
429.062 661.727
429.333 573.839
429.604 446.952
429.875 550.064
430.146 600.176
430.417 567.287
430.689 529.398
430.960 451.510
431.231 485.620
431.502 698.731
431.773 757.841
432.044 623.951
432.315 729.061
432.586 720.171
432.858 725.280
433.129 558.390
433.400 530.499
433.671 577.607
433.942 557.716
434.213 489.824
434.484 493.932
434.755 545.040
435.027 447.148
435.298 545.255
435.569 558.362
435.840 493.469
436.116 497.576
436.391 523.682
436.667 573.788
436.942 696.894
437.218 696.000
437.493 635.105
437.769 690.211
438.045 620.316
438.320 549.421
438.596 585.525
438.871 505.630
439.147 547.734
439.422 535.838
439.698 452.942
439.974 421.045
440.249 580.149
440.525 656.252
440.800 419.355
441.076 516.457
441.351 692.560
441.627 699.662
441.903 656.764
442.178 524.866
442.454 561.968
442.729 716.069
443.005 527.170
443.281 652.271
443.556 781.372
443.832 643.472
444.107 543.573
444.383 588.673
444.658 584.773
444.934 443.873
445.210 662.972
445.485 724.071
445.761 693.170
446.036 719.269
446.312 746.368
446.587 645.466
446.863 447.565
447.139 544.663
447.414 584.761
447.690 666.858
447.965 653.956
448.241 591.053
448.516 587.150
448.792 611.247
449.068 606.344
449.343 650.440
449.619 545.536
449.894 544.632
450.170 518.728
450.445 685.824
450.721 732.919
450.997 487.015
451.272 582.110
451.548 546.205
451.823 543.299
452.099 675.394
452.375 552.488
452.650 499.582
452.926 593.676
453.201 615.770
453.477 891.863
453.752 769.956
454.028 611.050
454.304 679.143
454.579 756.235
454.855 637.328
455.130 662.420
455.406 844.512
455.681 766.604
455.957 623.696
456.233 601.788
456.508 607.879
456.784 600.971
457.059 557.062
457.335 735.152
457.610 695.243
457.886 580.334
458.162 583.424
458.437 576.514
458.713 670.604
458.988 620.694
459.264 666.783
459.539 716.873
459.815 637.962
460.091 537.051
460.366 511.140
460.642 454.229
460.917 561.317
461.193 608.405
461.468 523.494
461.744 453.582
462.020 463.669
462.295 542.757
462.571 496.844
462.846 547.932
463.122 677.019
463.397 732.106
463.673 608.584
463.949 605.673
464.224 580.785
464.500 599.852
464.775 576.538
465.051 557.509
465.327 630.079
465.602 802.190
465.878 839.041
466.153 656.652
466.429 817.233
466.704 1071.991
466.980 993.220
467.256 1015.304
467.531 1143.532
467.807 1186.847
468.082 1096.750
468.358 1046.687
468.633 1170.406
468.909 1075.108
469.185 985.820
469.460 1078.445
469.736 1147.087
470.011 1030.353
470.287 1047.508
470.562 1138.413
470.838 1010.482
471.114 1091.384
471.389 1134.901
471.665 1081.531
471.940 1061.453
472.216 1005.867
472.491 923.889
472.767 934.036
473.043 1023.368
473.318 1106.614
473.594 957.523
473.869 892.455
474.145 819.291
474.421 771.560
474.696 771.642
474.972 625.869
475.247 630.666
475.523 767.579
475.798 747.036
476.074 707.660
476.350 697.557
476.625 659.613
476.901 714.739
477.176 677.431
477.452 541.522
477.727 557.878
478.003 431.375
478.279 591.007
478.554 754.704
478.830 741.309
479.105 762.217
479.381 692.557
479.656 549.634
479.932 631.222
480.208 736.936
480.483 749.413
480.759 761.624
481.034 646.791
481.310 626.666
481.585 661.770
481.861 679.992
482.137 576.665
482.412 606.342
482.688 632.309
482.963 710.988
483.239 757.445
483.514 528.062
483.790 633.081
484.066 858.297
484.341 673.883
484.617 561.620
484.892 690.925
485.168 692.989
485.443 558.179
485.719 605.967
485.995 680.234
486.270 697.473
486.546 549.776
486.821 480.611
487.097 432.350
487.373 481.306
487.648 675.312
487.924 648.171
488.199 464.895
488.475 308.778
488.750 359.224
489.026 535.310
489.302 496.126
489.577 491.789
489.853 515.864
490.128 647.178
490.404 592.799
490.679 448.055
490.955 653.943
491.231 711.686
491.506 631.239
491.782 543.778
492.057 503.197
492.333 627.533
492.608 590.420
492.884 578.747
493.160 418.346
493.435 437.863
493.711 615.383
493.986 591.342
494.262 542.971
494.537 502.843
494.813 565.230
495.089 446.993
495.364 515.823
495.640 578.760
495.915 526.765
496.191 660.743
496.467 607.275
496.742 558.081
497.018 650.070
497.293 557.344
497.569 590.571
497.844 542.303
498.120 589.895
498.396 554.426
498.671 530.218
498.947 627.604
499.222 626.307
499.498 625.007
499.773 743.482
500.049 788.900
500.325 688.955
500.600 755.400
500.876 756.223
501.151 879.171
501.427 934.337
501.702 1004.690
501.978 1016.817
502.254 1021.952
502.529 934.472
502.805 1085.529
503.080 1201.609
503.356 1053.544
503.631 1056.694
503.907 1070.033
504.183 1005.322
504.458 1166.319
504.734 1157.117
505.009 1229.983
505.285 1170.565
505.560 1094.624
505.836 1078.590
506.112 1052.340
506.387 1002.810
506.663 992.760
506.938 949.347
507.214 979.745
507.490 1036.396
507.765 1037.433
508.041 1033.460
508.316 1062.788
508.592 882.463
508.867 879.627
509.143 965.239
509.419 881.885
509.694 740.761
509.970 664.595
510.245 569.233
510.521 654.726
510.796 644.145
511.072 626.225
511.348 618.059
511.623 598.181
511.899 596.458
512.174 694.239
512.450 747.183
512.725 693.673
513.001 562.224
513.277 483.510
513.552 697.042
513.828 649.377
514.103 684.265
514.379 822.081
514.654 647.294
514.930 646.082
515.206 950.709
515.481 843.800
515.757 637.505
516.032 574.318
516.308 711.927
516.583 815.682
516.859 768.387
517.135 810.315
517.410 880.712
517.686 870.080
517.961 886.659
518.237 971.321
518.513 872.692
518.788 1058.559
519.064 1074.913
519.339 1032.530
519.615 980.432
519.890 1123.227
520.166 1204.089
520.442 1348.319
520.717 1407.085
520.993 1423.911
521.268 1265.715
521.544 1328.332
521.819 1356.575
522.095 1425.386
522.371 1560.221
522.646 1558.359
522.922 1628.760
523.197 1679.582
523.473 1764.154
523.748 1668.515
524.024 1604.455
524.300 1561.447
524.575 1516.526
524.851 1601.748
525.126 1642.336
525.402 1687.024
525.677 1703.346
525.953 1594.697
526.229 1585.190
526.504 1546.570
526.780 1740.174
527.055 1754.333
527.331 1757.257
527.606 1781.025
527.882 1765.977
528.158 1621.170
528.433 1784.604
528.709 1748.188
528.984 1682.983
529.260 1706.465
529.535 1669.336
529.811 1477.266
530.087 1466.688
530.362 1555.822
530.638 1639.074
530.913 1721.362
531.189 1645.857
531.465 1511.739
531.740 1460.113
532.016 1490.591
532.291 1447.123
532.567 1457.732
532.842 1455.846
533.118 1434.032
533.394 1469.457
533.669 1324.509
533.945 1186.429
534.220 1159.243
534.496 1219.820
534.771 1122.621
535.047 1101.329
535.323 1055.582
535.598 1078.994
535.874 1140.646
536.149 1128.128
536.425 1047.091
536.700 1023.660
536.976 1112.973
537.252 1367.307
537.527 1452.198
537.803 1706.670
538.078 2103.680
538.354 2322.020
538.629 2428.688
538.905 2664.959
539.181 2933.581
539.456 3072.685
539.732 3345.266
540.007 3570.391
540.283 3532.468
540.558 3658.350
540.834 3903.027
541.110 4209.912
541.385 4284.221
541.661 4391.202
541.936 4518.498
542.212 4554.228
542.488 4604.823
542.763 4643.526
543.039 4850.564
543.314 4938.907
543.590 4872.363
543.865 4967.745
544.141 4875.442
544.417 4883.436
544.692 4659.057
544.968 4759.404
545.243 4673.728
545.519 4415.909
545.794 4437.247
546.070 4401.511
546.348 4287.532
546.627 4016.917
546.905 3980.168
547.183 3893.861
547.461 3883.979
547.740 3907.861
548.018 3727.898
548.296 3696.439
548.575 3748.126
548.853 3720.370
549.131 3865.403
549.409 4016.379
549.688 4218.808
549.966 4256.554
550.244 4465.928
550.523 4423.889
550.801 4432.428
551.079 4493.373
551.357 4637.832
551.636 4610.569
551.914 4608.426
552.192 4539.440
552.471 4737.453
552.749 4922.254
553.027 4908.598
553.306 5074.909
553.584 5214.582
553.862 5247.817
554.140 5472.814
554.419 5500.854
554.697 5737.923
554.975 5854.664
555.254 5968.244
555.532 5824.766
555.810 5977.178
556.088 6076.586
556.367 5716.359
556.645 5554.229
556.923 5519.255
557.202 5404.121
557.480 5418.337
557.758 5200.711
558.036 5003.859
558.315 4918.708
558.593 4895.519
558.871 4705.825
559.150 4504.505
559.428 4438.426
559.706 4217.637
559.984 4040.830
560.263 4024.442
560.541 3844.458
560.819 3558.224
561.098 3395.656
561.376 3188.007
561.654 2886.128
561.932 2566.523
562.211 2435.795
562.489 2230.267
562.767 1994.964
563.046 1693.370
563.324 1529.599
563.602 1537.836
563.880 1424.119
564.159 1374.257
564.437 1282.858
564.715 1090.274
564.994 990.508
565.272 1042.374
565.550 898.560
565.828 755.510
566.107 857.417
566.385 865.831
566.663 774.831
566.942 730.468
567.220 791.990
567.498 952.409
567.776 768.797
568.055 700.569
568.333 758.303
568.611 781.001
568.890 737.690
569.168 669.658
569.446 729.284
569.725 709.035
570.003 576.710
570.281 560.868
570.559 664.391
570.838 661.203
571.116 709.366
571.394 742.353
571.673 758.634
571.951 709.897
572.229 649.744
572.507 670.825
572.786 676.382
573.064 658.581
573.342 695.623
573.621 551.656
573.899 585.843
574.177 813.995
574.455 720.013
574.734 591.600
575.012 695.359
575.290 678.451
575.569 697.784
575.847 746.596
576.125 697.569
576.403 530.319
576.682 636.092
576.960 652.165
577.243 686.996
577.527 620.719
577.810 495.636
578.093 530.682
578.377 585.131
578.660 596.041
578.944 556.556
579.227 555.718
579.510 601.899
579.794 561.861
580.077 517.737
580.360 550.037
580.644 538.707
580.927 507.473
581.210 588.030
581.494 546.413
581.777 605.611
582.061 603.266
582.344 536.111
582.627 492.282
582.911 531.205
583.194 500.837
583.477 636.605
583.761 662.593
584.044 683.591
584.327 633.364
584.611 589.447
584.894 589.487
585.178 561.554
585.461 563.592
585.744 616.578
586.028 552.234
586.311 533.273
586.594 572.312
586.878 579.351
587.161 574.390
587.444 592.429
587.728 547.467
588.011 617.506
588.295 540.545
588.578 606.977
588.861 697.924
589.145 585.661
589.428 551.250
589.711 485.738
589.995 492.284
590.278 687.127
590.562 572.852
590.845 485.405
591.128 723.482
591.412 671.623
591.695 553.451
591.978 731.579
592.262 657.423
592.545 433.817
592.828 604.946
593.112 564.500
593.395 519.672
593.679 496.284
593.962 660.664
594.245 644.123
594.529 552.618
594.812 501.410
595.095 391.498
595.379 634.054
595.662 680.447
595.945 560.642
596.229 496.631
596.512 522.417
596.796 609.195
597.079 670.015
597.362 749.259
597.646 737.674
597.929 602.201
598.212 625.357
598.496 645.156
598.779 721.554
599.062 774.897
599.346 624.884
599.629 504.974
599.913 527.172
600.196 628.686
600.479 646.804
600.763 598.215
601.046 449.582
601.329 521.910
601.613 612.878
601.896 565.715
602.179 624.134
602.463 609.434
602.746 744.047
603.030 763.728
603.313 685.487
603.596 507.896
603.880 593.708
604.163 602.566
604.446 494.273
604.730 447.295
605.013 584.856
605.296 664.798
605.580 613.902
605.863 649.196
606.147 488.603
606.430 498.432
606.713 657.469
606.997 621.909
607.280 731.902
607.563 646.808
607.847 636.435
608.130 721.947
608.414 750.628
608.697 582.365
608.980 609.414
609.264 734.555
609.547 601.646
609.830 619.309
610.114 651.664
610.397 601.746
610.680 668.706
610.964 679.854
611.247 632.829
611.531 540.255
611.814 467.668
612.097 528.545
612.381 704.531
612.664 846.570
612.947 664.072
613.231 589.522
613.514 633.356
613.797 707.063
614.081 662.891
614.364 637.384
614.648 677.692
614.931 613.874
615.214 569.703
615.498 610.610
615.781 663.409
616.064 695.922
616.348 838.671
616.631 796.181
616.914 762.949
617.198 694.768
617.481 681.992
617.765 710.311
618.048 739.672
618.331 705.154
618.615 670.310
618.898 772.121
619.181 788.952
619.465 737.341
619.748 649.342
620.031 636.155
620.315 630.871
620.598 631.529
620.882 727.521
621.165 917.143
621.448 887.354
621.732 802.697
622.015 625.615
622.298 591.999
622.582 700.406
622.865 702.137
623.148 617.254
623.432 676.580
623.715 633.569
623.999 840.488
624.282 779.115
624.565 810.896
624.849 643.926
625.132 537.393
625.415 781.376
625.699 877.050
625.982 738.838
626.265 638.240
626.549 629.547
626.832 793.215
627.116 814.458
627.399 592.268
627.682 621.347
627.966 569.393
628.249 584.948
628.532 569.316
628.816 775.828
629.099 699.932
629.383 639.202
629.666 677.916
629.949 616.160
630.233 545.383
630.516 662.721
630.799 674.299
631.083 578.646
631.366 548.010
631.649 479.224
631.933 466.052
632.216 625.238
632.500 699.026
632.783 676.631
633.066 646.280
633.350 634.774
633.633 649.634
633.916 667.357
634.200 633.827
634.483 673.479
634.766 777.595
635.050 709.687
635.333 572.980
635.617 552.927
635.900 657.120
636.183 775.110
636.467 677.997
636.750 672.973
637.033 727.718
637.317 720.988
637.600 698.722
637.883 677.436
638.167 619.605
638.450 644.690
638.734 661.571
639.017 729.015
639.300 750.578
639.584 724.646
639.867 856.572
640.150 809.827
640.434 883.755
640.717 839.966
641.000 752.142
641.284 827.870
641.567 751.029
641.851 803.809
642.134 972.786
642.417 899.007
642.701 970.034
642.984 1039.248
643.267 998.149
643.551 858.663
643.834 805.137
644.117 860.590
644.401 831.432
644.684 919.557
644.968 1082.813
645.251 1028.353
645.534 941.137
645.818 921.464
646.101 1124.234
646.384 1256.655
646.668 1327.104
646.951 1305.534
647.235 1443.066
647.518 1487.265
647.801 1638.608
648.085 1809.865
648.368 1952.570
648.651 1963.875
648.935 2175.697
649.218 2494.933
649.501 2505.793
649.785 2612.687
650.068 2942.172
650.352 3174.438
650.635 3406.198
650.918 3466.211
651.202 3697.166
651.485 4017.892
651.768 4220.407
652.052 4405.048
652.335 4603.556
652.618 5034.369
652.902 5412.646
653.185 5805.774
653.469 5895.784
653.752 5990.377
654.035 6289.405
654.319 6575.014
654.602 6662.247
654.885 6714.450
655.169 6953.041
655.452 6939.195
655.735 6992.341
656.019 7102.355
656.302 7050.053
656.586 7154.866
656.869 7519.357
657.152 7367.118
657.436 7208.453
657.719 7396.818
658.002 7415.201
658.286 7238.879
658.569 6898.194
658.852 6702.679
659.136 6743.726
659.419 6545.784
659.703 6267.638
659.986 6391.523
660.269 6282.478
660.553 6152.137
660.836 6352.367
661.119 6605.442
661.403 6569.024
661.686 6460.638
661.969 6360.970
662.253 6269.167
662.536 6274.274
662.820 6442.101
663.103 6399.532
663.386 6408.686
663.670 6516.217
663.953 6515.198
664.236 6578.563
664.520 6476.259
664.803 6338.494
665.086 6204.574
665.370 6346.651
665.653 6379.099
665.937 6182.755
666.220 6036.736
666.503 5794.369
666.787 5555.044
667.070 5267.580
667.353 4984.069
667.637 4516.582
667.920 4225.532
668.204 3721.669
668.487 3338.175
668.770 3161.355
669.054 2630.831
669.337 2280.837
669.620 2000.537
669.904 1768.383
670.187 1675.410
670.470 1660.818
670.754 1491.456
671.037 1234.818
671.321 1173.317
671.604 1224.644
671.887 1154.275
672.171 1064.229
672.454 1089.751
672.737 1134.018
673.021 1136.232
673.304 1155.904
673.587 1313.014
673.871 1330.144
674.154 1345.919
674.438 1358.632
674.721 1375.102
675.004 1343.620
675.288 1385.826
675.571 1390.368
675.854 1312.123
676.138 1302.161
676.421 1336.554
676.704 1297.670
676.988 1378.916
677.271 1451.646
677.555 1319.770
677.838 1218.451
678.121 1185.192
678.405 1103.820
678.688 1058.296
678.971 873.795
679.255 1008.675
679.538 1098.949
679.821 1109.347
680.105 1022.258
680.388 922.594
680.672 886.156
680.955 819.653
681.238 797.638
681.522 812.426
681.805 827.505
682.088 938.126
682.372 936.001
682.655 818.004
682.938 893.186
683.222 893.210
683.505 766.686
683.789 872.249
684.072 821.072
684.355 858.861
684.639 899.596
684.922 803.587
685.205 767.077
685.489 911.151
685.772 934.071
686.056 922.520
686.339 896.394
686.622 731.707
686.906 729.644
687.189 842.403
687.472 985.433
687.756 867.641
688.039 747.485
688.322 682.791
688.606 891.584
688.889 842.547
689.173 771.590
689.456 844.682
689.739 882.285
690.023 864.704
690.306 851.172
690.589 819.059
690.873 895.234
691.156 925.434
691.439 846.374
691.723 781.881
692.006 809.802
692.290 843.485
692.573 905.976
692.856 967.334
693.140 1015.026
693.423 905.303
693.706 835.798
693.990 844.434
694.273 877.675
694.556 1100.735
694.840 1130.956
695.123 980.017
695.407 920.205
695.690 818.436
695.973 899.715
696.257 1018.275
696.540 1167.456
696.830 1088.170
697.120 1034.750
697.410 1014.203
697.699 979.339
697.989 1188.399
698.279 1084.000
698.569 1001.969
698.859 1113.671
699.149 1180.946
699.439 1117.454
699.729 1068.376
700.018 1041.868
700.308 1138.687
700.598 1004.153
700.888 914.731
701.178 1133.114
701.468 1027.524
701.758 937.346
702.048 1029.477
702.337 968.861
702.627 1066.826
702.917 979.058
703.207 929.776
703.497 974.134
703.787 810.363
704.077 826.290
704.366 894.933
704.656 800.777
704.946 736.396
705.236 642.774
705.526 761.915
705.816 821.816
706.106 612.643
706.396 651.894
706.685 710.549
706.975 599.349
707.265 528.806
707.555 680.820
707.845 711.206
708.135 631.941
708.425 542.143
708.715 540.722
709.004 727.955
709.294 671.652
709.584 683.168
709.874 743.346
710.164 697.016
710.454 600.588
710.744 594.092
711.034 681.298
711.323 680.961
711.613 542.202
711.903 679.349
712.193 795.397
712.483 658.741
712.773 635.162
713.063 628.047
713.352 611.166
713.642 629.542
713.932 682.967
714.222 751.764
714.512 671.286
714.802 590.216
715.092 648.375
715.382 544.626
715.671 562.899
715.961 639.869
716.251 522.354
716.541 531.496
716.831 648.312
717.121 560.177
717.411 679.698
717.701 717.038
717.990 674.952
718.280 575.305
718.570 538.075
718.860 562.390
719.150 596.375
719.440 542.390
719.730 548.657
720.019 743.763
720.309 690.051
720.599 615.572
720.889 538.300
721.179 643.582
721.469 686.363
721.759 607.462
722.049 631.450
722.338 567.231
722.628 630.780
722.918 626.354
723.208 705.462
723.498 569.904
723.788 605.120
724.078 789.932
724.368 746.151
724.657 622.137
724.947 627.577
725.237 673.569
725.527 684.205
725.817 592.918
726.107 533.728
726.397 519.240
726.686 466.067
726.976 559.897
727.266 675.969
727.556 568.638
727.846 666.980
728.136 699.236
728.426 589.175
728.716 504.891
729.005 625.065
729.295 507.835
729.585 424.374
729.875 472.989
730.165 570.459
730.455 631.583
730.745 627.360
731.035 569.126
731.324 679.201
731.614 686.639
731.904 589.171
732.194 680.540
732.484 645.228
732.774 640.382
733.064 640.400
733.354 479.913
733.643 495.970
733.933 546.187
734.223 541.332
734.513 698.270
734.803 742.872
735.093 604.353
735.383 558.087
735.672 615.722
735.962 690.330
736.252 492.215
736.542 494.177
736.832 540.228
737.122 471.168
737.412 558.441
737.702 703.266
737.991 674.825
738.281 599.474
738.571 582.204
738.861 536.123
739.151 546.968
739.441 639.860
739.731 529.750
740.021 546.576
740.310 642.793
740.600 694.778
740.890 504.265
741.180 571.418
741.470 581.308
741.760 664.248
742.050 807.405
742.339 680.434
742.629 588.464
742.919 726.958
743.209 576.060
743.499 532.137
743.789 500.008
744.079 522.798
744.369 583.624
744.658 541.191
744.948 363.445
745.238 523.387
745.528 592.780
745.818 728.307
746.108 584.475
746.398 582.094
746.688 574.167
746.977 713.211
747.267 615.910
747.557 698.051
747.847 726.895
748.137 651.019
748.427 603.275
748.717 505.288
749.006 444.106
749.296 582.016
749.586 568.519
749.876 675.676
750.166 619.917
750.456 595.627
750.746 618.195
751.036 532.384
751.325 665.135
751.615 616.866
751.905 637.862
752.195 694.517
752.485 619.535
752.775 555.107
753.065 557.126
753.355 742.328
753.644 680.284
753.934 586.968
754.224 614.481
754.514 824.954
754.804 577.404
755.094 405.906
755.384 520.266
755.674 576.452
755.963 655.707
756.253 628.270
756.543 655.741
756.833 692.252
757.123 714.666
757.413 617.914
757.703 558.634
757.992 540.561
758.282 649.472
758.572 601.901
758.862 524.531
759.152 602.940
759.442 618.415
759.732 681.365
760.022 709.523
760.311 576.450
760.601 449.706
760.891 635.840
761.181 683.459
761.471 614.746
761.761 495.543
762.051 562.025
762.341 734.515
762.630 714.123
762.920 599.336
763.210 634.231
763.500 664.827
763.793 546.012
764.086 596.381
764.379 591.773
764.671 703.460
764.964 643.114
765.257 642.124
765.550 595.048
765.843 465.024
766.136 549.718
766.429 570.904
766.722 590.486
767.014 522.504
767.307 404.215
767.600 425.379
767.893 463.122
768.186 412.735
768.479 558.921
768.772 687.970
769.064 669.841
769.357 567.470
769.650 526.728
769.943 695.398
770.236 615.857
770.529 483.429
770.822 540.905
771.115 656.848
771.407 765.499
771.700 699.925
771.993 736.001
772.286 668.675
772.579 687.170
772.872 565.210
773.165 543.049
773.457 630.766
773.750 639.491
774.043 596.117
774.336 613.907
774.629 656.031
774.922 643.591
775.215 596.180
775.508 579.889
775.800 561.213
776.093 698.753
776.386 704.102
776.679 604.121
776.972 621.257
777.265 801.534
777.558 853.057
777.850 702.467
778.143 675.347
778.436 678.054
778.729 643.217
779.022 634.187
779.315 537.720
779.608 509.595
779.900 526.696
780.193 534.751
780.486 562.342
780.779 562.797
781.072 440.004
781.365 572.857
781.658 605.576
781.951 572.459
782.243 615.415
782.536 686.947
782.829 664.874
783.122 666.898
783.415 639.163
783.708 633.160
784.001 643.205
784.293 678.325
784.586 732.771
784.879 733.788
785.172 628.964
785.465 599.550
785.758 635.637
786.051 629.640
786.344 673.395
786.636 859.270
786.929 662.087
787.222 594.223
787.515 590.045
787.808 570.899
788.101 544.940
788.394 662.837
788.686 774.740
788.979 747.529
789.272 697.846
789.565 662.234
789.858 561.451
790.151 510.078
790.444 500.103
790.737 554.618
791.029 553.525
791.322 625.396
791.615 562.973
791.908 599.077
792.201 641.408
792.494 640.783
792.787 698.924
793.079 796.345
793.372 668.077
793.665 701.659
793.958 618.921
794.251 587.031
794.544 708.971
794.837 845.286
795.130 702.728
795.422 609.023
795.715 612.029
796.008 696.486
796.301 631.368
796.594 603.494
796.887 668.249
797.180 608.112
797.472 500.449
797.765 434.661
798.058 495.995
798.351 483.543
798.644 494.524
798.937 514.479
799.230 555.813
799.523 909.322
799.815 831.570
800.108 548.433
800.401 482.645
800.694 658.789
800.987 571.407
801.280 602.533
801.573 675.474
801.865 713.450
802.158 600.975
802.451 513.165
802.744 538.129
803.037 563.093
803.330 592.641
803.623 677.891
803.915 611.039
804.208 518.756
804.501 621.911
804.794 652.956
805.087 564.317
805.380 466.263
805.673 524.869
805.966 608.967
806.258 531.435
806.551 620.869
806.844 635.943
807.137 681.822
807.430 543.601
807.723 568.716
808.016 789.613
808.308 819.384
808.601 616.950
808.894 524.643
809.187 599.707
809.480 635.335
809.773 561.343
810.066 634.356
810.359 688.382
810.651 621.168
810.944 428.015
811.237 455.705
811.530 606.072
811.825 535.991
812.119 465.837
812.414 447.687
812.709 565.325
813.003 602.920
813.298 580.079
813.593 640.032
813.887 624.216
814.182 898.315
814.476 772.337
814.771 735.802
815.066 707.811
815.360 533.325
815.655 492.688
815.950 584.760
816.244 640.724
816.539 741.942
816.834 686.910
817.128 712.114
817.423 747.079
817.718 885.376
818.012 701.447
818.307 471.234
818.602 609.567
818.896 696.048
819.191 602.224
819.486 562.283
819.780 671.462
820.075 841.076
820.369 788.021
820.664 657.380
820.959 690.520
821.253 727.518
821.548 676.755
821.843 685.443
822.137 728.788
822.432 716.778
822.727 667.487
823.021 621.224
823.316 769.222
823.611 785.507
823.905 599.341
824.200 475.984
824.495 621.516
824.789 682.711
825.084 692.543
825.379 674.299
825.673 676.081
825.968 734.668
826.262 657.070
826.557 705.937
826.852 716.879
827.146 732.816
827.441 650.398
827.736 658.533
828.030 654.995
828.325 489.770
828.620 629.911
828.914 779.371
829.209 634.959
829.504 803.196
829.798 769.763
830.093 601.944
830.388 515.276
830.682 451.388
830.977 600.502
831.271 699.043
831.566 561.194
831.861 537.071
832.155 556.680
832.450 705.527
832.745 797.476
833.039 627.507
833.334 522.062
833.629 628.647
833.923 632.931
834.218 619.712
834.513 619.245
834.807 637.725
835.102 526.908
835.397 550.506
835.691 556.220
835.986 532.110
836.281 515.867
836.575 551.577
836.870 560.278
837.164 612.646
837.459 562.255
837.754 612.071
838.048 587.841
838.343 531.621
838.638 564.080
838.932 582.079
839.227 559.548
839.522 600.430
839.816 611.179
840.111 591.858
840.406 582.199
840.700 738.529
840.995 910.644
841.290 895.717
841.584 712.007
841.879 762.571
842.174 653.108
842.468 660.350
842.763 582.337
843.057 642.306
843.352 666.303
843.647 684.832
843.941 635.500
844.236 639.639
844.531 701.129
844.825 704.973
845.120 732.231
845.415 758.626
845.709 632.839
846.004 744.269
846.299 684.274
846.593 817.605
846.888 776.303
847.183 637.142
847.477 617.559
847.772 676.695
848.066 700.205
848.361 696.119
848.656 687.804
848.950 610.532
849.245 796.599
849.540 723.386
849.834 823.884
850.129 882.182
850.424 701.807
850.718 648.604
851.013 763.560
851.308 778.770
851.602 796.005
851.897 832.373
852.192 914.287
852.486 791.930
852.781 657.923
853.076 706.046
853.370 725.846
853.665 840.276
853.959 861.202
854.254 694.897
854.549 911.658
854.843 787.525
855.138 667.187
855.433 746.852
855.727 848.961
856.022 715.811
856.317 678.899
856.611 743.824
856.906 696.439
857.201 779.752
857.495 903.300
857.790 864.314
858.085 782.375
858.379 747.596
858.674 637.730
858.969 563.865
859.263 676.926
859.558 655.979
859.852 600.704
860.147 702.469
860.442 808.374
860.736 592.237
861.031 756.444
861.326 843.488
861.620 704.107
861.915 854.380
862.210 814.088
862.504 644.262
862.799 775.855
863.094 778.471
863.388 651.565
863.683 627.556
863.978 573.625
864.272 600.850
864.567 638.844
864.861 606.104
865.156 558.749
865.451 529.502
865.745 695.194
866.040 711.944
866.335 742.415
866.629 781.786
866.924 639.904
867.219 597.664
867.513 701.663
867.808 617.436
868.103 586.576
868.397 601.175
868.692 663.608
868.987 617.541
869.281 604.014
869.576 719.444
869.871 755.771
870.165 609.199
870.460 497.049
870.754 572.612
871.049 539.741
871.344 581.257
871.638 663.455
871.933 594.178
872.228 614.274
872.522 644.511
872.817 725.170
873.112 918.918
873.406 750.385
873.701 832.347
873.996 802.499
874.290 638.304
874.585 577.852
874.880 674.295
875.174 596.914
875.469 639.826
875.764 691.342
876.058 588.467
876.353 486.805
876.647 445.977
876.942 523.294
877.237 598.357
877.531 609.059
877.826 657.106
878.121 620.071
878.415 584.354
878.710 558.083
879.005 706.376
879.299 612.023
879.594 569.489
879.889 459.941
880.183 460.026
880.478 584.096
880.773 557.805
881.067 575.414
881.362 603.190
881.656 533.309
881.951 543.936
882.246 476.880
882.540 532.231
882.835 511.472
883.130 540.396
883.424 512.365
883.719 443.796
884.014 609.410
884.308 568.791
884.603 475.516
884.898 538.545
885.192 650.012
885.487 601.241
885.782 530.256
886.076 648.017
886.371 566.073
886.666 379.924
886.960 445.901
887.255 471.473
887.549 484.938
887.844 663.678
888.139 710.932
888.433 660.744
888.728 579.650
889.023 577.883
889.317 593.711
889.612 478.934
889.907 510.377
890.201 595.342
890.496 626.655
890.791 606.676
891.085 577.905
891.380 552.318
891.675 565.183
891.969 595.227
892.264 519.654
892.559 535.994
892.853 640.624
893.148 555.019
893.442 520.570
893.737 624.212
894.032 581.380
894.326 501.213
894.621 483.600
894.916 446.999
895.210 491.547
895.505 529.961
895.800 512.755
896.094 433.306
896.389 497.746
896.684 534.413
896.978 507.472
897.273 414.655
897.568 529.139
897.862 590.623
898.157 539.350
898.451 669.924
898.746 644.269
899.041 674.964
899.335 657.258
899.630 560.331
899.925 576.673
900.219 642.226
900.514 719.683
900.809 589.940
901.103 412.169
901.398 619.993
901.693 602.958
901.987 542.006
902.282 676.884
902.577 582.650
902.871 444.884
903.166 513.086
903.461 643.910
903.755 615.897
904.050 579.927
904.344 484.927
904.639 492.572
904.934 517.260
905.228 568.558
905.523 488.049
905.818 458.789
906.112 616.455
906.407 567.938
906.702 503.874
906.996 570.275
907.291 564.704
907.586 514.776
907.880 685.125
908.175 695.756
908.470 659.401
908.764 638.829
909.059 670.638
909.354 621.688
909.648 523.634
909.943 512.684
910.237 686.549
910.532 760.227
910.827 743.737
911.121 702.226
911.416 653.893
911.711 628.166
912.005 625.648
912.300 628.656
912.599 681.288
912.898 660.020
913.196 662.793
913.495 679.500
913.794 710.511
914.093 649.507
914.391 623.747
914.690 641.360
914.989 614.890
915.288 717.869
915.586 648.192
915.885 537.055
916.184 496.795
916.483 499.618
916.782 630.265
917.080 626.514
917.379 540.132
917.678 520.857
917.977 697.201
918.275 735.712
918.574 720.737
918.873 695.789
919.172 616.247
919.471 496.848
919.769 570.728
920.068 568.006
920.367 553.791
920.666 540.558
920.964 624.740
921.263 581.637
921.562 550.915
921.861 654.169
922.159 598.221
922.458 622.478
922.757 597.066
923.056 596.477
923.355 556.123
923.653 663.869
923.952 630.108
924.251 476.209
924.550 713.140
924.848 749.848
925.147 616.309
925.446 533.596
925.745 623.134
926.043 644.305
926.342 614.277
926.641 552.900
926.940 624.783
927.239 633.720
927.537 717.098
927.836 640.623
928.135 634.832
928.434 695.074
928.732 703.022
929.031 743.061
929.330 758.953
929.629 683.441
929.927 633.365
930.226 597.315
930.525 633.071
930.824 733.080
931.123 684.134
931.421 740.085
931.720 724.445
932.019 769.945
932.318 779.624
932.616 716.355
932.915 662.806
933.214 720.274
933.513 737.297
933.812 700.451
934.110 745.707
934.409 850.756
934.708 740.018
935.007 949.202
935.305 895.938
935.604 668.017
935.903 796.911
936.202 823.463
936.500 879.122
936.799 1005.099
937.098 954.630
937.397 821.294
937.696 757.243
937.994 769.133
938.293 850.439
938.592 736.272
938.891 794.770
939.189 895.798
939.488 908.478
939.787 1033.218
940.086 935.305
940.384 932.171
940.683 783.836
940.982 717.161
941.281 946.407
941.580 1243.681
941.878 1130.175
942.177 919.464
942.476 932.108
942.775 889.263
943.073 778.818
943.372 717.571
943.671 936.058
943.970 1154.319
944.268 985.957
944.567 820.785
944.866 904.130
945.165 958.297
945.464 816.703
945.762 681.350
946.061 893.726
946.360 996.355
946.659 1053.689
946.957 1020.661
947.256 1000.699
947.555 867.751
947.854 883.486
948.153 854.658
948.451 810.789
948.750 825.982
949.049 819.177
949.348 1008.972
949.646 931.278
949.945 893.865
950.244 1015.620
950.543 880.137
950.841 844.787
951.140 799.203
951.439 688.051
951.738 678.768
952.037 682.215
952.335 889.847
952.634 950.694
952.933 797.503
953.232 766.143
953.530 616.516
953.829 896.703
954.128 949.537
954.427 821.973
954.725 944.207
955.024 876.938
955.323 949.711
955.622 783.642
955.921 662.716
956.219 769.284
956.518 699.815
956.817 719.754
957.116 813.918
957.414 796.897
957.713 674.621
958.012 619.631
958.311 644.695
958.610 829.037
958.908 875.212
959.207 839.239
959.506 804.594
959.805 880.492
960.103 867.015
960.402 741.618
960.701 626.957
961.000 678.138
961.298 680.708
961.597 779.261
961.896 706.348
962.195 721.305
962.494 779.761
962.792 703.973
963.091 683.484
963.390 620.800
963.689 587.908
963.987 715.934
964.286 859.729
964.585 876.996
964.884 754.845
965.182 635.356
965.481 1006.433
965.780 1110.623
966.080 936.557
966.380 873.261
966.680 785.041
966.981 790.621
967.281 800.671
967.581 776.159
967.881 761.242
968.181 731.399
968.481 718.747
968.781 686.909
969.082 570.302
969.382 673.794
969.682 758.245
969.982 799.263
970.282 883.024
970.582 713.651
970.882 598.033
971.183 771.384
971.483 659.473
971.783 666.122
972.083 714.742
972.383 733.292
972.683 677.160
972.983 754.840
973.284 651.735
973.584 628.414
973.884 711.544
974.184 699.390
974.484 752.797
974.784 632.293
975.084 588.770
975.385 631.229
975.685 734.464
975.985 709.440
976.285 711.783
976.585 740.108
976.885 645.963
977.185 671.352
977.486 718.631
977.786 717.052
978.086 787.390
978.386 748.044
978.686 611.433
978.986 591.326
979.286 585.334
979.587 667.341
979.887 624.349
980.187 606.356
980.487 578.364
980.787 657.371
981.087 641.378
981.387 763.386
981.688 687.393
981.988 551.401
982.288 566.408
982.588 627.415
982.888 683.423
983.188 655.430
983.488 709.438
983.789 764.445
984.089 707.452
984.389 576.460
984.689 569.467
984.989 524.474
985.289 563.482
985.589 721.489
985.890 673.496
986.190 573.504
986.490 569.511
986.790 717.518
987.090 625.526
987.390 698.533
987.690 715.540
987.991 522.547
988.291 548.555
988.591 554.562
988.891 500.569
989.191 499.576
989.491 633.584
989.791 635.591
990.092 606.598
990.392 651.605
990.692 662.612
990.992 625.620
991.292 513.627
991.592 642.634
991.892 666.641
992.193 744.648
992.493 690.656
992.793 542.663
993.093 611.670
993.393 658.677
993.693 685.684
993.993 738.691
994.294 775.698
994.594 620.706
994.894 547.713
995.194 631.720
995.494 559.727
995.794 590.734
996.094 576.741
996.395 652.748
996.695 690.755
996.995 516.762
997.295 481.769
997.595 535.776
997.895 479.783
998.195 440.791
998.496 530.798
998.796 473.805
999.096 703.812
999.396 660.819
999.696 628.826
999.996 642.833
1000.296 787.840
1000.597 730.847
1000.897 623.854
1001.197 619.861
1001.497 773.868
1001.797 649.875
1002.097 552.881
1002.397 605.888
1002.698 653.895
1002.998 716.902
1003.298 667.909
1003.598 549.916
1003.898 519.923
1004.198 637.930
1004.498 711.937
1004.799 657.944
1005.099 673.951
1005.399 694.958
1005.699 752.964
1005.999 757.971
1006.299 595.978
1006.599 772.985
1006.900 795.992
1007.200 628.999
1007.500 648.006
1007.800 627.012
1008.100 533.019
1008.400 539.026
1008.700 536.033
1009.001 528.040
1009.301 528.047
1009.601 703.053
1009.901 767.060
1010.201 650.067
1010.501 629.074
1010.801 765.080
1011.102 581.087
1011.402 553.094
1011.702 509.101
1012.002 500.107
1012.302 699.114
1012.602 674.121
1012.902 541.128
1013.203 584.134
1013.503 705.141
1013.803 704.148
1014.103 538.155
1014.403 602.161
1014.703 549.168
1015.003 511.175
1015.304 719.181
1015.604 749.188
1015.904 496.195
1016.204 481.201
1016.504 515.208
1016.804 550.215
1017.104 519.221
1017.405 572.228
1017.705 582.234
1018.005 546.241
1018.305 553.248
1018.605 570.254
1018.905 460.261
1019.205 479.268
1019.506 752.274
1019.806 781.281
1020.106 652.287
1020.406 691.294
1020.706 657.300
1021.006 686.307
1021.306 807.314
1021.607 681.320
1021.907 760.327
1022.207 720.333
1022.507 556.340
1022.807 544.346
1023.107 603.353
1023.407 547.359
1023.708 573.366
1024.008 501.372
1024.308 573.379
1024.608 570.385
1024.908 493.392
1025.208 658.398
1025.508 852.405
1025.809 767.411
1026.109 595.418
1026.409 682.424
1026.709 649.431
1027.009 598.437
1027.309 654.443
1027.609 527.450
1027.910 505.456
1028.210 634.463
1028.510 767.469
1028.810 904.476
1029.110 801.482
1029.410 654.488
1029.710 753.495
1030.011 776.501
1030.311 728.508
1030.611 570.514
1030.911 603.520
1031.211 659.527
1031.511 578.533
1031.811 803.539
1032.112 811.546
1032.412 652.552
1032.712 485.558
1033.012 546.565
1033.312 735.571
1033.612 664.577
1033.912 582.584
1034.212 539.590
1034.513 513.596
1034.813 510.603
1035.113 648.609
1035.413 526.615
1035.713 551.621
1036.013 621.628
1036.313 655.634
1036.614 708.640
1036.914 579.646
1037.214 488.653
1037.514 581.659
1037.814 518.665
1038.114 568.671
1038.414 612.678
1038.715 681.684
1039.015 575.690
1039.315 445.696
1039.615 564.703
1039.915 555.709
1040.215 550.715
1040.515 553.721
1040.816 644.727
1041.116 636.733
1041.416 567.740
1041.716 491.746
1042.016 484.752
1042.316 633.758
1042.616 601.764
1042.917 540.770
1043.217 559.777
1043.517 601.783
1043.817 709.789
1044.117 646.795
1044.417 587.801
1044.717 571.807
1045.018 584.813
1045.318 697.819
1045.618 704.825
1045.918 606.832
1046.218 486.838
1046.518 532.844
1046.818 667.850
1047.119 540.856
1047.419 672.862
1047.719 663.868
1048.019 552.874
1048.319 640.880
1048.619 641.886
1048.919 653.892
1049.220 566.898
1049.520 682.904
1049.820 636.910
1050.120 563.916
1050.420 731.922
1050.720 645.928
1051.020 606.934
1051.321 652.940
1051.621 720.946
1051.921 615.952
1052.221 508.958
1052.521 486.964
1052.821 487.970
1053.121 650.976
1053.422 722.982
1053.722 735.988
1054.022 618.994
1054.322 731.000
1054.622 595.006
1054.922 550.012
1055.222 649.018
1055.523 604.024
1055.823 626.030
1056.123 670.035
1056.423 551.041
1056.723 723.047
1057.023 661.053
1057.323 478.059
1057.624 585.065
1057.924 683.071
1058.224 674.077
1058.524 557.083
1058.824 649.088
1059.124 650.094
1059.424 564.100
1059.725 627.106
1060.025 595.112
1060.325 615.118
1060.625 592.123
1060.925 557.129
1061.225 583.135
1061.525 723.141
1061.826 641.147
1062.126 618.153
1062.426 640.158
1062.726 674.164
1063.026 697.170
1063.326 852.176
1063.626 777.181
1063.927 701.187
1064.227 681.193
1064.527 548.199
1064.827 632.205
1065.127 581.210
1065.427 453.216
1065.727 529.222
1066.028 721.228
1066.328 702.233
1066.628 530.239
1066.928 493.245
1067.228 596.250
1067.528 561.256
1067.828 587.262
1068.129 538.268
1068.429 641.273
1068.729 705.279
1069.029 599.285
1069.329 506.290
1069.629 634.296
1069.929 726.302
1070.230 761.307
1070.530 727.313
1070.830 648.319
1071.130 703.324
1071.430 662.330
1071.730 673.336
1072.030 715.341
1072.331 565.347
1072.631 607.353
1072.931 649.358
1073.231 667.364
1073.531 597.369
1073.831 588.375
1074.131 693.381
1074.432 785.386
1074.732 649.392
1075.032 528.397
1075.332 533.403
1075.632 588.409
1075.932 545.414
1076.232 515.420
1076.533 519.425
1076.833 668.431
1077.133 601.436
1077.433 545.442
1077.733 513.448
1078.033 645.453
1078.333 695.459
1078.634 667.464
1078.934 697.470
1079.234 551.475
1079.534 667.481
1079.834 753.486
1080.134 715.492
1080.434 706.497
1080.735 660.503
1081.035 661.508
1081.335 483.514
1081.635 525.519
1081.935 543.525
1082.235 524.530
1082.535 540.536
1082.836 545.541
1083.136 581.547
1083.436 719.552
1083.736 701.557
1084.036 605.563
1084.336 563.568
1084.636 567.574
1084.937 665.579
1085.237 774.585
1085.537 689.590
1085.837 674.596
1086.137 595.601
1086.437 686.606
1086.737 658.612
1087.038 625.617
1087.338 753.623
1087.638 723.628
1087.938 528.633
1088.238 397.639
1088.538 597.644
1088.838 686.649
1089.139 716.655
1089.439 552.660
1089.739 691.666
1090.039 694.671
1090.339 733.676
1090.639 614.682
1090.939 652.687
1091.240 566.692
1091.540 605.698
1091.840 604.703
1092.140 693.708
1092.453 651.714
1092.766 543.719
1093.079 541.724
1093.392 545.730
1093.705 482.735
1094.018 598.740
1094.330 784.745
1094.643 718.751
1094.956 721.756
1095.269 587.761
1095.582 614.767
1095.895 581.772
1096.208 605.777
1096.521 605.782
1096.834 599.788
1097.147 591.793
1097.460 628.798
1097.773 691.803
1098.085 580.809
1098.398 501.814
1098.711 503.819
1099.024 493.824
1099.337 603.829
1099.650 736.835
1099.963 733.840
1100.276 574.845
1100.589 532.850
1100.902 642.856
1101.215 659.861
1101.528 714.866
1101.841 613.871
1102.153 710.876
1102.466 763.881
1102.779 557.887
1103.092 560.892
1103.405 637.897
1103.718 569.902
1104.031 547.907
1104.344 613.912
1104.657 587.918
1104.970 890.923
1105.283 726.928
1105.596 553.933
1105.909 585.938
1106.221 717.943
1106.534 712.948
1106.847 536.953
1107.160 428.959
1107.473 404.964
1107.786 577.969
1108.099 510.974
1108.412 478.979
1108.725 574.984
1109.038 536.989
1109.351 599.994
1109.664 602.999
1109.977 541.004
1110.289 575.009
1110.602 552.014
1110.915 534.020
1111.228 522.025
1111.541 482.030
1111.854 472.035
1112.167 404.040
1112.480 439.045
1112.793 544.050
1113.106 563.055
1113.419 650.060
1113.732 606.065
1114.044 496.070
1114.357 582.075
1114.670 624.080
1114.983 551.085
1115.296 491.090
1115.609 590.095
1115.922 586.100
1116.235 644.105
1116.548 630.110
1116.861 599.115
1117.174 564.120
1117.487 587.125
1117.800 744.130
1118.112 576.135
1118.425 546.140
1118.738 543.145
1119.051 539.150
1119.364 577.155
1119.677 646.160
1119.990 604.164
1120.303 601.169
1120.616 691.174
1120.929 584.179
1121.242 640.184
1121.555 654.189
1121.868 666.194
1122.180 634.199
1122.493 381.204
1122.806 421.209
1123.119 603.214
1123.432 632.219
1123.745 615.223
1124.058 566.228
1124.371 518.233
1124.684 605.238
1124.997 614.243
1125.310 540.248
1125.623 445.253
1125.935 465.258
1126.248 544.262
1126.561 639.267
1126.874 614.272
1127.187 670.277
1127.500 709.282
1127.813 641.287
1128.126 608.291
1128.439 651.296
1128.752 810.301
1129.065 594.306
1129.378 350.311
1129.691 519.316
1130.003 578.320
1130.316 502.325
1130.629 458.330
1130.942 601.335
1131.255 555.340
1131.568 485.344
1131.881 588.349
1132.194 678.354
1132.507 650.359
1132.820 583.363
1133.133 663.368
1133.446 545.373
1133.759 743.378
1134.071 1165.383
1134.384 835.387
1134.697 762.392
1135.010 821.397
1135.323 619.401
1135.636 519.406
1135.949 468.411
1136.262 496.416
1136.575 549.420
1136.888 600.425
1137.201 630.430
1137.514 556.435
1137.826 649.439
1138.139 586.444
1138.452 560.449
1138.765 747.453
1139.078 762.458
1139.391 709.463
1139.704 648.467
1140.017 682.472
1140.330 616.477
1140.643 556.482
1140.956 561.486
1141.269 604.491
1141.582 619.496
1141.894 562.500
1142.207 718.505
1142.520 606.509
1142.833 691.514
1143.146 622.519
1143.459 477.523
1143.772 529.528
1144.085 630.533
1144.398 558.537
1144.711 494.542
1145.024 503.547
1145.337 587.551
1145.650 681.556
1145.962 565.560
1146.275 539.565
1146.588 470.570
1146.901 632.574
1147.214 600.579
1147.527 513.583
1147.840 612.588
1148.153 609.593
1148.466 650.597
1148.779 619.602
1149.092 676.606
1149.405 584.611
1149.718 644.615
1150.030 632.620
1150.343 540.625
1150.656 483.629
1150.969 535.634
1151.282 788.638
1151.595 720.643
1151.908 581.647
1152.221 433.652
1152.534 509.656
1152.847 745.661
1153.160 595.665
1153.473 604.670
1153.785 638.675
1154.098 634.679
1154.411 711.684
1154.724 612.688
1155.037 734.693
1155.350 659.697
1155.663 690.702
1155.976 604.706
1156.289 666.711
1156.602 586.715
1156.915 488.720
1157.228 403.724
1157.541 459.728
1157.853 502.733
1158.166 561.737
1158.479 680.742
1158.792 603.746
1159.105 608.751
1159.418 652.755
1159.731 606.760
1160.044 586.764
1160.357 803.769
1160.670 730.773
1160.983 469.777
1161.296 606.782
1161.609 686.786
1161.921 556.791
1162.234 551.795
1162.547 418.800
1162.860 412.804
1163.173 420.808
1163.486 558.813
1163.799 600.817
1164.112 610.822
1164.425 593.826
1164.738 532.830
1165.051 464.835
1165.364 548.839
1165.676 624.844
1165.989 651.848
1166.302 592.852
1166.615 683.857
1166.928 642.861
1167.241 712.865
1167.554 725.870
1167.867 720.874
1168.180 651.879
1168.493 450.883
1168.806 496.887
1169.119 559.892
1169.432 696.896
1169.744 716.900
1170.057 630.905
1170.370 740.909
1170.683 676.913
1170.996 542.918
1171.309 562.922
1171.622 550.926
1171.935 571.931
1172.248 740.935
1172.561 689.939
1172.874 642.943
1173.187 606.948
1173.500 658.952
1173.812 712.956
1174.125 701.961
1174.438 682.965
1174.751 547.969
1175.064 540.973
1175.377 682.978
1175.690 580.982
1176.003 519.986
1176.316 582.991
1176.629 632.995
1176.942 558.999
1177.255 516.003
1177.567 454.008
1177.880 476.012
1178.193 608.016
1178.506 582.020
1178.819 624.025
1179.132 734.029
1179.445 590.033
1179.758 692.037
1180.071 682.041
1180.384 530.046
1180.697 579.050
1181.010 649.054
1181.323 736.058
1181.635 751.063
1181.948 695.067
1182.261 599.071
1182.574 530.075
1182.887 572.079
1183.200 741.084
1183.513 707.088
1183.826 636.092
1184.139 635.096
1184.452 609.100
1184.765 545.104
1185.078 462.109
1185.391 540.113
1185.703 523.117
1186.016 474.121
1186.329 504.125
1186.642 537.129
1186.955 652.134
1187.268 599.138
1187.581 655.142
1187.894 607.146
1188.207 648.150
1188.520 580.154
1188.833 585.158
1189.146 525.163
1189.459 479.167
1189.771 553.171
1190.084 670.175
1190.397 547.179
1190.710 569.183
1191.023 569.187
1191.336 588.191
1191.649 565.195
1191.962 595.200
1192.275 489.204
1192.588 605.208
1192.901 726.212
1193.214 570.216
1193.526 528.220
1193.839 624.224
1194.152 509.228
1194.465 585.232
1194.778 574.236
1195.091 620.240
1195.404 513.244
1195.717 573.249
1196.030 673.253
1196.343 589.257
1196.656 483.261
1196.969 549.265
1197.282 644.269
1197.594 635.273
1197.907 750.277
1198.220 676.281
1198.533 538.285
1198.846 520.289
1199.159 527.293
1199.472 465.297
1199.785 575.301
1200.098 535.305
1200.411 656.309
1200.724 636.313
1201.037 606.317
1201.350 498.321
1201.662 438.325
1201.975 557.329
1202.288 586.333
1202.601 225.337
