165.028 46.558
165.288 9.176
165.547 96.798
165.807 119.423
166.067 78.051
166.327 15.683
166.587 -37.683
166.847 73.954
167.107 99.594
167.367 85.238
167.627 152.884
167.886 150.533
168.146 77.185
168.406 279.839
168.666 236.497
168.926 126.157
169.186 165.820
169.446 179.486
169.706 19.155
169.966 99.826
170.225 127.500
170.485 178.176
170.745 252.855
171.005 378.537
171.265 206.221
171.525 155.907
171.785 112.596
172.045 82.288
172.305 187.982
172.564 102.678
172.824 -7.623
173.084 171.078
173.344 122.782
173.604 139.487
173.864 193.195
174.124 170.905
174.384 149.618
174.644 201.332
174.903 319.049
175.163 313.767
175.423 302.488
175.683 80.211
175.943 179.936
176.203 181.663
176.463 163.392
176.723 93.123
176.983 118.856
177.242 173.590
177.502 295.327
177.762 359.065
178.022 159.806
178.282 139.548
178.542 92.291
178.802 89.037
179.062 86.784
179.322 291.533
179.581 336.284
179.841 205.036
180.101 222.790
180.361 267.545
180.621 237.302
180.881 160.061
181.141 136.821
181.401 131.582
181.661 195.345
181.920 304.109
182.180 229.875
182.440 130.642
182.700 75.411
182.960 111.180
183.220 147.951
183.480 299.724
183.740 212.497
184.000 133.272
184.259 61.048
184.519 157.825
184.779 165.604
185.039 173.383
185.299 287.164
185.559 296.945
185.819 260.728
186.079 307.512
186.339 268.296
186.598 219.082
186.858 88.869
187.118 57.656
187.378 207.445
187.638 189.234
187.898 309.025
188.158 409.816
188.418 232.608
188.678 172.400
188.937 210.194
189.197 283.988
189.457 288.783
189.717 212.579
189.977 77.375
190.237 63.172
190.497 240.970
190.757 225.768
191.017 233.567
191.276 131.366
191.536 172.166
191.796 143.967
192.056 135.768
192.316 166.570
192.576 138.372
192.836 141.174
193.096 160.977
193.356 132.780
193.616 186.584
193.875 203.388
194.135 168.192
194.395 280.997
194.655 329.802
194.915 288.607
195.175 203.413
195.435 315.219
195.695 81.025
195.955 -29.169
196.214 179.638
196.474 330.444
196.734 272.251
196.994 270.058
197.254 252.865
197.514 179.672
197.774 197.479
198.034 179.287
198.294 128.094
198.553 192.901
198.813 167.709
199.073 11.516
199.333 77.323
199.593 274.131
199.853 293.938
200.113 348.745
200.373 354.552
200.633 144.359
200.892 112.166
201.152 96.972
201.412 109.779
201.672 201.585
201.932 373.391
202.192 391.197
202.452 208.003
202.712 129.808
202.972 226.613
203.231 327.418
203.491 302.223
203.751 291.027
204.011 307.831
204.271 370.635
204.531 174.438
204.791 131.241
205.051 153.044
205.311 251.846
205.570 252.648
205.830 220.449
206.090 179.250
206.350 262.050
206.610 438.850
206.870 238.650
207.130 234.449
207.390 286.247
207.650 242.045
207.909 251.843
208.169 278.640
208.429 288.436
208.689 157.232
208.949 235.027
209.209 337.822
209.469 175.616
209.729 140.410
209.989 193.202
210.248 140.995
210.508 395.786
210.768 333.577
211.028 261.367
211.288 368.157
211.548 288.945
211.808 297.733
212.068 397.521
212.328 438.307
212.587 466.093
212.847 348.878
213.107 361.663
213.367 359.446
213.627 291.229
213.887 299.011
214.147 158.792
214.407 253.573
214.667 306.352
214.926 390.131
215.186 261.909
215.446 303.686
215.706 284.462
215.966 228.237
216.226 233.012
216.486 208.785
216.746 258.558
217.006 297.330
217.265 232.100
217.525 225.870
217.785 295.639
218.045 335.407
218.305 231.174
218.565 217.940
218.825 290.705
219.085 402.469
219.345 267.233
219.604 155.995
219.864 308.756
220.124 312.516
220.384 279.275
220.644 302.033
220.904 194.790
221.164 225.546
221.424 198.301
221.684 135.055
221.943 201.808
222.203 327.560
222.463 264.310
222.723 149.060
222.983 264.808
223.243 237.556
223.503 256.302
223.763 194.047
224.023 180.791
224.282 317.534
224.542 377.276
224.802 337.017
225.062 317.757
225.322 434.495
225.582 335.232
225.842 306.969
226.102 327.704
226.362 256.437
226.621 338.170
226.881 234.901
227.141 267.632
227.401 303.361
227.661 218.089
227.921 393.816
228.181 355.541
228.441 285.265
228.701 460.989
228.960 417.710
229.220 256.431
229.480 222.151
229.740 413.869
230.000 460.586
230.260 270.302
230.520 244.016
230.780 225.729
231.040 233.441
231.299 160.152
231.559 203.862
231.819 306.570
232.079 402.277
232.339 325.983
232.599 166.687
232.859 320.390
233.119 418.092
233.379 287.793
233.638 269.492
233.898 366.190
234.158 379.887
234.418 269.583
234.678 358.277
234.938 391.970
235.198 227.661
235.458 180.351
235.718 353.040
235.978 353.728
236.237 289.414
236.497 292.099
236.757 375.783
237.017 328.466
237.277 297.147
237.537 301.826
237.797 225.505
238.057 352.182
238.317 293.858
238.576 163.532
238.836 254.205
239.096 334.877
239.356 273.548
239.616 267.217
239.876 327.884
240.136 281.551
240.396 388.216
240.656 496.880
240.915 411.542
241.175 302.203
241.435 223.863
241.695 350.521
241.955 492.178
242.215 564.834
242.475 524.488
242.735 312.141
242.995 365.793
243.254 416.443
243.514 323.092
243.774 153.739
244.034 294.385
244.294 531.030
244.554 396.673
244.814 374.315
245.074 301.956
245.334 311.595
245.593 310.233
245.853 314.870
246.113 265.505
246.373 394.139
246.633 442.772
246.893 364.403
247.153 358.032
247.413 425.661
247.673 395.288
247.932 296.914
248.192 373.538
248.452 438.161
248.712 401.782
248.972 258.403
249.232 417.021
249.492 327.639
249.752 173.255
250.012 399.870
250.271 344.483
250.531 311.095
250.791 561.706
251.051 566.315
251.311 381.923
251.571 207.529
251.831 386.134
252.091 429.738
252.351 339.341
252.610 293.942
252.870 382.542
253.130 345.140
253.390 328.737
253.650 383.332
253.911 424.927
254.172 503.520
254.433 368.111
254.694 311.701
254.955 377.290
255.216 312.878
255.477 473.464
255.738 425.049
255.999 266.632
256.261 471.214
256.522 478.795
256.783 427.374
257.044 277.952
257.305 229.529
257.566 228.104
257.827 229.678
258.088 291.251
258.349 264.822
258.610 325.392
258.871 398.960
259.132 466.528
259.393 382.094
259.654 291.658
259.915 214.221
260.176 383.783
260.437 452.344
260.698 371.903
260.959 342.461
261.221 430.018
261.482 412.573
261.743 398.127
262.004 453.679
262.265 592.231
262.526 546.781
262.787 308.329
263.048 322.876
263.309 344.422
263.570 497.967
263.831 437.511
264.092 332.053
264.353 214.593
264.614 497.133
264.875 462.671
265.136 387.208
265.397 570.743
265.658 603.277
265.919 630.810
266.181 575.342
266.442 453.872
266.703 352.401
266.964 337.929
267.225 335.455
267.486 364.980
267.747 482.504
268.008 507.027
268.269 549.548
268.530 553.068
268.791 474.587
269.052 470.104
269.313 445.621
269.574 430.135
269.835 470.649
270.096 474.161
270.357 452.672
270.618 406.182
270.879 351.691
271.141 404.198
271.402 371.704
271.663 308.209
271.924 418.712
272.185 504.215
272.446 474.716
272.707 427.216
272.968 364.714
273.229 395.211
273.490 411.707
273.751 343.202
274.012 391.696
274.273 528.188
274.534 453.679
274.795 480.169
275.056 484.658
275.317 354.145
275.578 255.631
275.839 316.116
276.101 339.600
276.362 333.082
276.623 385.564
276.884 538.044
277.145 504.523
277.406 488.000
277.667 418.477
277.928 306.952
278.189 568.426
278.450 516.899
278.711 441.371
278.972 486.841
279.233 414.310
279.494 513.778
279.755 637.245
280.016 632.711
280.277 431.176
280.538 482.639
280.799 380.101
281.061 401.562
281.322 428.022
281.583 432.481
281.844 351.938
282.105 361.394
282.366 505.850
282.627 480.304
282.888 560.756
283.149 537.208
283.410 464.659
283.671 459.108
283.932 399.556
284.193 281.003
284.454 366.449
284.715 456.894
284.976 397.338
285.237 509.780
285.498 739.222
285.759 576.662
286.021 527.101
286.282 480.539
286.543 489.976
286.804 519.412
287.065 561.846
287.326 563.280
287.587 412.712
287.848 478.144
288.109 547.574
288.370 497.003
288.631 341.431
288.892 298.858
289.153 379.284
289.414 304.708
289.675 529.132
289.936 662.555
290.197 575.976
290.458 486.396
290.719 362.816
290.981 543.234
291.242 635.651
291.503 616.067
291.764 471.482
292.025 342.896
292.286 375.308
292.547 499.720
292.808 433.131
293.069 491.541
293.330 539.949
293.591 525.357
293.852 494.763
294.113 438.168
294.374 400.573
294.635 467.976
294.896 502.378
295.157 577.780
295.418 540.180
295.679 533.579
295.941 479.977
296.202 471.374
296.463 479.770
296.724 556.165
296.985 569.559
297.246 565.952
297.507 405.344
297.768 385.735
298.029 528.125
298.290 624.514
298.551 640.902
298.812 682.289
299.073 471.675
299.334 353.060
299.595 532.444
299.856 574.827
300.117 689.209
300.378 570.590
300.639 333.970
300.901 311.349
301.162 437.727
301.423 500.104
301.684 595.480
301.945 641.855
302.206 454.229
302.467 478.602
302.728 406.974
302.989 480.345
303.250 528.716
303.511 583.085
303.772 555.453
304.033 525.821
304.294 501.187
304.555 448.552
304.816 487.917
305.077 518.280
305.338 458.643
305.599 395.005
305.861 456.366
306.122 512.725
306.383 420.084
306.644 454.442
306.905 343.799
307.166 513.155
307.427 565.510
307.688 498.865
307.949 456.218
308.210 491.570
308.471 500.922
308.732 434.273
308.993 304.622
309.254 431.971
309.515 385.319
309.776 519.666
310.037 526.012
310.298 387.357
310.559 411.701
310.821 533.045
311.082 515.387
311.343 403.729
311.604 336.070
311.865 315.409
312.126 316.748
312.387 427.087
312.648 472.424
312.909 457.760
313.170 511.096
313.434 525.430
313.698 442.764
313.963 472.097
314.227 443.429
314.491 401.760
314.755 474.090
315.019 486.420
315.284 346.748
315.548 448.076
315.812 432.403
316.076 562.729
316.340 606.054
316.604 496.379
316.869 508.702
317.133 477.025
317.397 576.347
317.661 637.668
317.925 520.988
318.190 471.307
318.454 440.626
318.718 409.944
318.982 510.261
319.246 580.577
319.511 671.892
319.775 526.207
320.039 538.520
320.303 533.833
320.567 534.145
320.832 506.456
321.096 428.767
321.360 469.076
321.624 429.385
321.888 346.693
322.153 383.001
322.417 403.307
322.681 313.613
322.945 429.918
323.209 481.222
323.473 390.525
323.738 399.828
324.002 457.129
324.266 600.430
324.530 547.731
324.794 489.030
325.059 417.329
325.323 328.627
325.587 419.924
325.851 462.220
326.115 591.516
326.380 530.811
326.644 540.105
326.908 545.398
327.172 486.691
327.436 572.983
327.701 500.274
327.965 415.564
328.229 489.854
328.493 393.143
328.757 436.431
329.022 574.718
329.286 414.005
329.550 406.291
329.814 463.576
330.078 465.861
330.342 397.144
330.607 405.428
330.871 497.710
331.135 588.991
331.399 578.272
331.663 473.552
331.928 488.832
332.192 585.111
332.456 565.389
332.720 542.666
332.984 434.943
333.249 456.219
333.513 483.494
333.777 366.768
334.041 376.042
334.305 452.315
334.570 488.588
334.834 434.859
335.098 618.130
335.362 659.401
335.626 535.670
335.891 428.939
336.155 441.208
336.419 434.475
336.683 303.742
336.947 420.008
337.211 440.274
337.476 338.539
337.740 472.803
338.004 495.067
338.268 401.330
338.532 489.592
338.797 468.853
339.061 491.114
339.325 594.375
339.589 642.634
339.853 537.893
340.118 474.152
340.382 559.409
340.646 611.666
340.910 445.922
341.174 417.178
341.439 446.433
341.703 512.688
341.967 457.941
342.231 430.195
342.495 401.447
342.759 519.699
343.024 481.950
343.288 586.201
343.552 546.451
343.816 347.700
344.080 370.949
344.345 487.197
344.609 391.444
344.873 266.691
345.137 464.937
345.401 527.183
345.666 343.428
345.930 555.672
346.194 600.916
346.458 430.159
346.722 421.402
346.987 462.644
347.251 549.885
347.515 704.126
347.779 465.366
348.043 403.605
348.308 480.844
348.572 378.083
348.836 322.321
349.100 372.558
349.364 343.794
349.628 351.030
349.893 415.266
350.157 548.500
350.421 558.735
350.685 530.968
350.949 463.201
351.214 371.434
351.478 481.666
351.742 500.897
352.006 425.128
352.270 434.358
352.535 365.587
352.799 379.817
353.063 488.045
353.327 423.273
353.591 375.500
353.856 426.727
354.120 486.953
354.384 600.179
354.648 676.404
354.912 613.629
355.177 509.852
355.441 402.076
355.705 598.299
355.969 645.521
356.233 600.743
356.497 533.964
356.762 488.185
357.026 504.405
357.290 531.625
357.554 523.844
357.818 481.062
358.083 472.280
358.347 524.498
358.611 526.715
358.875 493.931
359.139 495.147
359.404 415.362
359.668 511.577
359.932 656.791
360.196 633.005
360.460 497.218
360.725 473.431
360.989 502.643
361.253 611.855
361.517 602.066
361.781 567.276
362.046 620.487
362.310 606.696
362.574 590.905
362.838 506.114
363.102 533.322
363.366 549.529
363.631 448.737
363.895 478.943
364.159 573.149
364.423 542.355
364.687 576.560
364.952 579.764
365.216 634.968
365.480 609.172
365.747 437.375
366.013 432.578
366.280 444.780
366.546 525.981
366.813 480.182
367.079 548.383
367.346 625.583
367.612 526.783
367.879 525.982
368.145 587.181
368.412 561.379
368.678 478.577
368.945 578.774
369.211 550.971
369.478 594.167
369.744 512.363
370.011 511.558
370.278 465.753
370.544 424.947
370.811 506.141
371.077 531.335
371.344 482.528
371.610 491.720
371.877 488.912
372.143 586.104
372.410 664.295
372.676 695.486
372.943 642.676
373.209 581.866
373.476 475.055
373.742 398.244
374.009 539.433
374.276 554.621
374.542 493.808
374.809 394.995
375.075 341.182
375.342 335.368
375.608 353.554
375.875 382.739
376.141 597.924
376.408 562.108
376.674 602.292
376.941 563.476
377.207 490.659
377.474 815.842
377.740 760.024
378.007 516.206
378.273 554.387
378.540 647.568
378.807 510.749
379.073 416.929
379.340 421.108
379.606 477.288
379.873 458.466
380.139 592.645
380.406 681.823
380.672 586.000
380.939 475.177
381.205 440.354
381.472 355.530
381.738 355.706
382.005 522.882
382.271 586.057
382.538 557.231
382.804 644.406
383.071 606.580
383.338 610.753
383.604 574.926
383.871 642.099
384.137 594.271
384.404 516.442
384.670 554.614
384.937 493.785
385.203 560.955
385.470 541.126
385.736 572.295
386.003 554.465
386.269 521.634
386.536 474.802
386.802 455.971
387.069 594.138
387.336 797.306
387.602 749.473
387.869 433.639
388.135 411.806
388.402 401.972
388.668 469.137
388.935 565.302
389.201 719.467
389.468 730.631
389.734 727.795
390.001 633.959
390.267 472.122
390.534 598.285
390.800 632.447
391.067 611.609
391.333 620.771
391.600 531.932
391.867 551.093
392.133 544.253
392.400 422.414
392.666 382.573
392.933 638.733
393.199 715.892
393.466 556.051
393.732 566.209
393.999 609.367
394.265 581.525
394.532 522.682
394.798 565.839
395.065 550.995
395.331 652.151
395.598 690.307
395.864 676.463
396.131 707.618
396.398 829.772
396.664 981.927
396.931 1084.081
397.197 1326.234
397.464 1554.388
397.730 1915.541
397.997 2079.693
398.263 2277.846
398.530 2403.998
398.796 2705.149
399.063 2858.300
399.329 2914.451
399.596 3131.602
399.862 3235.752
400.129 3435.902
400.396 3532.051
400.662 3255.200
400.929 3357.349
401.195 3449.498
401.462 3583.646
401.728 3748.794
401.995 3867.941
402.261 3946.088
402.528 4151.235
402.794 4398.382
403.061 4622.528
403.327 4832.674
403.594 4699.819
403.860 4687.964
404.127 4729.109
404.393 4770.254
404.660 4757.398
404.931 4721.542
405.202 4796.685
405.473 4834.828
405.745 5046.971
406.016 5414.114
406.287 5456.256
406.558 5426.398
406.829 5540.540
407.100 5513.681
407.371 5792.822
407.642 5755.963
407.914 5801.103
408.185 5818.243
408.456 5900.383
408.727 6126.522
408.998 6206.661
409.269 6529.800
409.540 6556.938
409.811 6187.076
410.083 6205.214
410.354 6207.352
410.625 6082.489
410.896 6015.626
411.167 6027.763
411.438 5899.899
411.709 5549.035
411.981 5667.171
412.252 5196.306
412.523 4780.441
412.794 4692.576
413.065 4460.710
413.336 4041.845
413.607 3866.978
413.878 3595.112
414.150 3386.245
414.421 3130.378
414.692 2917.511
414.963 2716.644
415.234 2722.776
415.505 2540.908
415.776 2534.039
416.047 2384.170
416.319 2060.301
416.590 1737.432
416.861 1401.562
417.132 1402.692
417.403 1383.822
417.674 1205.952
417.945 1025.081
418.217 891.210
418.488 999.339
418.759 837.467
419.030 677.595
419.301 717.723
419.572 812.851
419.843 789.978
420.114 675.105
420.386 657.232
420.657 735.358
420.928 676.484
421.199 618.610
421.470 572.736
421.741 484.861
422.012 551.986
422.283 563.111
422.555 583.235
422.826 663.360
423.097 758.484
423.368 671.607
423.639 525.731
423.910 639.854
424.181 562.977
424.453 474.100
424.724 778.222
424.995 845.344
425.266 619.466
425.537 596.587
425.808 740.709
426.079 792.830
426.350 716.951
426.622 679.071
426.893 783.191
427.164 705.311
427.435 617.431
427.706 596.551
427.977 642.670
428.248 644.789
428.519 737.907
428.791 652.026
429.062 776.144
429.333 662.262
429.604 559.380
429.875 747.497
430.146 820.614
430.417 787.731
430.689 719.848
430.960 573.965
431.231 640.081
431.502 842.197
431.773 812.312
432.044 696.428
432.315 888.543
432.586 801.658
432.858 769.773
433.129 598.887
433.400 611.001
433.671 645.115
433.942 596.229
434.213 505.343
434.484 577.456
434.755 623.569
435.027 455.682
435.298 598.794
435.569 650.906
435.840 553.018
436.116 551.130
436.391 659.242
436.667 675.353
436.942 695.464
437.218 724.575
437.493 743.686
437.769 784.796
438.045 673.906
438.320 650.016
438.596 701.126
438.871 652.235
439.147 641.345
439.422 570.454
439.698 492.562
439.974 510.671
440.249 631.779
440.525 691.887
440.800 491.995
441.076 556.103
441.351 732.210
441.627 788.317
441.903 741.424
442.178 576.531
442.454 510.638
442.729 712.744
443.005 605.850
443.281 671.956
443.556 800.061
443.832 657.167
444.107 549.272
444.383 587.377
444.658 552.482
444.934 399.586
445.210 638.691
445.485 739.795
445.761 739.899
446.036 704.002
446.312 759.106
446.587 771.209
446.863 584.312
447.139 606.415
447.414 628.517
447.690 675.620
447.965 712.722
448.241 623.824
448.516 658.925
448.792 641.027
449.068 600.128
449.343 657.229
449.619 612.330
449.894 672.431
450.170 646.531
450.445 838.632
450.721 804.732
450.997 547.832
451.272 707.931
451.548 675.031
451.823 619.130
452.099 710.229
452.375 632.328
452.650 606.426
452.926 686.525
453.201 712.623
453.477 949.721
453.752 814.819
454.028 681.917
454.304 790.014
454.579 834.111
454.855 760.208
455.130 786.305
455.406 896.402
455.681 843.498
455.957 797.594
456.233 753.690
456.508 706.786
456.784 780.882
457.059 763.977
457.335 874.073
457.610 804.168
457.886 742.263
458.162 628.357
458.437 630.452
458.713 754.546
458.988 743.640
459.264 773.734
459.539 770.828
459.815 714.921
460.091 622.015
460.366 595.108
460.642 554.201
460.917 565.293
461.193 626.386
461.468 632.478
461.744 615.571
462.020 564.663
462.295 597.755
462.571 591.846
462.846 651.938
463.122 772.029
463.397 727.120
463.673 561.649
463.949 595.706
464.224 657.735
464.500 673.809
464.775 634.573
465.051 631.400
465.327 724.029
465.602 901.040
465.878 926.006
466.153 861.299
466.429 1110.000
466.704 1326.546
466.980 1272.288
467.256 1348.377
467.531 1510.976
467.807 1512.578
468.082 1436.514
468.358 1377.106
468.633 1502.828
468.909 1425.607
469.185 1370.846
469.460 1589.617
469.736 1596.340
470.011 1428.250
470.287 1437.967
470.562 1515.550
470.838 1412.222
471.114 1472.322
471.389 1449.176
471.665 1477.017
471.940 1541.352
472.216 1412.896
472.491 1260.412
472.767 1282.060
473.043 1330.828
473.318 1379.596
473.594 1196.510
473.869 1119.482
474.145 1064.634
474.421 948.748
474.696 930.522
474.972 809.355
475.247 759.297
475.523 869.607
475.798 849.171
476.074 728.228
476.350 704.891
476.625 671.036
476.901 698.643
477.176 713.290
477.452 613.971
477.727 590.657
478.003 503.758
478.279 708.109
478.554 805.753
478.830 788.345
479.105 753.324
479.381 700.918
479.656 626.964
479.932 667.951
480.208 781.729
480.483 763.831
480.759 753.801
481.034 693.524
481.310 654.211
481.585 653.981
481.861 677.247
482.137 585.004
482.412 636.809
482.688 676.775
482.963 766.446
483.239 844.916
483.514 609.524
483.790 665.383
484.066 938.523
484.341 739.062
484.617 615.771
484.892 746.962
485.168 742.064
485.443 582.358
485.719 610.269
485.995 778.777
486.270 758.261
486.546 635.175
486.821 524.470
487.097 508.703
487.373 606.896
487.648 716.013
487.924 637.705
488.199 468.195
488.475 345.480
488.750 440.956
489.026 590.629
489.302 549.486
489.577 495.100
489.853 533.866
490.128 753.333
490.404 683.198
490.679 489.533
490.955 678.766
491.231 743.355
491.506 688.383
491.782 609.796
492.057 569.154
492.333 654.354
492.608 594.740
492.884 616.339
493.160 502.908
493.435 525.535
493.711 651.097
493.986 654.449
494.262 642.417
494.537 592.489
494.813 669.687
495.089 535.839
495.364 551.627
495.640 592.956
495.915 556.681
496.191 711.392
496.467 713.149
496.742 612.727
497.018 649.546
497.293 631.847
497.569 736.297
497.844 646.737
498.120 675.520
498.396 662.050
498.671 565.460
498.947 688.668
499.222 765.964
499.498 726.995
499.773 735.025
500.049 800.370
500.325 796.249
500.600 842.911
500.876 856.838
501.151 1046.190
501.427 1127.631
501.702 1273.558
501.978 1256.542
502.254 1345.749
502.529 1250.904
502.805 1380.128
503.080 1547.919
503.356 1498.088
503.631 1453.206
503.907 1458.241
504.183 1395.557
504.458 1504.938
504.734 1491.352
505.009 1530.854
505.285 1449.477
505.560 1462.235
505.836 1521.476
506.112 1485.107
506.387 1373.839
506.663 1359.374
506.938 1338.208
507.214 1300.864
507.490 1346.082
507.765 1331.673
508.041 1383.204
508.316 1424.643
508.592 1191.227
508.867 1158.908
509.143 1228.161
509.419 1130.740
509.694 889.822
509.970 805.635
510.245 754.038
510.521 856.349
510.796 799.615
511.072 778.701
511.348 784.193
511.623 755.344
511.899 723.335
512.174 844.826
512.450 855.957
512.725 792.529
513.001 617.378
513.277 534.652
513.552 725.358
513.828 715.115
514.103 726.296
514.379 819.778
514.654 682.400
514.930 719.432
515.206 1028.897
515.481 921.010
515.757 763.538
516.032 717.843
516.308 830.760
516.583 962.694
516.859 935.564
517.135 933.678
517.410 998.980
517.686 1057.349
517.961 1106.001
518.237 1135.924
518.513 1093.126
518.788 1338.744
519.064 1460.737
519.339 1495.058
519.615 1490.779
519.890 1583.904
520.166 1735.617
520.442 1909.174
520.717 1920.782
520.993 1945.813
521.268 1844.865
521.544 1924.808
521.819 1849.123
522.095 1964.489
522.371 2237.831
522.646 2242.683
522.922 2367.030
523.197 2389.118
523.473 2393.588
523.748 2321.875
524.024 2307.579
524.300 2294.239
524.575 2221.569
524.851 2319.233
525.126 2328.545
525.402 2304.993
525.677 2343.327
525.953 2271.354
526.229 2244.642
526.504 2222.923
526.780 2368.082
527.055 2334.041
527.331 2380.030
527.606 2560.526
527.882 2511.242
528.158 2358.531
528.433 2544.496
528.709 2477.373
528.984 2440.001
529.260 2470.711
529.535 2477.038
529.811 2296.498
530.087 2179.704
530.362 2153.921
530.638 2220.238
530.913 2278.577
531.189 2334.886
531.465 2114.864
531.740 2004.885
532.016 2056.202
532.291 1951.809
532.567 1906.228
532.842 1888.841
533.118 1865.509
533.394 1909.123
533.669 1666.783
533.945 1438.238
534.220 1463.585
534.496 1570.225
534.771 1450.953
535.047 1464.130
535.323 1421.669
535.598 1398.873
535.874 1453.028
536.149 1408.559
536.425 1337.584
536.700 1360.143
536.976 1551.100
537.252 1840.213
537.527 1996.298
537.803 2443.307
538.078 3079.982
538.354 3497.931
538.629 3689.420
538.905 4008.371
539.181 4393.057
539.456 4720.527
539.732 5174.401
540.007 5520.950
540.283 5664.799
540.558 5919.872
540.834 6226.394
541.110 6460.335
541.385 6570.289
541.661 6876.282
541.936 7038.750
542.212 7001.142
542.488 7168.687
542.763 7422.456
543.039 7522.135
543.314 7597.584
543.590 7586.313
543.865 7641.977
544.141 7538.752
544.417 7362.042
544.692 7201.220
544.968 7084.092
545.243 7012.657
545.519 6806.143
545.794 6721.509
546.070 6708.638
546.348 6407.902
546.627 6073.553
546.905 6075.667
547.183 5972.291
547.461 5913.753
547.740 5920.755
548.018 5803.432
548.296 5668.623
548.575 5697.473
548.853 5856.411
549.131 6067.981
549.409 6227.687
549.688 6522.380
549.966 6690.089
550.244 6805.219
550.523 6906.553
550.801 6981.943
551.079 7201.595
551.357 7344.078
551.636 7240.033
551.914 7209.037
552.192 7212.045
552.471 7443.301
552.749 7584.349
553.027 7773.784
553.306 8069.040
553.584 8189.050
553.862 8416.811
554.140 8710.573
554.419 8766.320
554.697 9022.000
554.975 9255.882
555.254 9491.262
555.532 9443.955
555.810 9626.009
556.088 9703.708
556.367 9459.354
556.645 9212.846
556.923 9024.177
557.202 8897.865
557.480 8807.720
557.758 8455.868
558.036 8255.139
558.315 7990.413
558.593 7790.073
558.871 7581.020
559.150 7303.615
559.428 7142.171
559.706 6677.621
559.984 6397.090
560.263 6253.070
560.541 5852.243
560.819 5493.765
561.098 5277.477
561.376 4917.907
561.654 4350.645
561.932 3765.850
562.211 3412.839
562.489 3183.297
562.767 2797.370
563.046 2467.730
563.324 2161.184
563.602 2077.810
563.880 1867.608
564.159 1839.821
564.437 1797.834
564.715 1508.817
564.994 1327.479
565.272 1403.340
565.550 1240.965
565.828 1087.689
566.107 1176.815
566.385 1145.499
566.663 960.183
566.942 908.315
567.220 993.854
567.498 1095.815
567.776 897.782
568.055 843.980
568.333 913.255
568.611 959.374
568.890 883.310
569.168 779.847
569.446 822.190
569.725 781.654
570.003 626.142
570.281 637.429
570.559 747.724
570.838 772.692
571.116 763.795
571.394 767.714
571.673 859.676
571.951 861.524
572.229 773.218
572.507 759.435
572.786 732.007
573.064 730.816
573.342 726.964
573.621 576.230
573.899 646.517
574.177 839.574
574.455 790.584
574.734 673.006
575.012 769.917
575.290 721.743
575.569 728.375
575.847 755.629
576.125 746.840
576.403 652.331
576.682 657.932
576.960 737.103
577.243 833.861
577.527 661.326
577.810 506.689
578.093 516.107
578.377 572.505
578.660 584.405
578.944 575.554
579.227 605.449
579.510 673.485
579.794 638.481
580.077 574.461
580.360 634.597
580.644 643.214
580.927 604.134
581.210 644.931
581.494 579.525
581.777 662.572
582.061 657.298
582.344 588.204
582.627 554.348
582.911 563.363
583.194 539.016
583.477 635.864
583.761 671.834
584.044 707.804
584.327 669.591
584.611 580.721
584.894 583.760
585.178 555.829
585.461 585.840
585.744 634.832
586.028 652.508
586.311 637.549
586.594 643.590
586.878 533.631
587.161 569.672
587.444 669.713
587.728 655.753
588.011 673.794
588.295 547.835
588.578 562.313
588.861 778.137
589.145 667.956
589.428 554.551
589.711 507.037
589.995 520.556
590.278 647.469
590.562 572.157
590.845 541.655
591.128 731.773
591.412 676.923
591.695 576.740
591.978 698.958
592.262 650.745
592.545 455.070
592.828 623.229
593.112 537.901
593.395 510.024
593.679 539.436
593.962 686.885
594.245 652.410
594.529 562.897
594.812 491.799
595.095 462.477
595.379 681.061
595.662 742.413
595.945 637.444
596.229 538.636
596.512 541.568
596.796 620.438
597.079 633.724
597.362 796.138
597.646 794.400
597.929 609.472
598.212 627.683
598.496 627.720
598.779 700.189
599.062 787.097
599.346 642.021
599.629 593.102
599.913 557.087
600.196 648.751
600.479 672.756
600.763 644.884
601.046 511.893
601.329 577.395
601.613 699.775
601.896 629.998
602.179 695.232
602.463 657.940
602.746 687.447
603.030 770.980
603.313 709.417
603.596 586.784
603.880 641.147
604.163 704.909
604.446 632.756
604.730 518.199
605.013 596.006
605.296 733.746
605.580 672.078
605.863 714.230
606.147 603.590
606.430 599.708
606.713 688.198
606.997 599.780
607.280 816.450
607.563 759.734
607.847 669.095
608.130 671.421
608.414 728.530
608.697 717.802
608.980 704.828
609.264 812.417
609.547 642.215
609.830 664.778
610.114 750.023
610.397 697.169
610.680 716.092
610.964 721.452
611.247 764.625
611.531 684.939
611.814 562.305
612.097 610.426
612.381 774.568
612.664 899.014
612.947 707.684
613.231 674.353
613.514 672.103
613.797 767.423
614.081 873.548
614.364 802.855
614.648 819.589
614.931 743.003
615.214 672.310
615.498 761.501
615.781 841.025
616.064 843.028
616.348 865.700
616.631 911.907
616.914 965.178
617.198 890.300
617.481 831.221
617.765 857.716
618.048 919.801
618.331 846.785
618.615 769.592
618.898 955.397
619.181 985.075
619.465 894.095
619.748 802.140
620.031 750.493
620.315 729.467
620.598 768.915
620.882 831.281
621.165 1012.062
621.448 952.453
621.732 835.026
622.015 668.891
622.298 642.342
622.582 727.847
622.865 724.611
623.148 665.704
623.432 743.146
623.715 644.081
623.999 853.029
624.282 859.943
624.565 889.876
624.849 734.980
625.132 611.495
625.415 859.512
625.699 920.958
625.982 778.710
626.265 683.251
626.549 653.301
626.832 823.031
627.116 860.438
627.399 687.744
627.682 649.092
627.966 616.245
628.249 654.894
628.532 624.118
628.816 826.509
629.099 759.581
629.383 718.813
629.666 679.447
629.949 605.736
630.233 566.791
630.516 680.103
630.799 746.049
631.083 635.392
631.366 548.543
631.649 512.110
631.933 489.113
632.216 670.650
632.500 722.929
632.783 663.573
633.066 685.573
633.350 683.617
633.633 678.161
633.916 717.891
634.200 661.206
634.483 702.749
634.766 796.276
635.050 758.793
635.333 651.536
635.617 652.228
635.900 733.485
636.183 798.352
636.467 764.546
636.750 804.642
637.033 832.974
637.317 822.185
637.600 822.382
637.883 750.277
638.167 786.188
638.450 822.198
638.734 758.556
639.017 804.465
639.300 872.846
639.584 874.865
639.867 1063.855
640.150 1034.885
640.434 1062.977
640.717 1019.956
641.000 949.891
641.284 1038.705
641.567 957.385
641.851 1020.051
642.134 1230.594
642.417 1164.052
642.701 1225.973
642.984 1267.846
643.267 1188.788
643.551 1073.648
643.834 1061.561
644.117 1157.974
644.401 1156.276
644.684 1245.338
644.968 1448.644
645.251 1424.799
645.534 1330.080
645.818 1388.270
646.101 1595.235
646.384 1744.559
646.668 1903.272
646.951 1989.685
647.235 2168.274
647.518 2259.467
647.801 2564.006
648.085 2901.532
648.368 3073.460
648.651 3210.706
648.935 3537.872
649.218 3903.248
649.501 4077.548
649.785 4251.702
650.068 4664.469
650.352 5113.660
650.635 5339.693
650.918 5540.609
651.202 6074.434
651.485 6523.724
651.768 6888.318
652.052 7236.930
652.335 7699.683
652.618 8222.368
652.902 8791.388
653.185 9344.860
653.469 9644.482
653.752 9977.456
654.035 10314.311
654.319 10574.678
654.602 10878.708
654.885 11148.557
655.169 11307.322
655.452 11390.632
655.735 11596.750
656.019 11710.544
656.302 11735.291
656.586 11884.342
656.869 12070.024
657.152 11872.797
657.436 11856.362
657.719 11838.137
658.002 11812.448
658.286 11652.691
658.569 11472.332
658.852 11091.408
659.136 10917.002
659.419 10555.609
659.703 10242.947
659.986 10471.402
660.269 10564.963
660.553 10395.717
660.836 10423.184
661.119 10624.432
661.403 10770.334
661.686 10857.066
661.969 10989.342
662.253 11046.291
662.536 11099.165
662.820 11305.888
663.103 11178.126
663.386 11292.759
663.670 11362.766
663.953 11066.512
664.236 11123.345
664.520 11037.253
664.803 10963.319
665.086 10847.999
665.370 10770.871
665.653 10725.305
665.937 10555.683
666.220 10244.351
666.503 9963.445
666.787 9681.525
667.070 9077.246
667.353 8276.461
667.637 7445.298
667.920 6789.138
668.204 5811.920
668.487 5157.827
668.770 4720.133
669.054 3957.430
669.337 3387.587
669.620 3008.409
669.904 2660.159
670.187 2334.661
670.470 2137.070
670.754 1935.056
671.037 1724.316
671.321 1570.385
671.604 1601.670
671.887 1513.265
672.171 1374.090
672.454 1406.454
672.737 1405.264
673.021 1402.629
673.304 1452.351
673.587 1661.823
673.871 1708.479
674.154 1771.732
674.438 1878.410
674.721 1937.018
675.004 1979.161
675.288 2010.051
675.571 2062.611
675.854 2031.742
676.138 2011.182
676.421 2005.028
676.704 1911.051
676.988 1960.705
677.271 2031.972
677.555 1809.694
677.838 1595.656
678.121 1440.108
678.405 1376.863
678.688 1472.128
678.971 1232.469
679.255 1212.786
679.538 1357.003
679.821 1433.793
680.105 1257.737
680.388 1086.424
680.672 1081.342
680.955 1063.697
681.238 1085.641
681.522 1030.484
681.805 1066.059
682.088 1142.058
682.372 1164.130
682.655 1031.759
682.938 1111.117
683.222 1143.502
683.505 1026.645
683.789 1023.536
684.072 1004.753
684.355 999.554
684.639 1031.939
684.922 999.606
685.205 953.702
685.489 1053.936
685.772 1085.366
686.056 1026.904
686.339 1002.871
686.622 900.593
686.906 853.646
687.189 991.458
687.472 1177.287
687.756 987.347
688.039 914.290
688.322 833.939
688.606 1019.768
688.889 995.785
689.173 927.960
689.456 1080.386
689.739 1087.718
690.023 1012.573
690.306 1037.624
690.589 1008.443
690.873 1159.344
691.156 1151.044
691.439 1064.700
691.723 1026.223
692.006 1122.108
692.290 1081.339
692.573 1144.622
692.856 1249.010
693.140 1262.506
693.423 1194.971
693.706 1159.964
693.990 1140.009
694.273 1117.162
694.556 1283.215
694.840 1364.487
695.123 1210.209
695.407 1159.449
695.690 1168.413
695.973 1252.116
696.257 1276.597
696.540 1441.974
696.830 1401.461
697.120 1408.679
697.410 1463.725
697.699 1381.222
697.989 1579.625
698.279 1498.192
698.569 1412.664
698.859 1519.245
699.149 1591.826
699.439 1556.515
699.729 1445.767
700.018 1371.300
700.308 1502.443
700.598 1405.627
700.888 1326.161
701.178 1532.960
701.468 1525.343
701.758 1413.384
702.048 1472.761
702.337 1442.928
702.627 1516.729
702.917 1374.471
703.207 1254.907
703.497 1280.831
703.787 1141.877
704.077 1087.717
704.366 1111.659
704.656 928.019
704.946 846.257
705.236 824.455
705.526 956.389
705.816 1041.242
706.106 725.171
706.396 697.578
706.685 732.265
706.975 655.822
707.265 600.034
707.555 779.997
707.845 755.678
708.135 648.663
708.425 581.544
708.715 603.902
709.004 824.670
709.294 753.546
709.584 728.412
709.874 772.812
710.164 775.793
710.454 704.225
710.744 635.436
711.034 648.638
711.323 705.453
711.613 629.687
711.903 735.284
712.193 811.018
712.483 739.259
712.773 696.016
713.063 623.032
713.352 672.763
713.642 671.469
713.932 764.814
714.222 776.003
714.512 645.892
714.802 629.843
715.092 718.042
715.382 621.896
715.671 587.897
715.961 616.650
716.251 555.977
716.541 613.210
716.831 696.295
717.121 592.682
717.411 692.046
717.701 715.990
717.990 639.455
718.280 566.620
718.570 595.294
718.860 609.059
719.150 578.142
719.440 512.724
719.730 565.765
720.019 788.528
720.309 686.149
720.599 639.368
720.889 594.679
721.179 651.158
721.469 713.104
721.759 680.250
722.049 714.786
722.338 555.650
722.628 591.319
722.918 690.579
723.208 715.966
723.498 540.985
723.788 616.598
724.078 837.984
724.368 775.011
724.657 645.189
724.947 706.583
725.237 710.181
725.527 765.219
725.817 669.998
726.107 615.868
726.397 561.729
726.686 507.590
726.976 607.223
727.266 694.283
727.556 609.196
727.846 679.505
728.136 732.059
728.426 648.226
728.716 550.377
729.005 679.272
729.295 636.656
729.585 479.659
729.875 456.462
730.165 564.587
730.455 624.742
730.745 617.601
731.035 627.328
731.324 742.381
731.614 654.551
731.904 572.602
732.194 696.042
732.484 694.793
732.774 614.073
733.064 633.547
733.354 519.753
733.643 516.415
733.933 551.019
734.223 512.051
734.513 679.712
734.803 765.272
735.093 615.047
735.383 548.284
735.672 602.990
735.962 676.596
736.252 534.214
736.542 564.662
736.832 602.879
737.122 488.783
737.412 566.253
737.702 701.273
737.991 676.758
738.281 624.027
738.571 603.787
738.861 582.356
739.151 561.706
739.441 646.718
739.731 569.057
740.021 615.518
740.310 702.928
740.600 714.500
740.890 526.904
741.180 571.398
741.470 629.660
741.760 690.883
742.050 760.990
742.339 640.853
742.629 590.426
742.919 765.519
743.209 542.449
743.499 503.439
743.789 528.709
744.079 622.787
744.369 622.189
744.658 563.976
744.948 400.070
745.238 587.799
745.528 642.327
745.818 764.014
746.108 660.858
746.398 623.797
746.688 625.801
746.977 818.471
747.267 676.484
747.557 696.061
747.847 735.841
748.137 678.880
748.427 650.042
748.717 528.198
749.006 417.243
749.296 568.075
749.586 602.354
749.876 668.709
750.166 581.078
750.456 572.702
750.746 628.182
751.036 566.324
751.325 692.091
751.615 662.830
751.905 616.894
752.195 586.529
752.485 580.547
752.775 617.183
753.065 557.141
753.355 739.341
753.644 715.335
753.934 626.142
754.224 656.625
754.514 807.905
754.804 510.222
755.094 439.026
755.384 515.272
755.674 588.510
755.963 674.787
756.253 661.426
756.543 700.900
756.833 709.362
757.123 715.696
757.413 655.126
757.703 553.637
757.992 488.328
758.282 571.189
758.572 590.876
758.862 559.738
759.152 610.006
759.442 566.239
759.732 683.409
760.022 741.718
760.311 636.848
760.601 494.008
760.891 658.009
761.181 712.642
761.471 605.730
761.761 503.639
762.051 555.016
762.341 697.332
762.630 696.038
762.920 569.167
763.210 591.935
763.500 668.899
763.793 592.381
764.086 623.617
764.379 629.043
764.671 677.350
764.964 588.836
765.257 592.877
765.550 601.146
765.843 451.970
766.136 592.108
766.429 595.149
766.722 587.518
767.014 517.527
767.307 421.389
767.600 460.681
767.893 477.291
768.186 500.494
768.479 598.293
768.772 708.189
769.064 655.787
769.357 596.734
769.650 621.546
769.943 792.136
770.236 707.560
770.529 535.911
770.822 547.017
771.115 629.695
771.407 660.620
771.700 725.218
771.993 763.341
772.286 692.961
772.579 710.424
772.872 610.642
773.165 557.232
773.457 616.724
773.750 642.590
774.043 541.699
774.336 603.879
774.629 671.226
774.922 660.820
775.215 575.065
775.508 604.134
775.800 556.259
776.093 690.774
776.386 682.047
776.679 591.109
776.972 637.449
777.265 822.763
777.558 849.114
777.850 706.569
778.143 681.459
778.436 611.739
778.729 615.160
779.022 654.372
779.315 566.951
779.608 513.701
779.900 540.853
780.193 550.919
780.486 594.559
780.779 591.973
781.072 535.284
781.365 606.047
781.658 616.712
781.951 545.443
782.243 635.548
782.536 688.045
782.829 660.952
783.122 713.177
783.415 694.424
783.708 685.413
784.001 652.329
784.293 719.547
784.586 739.883
784.879 727.875
785.172 623.058
785.465 505.462
785.758 569.606
786.051 584.652
786.344 677.498
786.636 826.340
786.929 624.153
787.222 591.319
787.515 551.112
787.808 582.993
788.101 581.011
788.394 685.921
788.686 791.831
788.979 779.638
789.272 746.907
789.565 675.319
789.858 625.434
790.151 570.130
790.444 514.201
790.737 564.731
791.029 533.679
791.322 660.441
791.615 615.929
791.908 616.176
792.201 612.582
792.494 619.963
792.787 684.102
793.079 795.467
793.372 690.108
793.665 692.805
793.958 631.006
794.251 613.075
794.544 715.069
794.837 796.555
795.130 689.890
795.422 705.857
795.715 679.950
796.008 665.674
796.301 676.315
796.594 608.601
796.887 734.114
797.180 699.965
797.472 551.426
797.765 431.800
798.058 533.974
798.351 581.381
798.644 555.473
798.937 496.665
799.230 545.986
799.523 905.468
799.815 828.713
800.108 571.500
800.401 517.676
800.694 642.958
800.987 593.478
801.280 639.634
801.573 723.564
801.865 732.570
802.158 652.013
802.451 589.154
802.744 555.236
803.037 588.185
803.330 573.802
803.623 722.945
803.915 705.993
804.208 581.838
804.501 656.091
804.794 642.091
805.087 582.464
805.380 475.429
805.673 446.940
805.966 602.109
806.258 567.657
806.551 634.072
806.844 674.247
807.137 719.161
807.430 586.927
807.723 545.777
808.016 751.614
808.308 809.479
808.601 597.025
808.894 512.727
809.187 590.801
809.480 637.505
809.773 593.662
810.066 633.509
810.359 709.690
810.651 708.110
810.944 472.531
811.237 492.195
811.530 633.481
811.825 532.114
812.119 502.328
812.414 431.707
812.709 564.481
813.003 659.767
813.298 605.525
813.593 638.174
813.887 610.215
814.182 921.811
814.476 804.995
814.771 770.491
815.066 666.275
815.360 546.709
815.655 539.610
815.950 572.726
816.244 619.536
816.539 714.595
816.834 686.067
817.128 677.597
817.423 737.063
817.718 889.645
818.012 698.551
818.307 459.120
818.602 606.675
818.896 668.509
819.191 551.020
819.486 526.422
819.780 716.961
820.075 914.534
820.369 894.723
820.664 709.328
820.959 710.377
821.253 722.526
821.548 613.732
821.843 687.710
822.137 744.572
822.432 688.846
822.727 632.227
823.021 584.885
823.316 758.969
823.611 781.515
823.905 616.327
824.200 544.604
824.495 706.104
824.789 709.283
825.084 713.819
825.379 631.252
825.673 568.575
825.968 707.359
826.262 737.783
826.557 806.037
826.852 814.750
827.146 697.991
827.441 605.006
827.736 683.157
828.030 654.142
828.325 503.780
828.620 728.847
828.914 805.087
829.209 654.238
829.504 808.710
829.798 779.499
830.093 665.581
830.388 612.741
830.682 532.911
830.977 684.926
831.271 697.156
831.566 594.881
831.861 604.091
832.155 598.474
832.450 719.198
832.745 791.503
833.039 666.774
833.334 558.062
833.629 623.778
833.923 616.980
834.218 610.878
834.513 533.369
834.807 532.252
835.102 492.430
835.397 531.959
835.691 545.612
835.986 552.948
836.281 543.500
836.575 577.227
836.870 645.449
837.164 635.339
837.459 557.583
837.754 632.791
838.048 607.623
838.343 557.300
838.638 632.008
838.932 671.950
839.227 662.430
839.522 674.980
839.816 617.363
840.111 628.080
840.406 621.579
840.700 727.654
840.995 904.785
841.290 910.246
841.584 737.852
841.879 793.762
842.174 697.994
842.468 656.406
842.763 561.588
843.057 643.604
843.352 666.545
843.647 658.367
843.941 652.950
844.236 658.286
844.531 697.031
844.825 745.662
845.120 798.346
845.415 831.649
845.709 703.892
846.004 755.652
846.299 628.731
846.593 759.637
846.888 701.201
847.183 626.133
847.477 649.427
847.772 681.504
848.066 694.792
848.361 679.305
848.656 707.459
848.950 663.376
849.245 759.115
849.540 658.442
849.834 850.505
850.129 913.421
850.424 812.302
850.718 744.285
851.013 771.885
851.308 684.905
851.602 742.324
851.897 853.367
852.192 942.122
852.486 754.411
852.781 658.205
853.076 784.221
853.370 801.644
853.665 807.379
853.959 794.133
854.254 711.144
854.549 900.552
854.843 799.199
855.138 665.203
855.433 741.473
855.727 835.671
856.022 752.254
856.317 726.588
856.611 747.487
856.906 675.399
857.201 753.131
857.495 904.703
857.790 876.890
858.085 743.684
858.379 695.716
858.674 601.390
858.969 574.128
859.263 627.487
859.558 690.405
859.852 638.351
860.147 666.569
860.442 797.730
860.736 578.360
861.031 765.414
861.326 851.364
861.620 693.603
861.915 810.529
862.210 752.139
862.504 622.061
862.799 734.559
863.094 743.647
863.388 683.694
863.683 686.163
863.978 628.758
864.272 616.921
864.567 627.583
864.861 618.951
865.156 553.816
865.451 461.104
865.745 641.588
866.040 756.599
866.335 687.081
866.629 748.114
866.924 666.850
867.219 598.966
867.513 771.401
867.808 704.184
868.103 672.973
868.397 675.340
868.692 663.886
868.987 571.401
869.281 580.171
869.576 701.685
869.871 720.013
870.165 592.527
870.460 555.095
870.754 660.365
871.049 587.637
871.344 658.762
871.638 671.630
871.933 621.056
872.228 613.566
872.522 563.256
872.817 728.381
873.112 968.118
873.406 780.906
873.701 773.112
873.996 762.854
874.290 693.056
874.585 599.488
874.880 686.212
875.174 632.007
875.469 583.098
875.764 589.303
876.058 581.031
876.353 485.163
876.647 467.388
876.942 555.242
877.237 602.462
877.531 620.786
877.826 667.870
878.121 665.975
878.415 619.769
878.710 534.686
879.005 689.640
879.299 676.390
879.594 591.403
879.889 471.496
880.183 447.170
880.478 546.954
880.773 544.076
881.067 592.466
881.362 651.839
881.656 558.608
881.951 574.767
882.246 513.167
882.540 590.572
882.835 550.350
883.130 557.201
883.424 497.072
883.719 466.923
884.014 608.773
884.308 597.300
884.603 539.370
884.898 530.667
885.192 636.737
885.487 633.133
885.782 569.269
886.076 600.629
886.371 546.598
886.666 428.629
886.960 482.018
887.255 482.491
887.549 464.659
887.844 663.953
888.139 721.011
888.433 651.232
888.728 569.268
889.023 627.004
889.317 608.171
889.612 482.752
889.907 534.547
890.201 608.008
890.496 579.186
890.791 565.433
891.085 567.591
891.380 543.769
891.675 551.326
891.969 602.572
892.264 460.901
892.559 538.918
892.853 678.855
893.148 580.895
893.442 540.233
893.737 611.265
894.032 568.445
894.326 467.132
894.621 501.503
894.916 441.990
895.210 521.785
895.505 618.584
895.800 570.510
896.094 458.303
896.389 498.913
896.684 524.981
896.978 546.592
897.273 458.266
897.568 570.944
897.862 592.679
898.157 538.753
898.451 694.106
898.746 689.690
899.041 732.826
899.335 678.805
899.630 575.692
899.925 564.563
900.219 591.144
900.514 692.468
900.809 543.080
901.103 424.007
901.398 626.503
901.693 580.100
901.987 537.845
902.282 661.151
902.577 555.292
902.871 451.419
903.166 533.009
903.461 647.779
903.755 629.600
904.050 581.123
904.344 500.487
904.639 508.119
904.934 514.868
905.228 496.918
905.523 414.412
905.818 470.805
906.112 653.696
906.407 583.586
906.702 492.426
906.996 576.001
907.291 588.605
907.586 534.106
907.880 689.067
908.175 627.884
908.470 610.620
908.764 671.837
909.059 684.610
909.354 589.153
909.648 483.764
909.943 533.089
910.237 685.949
910.532 698.214
910.827 757.801
911.121 702.542
911.416 622.041
911.711 620.212
912.005 638.859
912.300 616.984
912.599 686.235
912.898 615.014
913.196 591.688
913.495 666.836
913.794 716.412
914.093 628.476
914.391 651.980
914.690 692.060
914.989 637.626
915.288 738.720
915.586 637.306
915.885 549.557
916.184 500.879
916.483 486.816
916.782 677.590
917.080 675.719
917.379 628.037
917.678 571.145
917.977 670.127
918.275 713.343
918.574 691.664
918.873 662.890
919.172 630.859
919.471 576.086
919.769 611.107
920.068 568.349
920.367 531.168
920.666 560.115
920.964 609.701
921.263 515.510
921.562 519.410
921.861 739.708
922.159 625.730
922.458 547.174
922.757 576.991
923.056 577.300
923.355 592.718
923.653 703.403
923.952 689.463
924.251 553.340
924.550 726.308
924.848 777.878
925.147 647.395
925.446 574.634
925.745 650.338
926.043 663.595
926.342 655.603
926.641 608.268
926.940 667.279
927.239 725.640
927.537 756.865
927.836 650.106
928.135 677.804
928.434 737.118
928.732 675.850
929.031 718.876
929.330 768.566
929.629 704.379
929.927 624.480
930.226 593.560
930.525 684.395
930.824 765.795
931.123 669.881
931.421 720.562
931.720 715.338
932.019 802.157
932.318 821.558
932.616 665.366
932.915 640.583
933.214 764.068
933.513 744.253
933.812 692.084
934.110 750.551
934.409 840.030
934.708 723.554
935.007 938.307
935.305 930.738
935.604 774.150
935.903 904.291
936.202 885.600
936.500 947.926
936.799 1082.113
937.098 936.607
937.397 896.867
937.696 846.337
937.994 820.709
938.293 902.615
938.592 791.677
938.891 797.933
939.189 838.674
939.488 888.729
939.787 1070.682
940.086 969.082
940.384 1006.527
940.683 932.061
940.982 845.190
941.281 966.875
941.580 1259.974
941.878 1179.727
942.177 947.525
942.476 1040.391
942.775 958.649
943.073 805.824
943.372 811.986
943.671 952.762
943.970 1096.328
944.268 1034.848
944.567 803.816
944.866 933.945
945.165 913.617
945.464 798.301
945.762 703.694
946.061 950.655
946.360 1050.162
946.659 1104.400
946.957 1045.477
947.256 992.739
947.555 936.205
947.854 898.172
948.153 846.790
948.451 823.915
948.750 875.079
949.049 881.624
949.348 1083.492
949.646 975.419
949.945 941.768
950.244 1060.695
950.543 916.868
950.841 886.656
951.140 866.049
951.439 689.894
951.738 726.229
952.037 856.991
952.335 998.755
952.634 1015.480
952.933 922.061
953.232 931.199
953.530 663.804
953.829 929.834
954.128 998.856
954.427 887.074
954.725 993.969
955.024 933.879
955.323 939.245
955.622 788.991
955.921 722.387
956.219 836.122
956.518 720.614
956.817 815.139
957.116 898.427
957.414 828.041
957.713 634.023
958.012 595.550
958.311 685.918
958.610 891.071
958.908 925.283
959.207 898.198
959.506 902.098
959.805 861.643
960.103 849.324
960.402 817.964
960.701 730.249
961.000 663.981
961.298 645.339
961.597 826.759
961.896 773.777
962.195 791.689
962.494 852.124
962.792 782.540
963.091 729.148
963.390 722.357
963.689 699.840
963.987 777.325
964.286 876.489
964.585 878.540
964.884 804.107
965.182 691.903
965.481 989.680
965.780 1152.966
966.080 1014.429
966.380 905.937
966.680 876.401
966.981 833.807
967.281 854.426
967.581 751.023
967.881 726.512
968.181 775.561
968.481 749.983
968.781 743.622
969.082 643.612
969.382 711.202
969.682 806.011
969.982 860.699
970.282 886.638
970.582 690.846
970.882 663.402
971.183 838.989
971.483 732.248
971.783 681.182
972.083 774.563
972.383 798.119
972.683 771.514
972.983 822.572
973.284 707.848
973.584 673.142
973.884 752.195
974.184 756.301
974.484 810.974
974.784 678.985
975.084 652.672
975.385 696.910
975.685 775.638
975.985 768.045
976.285 808.045
976.585 837.094
976.885 706.303
977.185 688.036
977.486 758.585
977.786 785.514
978.086 863.511
978.386 796.920
978.686 628.036
978.986 629.763
979.286 709.771
979.587 785.779
979.887 694.787
980.187 624.794
980.487 624.802
980.787 760.810
981.087 731.818
981.387 914.826
981.688 784.833
981.988 554.841
982.288 600.849
982.588 680.857
982.888 721.864
983.188 642.872
983.488 776.880
983.789 813.888
984.089 777.895
984.389 700.903
984.689 639.911
984.989 575.918
985.289 582.926
985.589 729.934
985.890 709.941
986.190 586.949
986.490 578.957
986.790 722.964
987.090 681.972
987.390 643.980
987.690 634.987
987.991 598.995
988.291 633.003
988.591 656.010
988.891 513.018
989.191 536.025
989.491 722.033
989.791 683.040
990.092 638.048
990.392 706.056
990.692 679.063
990.992 627.071
991.292 495.078
991.592 623.086
991.892 608.093
992.193 713.101
992.493 721.108
992.793 599.116
993.093 598.123
993.393 547.131
993.693 593.138
993.993 731.146
994.294 787.153
994.594 697.161
994.894 606.168
995.194 582.176
995.494 551.183
995.794 550.191
996.094 548.198
996.395 605.205
996.695 680.213
996.995 505.220
997.295 454.228
997.595 529.235
997.895 504.242
998.195 459.250
998.496 540.257
998.796 521.265
999.096 707.272
999.396 657.279
999.696 654.287
999.996 655.294
1000.296 749.301
1000.597 726.309
1000.897 608.316
1001.197 623.323
1001.497 817.331
1001.797 586.338
1002.097 466.345
1002.397 534.352
1002.698 570.360
1002.998 686.367
1003.298 670.374
1003.598 537.381
1003.898 507.389
1004.198 653.396
1004.498 706.403
1004.799 609.410
1005.099 662.418
1005.399 745.425
1005.699 733.432
1005.999 704.439
1006.299 624.447
1006.599 842.454
1006.900 814.461
1007.200 634.468
1007.500 630.475
1007.800 598.482
1008.100 561.490
1008.400 525.497
1008.700 567.504
1009.001 556.511
1009.301 593.518
1009.601 712.525
1009.901 749.532
1010.201 708.539
1010.501 628.547
1010.801 733.554
1011.102 564.561
1011.402 614.568
1011.702 545.575
1012.002 465.582
1012.302 682.589
1012.602 669.596
1012.902 606.603
1013.203 657.610
1013.503 711.617
1013.803 690.624
1014.103 538.631
1014.403 643.638
1014.703 558.645
1015.003 543.652
1015.304 706.659
1015.604 733.666
1015.904 577.673
1016.204 580.680
1016.504 580.687
1016.804 591.694
1017.104 546.701
1017.405 566.708
1017.705 540.715
1018.005 515.722
1018.305 607.729
1018.605 621.736
1018.905 460.743
1019.205 440.750
1019.506 795.757
1019.806 781.764
1020.106 641.771
1020.406 682.777
1020.706 666.784
1021.006 740.791
1021.306 862.798
1021.607 714.805
1021.907 801.812
1022.207 752.819
1022.507 563.826
1022.807 582.832
1023.107 619.839
1023.407 532.846
1023.708 592.853
1024.008 536.860
1024.308 555.866
1024.608 592.873
1024.908 498.880
1025.208 630.887
1025.508 767.894
1025.809 730.900
1026.109 573.907
1026.409 702.914
1026.709 709.921
1027.009 616.928
1027.309 649.934
1027.609 495.941
1027.910 520.948
1028.210 670.954
1028.510 766.961
1028.810 928.968
1029.110 831.975
1029.410 676.981
1029.710 716.988
1030.011 727.995
1030.311 766.001
1030.611 613.008
1030.911 620.015
1031.211 672.021
1031.511 629.028
1031.811 805.035
1032.112 764.041
1032.412 649.048
1032.712 493.055
1033.012 568.061
1033.312 794.068
1033.612 717.075
1033.912 613.081
1034.212 565.088
1034.513 530.094
1034.813 506.101
1035.113 651.108
1035.413 540.114
1035.713 599.121
1036.013 695.127
1036.313 633.134
1036.614 673.140
1036.914 608.147
1037.214 509.154
1037.514 665.160
1037.814 607.167
1038.114 598.173
1038.414 590.180
1038.715 695.186
1039.015 596.193
1039.315 473.199
1039.615 561.206
1039.915 578.212
1040.215 523.219
1040.515 590.225
1040.816 689.232
1041.116 574.238
1041.416 555.245
1041.716 506.251
1042.016 513.258
1042.316 689.264
1042.616 665.271
1042.917 582.277
1043.217 558.283
1043.517 581.290
1043.817 681.296
1044.117 713.303
1044.417 616.309
1044.717 519.315
1045.018 566.322
1045.318 693.328
1045.618 737.335
1045.918 628.341
1046.218 528.347
1046.518 557.354
1046.818 614.360
1047.119 522.367
1047.419 717.373
1047.719 704.379
1048.019 581.386
1048.319 663.392
1048.619 637.398
1048.919 696.405
1049.220 617.411
1049.520 693.417
1049.820 647.424
1050.120 565.430
1050.420 742.436
1050.720 684.442
1051.020 711.449
1051.321 734.455
1051.621 785.461
1051.921 661.468
1052.221 489.474
1052.521 510.480
1052.821 550.486
1053.121 634.493
1053.422 704.499
1053.722 792.505
1054.022 697.511
1054.322 796.518
1054.622 614.524
1054.922 528.530
1055.222 682.536
1055.523 684.542
1055.823 711.549
1056.123 724.555
1056.423 617.561
1056.723 757.567
1057.023 657.573
1057.323 510.579
1057.624 649.586
1057.924 741.592
1058.224 736.598
1058.524 601.604
1058.824 639.610
1059.124 644.616
1059.424 576.623
1059.725 636.629
1060.025 596.635
1060.325 582.641
1060.625 574.647
1060.925 625.653
1061.225 627.659
1061.525 747.665
1061.826 647.671
1062.126 673.677
1062.426 724.684
1062.726 756.690
1063.026 697.696
1063.326 842.702
1063.626 821.708
1063.927 673.714
1064.227 628.720
1064.527 576.726
1064.827 721.732
1065.127 657.738
1065.427 460.744
1065.727 545.750
1066.028 713.756
1066.328 714.762
1066.628 578.768
1066.928 592.774
1067.228 631.780
1067.528 589.786
1067.828 541.792
1068.129 465.798
1068.429 631.804
1068.729 765.810
1069.029 657.816
1069.329 512.822
1069.629 612.828
1069.929 755.834
1070.230 809.840
1070.530 725.846
1070.830 587.852
1071.130 657.858
1071.430 637.864
1071.730 664.869
1072.030 760.875
1072.331 646.881
1072.631 613.887
1072.931 637.893
1073.231 655.899
1073.531 616.905
1073.831 593.911
1074.131 687.917
1074.432 741.922
1074.732 635.928
1075.032 544.934
1075.332 549.940
1075.632 598.946
1075.932 570.952
1076.232 543.958
1076.533 527.963
1076.833 590.969
1077.133 615.975
1077.433 584.981
1077.733 535.987
1078.033 676.993
1078.333 706.998
1078.634 682.004
1078.934 710.010
1079.234 579.016
1079.534 732.022
1079.834 802.027
1080.134 710.033
1080.434 676.039
1080.735 648.045
1081.035 649.050
1081.335 489.056
1081.635 512.062
1081.935 674.068
1082.235 616.073
1082.535 546.079
1082.836 603.085
1083.136 610.091
1083.436 719.096
1083.736 768.102
1084.036 638.108
1084.336 537.113
1084.636 577.119
1084.937 732.125
1085.237 750.130
1085.537 609.136
1085.837 651.142
1086.137 620.148
1086.437 672.153
1086.737 653.159
1087.038 657.165
1087.338 738.170
1087.638 723.176
1087.938 596.181
1088.238 452.187
1088.538 577.193
1088.838 754.198
1089.139 752.204
1089.439 550.210
1089.739 646.215
1090.039 691.221
1090.339 731.227
1090.639 595.232
1090.939 630.238
1091.240 497.243
1091.540 604.249
1091.840 629.254
1092.140 738.260
1092.453 754.266
1092.766 586.271
1093.079 548.277
1093.392 582.282
1093.705 557.288
1094.018 593.293
1094.330 720.299
1094.643 679.305
1094.956 747.310
1095.269 697.316
1095.582 740.321
1095.895 621.327
1096.208 538.332
1096.521 632.338
1096.834 672.343
1097.147 612.349
1097.460 657.354
1097.773 723.360
1098.085 599.365
1098.398 511.371
1098.711 550.376
1099.024 483.382
1099.337 540.387
1099.650 694.393
1099.963 723.398
1100.276 562.403
1100.589 525.409
1100.902 630.414
1101.215 638.420
1101.528 736.425
1101.841 673.431
1102.153 698.436
1102.466 764.442
1102.779 590.447
1103.092 515.452
1103.405 605.458
1103.718 585.463
1104.031 587.469
1104.344 698.474
1104.657 634.479
1104.970 884.485
1105.283 709.490
1105.596 574.496
1105.909 608.501
1106.221 691.506
1106.534 651.512
1106.847 524.517
1107.160 478.522
1107.473 478.528
1107.786 560.533
1108.099 468.538
1108.412 522.544
1108.725 601.549
1109.038 499.554
1109.351 593.560
1109.664 643.565
1109.977 575.570
1110.289 616.576
1110.602 663.581
1110.915 660.586
1111.228 597.592
1111.541 513.597
1111.854 461.602
1112.167 418.608
1112.480 474.613
1112.793 510.618
1113.106 530.623
1113.419 621.629
1113.732 602.634
1114.044 479.639
1114.357 613.644
1114.670 674.650
1114.983 547.655
1115.296 570.660
1115.609 684.665
1115.922 651.671
1116.235 640.676
1116.548 632.681
1116.861 570.686
1117.174 548.692
1117.487 596.697
1117.800 755.702
1118.112 604.707
1118.425 539.712
1118.738 584.718
1119.051 578.723
1119.364 559.728
1119.677 670.733
1119.990 620.738
1120.303 616.743
1120.616 722.749
1120.929 602.754
1121.242 685.759
1121.555 664.764
1121.868 661.769
1122.180 654.774
1122.493 427.780
1122.806 416.785
1123.119 598.790
1123.432 644.795
1123.745 601.800
1124.058 493.805
1124.371 499.810
1124.684 645.815
1124.997 615.820
1125.310 583.826
1125.623 483.831
1125.935 412.836
1126.248 516.841
1126.561 614.846
1126.874 563.851
1127.187 666.856
1127.500 730.861
1127.813 673.866
1128.126 633.871
1128.439 680.876
1128.752 866.881
1129.065 608.887
1129.378 399.892
1129.691 573.897
1130.003 622.902
1130.316 501.907
1130.629 446.912
1130.942 525.917
1131.255 590.922
1131.568 532.927
1131.881 529.932
1132.194 634.937
1132.507 644.942
1132.820 587.947
1133.133 688.952
1133.446 528.957
1133.759 737.962
1134.071 1200.967
1134.384 840.972
1134.697 733.977
1135.010 793.982
1135.323 600.987
1135.636 508.992
1135.949 494.997
1136.262 526.002
1136.575 536.007
1136.888 620.012
1137.201 594.016
1137.514 516.021
1137.826 618.026
1138.139 562.031
1138.452 573.036
1138.765 795.041
1139.078 848.046
1139.391 772.051
1139.704 666.056
1140.017 684.061
1140.330 604.066
1140.643 566.071
1140.956 558.076
1141.269 563.080
1141.582 603.085
1141.894 570.090
1142.207 725.095
1142.520 599.100
1142.833 702.105
1143.146 598.110
1143.459 521.115
1143.772 531.119
1144.085 706.124
1144.398 632.129
1144.711 527.134
1145.024 551.139
1145.337 633.144
1145.650 689.148
1145.962 597.153
1146.275 615.158
1146.588 457.163
1146.901 667.168
1147.214 643.173
1147.527 523.177
1147.840 609.182
1148.153 574.187
1148.466 609.192
1148.779 586.197
1149.092 655.201
1149.405 588.206
1149.718 601.211
1150.030 643.216
1150.343 595.221
1150.656 506.225
1150.969 514.230
1151.282 740.235
1151.595 673.240
1151.908 525.244
1152.221 408.249
1152.534 493.254
1152.847 730.259
1153.160 605.263
1153.473 589.268
1153.785 643.273
1154.098 659.278
1154.411 739.282
1154.724 678.287
1155.037 754.292
1155.350 633.297
1155.663 635.301
1155.976 556.306
1156.289 665.311
1156.602 576.315
1156.915 481.320
1157.228 471.325
1157.541 517.329
1157.853 553.334
1158.166 631.339
1158.479 654.344
1158.792 596.348
1159.105 613.353
1159.418 579.358
1159.731 585.362
1160.044 631.367
1160.357 814.372
1160.670 736.376
1160.983 525.381
1161.296 653.385
1161.609 749.390
1161.921 625.395
1162.234 559.399
1162.547 459.404
1162.860 482.409
1163.173 509.413
1163.486 621.418
1163.799 672.423
1164.112 657.427
1164.425 609.432
1164.738 528.436
1165.051 504.441
1165.364 558.446
1165.676 610.450
1165.989 704.455
1166.302 660.459
1166.615 724.464
1166.928 649.468
1167.241 720.473
1167.554 671.478
1167.867 678.482
1168.180 632.487
1168.493 482.491
1168.806 554.496
1169.119 566.500
1169.432 641.505
1169.744 641.510
1170.057 615.514
1170.370 743.519
1170.683 662.523
1170.996 546.528
1171.309 565.532
1171.622 567.537
1171.935 556.541
1172.248 750.546
1172.561 723.550
1172.874 647.555
1173.187 682.559
1173.500 688.564
1173.812 751.568
1174.125 767.573
1174.438 707.577
1174.751 549.582
1175.064 552.586
1175.377 650.591
1175.690 536.595
1176.003 513.600
1176.316 563.604
1176.629 590.609
1176.942 554.613
1177.255 533.618
1177.567 510.622
1177.880 570.626
1178.193 614.631
1178.506 564.635
1178.819 680.640
1179.132 723.644
1179.445 530.649
1179.758 717.653
1180.071 697.658
1180.384 572.662
1180.697 613.666
1181.010 659.671
1181.323 814.675
1181.635 784.680
1181.948 716.684
1182.261 603.688
1182.574 563.693
1182.887 615.697
1183.200 731.702
1183.513 697.706
1183.826 628.710
1184.139 675.715
1184.452 622.719
1184.765 541.724
1185.078 525.728
1185.391 571.732
1185.703 499.737
1186.016 435.741
1186.329 486.745
1186.642 601.750
1186.955 714.754
1187.268 640.758
1187.581 643.763
1187.894 618.767
1188.207 628.771
1188.520 596.776
1188.833 583.780
1189.146 456.784
1189.459 406.789
1189.771 508.793
1190.084 673.797
1190.397 563.802
1190.710 658.806
1191.023 719.810
1191.336 599.815
1191.649 590.819
1191.962 644.823
1192.275 537.828
1192.588 654.832
1192.901 810.836
1193.214 609.840
1193.526 559.845
1193.839 610.849
1194.152 484.853
1194.465 616.858
1194.778 585.862
1195.091 583.866
1195.404 543.870
1195.717 599.875
1196.030 687.879
1196.343 638.883
1196.656 569.887
1196.969 579.892
1197.282 636.896
1197.594 662.900
1197.907 743.904
1198.220 738.909
1198.533 604.913
1198.846 613.917
1199.159 552.921
1199.472 537.925
1199.785 647.930
1200.098 505.934
1200.411 639.938
1200.724 644.942
1201.037 608.947
1201.350 501.951
1201.662 503.955
1201.975 616.959
1202.288 630.963
1202.601 216.967
