165.028 41.135
165.288 10.775
165.547 74.419
165.807 126.067
166.067 45.717
166.327 -64.629
166.587 -106.973
166.847 44.687
167.107 69.350
167.367 100.016
167.627 158.685
167.886 107.357
168.146 133.032
168.406 350.710
168.666 271.391
168.926 148.074
169.186 140.761
169.446 151.450
169.706 14.142
169.966 112.837
170.225 134.535
170.485 154.235
170.745 244.938
171.005 330.644
171.265 154.352
171.525 95.063
171.785 20.777
172.045 -0.507
172.305 192.211
172.564 138.932
172.824 13.656
173.084 130.382
173.344 83.110
173.604 106.841
173.864 172.574
174.124 129.309
174.384 50.046
174.644 160.786
174.903 273.528
175.163 286.273
175.423 324.019
175.683 144.767
175.943 200.162
176.203 153.881
176.463 83.602
176.723 105.325
176.983 147.050
177.242 176.777
177.502 313.506
177.762 318.236
178.022 112.969
178.282 81.703
178.542 64.439
178.802 75.176
179.062 76.916
179.322 270.657
179.581 342.399
179.841 164.144
180.101 239.889
180.361 241.637
180.621 202.386
180.881 159.136
181.141 136.888
181.401 174.641
181.661 209.396
181.920 302.152
182.180 220.910
182.440 95.669
182.700 57.429
182.960 28.191
183.220 83.954
183.480 341.718
183.740 263.483
184.000 182.250
184.259 53.018
184.519 156.786
184.779 156.557
185.039 215.328
185.299 286.100
185.559 297.873
185.819 254.648
186.079 270.423
186.339 243.200
186.598 163.977
186.858 66.755
187.118 101.534
187.378 246.315
187.638 209.096
187.898 246.877
188.158 331.660
188.418 192.444
188.678 135.228
188.937 203.013
189.197 284.799
189.457 311.585
189.717 246.373
189.977 103.161
190.237 101.949
190.497 310.738
190.757 283.528
191.017 232.318
191.276 183.109
191.536 186.901
191.796 121.693
192.056 93.486
192.316 137.279
192.576 103.072
192.836 88.866
193.096 100.660
193.356 102.455
193.616 165.250
193.875 177.046
194.135 163.842
194.395 299.638
194.655 269.434
194.915 245.231
195.175 302.028
195.435 338.825
195.695 109.623
195.955 -63.579
196.214 106.218
196.474 264.017
196.734 219.815
196.994 257.613
197.254 285.412
197.514 233.210
197.774 182.009
198.034 103.807
198.294 112.606
198.553 200.405
198.813 215.204
199.073 96.003
199.333 121.801
199.593 237.600
199.853 266.399
200.113 347.197
200.373 300.996
200.633 152.794
200.892 136.592
201.152 103.390
201.412 143.188
201.672 257.986
201.932 443.783
202.192 389.581
202.452 195.378
202.712 165.175
202.972 229.971
203.231 294.768
203.491 263.564
203.751 269.360
204.011 339.155
204.271 403.950
204.531 188.745
204.791 164.539
205.051 182.333
205.311 272.127
205.570 166.920
205.830 157.713
206.090 124.506
206.350 250.298
206.610 456.089
206.870 312.880
207.130 202.671
207.390 258.461
207.650 262.250
207.909 259.039
208.169 296.828
208.429 281.616
208.689 188.403
208.949 273.190
209.209 351.976
209.469 193.762
209.729 133.547
209.989 162.331
210.248 141.115
210.508 398.898
210.768 361.681
211.028 225.462
211.288 307.243
211.548 322.024
211.808 281.804
212.068 349.583
212.328 400.361
212.587 441.138
212.847 330.915
213.107 367.691
213.367 392.466
213.627 336.241
213.887 324.015
214.147 198.788
214.407 247.560
214.667 224.331
214.926 256.101
215.186 245.871
215.446 272.640
215.706 255.408
215.966 255.175
216.226 289.941
216.486 243.706
216.746 243.471
217.006 325.234
217.265 254.997
217.525 125.758
217.785 218.519
218.045 297.279
218.305 230.038
218.565 234.796
218.825 321.553
219.085 429.309
219.345 259.064
219.604 209.818
219.864 318.571
220.124 293.323
220.384 279.074
220.644 304.824
220.904 198.573
221.164 215.321
221.424 237.068
221.684 217.814
221.943 241.558
222.203 328.302
222.463 235.045
222.723 154.787
222.983 265.527
223.243 239.267
223.503 304.005
223.763 200.742
224.023 156.479
224.282 315.214
224.542 350.948
224.802 350.681
225.062 348.412
225.322 414.143
225.582 326.872
225.842 299.601
226.102 333.328
226.362 312.054
226.621 294.779
226.881 228.503
227.141 266.225
227.401 309.946
227.661 234.667
227.921 427.386
228.181 342.103
228.441 244.820
228.701 462.536
228.960 449.250
229.220 219.963
229.480 208.675
229.740 374.385
230.000 443.095
230.260 293.803
230.520 253.510
230.780 302.215
231.040 327.920
231.299 274.623
231.559 284.325
231.819 276.026
232.079 333.725
232.339 336.424
232.599 173.121
232.859 273.816
233.119 427.511
233.379 332.204
233.638 312.896
233.898 396.586
234.158 346.276
234.418 233.964
234.678 341.651
234.938 378.336
235.198 280.021
235.458 227.703
235.718 293.385
235.978 293.065
236.237 293.745
236.497 331.422
236.757 372.099
237.017 323.774
237.277 316.448
237.537 323.120
237.797 244.792
238.057 341.461
238.317 341.130
238.576 212.797
238.836 256.463
239.096 348.128
239.356 312.791
239.616 291.453
239.876 299.114
240.136 279.773
240.396 391.431
240.656 496.088
240.915 390.743
241.175 334.397
241.435 274.050
241.695 342.701
241.955 468.351
242.215 536.000
242.475 472.647
242.735 300.293
242.995 402.938
243.254 386.581
243.514 302.223
243.774 175.864
244.034 199.503
244.294 497.141
244.554 408.778
244.814 365.413
245.074 289.047
245.334 320.679
245.593 316.311
245.853 321.940
246.113 254.569
246.373 400.196
246.633 440.822
246.893 371.446
247.153 377.069
247.413 399.691
247.673 386.311
247.932 366.930
248.192 380.548
248.452 413.164
248.712 394.779
248.972 264.393
249.232 430.005
249.492 340.616
249.752 211.226
250.012 404.834
250.271 328.441
250.531 392.046
250.791 597.650
251.051 545.253
251.311 389.855
251.571 226.455
251.831 329.053
252.091 416.651
252.351 354.247
252.610 318.842
252.870 434.435
253.130 347.027
253.390 322.618
253.650 410.207
253.911 391.795
254.172 415.381
254.433 413.967
254.694 308.551
254.955 358.133
255.216 360.714
255.477 522.294
255.738 457.873
255.999 287.450
256.261 439.026
256.522 469.600
256.783 415.174
257.044 265.746
257.305 184.316
257.566 209.885
257.827 222.453
258.088 295.020
258.349 307.585
258.610 371.149
258.871 447.711
259.132 503.273
259.393 385.832
259.654 276.391
259.915 229.948
260.176 301.504
260.437 460.059
260.698 426.612
260.959 293.164
261.221 363.715
261.482 472.264
261.743 409.812
262.004 381.359
262.265 629.904
262.526 588.448
262.787 334.991
263.048 304.533
263.309 334.073
263.570 481.612
263.831 390.149
264.092 326.686
264.353 237.221
264.614 550.754
264.875 515.287
265.136 352.818
265.397 541.348
265.658 616.876
265.919 606.403
266.181 565.929
266.442 349.454
266.703 265.977
266.964 273.500
267.225 291.020
267.486 349.540
267.747 456.058
268.008 507.575
268.269 520.091
268.530 492.606
268.791 433.119
269.052 428.631
269.313 408.141
269.574 427.651
269.835 443.159
270.096 406.666
270.357 442.172
270.618 356.676
270.879 300.179
271.141 355.681
271.402 378.182
271.663 368.681
271.924 412.179
272.185 414.676
272.446 374.172
272.707 352.666
272.968 333.160
273.229 341.652
273.490 383.142
273.751 336.632
274.012 365.120
274.273 500.607
274.534 451.093
274.795 442.578
275.056 449.061
275.317 318.543
275.578 268.024
275.839 340.504
276.101 303.983
276.362 272.460
276.623 349.936
276.884 488.411
277.145 470.885
277.406 489.358
277.667 386.829
277.928 346.299
278.189 522.769
278.450 517.236
278.711 464.703
278.972 427.168
279.233 372.633
279.494 455.096
279.755 577.558
280.016 579.019
280.277 408.478
280.538 501.937
280.799 399.394
281.061 313.850
281.322 374.305
281.583 399.759
281.844 310.211
282.105 297.663
282.366 419.113
282.627 397.562
282.888 501.010
283.149 480.457
283.410 436.903
283.671 476.348
283.932 360.791
284.193 225.233
284.454 283.675
284.715 456.115
284.976 427.554
285.237 484.992
285.498 708.428
285.759 584.864
286.021 495.298
286.282 488.732
286.543 525.164
286.804 447.595
287.065 460.025
287.326 476.454
287.587 292.882
287.848 415.309
288.109 563.734
288.370 521.159
288.631 338.582
288.892 306.005
289.153 301.426
289.414 234.846
289.675 515.265
289.936 615.683
290.197 569.100
290.458 475.516
290.719 409.931
290.981 505.345
291.242 610.757
291.503 579.169
291.764 364.579
292.025 214.989
292.286 313.397
292.547 514.805
292.808 464.211
293.069 483.616
293.330 497.020
293.591 474.424
293.852 394.826
294.113 407.227
294.374 383.627
294.635 413.026
294.896 464.424
295.157 515.821
295.418 510.217
295.679 537.612
295.941 493.006
296.202 462.399
296.463 484.790
296.724 535.181
296.985 554.571
297.246 517.960
297.507 380.348
297.768 366.735
298.029 497.120
298.290 653.505
298.551 656.889
298.812 666.272
299.073 437.654
299.334 334.034
299.595 489.414
299.856 484.793
300.117 612.171
300.378 507.548
300.639 319.924
300.901 332.299
301.162 464.673
301.423 518.046
301.684 658.418
301.945 675.789
302.206 441.159
302.467 441.528
302.728 402.897
302.989 473.264
303.250 553.630
303.511 560.995
303.772 499.360
304.033 493.723
304.294 494.086
304.555 433.447
304.816 466.808
305.077 514.168
305.338 409.527
305.599 429.884
305.861 457.241
306.122 484.597
306.383 450.952
306.644 470.306
306.905 372.660
307.166 530.012
307.427 499.363
307.688 475.714
307.949 510.063
308.210 549.412
308.471 500.760
308.732 454.107
308.993 305.453
309.254 331.798
309.515 333.142
309.776 500.485
310.037 469.828
310.298 330.169
310.559 372.510
310.821 471.850
311.082 467.188
311.343 371.526
311.604 341.864
311.865 358.200
312.126 301.535
312.387 388.870
312.648 463.203
312.909 451.536
313.170 463.868
313.434 507.199
313.698 462.529
313.963 492.859
314.227 381.187
314.491 347.515
314.755 451.842
315.019 508.168
315.284 375.493
315.548 501.817
315.812 470.140
316.076 579.463
316.340 559.785
316.604 490.106
316.869 518.426
317.133 497.745
317.397 594.063
317.661 619.381
317.925 526.698
318.190 538.014
318.454 453.329
318.718 399.643
318.982 522.957
319.246 577.270
319.511 687.582
319.775 520.893
320.039 531.203
320.303 540.513
320.567 587.821
320.832 525.129
321.096 475.437
321.360 467.743
321.624 422.048
321.888 379.353
322.153 404.657
322.417 395.960
322.681 330.263
322.945 454.565
323.209 510.865
323.473 463.166
323.738 482.465
324.002 466.763
324.266 554.061
324.530 539.358
324.794 471.655
325.059 407.950
325.323 375.245
325.587 456.539
325.851 427.832
326.115 595.125
326.380 534.416
326.644 525.707
326.908 502.998
327.172 451.287
327.436 540.576
327.701 498.864
327.965 445.151
328.229 526.438
328.493 382.724
328.757 402.009
329.022 476.293
329.286 388.577
329.550 395.860
329.814 445.142
330.078 480.423
330.342 430.704
330.607 447.984
330.871 499.263
331.135 611.542
331.399 578.820
331.663 474.097
331.928 514.374
332.192 524.649
332.456 489.924
332.720 542.199
332.984 472.472
333.249 496.745
333.513 425.018
333.777 342.289
334.041 346.560
334.305 371.830
334.570 426.100
334.834 402.369
335.098 569.637
335.362 618.904
335.626 517.171
335.891 427.437
336.155 498.703
336.419 482.968
336.683 319.232
336.947 390.495
337.211 411.758
337.476 373.020
337.740 405.281
338.004 478.542
338.268 457.802
338.532 494.062
338.797 454.321
339.061 501.579
339.325 624.836
339.589 679.093
339.853 557.349
340.118 489.605
340.382 610.860
340.646 657.114
340.910 444.368
341.174 455.621
341.439 445.873
341.703 486.125
341.967 501.376
342.231 508.626
342.495 458.876
342.759 519.125
343.024 501.374
343.288 584.622
343.552 543.869
343.816 359.116
344.080 411.362
344.345 465.607
344.609 317.852
344.873 277.096
345.137 465.340
345.401 508.583
345.666 349.825
345.930 511.067
346.194 567.308
346.458 412.549
346.722 397.789
346.987 435.028
347.251 505.267
347.515 605.505
347.779 490.743
348.043 429.980
348.308 477.216
348.572 378.452
348.836 315.687
349.100 366.922
349.364 365.156
349.628 383.389
349.893 472.622
350.157 552.854
350.421 501.086
350.685 489.317
350.949 461.548
351.214 360.778
351.478 428.007
351.742 457.236
352.006 474.464
352.270 489.692
352.535 379.919
352.799 388.146
353.063 513.372
353.327 429.597
353.591 366.822
353.856 398.047
354.120 483.271
354.384 586.494
354.648 612.716
354.912 541.939
355.177 542.160
355.441 447.381
355.705 693.602
355.969 682.822
356.233 484.041
356.497 453.260
356.762 505.478
357.026 483.696
357.290 487.914
357.554 551.130
357.818 541.346
358.083 462.562
358.347 460.777
358.611 479.992
358.875 505.206
359.139 453.420
359.404 368.633
359.668 490.845
359.932 621.057
360.196 580.269
360.460 451.480
360.725 520.690
360.989 586.900
361.253 702.109
361.517 651.318
361.781 589.527
362.046 597.735
362.310 637.942
362.574 581.149
362.838 474.355
363.102 531.561
363.366 582.766
363.631 419.971
363.895 465.176
364.159 611.379
364.423 576.583
364.687 560.786
364.952 609.988
365.216 663.190
365.480 598.391
365.747 447.592
366.013 451.793
366.280 444.993
366.546 520.192
366.813 476.391
367.079 508.590
367.346 603.788
367.612 552.985
367.879 574.182
368.145 623.379
368.412 526.575
368.678 455.770
368.945 571.966
369.211 538.160
369.478 534.354
369.744 465.548
370.011 463.741
370.278 490.934
370.544 492.127
370.811 559.319
371.077 539.510
371.344 450.701
371.610 489.891
371.877 535.081
372.143 597.271
372.410 653.460
372.676 699.649
372.943 683.837
373.209 613.025
373.476 502.212
373.742 465.399
374.009 574.586
374.276 564.772
374.542 515.957
374.809 450.142
375.075 288.327
375.342 315.511
375.608 389.695
375.875 388.878
376.141 607.061
376.408 620.244
376.674 587.426
376.941 500.607
377.207 452.788
377.474 783.969
377.740 704.149
378.007 435.329
378.273 549.509
378.540 632.688
378.807 482.866
379.073 402.044
379.340 441.222
379.606 516.400
379.873 460.577
380.139 487.753
380.406 597.929
380.672 565.105
380.939 493.280
381.205 418.455
381.472 325.629
381.738 297.803
382.005 489.977
382.271 546.150
382.538 503.323
382.804 655.495
383.071 643.667
383.338 574.839
383.604 554.010
383.871 588.181
384.137 578.351
384.404 497.521
384.670 514.691
384.937 473.860
385.203 536.028
385.470 552.197
385.736 607.365
386.003 533.532
386.269 504.700
386.536 503.866
386.802 517.033
387.069 630.199
387.336 715.364
387.602 672.530
387.869 468.695
388.135 410.859
388.402 378.023
388.668 487.187
388.935 556.350
389.201 659.513
389.468 661.676
389.734 639.838
390.001 534.000
390.267 435.161
390.534 598.322
390.800 598.483
391.067 631.643
391.333 625.803
391.600 516.963
391.867 534.122
392.133 538.281
392.400 447.439
392.666 357.597
392.933 564.755
393.199 651.913
393.466 516.070
393.732 500.226
393.999 568.382
394.265 517.538
394.532 442.694
394.798 578.849
395.065 537.004
395.331 561.159
395.598 595.313
395.864 569.467
396.131 608.620
396.398 678.773
396.664 723.926
396.931 788.078
397.197 891.230
397.464 853.382
397.730 1106.533
397.997 1246.684
398.263 1249.835
398.530 1323.985
398.796 1471.135
399.063 1506.285
399.329 1528.434
399.596 1759.583
399.862 1726.732
400.129 1803.880
400.396 1807.028
400.662 1594.175
400.929 1673.323
401.195 1716.470
401.462 1784.616
401.728 1816.762
401.995 1854.908
402.261 1808.054
402.528 1857.199
402.794 1990.344
403.061 2188.489
403.327 2348.633
403.594 2187.777
403.860 2067.920
404.127 2022.064
404.393 2120.207
404.660 2191.349
404.931 2203.492
405.202 2096.634
405.473 2044.775
405.745 2247.917
406.016 2561.058
406.287 2491.199
406.558 2374.339
406.829 2525.479
407.100 2486.619
407.371 2734.758
407.642 2802.897
407.914 2594.036
408.185 2540.175
408.456 2535.313
408.727 2730.451
408.998 2745.589
409.269 2904.726
409.540 2980.863
409.811 2695.000
410.083 2717.136
410.354 2717.272
410.625 2553.408
410.896 2673.543
411.167 2808.678
411.438 2765.813
411.709 2472.948
411.981 2623.082
412.252 2399.216
412.523 2190.350
412.794 2186.483
413.065 2169.616
413.336 1904.749
413.607 1947.881
413.878 1892.014
414.150 1709.145
414.421 1532.277
414.692 1432.408
414.963 1373.539
415.234 1503.670
415.505 1428.801
415.776 1395.931
416.047 1325.061
416.319 1208.190
416.590 1013.319
416.861 735.448
417.132 910.577
417.403 951.706
417.674 834.834
417.945 699.962
418.217 613.089
418.488 764.217
418.759 642.344
419.030 569.470
419.301 649.597
419.572 702.723
419.843 686.849
420.114 573.975
420.386 547.100
420.657 682.225
420.928 563.350
421.199 518.474
421.470 546.599
421.741 462.723
422.012 461.846
422.283 494.970
422.555 545.093
422.826 602.216
423.097 675.339
423.368 612.461
423.639 506.583
423.910 588.705
424.181 536.827
424.453 439.948
424.724 675.069
424.995 744.190
425.266 617.310
425.537 558.431
425.808 663.551
426.079 693.671
426.350 567.790
426.622 564.909
426.893 666.028
427.164 541.147
427.435 480.265
427.706 502.384
427.977 546.502
428.248 498.619
428.519 537.737
428.791 520.854
429.062 635.971
429.333 511.088
429.604 440.204
429.875 583.320
430.146 696.436
430.417 658.552
430.689 634.667
430.960 490.783
431.231 527.898
431.502 711.012
431.773 694.127
432.044 557.241
432.315 703.355
432.586 689.469
432.858 710.582
433.129 515.695
433.400 519.808
433.671 561.921
433.942 501.034
434.213 435.146
434.484 484.258
434.755 617.370
435.027 430.481
435.298 520.593
435.569 592.704
435.840 464.815
436.116 465.925
436.391 589.036
436.667 596.146
436.942 648.256
437.218 688.365
437.493 677.475
437.769 707.584
438.045 620.693
438.320 663.802
438.596 648.910
438.871 558.019
439.147 595.127
439.422 477.235
439.698 381.342
439.974 447.450
440.249 592.557
440.525 631.664
440.800 422.770
441.076 530.877
441.351 686.983
441.627 693.089
441.903 633.195
442.178 486.301
442.454 515.406
442.729 693.511
443.005 577.616
443.281 684.721
443.556 771.825
443.832 629.930
444.107 524.034
444.383 542.138
444.658 565.241
444.934 516.345
445.210 678.448
445.485 691.551
445.761 740.654
446.036 674.756
446.312 660.858
446.587 654.961
446.863 471.063
447.139 529.164
447.414 608.266
447.690 638.367
447.965 617.468
448.241 571.569
448.516 550.670
448.792 549.770
449.068 529.870
449.343 574.970
449.619 482.070
449.894 544.170
450.170 563.269
450.445 661.368
450.721 670.467
450.997 431.566
451.272 576.665
451.548 540.763
451.823 521.861
452.099 650.959
452.375 488.057
452.650 438.155
452.926 566.252
453.201 594.349
453.477 798.446
453.752 725.543
454.028 562.640
454.304 618.736
454.579 666.832
454.855 662.928
455.130 682.024
455.406 798.120
455.681 698.215
455.957 570.310
456.233 506.405
456.508 528.500
456.784 591.595
457.059 608.689
457.335 742.783
457.610 650.877
457.886 646.971
458.162 598.065
458.437 545.158
458.713 635.252
458.988 577.345
459.264 658.438
459.539 681.530
459.815 624.623
460.091 559.715
460.366 487.807
460.642 458.899
460.917 504.991
461.193 573.083
461.468 487.174
461.744 446.266
462.020 465.357
462.295 534.447
462.571 510.538
462.846 550.629
463.122 685.719
463.397 699.809
463.673 528.371
463.949 536.452
464.224 600.478
464.500 629.538
464.775 521.257
465.051 524.298
465.327 608.826
465.602 696.131
465.878 733.878
466.153 557.585
466.429 790.998
466.704 1033.809
466.980 967.965
467.256 1001.052
467.531 1042.182
467.807 1041.310
468.082 1033.381
468.358 963.364
468.633 1029.606
468.909 990.537
469.185 910.212
469.460 1003.770
469.736 1092.481
470.011 916.333
470.287 902.419
470.562 992.027
470.838 889.178
471.114 964.910
471.389 903.380
471.665 899.324
471.940 1009.631
472.216 987.450
472.491 846.692
472.767 799.968
473.043 909.587
473.318 1006.021
473.594 859.777
473.869 775.284
474.145 745.867
474.421 710.347
474.696 681.947
474.972 606.351
475.247 650.886
475.523 743.994
475.798 757.069
476.074 672.879
476.350 674.999
476.625 645.189
476.901 687.067
477.176 631.460
477.452 495.601
477.727 545.531
478.003 459.693
478.279 620.344
478.554 726.118
478.830 686.247
479.105 692.042
479.381 621.441
479.656 515.032
479.932 590.579
480.208 700.386
480.483 705.825
480.759 767.584
481.034 659.818
481.310 592.222
481.585 664.696
481.861 653.687
482.137 516.149
482.412 538.848
482.688 622.182
482.963 724.947
483.239 737.325
483.514 565.058
483.790 649.006
484.066 849.234
484.341 662.835
484.617 611.404
484.892 691.857
485.168 675.018
485.443 506.431
485.719 513.466
485.995 649.428
486.270 670.664
486.546 575.447
486.821 520.131
487.097 452.052
487.373 508.880
487.648 707.756
487.924 696.319
488.199 455.041
488.475 316.608
488.750 383.708
489.026 507.809
489.302 483.349
489.577 464.321
489.853 519.767
490.128 646.186
490.404 607.466
490.679 483.273
490.955 661.759
491.231 742.965
491.506 709.517
491.782 581.979
492.057 523.751
492.333 606.015
492.608 598.259
492.884 590.503
493.160 480.007
493.435 498.666
493.711 615.404
493.986 606.058
494.262 544.958
494.537 532.284
494.813 625.124
495.089 447.027
495.364 465.762
495.640 508.072
495.915 494.390
496.191 666.693
496.467 624.071
496.742 604.436
497.018 648.148
497.293 543.578
497.569 619.284
497.844 560.184
498.120 621.640
498.396 657.666
498.671 607.743
498.947 636.611
499.222 593.576
499.498 623.092
499.773 673.908
500.049 659.369
500.325 611.194
500.600 709.486
500.876 726.281
501.151 868.229
501.427 881.218
501.702 910.313
501.978 931.488
502.254 981.771
502.529 830.953
502.805 911.416
503.080 1086.798
503.356 1005.219
503.631 946.707
503.907 951.728
504.183 909.287
504.458 952.877
504.734 936.815
505.009 1016.762
505.285 948.021
505.560 920.841
505.836 931.962
506.112 894.581
506.387 828.859
506.663 837.188
506.938 840.288
507.214 816.089
507.490 824.422
507.765 835.766
508.041 872.159
508.316 895.435
508.592 773.858
508.867 819.423
509.143 963.389
509.419 820.741
509.694 680.745
509.970 718.925
510.245 632.466
510.521 668.898
510.796 598.364
511.072 566.461
511.348 604.279
511.623 637.244
511.899 650.319
512.174 701.375
512.450 693.798
512.725 666.084
513.001 558.450
513.277 486.673
513.552 692.296
513.828 608.153
514.103 587.912
514.379 710.842
514.654 630.764
514.930 644.322
515.206 952.878
515.481 847.935
515.757 644.572
516.032 563.768
516.308 650.618
516.583 756.386
516.859 669.287
517.135 706.348
517.410 792.499
517.686 825.601
517.961 759.577
518.237 704.817
518.513 605.739
518.788 867.301
519.064 931.323
519.339 910.060
519.615 810.785
519.890 825.491
520.166 912.423
520.442 1099.284
520.717 1120.516
520.993 1081.192
521.268 957.976
521.544 956.109
521.819 911.103
522.095 1031.207
522.371 1167.381
522.646 1122.376
522.922 1203.733
523.197 1229.652
523.473 1302.217
523.748 1195.097
524.024 1174.101
524.300 1128.225
524.575 1090.961
524.851 1201.065
525.126 1200.929
525.402 1223.187
525.677 1302.669
525.953 1204.922
526.229 1128.496
526.504 1065.517
526.780 1230.902
527.055 1230.221
527.331 1268.554
527.606 1307.181
527.882 1310.771
528.158 1193.307
528.433 1294.502
528.709 1255.209
528.984 1232.232
529.260 1213.503
529.535 1211.432
529.811 1060.670
530.087 1026.193
530.362 1039.761
530.638 1130.249
530.913 1267.488
531.189 1269.731
531.465 1073.840
531.740 998.604
532.016 1079.895
532.291 1104.127
532.567 1070.469
532.842 1120.910
533.118 1112.353
533.394 1194.069
533.669 1046.641
533.945 897.863
534.220 899.862
534.496 994.269
534.771 876.383
535.047 868.512
535.323 872.343
535.598 928.132
535.874 1016.982
536.149 936.896
536.425 836.105
536.700 839.094
536.976 859.420
537.252 1093.880
537.527 1090.096
537.803 1129.442
538.078 1353.811
538.354 1542.655
538.629 1647.573
538.905 1769.674
539.181 1920.160
539.456 1965.578
539.732 2206.465
540.007 2358.542
540.283 2295.708
540.558 2277.700
540.834 2388.094
541.110 2544.967
541.385 2611.356
541.661 2656.953
541.936 2750.818
542.212 2798.442
542.488 2881.745
542.763 2969.013
543.039 3020.621
543.314 3035.554
543.590 2970.100
543.865 3023.777
544.141 3051.634
544.417 3071.547
544.692 2927.606
544.968 3013.060
545.243 2925.649
545.519 2656.658
545.794 2683.207
546.070 2754.829
546.348 2618.318
546.627 2483.560
546.905 2591.555
547.183 2518.931
547.461 2504.086
547.740 2619.330
548.018 2477.850
548.296 2323.503
548.575 2253.047
548.853 2264.021
549.131 2383.237
549.409 2433.502
549.688 2651.806
549.966 2632.015
550.244 2707.461
550.523 2666.176
550.801 2714.081
551.079 2807.390
551.357 2922.177
551.636 2954.912
551.914 2897.851
552.192 2809.143
552.471 2990.642
552.749 3047.852
553.027 2964.192
553.306 3057.688
553.584 3233.744
553.862 3248.297
554.140 3364.259
554.419 3334.833
554.697 3557.212
554.975 3767.087
555.254 3700.891
555.532 3439.512
555.810 3535.716
556.088 3690.513
556.367 3492.897
556.645 3386.434
556.923 3380.644
557.202 3298.688
557.480 3346.989
557.758 3176.960
558.036 3025.697
558.315 2925.984
558.593 3008.315
558.871 2925.109
559.150 2753.319
559.428 2767.116
559.706 2653.894
559.984 2608.907
560.263 2678.760
560.541 2444.583
560.819 2302.475
561.098 2275.015
561.376 2152.945
561.654 1873.182
561.932 1648.851
562.211 1591.934
562.489 1502.642
562.767 1386.081
563.046 1210.704
563.324 1096.343
563.602 1088.795
563.880 1011.979
564.159 979.394
564.437 1040.819
564.715 892.150
564.994 747.281
565.272 826.979
565.550 771.580
565.828 630.330
566.107 724.688
566.385 712.675
566.663 639.098
566.942 647.441
567.220 667.657
567.498 834.689
567.776 731.848
568.055 617.468
568.333 686.742
568.611 735.315
568.890 574.472
569.168 550.528
569.446 662.214
569.725 636.170
570.003 515.440
570.281 509.212
570.559 582.756
570.838 577.555
571.116 655.677
571.394 705.138
571.673 701.015
571.951 646.399
572.229 634.791
572.507 680.154
572.786 654.594
573.064 634.826
573.342 661.159
573.621 501.516
573.899 488.876
574.177 770.646
574.455 746.026
574.734 612.747
575.012 702.809
575.290 659.466
575.569 681.723
575.847 757.999
576.125 663.831
576.403 488.690
576.682 646.538
576.960 717.805
577.243 713.204
577.527 600.648
577.810 511.035
578.093 528.346
578.377 490.895
578.660 504.771
578.944 542.362
579.227 519.715
579.510 631.273
579.794 571.425
580.077 532.249
580.360 587.382
580.644 598.930
580.927 547.877
581.210 593.644
581.494 552.040
581.777 629.144
582.061 587.979
582.344 554.709
582.627 511.879
582.911 547.812
583.194 560.376
583.477 608.322
583.761 606.367
584.044 713.194
584.327 687.974
584.611 588.114
584.894 599.144
585.178 557.227
585.461 579.246
585.744 692.174
586.028 581.906
586.311 565.947
586.594 607.988
586.878 575.028
587.161 541.068
587.444 562.109
587.728 552.149
588.011 622.189
588.295 504.229
588.578 554.715
588.861 719.590
589.145 584.349
589.428 581.971
589.711 492.429
589.995 553.915
590.278 740.768
590.562 611.548
590.845 553.035
591.128 753.121
591.412 664.338
591.695 564.142
591.978 721.303
592.262 666.119
592.545 459.445
592.828 609.644
593.112 527.320
593.395 502.434
593.679 495.996
593.962 655.397
594.245 653.789
594.529 580.195
594.812 467.331
595.095 434.999
595.379 669.526
595.662 629.474
595.945 522.631
596.229 504.293
596.512 548.877
596.796 625.772
597.079 642.022
597.362 801.466
597.646 778.950
597.929 590.066
598.212 639.916
598.496 608.333
598.779 686.743
599.062 759.831
599.346 631.536
599.629 596.434
599.913 588.001
600.196 643.211
600.479 643.599
600.763 623.580
601.046 475.881
601.329 562.016
601.613 629.347
601.896 561.537
602.179 640.590
602.463 607.227
602.746 677.008
603.030 727.143
603.313 656.789
603.596 530.231
603.880 574.845
604.163 603.312
604.446 586.107
604.730 527.377
605.013 559.186
605.296 646.939
605.580 589.189
605.863 670.517
606.147 571.630
606.430 542.283
606.713 664.097
606.997 570.757
607.280 738.531
607.563 649.526
607.847 597.117
608.130 610.076
608.414 610.492
608.697 627.161
608.980 615.078
609.264 703.951
609.547 600.457
609.830 597.553
610.114 656.354
610.397 639.738
610.680 628.384
610.964 680.631
611.247 681.646
611.531 609.729
611.814 495.927
612.097 549.936
612.381 689.627
612.664 771.791
612.947 630.510
613.231 610.918
613.514 624.322
613.797 673.472
614.081 661.719
614.364 681.399
614.648 619.547
614.931 550.819
615.214 524.330
615.498 568.144
615.781 637.635
616.064 615.031
616.348 686.916
616.631 712.257
616.914 773.597
617.198 689.664
617.481 633.540
617.765 604.613
618.048 682.242
618.331 673.391
618.615 663.221
618.898 790.725
619.181 797.675
619.465 702.553
619.748 656.098
620.031 630.048
620.315 604.938
620.598 599.619
620.882 709.483
621.165 904.059
621.448 817.611
621.732 757.761
622.015 590.630
622.298 570.904
622.582 659.331
622.865 665.018
623.148 593.123
623.432 680.430
623.715 615.398
623.999 800.216
624.282 769.928
624.565 835.897
624.849 654.843
625.132 526.156
625.415 850.786
625.699 922.313
625.982 776.029
626.265 684.608
626.549 627.384
626.832 762.770
627.116 817.349
627.399 571.927
627.682 595.000
627.966 607.525
628.249 599.904
628.532 609.384
628.816 772.687
629.099 701.805
629.383 636.069
629.666 638.826
629.949 611.053
630.233 567.126
630.516 605.115
630.799 672.199
631.083 580.498
631.366 530.174
631.649 563.420
631.933 518.824
632.216 639.757
632.500 676.517
632.783 650.305
633.066 613.223
633.350 651.089
633.633 713.232
633.916 688.404
634.200 620.299
634.483 694.447
634.766 760.300
635.050 674.348
635.333 542.432
635.617 536.683
635.900 647.543
636.183 678.514
636.467 624.026
636.750 662.501
637.033 688.945
637.317 639.993
637.600 601.826
637.883 585.328
638.167 593.250
638.450 593.104
638.734 581.897
639.017 678.367
639.300 660.605
639.584 629.146
639.867 850.877
640.150 748.005
640.434 767.678
640.717 789.419
641.000 706.270
641.284 767.045
641.567 688.278
641.851 681.418
642.134 822.104
642.417 799.868
642.701 852.094
642.984 909.270
643.267 837.967
643.551 714.399
643.834 652.304
644.117 736.927
644.401 720.775
644.684 810.775
644.968 941.903
645.251 842.548
645.534 764.715
645.818 752.547
646.101 856.568
646.384 942.041
646.668 982.444
646.951 902.660
647.235 967.445
647.518 969.352
647.801 1124.455
648.085 1234.225
648.368 1240.111
648.651 1223.221
648.935 1364.912
649.218 1560.796
649.501 1613.190
649.785 1680.436
650.068 1890.238
650.352 2018.584
650.635 2124.489
650.918 2246.677
651.202 2358.412
651.485 2516.425
651.768 2585.384
652.052 2560.393
652.335 2726.725
652.618 2994.177
652.902 3287.848
653.185 3581.698
653.469 3676.636
653.752 3758.009
654.035 3863.156
654.319 4063.307
654.602 4118.269
654.885 4089.174
655.169 4258.510
655.452 4279.716
655.735 4297.648
656.019 4408.570
656.302 4451.020
656.586 4494.819
656.869 4658.331
657.152 4600.560
657.436 4450.640
657.719 4522.550
658.002 4697.722
658.286 4531.788
658.569 4217.323
658.852 4119.073
659.136 4223.911
659.419 4065.564
659.703 3869.652
659.986 3901.152
660.269 3980.328
660.553 3838.099
660.836 3888.940
661.119 3987.545
661.403 4010.969
661.686 3972.328
661.969 3903.180
662.253 4030.338
662.536 4041.545
662.820 4088.141
663.103 3972.550
663.386 4056.755
663.670 4094.308
663.953 3892.727
664.236 4040.569
664.520 3952.450
664.803 3873.450
665.086 3857.411
665.370 3870.464
665.653 3894.808
665.937 3938.338
666.220 3873.457
666.503 3646.303
666.787 3587.506
667.070 3490.150
667.353 3272.697
667.637 2916.187
667.920 2771.183
668.204 2422.597
668.487 2085.900
668.770 2017.786
669.054 1717.405
669.337 1500.018
669.620 1386.895
669.904 1214.430
670.187 1214.675
670.470 1208.798
670.754 1071.070
671.037 919.912
671.321 831.154
671.604 982.337
671.887 940.381
672.171 935.289
672.454 955.832
672.737 950.645
673.021 887.031
673.304 843.820
673.587 1021.464
673.871 1036.967
674.154 1008.170
674.438 1077.064
674.721 1076.062
675.004 1046.331
675.288 1084.423
675.571 1121.611
675.854 1042.338
676.138 988.799
676.421 1031.125
676.704 977.464
676.988 1064.201
677.271 1259.541
677.555 1129.536
677.838 979.613
678.121 897.016
678.405 826.435
678.688 873.045
678.971 678.824
679.255 859.348
679.538 967.257
679.821 970.395
680.105 860.317
680.388 757.539
680.672 756.274
680.955 733.430
681.238 748.787
681.522 752.193
681.805 798.367
682.088 836.103
682.372 825.530
682.655 744.997
682.938 842.100
683.222 809.767
683.505 754.212
683.789 794.990
684.072 776.206
684.355 814.044
684.639 818.244
684.922 774.428
685.205 760.884
685.489 867.381
685.772 836.964
686.056 834.727
686.339 839.982
686.622 656.625
686.906 598.195
687.189 707.824
687.472 897.828
687.756 769.701
688.039 652.575
688.322 606.671
688.606 801.894
688.889 757.034
689.173 696.516
689.456 810.319
689.739 784.248
690.023 743.830
690.306 729.256
690.589 686.854
690.873 813.115
691.156 821.464
691.439 733.039
691.723 674.791
692.006 751.560
692.290 760.417
692.573 808.457
692.856 856.547
693.140 888.696
693.423 813.265
693.706 713.614
693.990 732.845
694.273 739.343
694.556 921.266
694.840 1000.755
695.123 789.001
695.407 769.635
695.690 698.043
695.973 803.941
696.257 829.913
696.540 938.136
696.830 901.224
697.120 888.915
697.410 870.572
697.699 836.882
697.989 1053.261
698.279 913.852
698.569 796.135
698.859 928.331
699.149 992.918
699.439 889.781
699.729 864.407
700.018 834.838
700.308 932.889
700.598 819.762
700.888 714.643
701.178 882.468
701.468 881.596
701.758 764.211
702.048 901.311
702.337 861.800
702.627 907.510
702.917 851.024
703.207 755.677
703.497 826.368
703.787 750.183
704.077 702.670
704.366 761.522
704.656 631.392
704.946 622.520
705.236 564.977
705.526 726.112
705.816 812.960
706.106 613.767
706.396 641.066
706.685 648.115
706.975 564.721
707.265 528.935
707.555 677.971
707.845 630.068
708.135 568.643
708.425 509.667
708.715 497.334
709.004 682.634
709.294 685.620
709.584 668.510
709.874 718.827
710.164 691.235
710.454 576.021
710.744 593.243
711.034 665.657
711.323 663.384
711.613 595.492
711.903 729.637
712.193 768.006
712.483 612.668
712.773 598.923
713.063 560.477
713.352 629.919
713.642 633.596
713.932 747.502
714.222 743.146
714.512 668.513
714.802 656.253
715.092 690.188
715.382 557.345
715.671 472.313
715.961 563.908
716.251 494.564
716.541 557.631
716.831 608.077
717.121 500.883
717.411 580.327
717.701 665.514
717.990 653.094
718.280 554.445
718.570 500.023
718.860 533.917
719.150 593.664
719.440 517.735
719.730 530.666
720.019 754.416
720.309 636.722
720.599 573.705
720.889 553.770
721.179 645.655
721.469 689.397
721.759 602.829
722.049 614.354
722.338 504.115
722.628 547.370
722.918 633.236
723.208 708.512
723.498 582.570
723.788 639.936
724.078 832.448
724.368 702.925
724.657 574.137
724.947 643.176
725.237 716.210
725.527 732.639
725.817 612.376
726.107 582.257
726.397 546.493
726.686 479.782
726.976 551.368
727.266 638.428
727.556 603.631
727.846 664.254
728.136 671.367
728.426 605.827
728.716 536.079
729.005 672.726
729.295 631.078
729.585 508.051
729.875 513.869
730.165 600.710
730.455 623.038
730.745 655.700
731.035 584.846
731.324 683.279
731.614 636.340
731.904 517.444
732.194 643.799
732.484 668.763
732.774 640.572
733.064 581.253
733.354 427.575
733.643 510.796
733.933 557.101
734.223 519.108
734.513 696.515
734.803 716.726
735.093 595.769
735.383 589.533
735.672 651.076
735.962 691.507
736.252 517.830
736.542 543.349
736.832 545.326
737.122 511.566
737.412 557.663
737.702 658.327
737.991 692.693
738.281 657.692
738.571 599.108
738.861 589.479
739.151 591.467
739.441 645.968
739.731 567.323
740.021 647.278
740.310 697.244
740.600 724.604
740.890 545.855
741.180 588.412
741.470 597.315
741.760 649.654
742.050 747.402
742.339 638.117
742.629 531.311
742.919 744.979
743.209 560.467
743.499 516.529
743.789 543.792
744.079 625.988
744.369 611.540
744.658 547.359
744.948 404.261
745.238 564.244
745.528 595.977
745.818 747.380
746.108 673.985
746.398 654.812
746.688 650.858
746.977 755.146
747.267 606.207
747.557 606.828
747.847 701.279
748.137 662.194
748.427 619.426
748.717 533.408
749.006 416.477
749.296 553.364
749.586 598.603
749.876 669.934
750.166 605.211
750.456 582.901
750.746 584.499
751.036 504.676
751.325 638.427
751.615 627.094
751.905 604.135
752.195 625.757
752.485 528.775
752.775 605.398
753.065 569.380
753.355 723.552
753.644 759.606
753.934 619.342
754.224 595.669
754.514 817.168
754.804 618.774
755.094 447.277
755.384 529.541
755.674 605.788
755.963 663.980
756.253 612.455
756.543 652.982
756.833 645.267
757.123 637.608
757.413 558.870
757.703 475.470
757.992 489.558
758.282 556.353
758.572 549.895
758.862 491.621
759.152 596.161
759.442 606.624
759.732 722.829
760.022 759.027
760.311 570.673
760.601 462.039
760.891 658.233
761.181 664.624
761.471 555.652
761.761 438.404
762.051 529.056
762.341 692.525
762.630 750.641
762.920 625.784
763.210 636.513
763.500 648.981
763.793 578.504
764.086 609.740
764.379 554.818
764.671 661.475
764.964 614.208
765.257 642.394
765.550 609.432
765.843 492.513
766.136 601.401
766.429 539.926
766.722 547.456
767.014 555.976
767.307 440.743
767.600 493.126
767.893 542.027
768.186 495.673
768.479 510.811
768.772 650.949
769.064 663.062
769.357 588.896
769.650 615.717
769.943 798.396
770.236 693.680
770.529 559.315
770.822 615.783
771.115 653.098
771.407 728.446
771.700 712.317
771.993 712.043
772.286 630.615
772.579 603.786
772.872 539.286
773.165 511.077
773.457 627.021
773.750 654.915
774.043 569.160
774.336 610.155
774.629 639.184
774.922 626.727
775.215 581.335
775.508 539.898
775.800 516.232
776.093 658.763
776.386 683.267
776.679 577.224
776.972 625.579
777.265 812.906
777.558 812.104
777.850 642.460
778.143 642.476
778.436 626.036
778.729 608.338
779.022 604.333
779.315 532.993
779.608 487.783
779.900 543.075
780.193 570.227
780.486 570.674
780.779 533.006
781.072 445.314
781.365 602.246
781.658 606.882
781.951 527.581
782.243 587.662
782.536 628.014
782.829 656.142
783.122 668.206
783.415 668.555
783.708 619.423
784.001 582.328
784.293 651.551
784.586 682.978
784.879 713.053
785.172 692.335
785.465 611.882
785.758 588.852
786.051 658.006
786.344 737.705
786.636 814.535
786.929 608.344
787.222 584.505
787.515 530.297
787.808 543.239
788.101 565.233
788.394 718.095
788.686 827.002
788.979 789.844
789.272 739.120
789.565 665.543
789.858 569.750
790.151 538.367
790.444 523.397
790.737 518.936
791.029 493.963
791.322 630.705
791.615 571.267
791.908 601.395
792.201 595.820
792.494 572.310
792.787 626.536
793.079 804.643
793.372 744.095
793.665 720.924
793.958 583.352
794.251 600.316
794.544 744.155
794.837 859.568
795.130 728.975
795.422 669.169
795.715 575.465
796.008 558.090
796.301 578.906
796.594 618.761
796.887 675.549
797.180 660.285
797.472 514.737
797.765 448.949
798.058 542.142
798.351 523.754
798.644 478.903
798.937 482.906
799.230 587.021
799.523 886.724
799.815 777.068
800.108 526.833
800.401 480.985
800.694 622.199
800.987 577.724
801.280 643.828
801.573 721.765
801.865 773.728
802.158 662.191
802.451 562.406
802.744 561.422
803.037 581.397
803.330 563.011
803.623 695.198
803.915 639.324
804.208 595.022
804.501 657.289
804.794 662.308
805.087 618.660
805.380 471.618
805.673 459.148
805.966 612.316
806.258 556.831
806.551 619.209
806.844 653.360
807.137 691.217
807.430 527.886
807.723 548.985
808.016 711.650
808.308 741.265
808.601 536.980
808.894 535.056
809.187 605.096
809.480 625.628
809.773 611.948
810.066 652.819
810.359 727.006
810.651 656.842
810.944 434.420
811.237 453.036
811.530 636.703
811.825 566.653
812.119 490.414
812.414 458.138
812.709 610.130
813.003 647.816
813.298 575.386
813.593 610.000
813.887 578.021
814.182 887.523
814.476 798.083
814.771 766.625
815.066 696.988
815.360 558.083
815.655 487.975
815.950 533.246
816.244 597.350
816.539 700.518
816.834 653.642
817.128 700.241
817.423 783.129
817.718 890.862
818.012 687.464
818.307 483.904
818.602 618.140
818.896 637.904
819.191 560.464
819.486 593.558
819.780 659.484
820.075 806.370
820.369 741.868
820.664 615.320
820.959 716.784
821.253 738.266
821.548 659.523
821.843 672.330
822.137 749.966
822.432 729.667
822.727 636.594
823.021 607.001
823.316 775.884
823.611 748.203
823.905 589.242
824.200 537.432
824.495 676.766
824.789 744.290
825.084 711.908
825.379 551.280
825.673 582.500
825.968 686.392
826.262 634.167
826.557 694.651
826.852 696.051
827.146 656.787
827.441 678.374
827.736 712.017
828.030 658.590
828.325 490.176
828.620 697.196
828.914 774.466
829.209 611.001
829.504 812.087
829.798 788.160
830.093 631.950
830.388 572.767
830.682 510.930
830.977 619.856
831.271 694.198
831.566 577.290
831.861 606.370
832.155 636.087
832.450 698.684
832.745 745.300
833.039 615.575
833.334 520.416
833.629 571.118
833.923 585.851
834.218 623.121
834.513 585.604
834.807 551.377
835.102 480.718
835.397 474.883
835.691 458.279
835.986 468.647
836.281 491.768
836.575 513.804
836.870 529.415
837.164 581.753
837.459 521.627
837.754 528.475
838.048 526.586
838.343 509.485
838.638 567.416
838.932 654.393
839.227 615.224
839.522 644.434
839.816 578.774
840.111 556.259
840.406 587.623
840.700 730.862
840.995 875.555
841.290 903.278
841.584 700.125
841.879 737.187
842.174 637.951
842.468 629.425
842.763 556.529
843.057 614.163
843.352 643.355
843.647 601.933
843.941 576.797
844.236 630.340
844.531 685.268
844.825 680.283
845.120 750.242
845.415 807.589
845.709 710.725
846.004 748.062
846.299 589.866
846.593 702.724
846.888 709.274
847.183 603.784
847.477 611.252
847.772 733.917
848.066 685.902
848.361 636.225
848.656 709.940
848.950 659.006
849.245 722.703
849.540 667.797
849.834 830.087
850.129 821.879
850.424 682.767
850.718 642.187
851.013 745.649
851.308 666.736
851.602 704.637
851.897 800.634
852.192 919.360
852.486 766.065
852.781 629.767
853.076 720.273
853.370 788.113
853.665 831.605
853.959 805.747
854.254 695.378
854.549 891.638
854.843 789.146
855.138 697.145
855.433 755.259
855.727 822.292
856.022 659.794
856.317 638.746
856.611 728.537
856.906 664.369
857.201 743.234
857.495 815.410
857.790 825.685
858.085 744.989
858.379 678.148
858.674 589.371
858.969 548.820
859.263 613.311
859.558 605.791
859.852 566.011
860.147 652.502
860.442 735.621
860.736 610.136
861.031 709.139
861.326 740.920
861.620 624.746
861.915 735.362
862.210 746.956
862.504 667.211
862.799 724.079
863.094 695.955
863.388 639.288
863.683 581.358
863.978 562.481
864.272 634.993
864.567 616.217
864.861 587.714
865.156 609.258
865.451 554.932
865.745 695.649
866.040 712.397
866.335 720.210
866.629 758.575
866.924 598.304
867.219 580.714
867.513 711.307
867.808 662.646
868.103 584.997
868.397 597.574
868.692 640.823
868.987 609.915
869.281 598.429
869.576 725.900
869.871 793.253
870.165 629.582
870.460 510.440
870.754 571.067
871.049 564.985
871.344 648.035
871.638 674.755
871.933 569.003
872.228 579.281
872.522 578.153
872.817 723.651
873.112 913.486
873.406 690.335
873.701 738.151
873.996 722.119
874.290 661.116
874.585 592.852
874.880 608.777
875.174 548.994
875.469 541.711
875.764 578.844
876.058 563.831
876.353 476.683
876.647 456.979
876.942 521.810
877.237 556.686
877.531 617.126
877.826 693.764
878.121 629.059
878.415 584.787
878.710 520.636
879.005 651.987
879.299 578.523
879.594 531.349
879.889 438.755
880.183 460.456
880.478 565.815
880.773 547.962
881.067 524.584
881.362 546.873
881.656 547.636
881.951 558.250
882.246 464.378
882.540 526.205
882.835 543.146
883.130 594.080
883.424 509.125
883.719 481.695
884.014 605.274
884.308 554.641
884.603 514.993
884.898 512.697
885.192 621.525
885.487 591.724
885.782 543.288
886.076 628.651
886.371 547.640
886.666 414.423
886.960 464.240
887.255 421.757
887.549 454.971
887.844 708.779
888.139 741.652
888.433 670.947
888.728 548.983
889.023 569.419
889.317 604.766
889.612 466.950
889.907 525.838
890.201 579.830
890.496 599.662
890.791 611.509
891.085 551.843
891.380 543.909
891.675 573.551
891.969 616.846
892.264 509.498
892.559 524.948
892.853 648.986
893.148 569.560
893.442 529.799
893.737 606.995
894.032 521.887
894.326 444.363
894.621 476.972
894.916 405.091
895.210 474.347
895.505 582.503
895.800 541.471
896.094 447.850
896.389 498.168
896.684 507.451
896.978 519.369
897.273 444.257
897.568 550.764
897.862 570.712
898.157 492.914
898.451 609.288
898.746 657.085
899.041 703.734
899.335 646.170
899.630 535.936
899.925 585.958
900.219 616.968
900.514 661.550
900.809 515.637
901.103 372.635
901.398 580.459
901.693 519.685
901.987 507.680
902.282 590.941
902.577 459.979
902.871 398.972
903.166 550.095
903.461 634.524
903.755 594.885
904.050 522.121
904.344 422.528
904.639 481.351
904.934 502.438
905.228 507.847
905.523 447.012
905.818 480.852
906.112 615.996
906.407 569.283
906.702 542.293
906.996 572.525
907.291 559.705
907.586 545.113
907.880 680.123
908.175 661.659
908.470 623.486
908.764 651.993
909.059 696.588
909.354 605.715
909.648 536.871
909.943 541.446
910.237 692.491
910.532 698.353
910.827 737.775
911.121 728.369
911.416 580.820
911.711 578.991
912.005 604.928
912.300 583.912
912.599 682.674
912.898 603.127
913.196 569.564
913.495 658.627
913.794 685.882
914.093 567.334
914.391 587.003
914.690 674.476
914.989 645.236
915.288 728.598
915.586 622.492
915.885 499.135
916.184 442.857
916.483 474.761
916.782 595.963
917.080 613.829
917.379 514.241
917.678 478.919
917.977 632.460
918.275 688.886
918.574 636.776
918.873 620.296
919.172 622.437
919.471 547.709
919.769 607.435
920.068 561.804
920.367 532.266
920.666 517.990
920.964 521.382
921.263 508.908
921.562 534.031
921.861 619.812
922.159 560.887
922.458 619.092
922.757 617.990
923.056 583.303
923.355 558.582
923.653 720.197
923.952 650.276
924.251 471.791
924.550 666.354
924.848 707.864
925.147 590.057
925.446 544.025
925.745 610.722
926.043 624.896
926.342 609.795
926.641 527.414
926.940 648.368
927.239 661.401
927.537 728.729
927.836 628.999
928.135 599.858
928.434 651.899
928.732 647.427
929.031 699.577
929.330 695.894
929.629 620.252
929.927 623.599
930.226 616.484
930.525 630.491
930.824 737.791
931.123 648.066
931.421 697.652
931.720 737.665
932.019 752.469
932.318 734.385
932.616 647.319
932.915 623.497
933.214 714.332
933.513 718.237
933.812 694.437
934.110 707.568
934.409 755.463
934.708 677.544
935.007 912.421
935.305 902.265
935.604 673.271
935.903 776.375
936.202 819.340
936.500 933.708
936.799 1032.468
937.098 921.986
937.397 849.486
937.696 788.289
937.994 727.659
938.293 769.723
938.592 665.065
938.891 707.936
939.189 795.968
939.488 891.623
939.787 1017.524
940.086 843.239
940.384 843.771
940.683 773.328
940.982 719.328
941.281 826.250
941.580 1091.363
941.878 1004.138
942.177 818.930
942.476 892.124
942.775 859.294
943.073 731.140
943.372 709.553
943.671 910.446
943.970 1043.825
944.268 938.421
944.567 820.102
944.866 834.735
945.165 786.814
945.464 767.848
945.762 590.689
946.061 904.614
946.360 1025.902
946.659 1002.880
946.957 945.819
947.256 855.153
947.555 838.807
947.854 942.154
948.153 775.356
948.451 776.623
948.750 825.340
949.049 868.059
949.348 1076.832
949.646 910.213
949.945 829.641
950.244 1017.697
950.543 903.648
950.841 773.507
951.140 764.110
951.439 645.397
951.738 704.245
952.037 786.949
952.335 829.900
952.634 885.837
952.933 789.245
953.232 754.079
953.530 507.214
953.829 815.828
954.128 906.412
954.427 817.679
954.725 885.763
955.024 862.881
955.323 923.577
955.622 735.758
955.921 665.789
956.219 760.292
956.518 725.556
956.817 780.900
957.116 782.611
957.414 716.173
957.713 608.361
958.012 547.756
958.311 613.900
958.610 765.793
958.908 757.043
959.207 740.097
959.506 757.275
959.805 764.070
960.103 789.318
960.402 780.745
960.701 656.956
961.000 638.261
961.298 598.457
961.597 751.882
961.896 706.963
962.195 708.598
962.494 803.601
962.792 700.180
963.091 612.427
963.390 644.483
963.689 662.828
963.987 721.976
964.286 819.026
964.585 794.899
964.884 708.807
965.182 626.244
965.481 959.717
965.780 1078.995
966.080 932.852
966.380 858.819
966.680 717.186
966.981 718.565
967.281 773.545
967.581 709.587
967.881 743.711
968.181 790.628
968.481 704.477
968.781 658.838
969.082 559.275
969.382 636.369
969.682 751.471
969.982 795.644
970.282 834.035
970.582 714.242
970.882 654.116
971.183 796.106
971.483 746.013
971.783 678.189
972.083 681.992
972.383 793.064
972.683 766.490
972.983 780.266
973.284 672.932
973.584 632.083
973.884 708.000
974.184 704.074
974.484 706.985
974.784 567.095
975.084 554.546
975.385 582.874
975.685 683.103
975.985 670.220
976.285 670.564
976.585 639.056
976.885 609.988
977.185 619.133
977.486 579.386
977.786 613.058
978.086 703.199
978.386 748.615
978.686 620.086
978.986 591.893
979.286 637.901
979.587 629.909
979.887 527.916
980.187 528.924
980.487 532.932
980.787 632.939
981.087 636.947
981.387 790.955
981.688 693.963
981.988 530.970
982.288 563.978
982.588 623.986
982.888 625.993
983.188 611.001
983.488 707.009
983.789 686.016
984.089 684.024
984.389 669.031
984.689 603.039
984.989 539.047
985.289 528.054
985.589 632.062
985.890 589.069
986.190 494.077
986.490 517.085
986.790 676.092
987.090 644.100
987.390 644.107
987.690 704.115
987.991 587.122
988.291 581.130
988.591 579.137
988.891 513.145
989.191 521.152
989.491 644.160
989.791 582.167
990.092 626.175
990.392 645.182
990.692 637.190
990.992 639.197
991.292 492.205
991.592 567.212
991.892 582.220
992.193 695.227
992.493 703.235
992.793 573.242
993.093 569.249
993.393 560.257
993.693 613.264
993.993 665.272
994.294 689.279
994.594 601.286
994.894 553.294
995.194 594.301
995.494 533.309
995.794 540.316
996.094 563.323
996.395 646.331
996.695 685.338
996.995 525.345
997.295 484.353
997.595 511.360
997.895 436.367
998.195 418.375
998.496 491.382
998.796 490.389
999.096 694.396
999.396 567.404
999.696 605.411
999.996 614.418
1000.296 780.426
1000.597 778.433
1000.897 577.440
1001.197 569.447
1001.497 752.454
1001.797 576.462
1002.097 520.469
1002.397 567.476
1002.698 602.483
1002.998 697.491
1003.298 680.498
1003.598 581.505
1003.898 535.512
1004.198 671.519
1004.498 750.526
1004.799 676.534
1005.099 713.541
1005.399 735.548
1005.699 757.555
1005.999 712.562
1006.299 610.569
1006.599 813.576
1006.900 764.583
1007.200 615.591
1007.500 660.598
1007.800 698.605
1008.100 590.612
1008.400 546.619
1008.700 556.626
1009.001 508.633
1009.301 499.640
1009.601 716.647
1009.901 778.654
1010.201 700.661
1010.501 700.668
1010.801 816.675
1011.102 630.682
1011.402 661.689
1011.702 583.696
1012.002 473.703
1012.302 640.710
1012.602 647.717
1012.902 589.724
1013.203 617.731
1013.503 710.738
1013.803 699.745
1014.103 550.752
1014.403 653.759
1014.703 538.766
1015.003 495.773
1015.304 684.780
1015.604 798.787
1015.904 606.794
1016.204 539.801
1016.504 567.807
1016.804 564.814
1017.104 543.821
1017.405 532.828
1017.705 524.835
1018.005 499.842
1018.305 592.849
1018.605 618.856
1018.905 492.862
1019.205 492.869
1019.506 828.876
1019.806 806.883
1020.106 706.890
1020.406 688.897
1020.706 652.903
1021.006 695.910
1021.306 799.917
1021.607 681.924
1021.907 756.931
1022.207 700.937
1022.507 600.944
1022.807 613.951
1023.107 598.958
1023.407 527.964
1023.708 554.971
1024.008 544.978
1024.308 588.985
1024.608 592.991
1024.908 488.998
1025.208 614.005
1025.508 827.012
1025.809 754.018
1026.109 605.025
1026.409 688.032
1026.709 706.038
1027.009 681.045
1027.309 677.052
1027.609 537.058
1027.910 494.065
1028.210 627.072
1028.510 777.078
1028.810 972.085
1029.110 856.092
1029.410 675.098
1029.710 758.105
1030.011 786.112
1030.311 813.118
1030.611 659.125
1030.911 632.131
1031.211 659.138
1031.511 618.145
1031.811 777.151
1032.112 736.158
1032.412 648.164
1032.712 554.171
1033.012 606.178
1033.312 768.184
1033.612 687.191
1033.912 586.197
1034.212 555.204
1034.513 553.210
1034.813 505.217
1035.113 637.223
1035.413 574.230
1035.713 606.236
1036.013 650.243
1036.313 613.249
1036.614 690.256
1036.914 626.262
1037.214 468.269
1037.514 552.275
1037.814 524.282
1038.114 608.288
1038.414 587.295
1038.715 661.301
1039.015 558.308
1039.315 455.314
1039.615 585.320
1039.915 548.327
1040.215 525.333
1040.515 586.340
1040.816 671.346
1041.116 650.353
1041.416 567.359
1041.716 513.365
1042.016 534.372
1042.316 684.378
1042.616 661.384
1042.917 532.391
1043.217 519.397
1043.517 565.404
1043.817 638.410
1044.117 598.416
1044.417 648.423
1044.717 591.429
1045.018 594.435
1045.318 731.442
1045.618 706.448
1045.918 590.454
1046.218 535.461
1046.518 592.467
1046.818 637.473
1047.119 533.479
1047.419 687.486
1047.719 660.492
1048.019 595.498
1048.319 623.505
1048.619 587.511
1048.919 559.517
1049.220 575.523
1049.520 731.530
1049.820 596.536
1050.120 455.542
1050.420 680.548
1050.720 659.555
1051.020 689.561
1051.321 691.567
1051.621 771.573
1051.921 667.579
1052.221 521.586
1052.521 488.592
1052.821 503.598
1053.121 605.604
1053.422 679.610
1053.722 731.617
1054.022 614.623
1054.322 715.629
1054.622 590.635
1054.922 570.641
1055.222 676.647
1055.523 681.653
1055.823 686.660
1056.123 728.666
1056.423 648.672
1056.723 714.678
1057.023 604.684
1057.323 484.690
1057.624 648.696
1057.924 754.702
1058.224 731.708
1058.524 604.715
1058.824 646.721
1059.124 587.727
1059.424 550.733
1059.725 698.739
1060.025 587.745
1060.325 572.751
1060.625 568.757
1060.925 560.763
1061.225 603.769
1061.525 722.775
1061.826 648.781
1062.126 638.787
1062.426 709.793
1062.726 778.799
1063.026 688.805
1063.326 812.811
1063.626 786.817
1063.927 679.823
1064.227 670.829
1064.527 585.835
1064.827 671.841
1065.127 631.847
1065.427 474.853
1065.727 477.859
1066.028 682.865
1066.328 708.871
1066.628 535.877
1066.928 547.883
1067.228 605.889
1067.528 550.895
1067.828 567.901
1068.129 499.906
1068.429 583.912
1068.729 675.918
1069.029 594.924
1069.329 508.930
1069.629 640.936
1069.929 758.942
1070.230 777.948
1070.530 711.954
1070.830 612.959
1071.130 645.965
1071.430 610.971
1071.730 629.977
1072.030 687.983
1072.331 606.989
1072.631 659.995
1072.931 615.000
1073.231 602.006
1073.531 582.012
1073.831 571.018
1074.131 668.024
1074.432 804.029
1074.732 662.035
1075.032 521.041
1075.332 530.047
1075.632 558.053
1075.932 519.058
1076.232 526.064
1076.533 537.070
1076.833 606.076
1077.133 545.082
1077.433 522.087
1077.733 569.093
1078.033 677.099
1078.333 702.105
1078.634 670.110
1078.934 654.116
1079.234 548.122
1079.534 744.127
1079.834 771.133
1080.134 666.139
1080.434 666.145
1080.735 649.150
1081.035 633.156
1081.335 528.162
1081.635 573.167
1081.935 636.173
1082.235 568.179
1082.535 572.184
1082.836 613.190
1083.136 610.196
1083.436 647.201
1083.736 654.207
1084.036 580.213
1084.336 581.218
1084.636 580.224
1084.937 656.230
1085.237 714.235
1085.537 638.241
1085.837 665.247
1086.137 576.252
1086.437 653.258
1086.737 628.263
1087.038 622.269
1087.338 724.275
1087.638 717.280
1087.938 546.286
1088.238 423.291
1088.538 519.297
1088.838 708.302
1089.139 732.308
1089.439 541.314
1089.739 691.319
1090.039 735.325
1090.339 734.330
1090.639 646.336
1090.939 700.341
1091.240 580.347
1091.540 567.352
1091.840 542.358
1092.140 665.363
1092.453 693.369
1092.766 596.375
1093.079 564.380
1093.392 615.386
1093.705 540.391
1094.018 593.397
1094.330 745.402
1094.643 670.407
1094.956 733.413
1095.269 632.418
1095.582 636.424
1095.895 552.429
1096.208 592.435
1096.521 624.440
1096.834 641.446
1097.147 631.451
1097.460 682.457
1097.773 711.462
1098.085 586.468
1098.398 540.473
1098.711 566.478
1099.024 518.484
1099.337 634.489
1099.650 725.495
1099.963 694.500
1100.276 568.505
1100.589 525.511
1100.902 643.516
1101.215 648.522
1101.528 697.527
1101.841 609.532
1102.153 612.538
1102.466 661.543
1102.779 487.548
1103.092 503.554
1103.405 592.559
1103.718 559.565
1104.031 607.570
1104.344 674.575
1104.657 615.581
1104.970 933.586
1105.283 770.591
1105.596 578.597
1105.909 569.602
1106.221 645.607
1106.534 677.612
1106.847 543.618
1107.160 453.623
1107.473 484.628
1107.786 550.634
1108.099 466.639
1108.412 521.644
1108.725 609.649
1109.038 552.655
1109.351 629.660
1109.664 668.665
1109.977 581.671
1110.289 587.676
1110.602 631.681
1110.915 632.686
1111.228 584.692
1111.541 525.697
1111.854 550.702
1112.167 465.707
1112.480 490.712
1112.793 561.718
1113.106 595.723
1113.419 673.728
1113.732 659.733
1114.044 548.739
1114.357 613.744
1114.670 608.749
1114.983 516.754
1115.296 537.759
1115.609 624.765
1115.922 634.770
1116.235 669.775
1116.548 638.780
1116.861 625.785
1117.174 573.790
1117.487 615.796
1117.800 805.801
1118.112 631.806
1118.425 527.811
1118.738 523.816
1119.051 538.821
1119.364 560.826
1119.677 652.831
1119.990 649.837
1120.303 651.842
1120.616 729.847
1120.929 629.852
1121.242 692.857
1121.555 691.862
1121.868 668.867
1122.180 642.872
1122.493 472.877
1122.806 460.883
1123.119 616.888
1123.432 650.893
1123.745 633.898
1124.058 589.903
1124.371 541.908
1124.684 671.913
1124.997 648.918
1125.310 619.923
1125.623 545.928
1125.935 492.933
1126.248 552.938
1126.561 667.943
1126.874 633.948
1127.187 707.953
1127.500 741.958
1127.813 631.963
1128.126 624.968
1128.439 735.973
1128.752 859.978
1129.065 581.983
1129.378 408.988
1129.691 551.993
1130.003 610.998
1130.316 559.003
1130.629 538.008
1130.942 598.013
1131.255 590.018
1131.568 499.023
1131.881 554.028
1132.194 650.033
1132.507 612.038
1132.820 556.043
1133.133 602.048
1133.446 523.053
1133.759 747.058
1134.071 1176.063
1134.384 843.068
1134.697 819.073
1135.010 895.078
1135.323 698.082
1135.636 543.087
1135.949 524.092
1136.262 579.097
1136.575 613.102
1136.888 617.107
1137.201 591.112
1137.514 521.117
1137.826 653.122
1138.139 590.127
1138.452 617.131
1138.765 800.136
1139.078 784.141
1139.391 736.146
1139.704 650.151
1140.017 683.156
1140.330 614.161
1140.643 596.165
1140.956 581.170
1141.269 605.175
1141.582 604.180
1141.894 557.185
1142.207 727.190
1142.520 658.194
1142.833 704.199
1143.146 569.204
1143.459 461.209
1143.772 578.214
1144.085 695.219
1144.398 558.223
1144.711 540.228
1145.024 518.233
1145.337 591.238
1145.650 677.242
1145.962 624.247
1146.275 648.252
1146.588 524.257
1146.901 606.262
1147.214 630.266
1147.527 552.271
1147.840 591.276
1148.153 553.281
1148.466 603.285
1148.779 636.290
1149.092 719.295
1149.405 591.300
1149.718 623.304
1150.030 667.309
1150.343 584.314
1150.656 522.319
1150.969 553.323
1151.282 735.328
1151.595 681.333
1151.908 609.337
1152.221 434.342
1152.534 495.347
1152.847 806.352
1153.160 659.356
1153.473 655.361
1153.785 735.366
1154.098 668.370
1154.411 723.375
1154.724 685.380
1155.037 749.384
1155.350 664.389
1155.663 654.394
1155.976 570.398
1156.289 661.403
1156.602 553.408
1156.915 441.412
1157.228 456.417
1157.541 548.422
1157.853 583.426
1158.166 636.431
1158.479 687.435
1158.792 635.440
1159.105 628.445
1159.418 620.449
1159.731 580.454
1160.044 606.459
1160.357 776.463
1160.670 719.468
1160.983 510.472
1161.296 634.477
1161.609 760.482
1161.921 605.486
1162.234 554.491
1162.547 464.495
1162.860 478.500
1163.173 476.504
1163.486 617.509
1163.799 657.514
1164.112 554.518
1164.425 573.523
1164.738 544.527
1165.051 496.532
1165.364 498.536
1165.676 574.541
1165.989 666.545
1166.302 598.550
1166.615 740.555
1166.928 663.559
1167.241 675.564
1167.554 698.568
1167.867 661.573
1168.180 611.577
1168.493 537.582
1168.806 560.586
1169.119 510.591
1169.432 620.595
1169.744 628.600
1170.057 652.604
1170.370 756.609
1170.683 656.613
1170.996 518.618
1171.309 565.622
1171.622 562.627
1171.935 578.631
1172.248 733.636
1172.561 718.640
1172.874 653.644
1173.187 666.649
1173.500 655.653
1173.812 648.658
1174.125 610.662
1174.438 682.667
1174.751 552.671
1175.064 527.676
1175.377 708.680
1175.690 645.684
1176.003 585.689
1176.316 608.693
1176.629 584.698
1176.942 582.702
1177.255 571.707
1177.567 500.711
1177.880 511.715
1178.193 579.720
1178.506 543.724
1178.819 683.729
1179.132 699.733
1179.445 547.737
1179.758 710.742
1180.071 679.746
1180.384 567.751
1180.697 609.755
1181.010 646.759
1181.323 763.764
1181.635 784.768
1181.948 699.772
1182.261 539.777
1182.574 501.781
1182.887 625.785
1183.200 788.790
1183.513 705.794
1183.826 589.798
1184.139 654.803
1184.452 603.807
1184.765 516.811
1185.078 469.816
1185.391 568.820
1185.703 540.824
1186.016 469.829
1186.329 481.833
1186.642 604.837
1186.955 759.842
1187.268 611.846
1187.581 620.850
1187.894 644.855
1188.207 665.859
1188.520 579.863
1188.833 612.867
1189.146 500.872
1189.459 454.876
1189.771 537.880
1190.084 660.885
1190.397 568.889
1190.710 613.893
1191.023 647.897
1191.336 665.902
1191.649 603.906
1191.962 647.910
1192.275 560.914
1192.588 639.919
1192.901 800.923
1193.214 622.927
1193.526 612.931
1193.839 674.936
1194.152 497.940
1194.465 604.944
1194.778 611.948
1195.091 625.952
1195.404 612.957
1195.717 605.961
1196.030 659.965
1196.343 581.969
1196.656 531.974
1196.969 605.978
1197.282 658.982
1197.594 626.986
1197.907 752.990
1198.220 723.994
1198.533 581.999
1198.846 602.003
1199.159 561.007
1199.472 545.011
1199.785 673.015
1200.098 543.020
1200.411 637.024
1200.724 666.028
1201.037 581.032
1201.350 477.036
1201.662 483.040
1201.975 584.044
1202.288 595.049
1202.601 247.053
