165.028 80.084
165.288 -29.303
165.547 45.312
165.807 85.930
166.067 27.552
166.327 -18.824
166.587 -33.196
166.847 79.434
167.107 88.068
167.367 119.704
167.627 151.343
167.886 112.985
168.146 102.630
168.406 275.278
168.666 228.929
168.926 110.582
169.186 117.238
169.446 152.897
169.706 40.558
169.966 132.222
170.225 179.889
170.485 199.558
170.745 201.230
171.005 282.904
171.265 123.581
171.525 93.261
171.785 26.942
172.045 41.627
172.305 214.313
172.564 158.002
172.824 24.693
173.084 138.387
173.344 73.083
173.604 79.781
173.864 160.482
174.124 160.184
174.384 132.889
174.644 229.596
174.903 348.305
175.163 305.016
175.423 321.729
175.683 150.444
175.943 180.162
176.203 133.881
176.463 118.602
176.723 77.325
176.983 159.050
177.242 168.777
177.502 321.506
177.762 321.236
178.022 90.969
178.282 97.703
178.542 76.439
178.802 79.176
179.062 32.916
179.322 272.657
179.581 359.399
179.841 200.144
180.101 272.889
180.361 328.637
180.621 235.386
180.881 127.136
181.141 59.888
181.401 129.641
181.661 221.396
181.920 327.152
182.180 199.910
182.440 98.669
182.700 116.429
182.960 117.191
183.220 144.954
183.480 343.718
183.740 191.483
184.000 138.250
184.259 55.018
184.519 125.786
184.779 160.557
185.039 229.328
185.299 313.100
185.559 287.873
185.819 237.648
186.079 256.423
186.339 236.200
186.598 171.977
186.858 61.755
187.118 106.534
187.378 272.315
187.638 270.096
187.898 287.877
188.158 304.660
188.418 152.444
188.678 126.228
188.937 204.013
189.197 270.799
189.457 241.585
189.717 203.373
189.977 96.161
190.237 126.949
190.497 225.738
190.757 194.528
191.017 213.318
191.276 97.109
191.536 117.901
191.796 110.693
192.056 111.486
192.316 215.279
192.576 187.072
192.836 146.866
193.096 178.660
193.356 144.455
193.616 182.250
193.875 168.046
194.135 184.842
194.395 330.638
194.655 310.434
194.915 284.231
195.175 215.028
195.435 246.825
195.695 121.623
195.955 28.421
196.214 123.218
196.474 281.017
196.734 270.815
196.994 287.613
197.254 278.412
197.514 248.210
197.774 232.009
198.034 143.807
198.294 166.606
198.553 226.405
198.813 160.204
199.073 99.003
199.333 110.801
199.593 269.600
199.853 286.399
200.113 345.197
200.373 332.996
200.633 170.794
200.892 109.592
201.152 86.390
201.412 129.188
201.672 293.986
201.932 475.783
202.192 404.581
202.452 242.378
202.712 149.175
202.972 184.971
203.231 292.768
203.491 287.564
203.751 244.360
204.011 225.155
204.271 375.950
204.531 180.745
204.791 140.539
205.051 206.333
205.311 233.127
205.570 173.920
205.830 174.713
206.090 153.506
206.350 234.298
206.610 409.089
206.870 265.880
207.130 241.671
207.390 267.461
207.650 209.250
207.909 243.039
208.169 310.828
208.429 300.616
208.689 137.403
208.949 235.190
209.209 313.976
209.469 139.762
209.729 130.547
209.989 213.331
210.248 84.115
210.508 392.898
210.768 337.681
211.028 196.462
211.288 300.243
211.548 314.024
211.808 311.804
212.068 388.583
212.328 449.361
212.587 402.138
212.847 252.915
213.107 300.691
213.367 284.466
213.627 261.241
213.887 284.015
214.147 212.788
214.407 262.560
214.667 255.331
214.926 313.101
215.186 262.871
215.446 287.640
215.706 219.408
215.966 187.175
216.226 188.941
216.486 213.706
216.746 276.471
217.006 342.234
217.265 314.997
217.525 174.758
217.785 242.519
218.045 342.279
218.305 233.038
218.565 182.796
218.825 243.553
219.085 409.309
219.345 235.064
219.604 141.818
219.864 275.571
220.124 299.323
220.384 311.074
220.644 306.824
220.904 224.573
221.164 219.321
221.424 219.068
221.684 202.814
221.943 239.558
222.203 358.302
222.463 283.045
222.723 162.787
222.983 252.527
223.243 225.267
223.503 237.005
223.763 194.742
224.023 185.479
224.282 301.214
224.542 308.948
224.802 352.681
225.062 284.412
225.322 429.143
225.582 332.872
225.842 315.601
226.102 308.328
226.362 255.054
226.621 340.779
226.881 279.503
227.141 300.225
227.401 338.946
227.661 242.667
227.921 365.386
228.181 299.103
228.441 292.820
228.701 481.536
228.960 452.250
229.220 247.963
229.480 180.675
229.740 382.385
230.000 468.095
230.260 283.803
230.520 248.510
230.780 266.215
231.040 303.920
231.299 234.623
231.559 297.325
231.819 307.026
232.079 386.725
232.339 378.424
232.599 207.121
232.859 319.816
233.119 368.511
233.379 254.204
233.638 289.896
233.898 413.586
234.158 392.276
234.418 274.964
234.678 374.651
234.938 389.336
235.198 272.021
235.458 224.703
235.718 301.385
235.978 299.065
236.237 266.745
236.497 305.422
236.757 424.099
237.017 406.774
237.277 318.448
237.537 295.120
237.797 249.792
238.057 344.461
238.317 266.130
238.576 169.797
238.836 322.463
239.096 406.128
239.356 311.791
239.616 312.453
239.876 341.114
240.136 287.773
240.396 352.431
240.656 439.088
240.915 348.743
241.175 298.397
241.435 213.050
241.695 283.701
241.955 483.351
242.215 530.000
242.475 405.647
242.735 282.293
242.995 336.938
243.254 321.581
243.514 286.223
243.774 145.864
244.034 276.503
244.294 519.141
244.554 417.778
244.814 354.413
245.074 298.047
245.334 296.679
245.593 351.311
245.853 336.940
246.113 266.569
246.373 405.196
246.633 426.822
246.893 307.446
247.153 335.069
247.413 382.691
247.673 337.311
247.932 315.930
248.192 368.548
248.452 432.164
248.712 388.779
248.972 263.393
249.232 460.005
249.492 355.616
249.752 182.226
250.012 367.834
250.271 333.441
250.531 385.046
250.791 569.650
251.051 552.253
251.311 413.855
251.571 211.455
251.831 259.053
252.091 361.651
252.351 341.247
252.610 317.842
252.870 363.435
253.130 302.027
253.390 289.618
253.650 402.207
253.911 417.795
254.172 437.381
254.433 321.967
254.694 299.551
254.955 328.133
255.216 296.714
255.477 499.294
255.738 435.873
255.999 307.450
256.261 472.026
256.522 392.600
256.783 413.174
257.044 287.746
257.305 195.316
257.566 213.885
257.827 197.453
258.088 292.020
258.349 288.585
258.610 374.149
258.871 448.711
259.132 504.273
259.393 372.832
259.654 269.391
259.915 207.948
260.176 312.504
260.437 376.059
260.698 289.612
260.959 306.164
261.221 419.715
261.482 475.264
261.743 435.812
262.004 397.359
262.265 538.904
262.526 493.448
262.787 294.991
263.048 339.533
263.309 322.073
263.570 446.612
263.831 406.149
264.092 345.686
264.353 251.221
264.614 470.754
264.875 451.287
265.136 355.818
265.397 560.348
265.658 566.876
265.919 587.403
266.181 525.929
266.442 399.454
266.703 310.977
266.964 289.500
267.225 333.020
267.486 391.540
267.747 464.058
268.008 478.575
268.269 556.091
268.530 545.606
268.791 426.119
269.052 468.631
269.313 445.141
269.574 391.651
269.835 392.159
270.096 389.666
270.357 427.172
270.618 368.676
270.879 316.179
271.141 390.681
271.402 389.182
271.663 365.681
271.924 432.179
272.185 400.676
272.446 391.172
272.707 398.666
272.968 335.160
273.229 363.652
273.490 373.142
273.751 355.632
274.012 396.120
274.273 453.607
274.534 425.093
274.795 429.578
275.056 430.061
275.317 343.543
275.578 308.024
275.839 368.504
276.101 342.983
276.362 303.460
276.623 329.936
276.884 486.411
277.145 496.885
277.406 512.358
277.667 394.829
277.928 274.299
278.189 461.769
278.450 482.236
278.711 447.703
278.972 433.168
279.233 328.633
279.494 429.096
279.755 587.558
280.016 563.019
280.277 363.478
280.538 409.937
280.799 364.394
281.061 408.850
281.322 403.305
281.583 385.759
281.844 323.211
282.105 309.663
282.366 435.113
282.627 425.562
282.888 495.010
283.149 422.457
283.410 356.903
283.671 454.348
283.932 419.791
284.193 299.233
284.454 345.675
284.715 428.115
284.976 393.554
285.237 514.992
285.498 698.428
285.759 567.864
286.021 506.298
286.282 452.732
286.543 529.164
286.804 442.595
287.065 419.025
287.326 442.454
287.587 335.882
287.848 420.309
288.109 485.734
288.370 449.159
288.631 354.582
288.892 336.005
289.153 366.426
289.414 286.846
289.675 495.265
289.936 590.683
290.197 546.100
290.458 437.516
290.719 369.931
290.981 565.345
291.242 616.757
291.503 522.169
291.764 337.579
292.025 240.989
292.286 279.397
292.547 462.805
292.808 424.211
293.069 458.616
293.330 518.020
293.591 532.424
293.852 464.826
294.113 428.227
294.374 420.627
294.635 438.026
294.896 457.424
295.157 448.821
295.418 469.217
295.679 518.612
295.941 472.006
296.202 502.399
296.463 481.790
296.724 514.181
296.985 540.571
297.246 511.960
297.507 327.348
297.768 341.735
298.029 514.120
298.290 596.505
298.551 593.889
298.812 616.272
299.073 505.654
299.334 379.034
299.595 454.414
299.856 511.793
300.117 658.171
300.378 569.548
300.639 369.924
300.901 388.299
301.162 484.673
301.423 514.046
301.684 606.418
301.945 668.789
302.206 457.159
302.467 476.528
302.728 436.897
302.989 483.264
303.250 553.630
303.511 585.995
303.772 558.360
304.033 509.723
304.294 487.086
304.555 479.447
304.816 551.808
305.077 508.168
305.338 390.527
305.599 428.884
305.861 533.241
306.122 518.597
306.383 439.952
306.644 383.306
306.905 298.660
307.166 533.012
307.427 516.363
307.688 454.714
307.949 417.063
308.210 499.412
308.471 521.760
308.732 417.107
308.993 355.453
309.254 355.798
309.515 316.142
309.776 476.485
310.037 469.828
310.298 327.169
310.559 365.510
310.821 503.850
311.082 514.188
311.343 370.526
311.604 310.864
311.865 298.200
312.126 314.535
312.387 377.870
312.648 423.203
312.909 450.536
313.170 487.868
313.434 492.199
313.698 428.529
313.963 507.859
314.227 386.187
314.491 356.515
314.755 452.842
315.019 446.168
315.284 310.493
315.548 454.817
315.812 439.140
316.076 512.463
316.340 523.785
316.604 465.106
316.869 529.426
317.133 525.745
317.397 574.063
317.661 582.381
317.925 500.698
318.190 433.014
318.454 422.329
318.718 432.643
318.982 538.957
319.246 621.270
319.511 695.582
319.775 507.893
320.039 468.203
320.303 475.513
320.567 547.821
320.832 543.129
321.096 446.437
321.360 446.743
321.624 451.048
321.888 422.353
322.153 399.657
322.417 324.960
322.681 306.263
322.945 465.565
323.209 517.865
323.473 469.166
323.738 404.465
324.002 455.763
324.266 579.061
324.530 483.358
324.794 446.655
325.059 418.950
325.323 321.245
325.587 386.539
325.851 401.832
326.115 617.125
326.380 522.416
326.644 484.707
326.908 516.998
327.172 494.287
327.436 561.576
327.701 495.864
327.965 428.151
328.229 529.438
328.493 368.724
328.757 363.009
329.022 488.293
329.286 398.577
329.550 403.860
329.814 434.142
330.078 441.423
330.342 429.704
330.607 484.984
330.871 548.263
331.135 611.542
331.399 615.820
331.663 486.097
331.928 488.374
332.192 563.649
332.456 524.924
332.720 539.199
332.984 482.472
333.249 517.745
333.513 477.018
333.777 392.289
334.041 358.560
334.305 443.830
334.570 501.100
334.834 361.369
335.098 561.637
335.362 628.904
335.626 530.171
335.891 455.437
336.155 479.703
336.419 427.968
336.683 270.232
336.947 408.495
337.211 445.758
337.476 351.020
337.740 402.281
338.004 459.542
338.268 438.802
338.532 506.062
338.797 462.321
339.061 515.579
339.325 568.836
339.589 680.093
339.853 534.349
340.118 476.605
340.382 596.860
340.646 655.114
340.910 444.368
341.174 427.621
341.439 461.873
341.703 498.125
341.967 470.376
342.231 457.626
342.495 442.876
342.759 600.125
343.024 577.374
343.288 636.622
343.552 569.869
343.816 356.116
344.080 388.362
344.345 487.607
344.609 331.852
344.873 246.096
345.137 488.340
345.401 586.583
345.666 406.825
345.930 512.067
346.194 569.308
346.458 413.549
346.722 409.789
346.987 395.028
347.251 437.267
347.515 624.505
347.779 502.743
348.043 463.980
348.308 505.216
348.572 407.452
348.836 292.687
349.100 338.922
349.364 329.156
349.628 383.389
349.893 461.622
350.157 560.854
350.421 489.086
350.685 478.317
350.949 478.548
351.214 392.778
351.478 443.007
351.742 447.236
352.006 463.464
352.270 408.692
352.535 357.919
352.799 379.146
353.063 500.372
353.327 420.597
353.591 344.822
353.856 499.047
354.120 494.271
354.384 530.494
354.648 599.716
354.912 549.939
355.177 455.160
355.441 418.381
355.705 636.602
355.969 652.822
356.233 608.041
356.497 547.260
356.762 493.478
357.026 458.696
357.290 479.914
357.554 498.130
357.818 500.346
358.083 471.562
358.347 427.777
358.611 480.992
358.875 539.206
359.139 479.420
359.404 361.633
359.668 474.845
359.932 586.057
360.196 587.269
360.460 485.480
360.725 530.690
360.989 587.900
361.253 659.109
361.517 615.318
361.781 597.527
362.046 600.735
362.310 629.942
362.574 591.149
362.838 525.355
363.102 548.561
363.366 591.766
363.631 486.971
363.895 474.176
364.159 617.379
364.423 589.583
364.687 596.786
364.952 661.988
365.216 671.190
365.480 586.391
365.747 440.592
366.013 441.793
366.280 450.993
366.546 563.192
366.813 454.391
367.079 525.590
367.346 554.788
367.612 503.985
367.879 539.182
368.145 604.379
368.412 538.575
368.678 477.770
368.945 593.966
369.211 528.160
369.478 513.354
369.744 482.548
370.011 467.741
370.278 463.934
370.544 485.127
370.811 520.319
371.077 567.510
371.344 491.701
371.610 456.891
371.877 489.081
372.143 590.271
372.410 640.460
372.676 663.649
372.943 660.837
373.209 584.025
373.476 431.212
373.742 401.399
374.009 541.586
374.276 547.772
374.542 524.957
374.809 469.142
375.075 368.327
375.342 357.511
375.608 343.695
375.875 361.878
376.141 632.061
376.408 569.244
376.674 548.426
376.941 484.607
377.207 431.788
377.474 821.969
377.740 763.149
378.007 454.329
378.273 526.509
378.540 611.688
378.807 506.866
379.073 445.044
379.340 464.222
379.606 458.400
379.873 445.577
380.139 548.753
380.406 608.929
380.672 490.105
380.939 407.280
381.205 415.455
381.472 367.629
381.738 322.803
382.005 472.977
382.271 560.150
382.538 546.323
382.804 650.495
383.071 570.667
383.338 490.839
383.604 523.010
383.871 667.181
384.137 647.351
384.404 553.521
384.670 544.691
384.937 457.860
385.203 498.028
385.470 511.197
385.736 540.365
386.003 491.532
386.269 502.700
386.536 476.866
386.802 435.033
387.069 567.199
387.336 730.364
387.602 658.530
387.869 392.695
388.135 406.859
388.402 429.023
388.668 463.187
388.935 581.350
389.201 680.513
389.468 599.676
389.734 620.838
390.001 584.000
390.267 479.161
390.534 565.322
390.800 529.483
391.067 582.643
391.333 577.803
391.600 469.963
391.867 481.122
392.133 499.281
392.400 448.439
392.666 362.597
392.933 552.755
393.199 626.913
393.466 517.070
393.732 485.226
393.999 554.382
394.265 611.538
394.532 480.694
394.798 528.849
395.065 472.004
395.331 494.159
395.598 558.313
395.864 572.467
396.131 594.620
396.398 686.773
396.664 690.926
396.931 687.078
397.197 802.230
397.464 779.382
397.730 934.533
397.997 981.684
398.263 969.835
398.530 1003.985
398.796 1142.135
399.063 1164.285
399.329 1174.434
399.596 1275.583
399.862 1197.732
400.129 1311.880
400.396 1379.028
400.662 1168.175
400.929 1168.323
401.195 1212.470
401.462 1293.616
401.728 1430.762
401.995 1505.908
402.261 1420.054
402.528 1462.199
402.794 1605.344
403.061 1777.489
403.327 1906.633
403.594 1814.777
403.860 1758.920
404.127 1774.064
404.393 1887.207
404.660 1984.349
404.931 1986.492
405.202 1958.634
405.473 1838.775
405.745 2062.917
406.016 2311.058
406.287 2335.199
406.558 2220.339
406.829 2374.479
407.100 2339.619
407.371 2535.758
407.642 2578.897
407.914 2429.036
408.185 2370.175
408.456 2457.313
408.727 2693.451
408.998 2718.589
409.269 2850.726
409.540 2911.863
409.811 2636.000
410.083 2634.136
410.354 2585.272
410.625 2531.408
410.896 2599.543
411.167 2770.678
411.438 2769.813
411.709 2456.948
411.981 2558.082
412.252 2412.216
412.523 2132.350
412.794 2195.483
413.065 2131.616
413.336 1870.749
413.607 1900.881
413.878 1840.014
414.150 1756.145
414.421 1530.277
414.692 1445.408
414.963 1420.539
415.234 1439.670
415.505 1368.801
415.776 1397.931
416.047 1336.061
416.319 1246.190
416.590 1038.319
416.861 741.448
417.132 879.577
417.403 918.706
417.674 838.834
417.945 735.962
418.217 647.089
418.488 708.217
418.759 579.344
419.030 516.470
419.301 590.597
419.572 703.723
419.843 687.849
420.114 537.975
420.386 519.100
420.657 646.225
420.928 584.350
421.199 555.474
421.470 479.599
421.741 432.723
422.012 474.846
422.283 519.970
422.555 553.093
422.826 574.216
423.097 657.339
423.368 609.461
423.639 444.583
423.910 543.705
424.181 520.827
424.453 467.948
424.724 744.069
424.995 724.190
425.266 512.310
425.537 505.431
425.808 591.551
426.079 673.671
426.350 623.790
426.622 561.909
426.893 646.028
427.164 570.147
427.435 473.265
427.706 427.384
427.977 474.502
428.248 442.619
428.519 572.737
428.791 523.854
429.062 621.971
429.333 504.088
429.604 427.204
429.875 541.320
430.146 599.436
430.417 587.552
430.689 540.667
430.960 432.783
431.231 474.898
431.502 633.012
431.773 641.127
432.044 556.241
432.315 690.355
432.586 694.469
432.858 676.582
433.129 485.695
433.400 511.808
433.671 572.921
433.942 524.034
434.213 414.146
434.484 438.258
434.755 534.370
435.027 453.481
435.298 585.593
435.569 617.704
435.840 469.815
436.116 481.925
436.391 569.036
436.667 559.146
436.942 645.256
437.218 686.365
437.493 645.475
437.769 680.584
438.045 627.693
438.320 592.802
438.596 619.910
438.871 539.019
439.147 511.127
439.422 452.235
439.698 355.342
439.974 397.450
440.249 620.557
440.525 627.664
440.800 352.770
441.076 480.877
441.351 636.983
441.627 687.089
441.903 632.195
442.178 471.301
442.454 534.406
442.729 711.511
443.005 517.616
443.281 599.721
443.556 761.825
443.832 632.930
444.107 505.034
444.383 518.138
444.658 544.241
444.934 430.345
445.210 624.448
445.485 712.551
445.761 691.654
446.036 618.756
446.312 700.858
446.587 674.961
446.863 470.063
447.139 538.164
447.414 569.266
447.690 623.367
447.965 655.468
448.241 571.569
448.516 562.670
448.792 562.770
449.068 570.870
449.343 569.970
449.619 490.070
449.894 523.170
450.170 526.269
450.445 700.368
450.721 718.467
450.997 432.566
451.272 547.665
451.548 525.763
451.823 497.861
452.099 552.959
452.375 442.057
452.650 467.155
452.926 579.252
453.201 533.349
453.477 749.446
453.752 680.543
454.028 458.640
454.304 498.736
454.579 635.832
454.855 620.928
455.130 600.024
455.406 740.120
455.681 705.215
455.957 619.310
456.233 578.405
456.508 575.500
456.784 567.595
457.059 518.689
457.335 660.783
457.610 641.877
457.886 597.971
458.162 512.065
458.437 499.158
458.713 607.252
458.988 605.345
459.264 635.438
459.539 674.530
459.815 591.623
460.091 509.715
460.366 486.807
460.642 454.899
460.917 516.991
461.193 548.083
461.468 489.174
461.744 476.266
462.020 430.357
462.295 472.447
462.571 463.538
462.846 508.629
463.122 627.719
463.397 684.809
463.673 555.344
463.949 541.447
464.224 552.526
464.500 592.575
464.775 520.257
465.051 530.286
465.327 601.833
465.602 717.090
465.878 751.860
466.153 504.691
466.429 718.071
466.704 919.039
466.980 777.965
467.256 815.052
467.531 921.061
467.807 911.049
468.082 908.130
468.358 827.228
468.633 844.867
468.909 763.629
469.185 725.287
469.460 821.677
469.736 902.148
470.011 786.424
470.287 770.629
470.562 894.244
470.838 762.034
471.114 808.344
471.389 834.693
471.665 823.489
471.940 844.651
472.216 816.397
472.491 640.005
472.767 634.654
473.043 776.727
473.318 898.516
473.594 745.956
473.869 692.883
474.145 686.864
474.421 667.620
474.696 635.151
474.972 556.453
475.247 626.421
475.523 741.957
475.798 666.345
476.074 655.567
476.350 609.826
476.625 598.298
476.901 696.241
477.176 651.827
477.452 493.566
477.727 541.462
478.003 424.124
478.279 582.743
478.554 682.418
478.830 668.953
479.105 682.905
479.381 672.151
479.656 534.302
479.932 593.619
480.208 697.350
480.483 670.436
480.759 673.550
481.034 623.455
481.310 595.252
481.585 623.365
481.861 621.429
482.137 548.375
482.412 622.349
482.688 629.210
482.963 659.751
483.239 751.353
483.514 529.988
483.790 597.006
484.066 805.278
484.341 622.915
484.617 563.548
484.892 680.911
485.168 630.242
485.443 487.545
485.719 565.156
485.995 679.190
486.270 646.878
486.546 543.795
486.821 485.512
487.097 478.706
487.373 582.845
487.648 714.646
487.924 629.455
488.199 432.448
488.475 286.156
488.750 341.551
489.026 520.567
489.302 493.162
489.577 516.282
489.853 537.397
490.128 673.611
490.404 583.005
490.679 447.069
490.955 622.658
491.231 700.932
491.506 669.400
491.782 539.863
492.057 517.881
492.333 641.240
492.608 558.142
492.884 549.407
493.160 407.600
493.435 451.607
493.711 592.855
493.986 542.395
494.262 514.566
494.537 515.617
494.813 564.280
495.089 464.709
495.364 514.878
495.640 538.524
495.915 527.789
496.191 713.937
496.467 605.351
496.742 584.732
497.018 663.943
497.293 526.796
497.569 614.343
497.844 532.462
498.120 632.531
498.396 624.928
498.671 538.230
498.947 632.639
499.222 605.505
499.498 567.371
499.773 599.281
500.049 684.294
500.325 680.056
500.600 757.486
500.876 680.235
501.151 763.916
501.427 778.808
501.702 814.836
501.978 813.900
502.254 848.841
502.529 735.380
502.805 866.098
503.080 1037.403
503.356 894.220
503.631 845.697
503.907 862.660
504.183 796.939
504.458 845.590
504.734 811.436
505.009 867.116
505.285 793.163
505.560 846.018
505.836 870.221
506.112 870.289
506.387 781.288
506.663 728.998
506.938 701.765
507.214 711.943
507.490 753.715
507.765 766.139
508.041 845.923
508.316 899.471
508.592 736.598
508.867 695.681
509.143 816.656
509.419 764.460
509.694 625.580
509.970 592.546
510.245 534.367
510.521 643.898
510.796 603.359
511.072 568.459
511.348 591.318
511.623 605.340
511.899 507.177
512.174 619.945
512.450 710.663
512.725 676.004
513.001 539.620
513.277 472.812
513.552 667.592
513.828 631.822
514.103 585.941
514.379 699.994
514.654 596.316
514.930 603.065
515.206 904.792
515.481 804.755
515.757 613.230
516.032 583.337
516.308 676.009
516.583 811.995
516.859 709.209
517.135 713.164
517.410 769.175
517.686 798.390
517.961 740.141
518.237 704.817
518.513 663.822
518.788 916.624
519.064 931.323
519.339 818.273
519.615 820.437
519.890 874.671
520.166 931.691
520.442 1106.983
520.717 1109.929
520.993 1136.105
521.268 969.526
521.544 1012.895
521.819 1013.888
522.095 1002.416
522.371 1126.153
522.646 1180.861
522.922 1271.741
523.197 1210.495
523.473 1343.365
523.748 1293.661
524.024 1157.833
524.300 1164.588
524.575 1126.367
524.851 1196.280
525.126 1205.709
525.402 1230.843
525.677 1282.574
525.953 1179.109
526.229 1177.253
526.504 1122.933
526.780 1275.835
527.055 1211.083
527.331 1224.535
527.606 1318.676
527.882 1292.589
528.158 1216.296
528.433 1334.809
528.709 1220.660
528.984 1216.877
529.260 1280.811
529.535 1303.651
529.811 1142.322
530.087 1083.941
530.362 1026.273
530.638 1110.999
530.913 1199.986
531.189 1183.824
531.465 1087.354
531.740 1055.608
532.016 1210.456
532.291 1121.535
532.567 1065.624
532.842 1103.469
533.118 1053.187
533.394 1131.933
533.669 1010.649
533.945 889.108
534.220 899.862
534.496 1040.033
534.771 968.976
535.047 939.731
535.323 903.593
535.598 966.180
535.874 936.904
536.149 887.043
536.425 817.514
536.700 830.288
536.976 987.852
537.252 1196.922
537.527 1195.204
537.803 1292.507
538.078 1539.652
538.354 1819.941
538.629 1849.345
538.905 1923.217
539.181 2127.260
539.456 2216.071
539.732 2529.269
540.007 2679.371
540.283 2487.408
540.558 2622.221
540.834 2850.013
541.110 2846.947
541.385 2949.970
541.661 3092.597
541.936 3207.706
542.212 3152.258
542.488 3197.900
542.763 3279.221
543.039 3336.097
543.314 3321.269
543.590 3261.064
543.865 3379.288
544.141 3389.271
544.417 3404.218
544.692 3241.410
544.968 3315.940
545.243 3232.806
545.519 3080.690
545.794 3065.911
546.070 3137.533
546.348 3009.363
546.627 2690.319
546.905 2762.699
547.183 2724.492
547.461 2737.453
547.740 2868.586
548.018 2731.329
548.296 2583.682
548.575 2609.552
548.853 2667.199
549.131 2667.249
549.409 2707.312
549.688 2870.060
549.966 2904.832
550.244 3074.525
550.523 3033.867
550.801 3056.655
551.079 3165.451
551.357 3271.337
551.636 3229.616
551.914 3134.537
552.192 3016.243
552.471 3184.126
552.749 3341.448
553.027 3320.491
553.306 3388.071
553.584 3687.038
553.862 3611.755
554.140 3702.177
554.419 3643.354
554.697 3829.494
554.975 4035.188
555.254 4076.257
555.532 3839.902
555.810 3957.179
556.088 4030.338
556.367 3882.381
556.645 3742.465
556.923 3767.803
557.202 3662.148
557.480 3691.649
557.758 3530.986
558.036 3378.753
558.315 3266.740
558.593 3287.115
558.871 3112.911
559.150 2947.522
559.428 2977.541
559.706 2841.333
559.984 2734.389
560.263 2794.479
560.541 2616.864
560.819 2411.338
561.098 2363.477
561.376 2232.753
561.654 1872.221
561.932 1616.128
562.211 1634.201
562.489 1565.082
562.767 1439.824
563.046 1271.223
563.324 1086.746
563.602 1089.756
563.880 1002.382
564.159 1060.968
564.437 1105.057
564.715 887.352
564.994 783.749
565.272 907.593
565.550 772.539
565.828 664.879
566.107 734.276
566.385 698.266
566.663 590.154
566.942 655.126
567.220 691.673
567.498 787.574
567.776 670.309
568.055 559.776
568.333 646.358
568.611 732.425
568.890 668.884
569.168 592.033
569.446 633.228
569.725 609.117
570.003 470.030
570.281 481.166
570.559 609.835
570.838 626.926
571.116 720.599
571.394 794.285
571.673 816.437
571.951 722.127
572.229 627.024
572.507 670.436
572.786 657.512
573.064 674.748
573.342 681.607
573.621 523.955
573.899 570.827
574.177 776.505
574.455 684.442
574.734 566.759
575.012 674.434
575.290 662.404
575.569 660.154
575.847 708.931
576.125 692.290
576.403 556.470
576.682 629.823
576.960 716.820
577.243 725.999
577.527 611.485
577.810 468.670
578.093 457.340
578.377 544.254
578.660 544.296
578.944 552.243
579.227 549.418
579.510 608.478
579.794 577.378
580.077 516.391
580.360 546.707
580.644 527.431
580.927 518.056
581.210 555.871
581.494 555.028
581.777 635.114
582.061 600.928
582.344 554.709
582.627 487.950
582.911 520.893
583.194 491.514
583.477 588.361
583.761 635.309
584.044 672.276
584.327 662.000
584.611 621.081
584.894 602.141
585.178 591.193
585.461 575.250
585.744 605.261
586.028 578.906
586.311 581.947
586.594 631.988
586.878 585.028
587.161 562.068
587.444 613.109
587.728 606.149
588.011 625.189
588.295 508.229
588.578 581.688
588.861 704.605
589.145 584.349
589.428 582.972
589.711 537.429
589.995 556.912
590.278 726.782
590.562 618.548
590.845 540.048
591.128 697.233
591.412 661.344
591.695 595.111
591.978 742.261
592.262 685.100
592.545 516.275
592.828 667.528
593.112 588.138
593.395 522.374
593.679 512.928
593.962 653.405
594.245 657.769
594.529 576.215
594.812 467.331
595.095 410.123
595.379 639.734
595.662 697.068
595.945 582.214
596.229 476.516
596.512 522.145
596.796 607.933
597.079 643.012
597.362 759.882
597.646 809.613
597.929 646.446
598.212 632.011
598.496 556.949
598.779 622.577
599.062 740.087
599.346 614.754
599.629 587.558
599.913 601.794
600.196 648.137
600.479 617.024
600.763 643.285
601.046 492.597
601.329 493.119
601.613 592.965
601.896 570.386
602.179 643.537
602.463 578.740
602.746 627.892
603.030 721.249
603.313 653.845
603.596 471.349
603.880 529.747
604.163 599.391
604.446 526.362
604.730 422.578
605.013 562.122
605.296 689.055
605.580 636.201
605.863 687.167
606.147 530.494
606.430 505.064
606.713 618.108
606.997 539.415
607.280 748.316
607.563 654.418
607.847 600.050
608.130 675.698
608.414 663.330
608.697 609.549
608.980 626.831
609.264 745.128
609.547 599.477
609.830 541.726
610.114 570.164
610.397 550.610
610.680 590.223
610.964 629.651
611.247 646.352
611.531 556.736
611.814 473.356
612.097 546.011
612.381 688.647
612.664 768.847
612.947 556.909
613.231 481.379
613.514 538.860
613.797 650.879
614.081 716.728
614.364 622.460
614.648 602.848
614.931 519.385
615.214 503.702
615.498 558.312
615.781 595.312
616.064 550.071
616.348 666.246
616.631 697.478
616.914 749.975
617.198 678.827
617.481 516.299
617.765 541.496
618.048 689.152
618.331 605.277
618.615 510.059
618.898 667.207
619.181 692.932
619.465 643.206
619.748 621.479
620.031 569.652
620.315 498.892
620.598 574.817
620.882 699.553
621.165 842.428
621.448 732.124
621.732 678.159
622.015 612.521
622.298 574.892
622.582 642.365
622.865 590.093
623.148 540.176
623.432 683.433
623.715 622.405
623.999 798.210
624.282 786.996
624.565 796.661
624.849 591.463
625.132 498.938
625.415 818.528
625.699 913.231
625.982 719.521
626.265 580.463
626.549 562.738
626.832 686.003
627.116 731.490
627.399 575.967
627.682 592.984
627.966 610.546
628.249 570.729
628.532 557.122
628.816 782.717
629.099 676.755
629.383 629.062
629.666 660.804
629.949 659.858
630.233 614.840
630.516 657.642
630.799 654.395
631.083 534.147
631.366 524.268
631.649 491.851
631.933 455.161
632.216 610.489
632.500 641.463
632.783 653.218
633.066 600.626
633.350 686.838
633.633 740.259
633.916 637.442
634.200 552.226
634.483 606.324
634.766 676.250
635.050 641.014
635.333 527.208
635.617 495.847
635.900 596.358
636.183 684.190
636.467 594.726
636.750 621.935
637.033 659.700
637.317 638.111
637.600 614.984
637.883 585.328
638.167 597.002
638.450 609.022
638.734 545.380
639.017 569.753
639.300 644.688
639.584 573.954
639.867 733.945
640.150 666.621
640.434 731.196
640.717 774.466
641.000 726.830
641.284 732.466
641.567 613.441
641.851 659.943
642.134 814.620
642.417 774.634
642.701 881.093
642.984 961.606
643.267 851.075
643.551 686.309
643.834 639.183
644.117 774.380
644.401 703.906
644.684 788.282
644.968 974.767
645.251 889.452
645.534 818.185
645.818 819.151
646.101 926.990
646.384 1006.830
646.668 1055.684
646.951 1017.214
647.235 1046.393
647.518 1086.834
647.801 1287.989
648.085 1446.431
648.368 1527.705
648.651 1457.244
648.935 1690.712
649.218 1896.012
649.501 1921.389
649.785 1934.673
650.068 2168.539
650.352 2326.422
650.635 2465.699
650.918 2486.980
651.202 2589.912
651.485 2856.406
651.768 3005.536
652.052 3024.645
652.335 3270.182
652.618 3453.068
652.902 3641.975
653.185 3987.467
653.469 3976.829
653.752 4022.287
654.035 4109.758
654.319 4384.318
654.602 4541.121
654.885 4601.894
655.169 4622.951
655.452 4535.622
655.735 4579.268
656.019 4616.697
656.302 4642.065
656.586 4723.134
656.869 4898.331
657.152 4878.115
657.436 4747.122
657.719 4827.379
658.002 4807.712
658.286 4729.768
658.569 4594.222
658.852 4393.642
659.136 4391.424
659.419 4398.558
659.703 4266.607
659.986 4338.716
660.269 4349.606
660.553 4074.888
660.836 4183.655
661.119 4379.821
661.403 4382.659
661.686 4312.104
661.969 4423.017
662.253 4418.550
662.536 4366.748
662.820 4518.161
663.103 4567.884
663.386 4548.642
663.670 4543.598
663.953 4453.456
664.236 4568.431
664.520 4480.312
664.803 4471.221
665.086 4389.799
665.370 4403.393
665.653 4517.908
665.937 4443.409
666.220 4187.858
666.503 3962.733
666.787 3810.630
667.070 3762.508
667.353 3609.079
667.637 3206.248
667.920 3065.301
668.204 2669.800
668.487 2333.102
668.770 2260.148
669.054 1894.595
669.337 1662.098
669.620 1462.328
669.904 1291.823
670.187 1212.636
670.470 1248.594
670.754 1139.437
671.037 993.532
671.321 872.012
671.604 911.785
671.887 901.486
672.171 897.418
672.454 886.302
672.737 855.358
673.021 817.287
673.304 865.380
673.587 984.503
673.871 1046.226
674.154 1017.410
674.438 1066.786
674.721 1101.756
675.004 1121.434
675.288 1066.933
675.571 1136.029
675.854 1072.204
676.138 1040.345
676.421 1018.741
676.704 974.365
676.988 1095.161
677.271 1230.616
677.555 1118.160
677.838 1000.296
678.121 960.032
678.405 883.371
678.688 947.579
678.971 738.990
679.255 875.945
679.538 967.257
679.821 1026.412
680.105 917.431
680.388 765.847
680.672 725.089
680.955 692.890
681.238 708.205
681.522 744.916
681.805 774.384
682.088 850.686
682.372 866.197
682.655 738.734
682.938 844.188
683.222 806.635
683.505 710.325
683.789 833.652
684.072 793.970
684.355 758.720
684.639 783.798
684.922 728.499
685.205 687.815
685.489 794.312
685.772 802.482
686.056 775.104
686.339 824.292
686.622 678.546
686.906 634.730
687.189 801.769
687.472 917.661
687.756 748.846
688.039 654.663
688.322 615.022
688.606 803.982
688.889 807.138
689.173 717.393
689.456 869.818
689.739 868.799
690.023 799.096
690.306 800.163
690.589 761.854
690.873 787.101
691.156 765.273
691.439 758.013
691.723 711.212
692.006 753.644
692.290 759.378
692.573 828.187
692.856 893.853
693.140 882.478
693.423 808.089
693.706 692.889
693.990 702.855
694.273 778.599
694.556 983.186
694.840 980.073
695.123 848.919
695.407 887.282
695.690 779.402
695.973 752.394
696.257 881.406
696.540 1000.893
696.830 903.280
697.120 912.553
697.410 908.560
697.699 872.779
697.989 1074.777
698.279 907.698
698.569 838.143
698.859 933.454
699.149 979.625
699.439 881.610
699.729 842.978
700.018 835.858
700.308 934.927
700.598 814.665
700.888 773.586
701.178 1009.372
701.468 936.363
701.758 810.816
702.048 920.503
702.337 852.700
702.627 906.501
702.917 860.106
703.207 790.924
703.497 840.452
703.787 705.962
704.077 704.682
704.366 785.618
704.656 714.642
704.946 664.520
705.236 599.942
705.526 762.040
705.816 879.826
706.106 621.743
706.396 569.353
706.685 610.379
706.975 514.075
707.265 463.524
707.555 692.867
707.845 661.783
708.135 504.223
708.425 498.797
708.715 538.877
709.004 738.958
709.294 719.217
709.584 644.841
709.874 661.628
710.164 636.008
710.454 615.547
710.744 547.833
711.034 623.251
711.323 651.573
711.613 603.366
711.903 717.838
712.193 756.207
712.483 610.701
712.773 631.371
713.063 590.899
713.352 612.289
713.642 577.877
713.932 701.648
714.222 679.855
714.512 613.066
714.802 606.834
715.092 706.661
715.382 578.622
715.671 517.680
715.961 567.762
716.251 517.686
716.541 566.293
716.831 643.654
717.121 531.563
717.411 604.250
717.701 711.447
717.990 641.611
718.280 537.253
718.570 500.023
718.860 522.467
719.150 582.202
719.440 538.728
719.730 562.185
720.019 810.714
720.309 644.363
720.599 605.223
720.889 574.822
721.179 679.148
721.469 701.849
721.759 613.376
722.049 666.128
722.338 521.373
722.628 557.937
722.918 615.002
723.208 666.204
723.498 509.493
723.788 609.137
724.078 769.888
724.368 707.747
724.657 606.892
724.947 625.819
725.237 662.156
725.527 676.655
725.817 611.412
726.107 555.178
726.397 523.283
726.686 502.992
726.976 573.611
727.266 639.395
727.556 555.275
727.846 702.008
728.136 710.052
728.426 523.463
728.716 460.498
729.005 620.400
729.295 603.947
729.585 468.245
729.875 518.714
730.165 625.928
730.455 630.797
730.745 591.623
731.035 603.292
731.324 694.952
731.614 626.631
731.904 544.655
732.194 639.912
732.484 625.962
732.774 593.880
733.064 570.552
733.354 441.194
733.643 508.845
733.933 544.431
734.223 527.880
734.513 668.250
734.803 710.872
735.093 607.476
735.383 598.322
735.672 663.771
735.962 705.206
736.252 533.470
736.542 577.629
736.832 558.059
737.122 448.821
737.412 550.800
737.702 644.588
737.991 643.625
738.281 590.829
738.571 575.533
738.861 614.086
739.151 617.057
739.441 698.082
739.731 609.605
740.021 624.617
740.310 718.940
740.600 710.784
740.890 478.860
741.180 533.131
741.470 623.969
741.760 695.063
742.050 803.670
742.339 656.911
742.629 565.930
742.919 701.458
743.209 510.072
743.499 533.344
743.789 608.148
744.079 656.681
744.369 624.398
744.658 547.359
744.948 391.390
745.238 551.360
745.528 577.146
745.818 721.586
746.108 651.168
746.398 646.867
746.688 638.941
746.977 737.271
747.267 606.207
747.557 644.601
747.847 728.118
748.137 670.154
748.427 589.575
748.717 486.595
749.006 415.482
749.296 549.380
749.586 578.702
749.876 656.986
750.166 580.310
750.456 573.928
750.746 627.413
751.036 526.632
751.325 638.427
751.615 597.124
751.905 631.108
752.195 670.757
752.485 611.775
752.775 592.385
753.065 591.402
753.355 752.581
753.644 740.587
753.934 671.550
754.224 610.714
754.514 755.923
754.804 520.479
755.094 434.238
755.384 522.520
755.674 556.640
755.963 661.974
756.253 652.616
756.543 689.090
756.833 658.332
757.123 643.633
757.413 618.166
757.703 590.043
757.992 536.794
758.282 572.417
758.572 573.010
758.862 541.872
759.152 615.256
759.442 606.624
759.732 710.768
760.022 766.062
760.311 630.029
760.601 507.310
760.891 688.414
761.181 677.689
761.471 584.827
761.761 507.890
762.051 582.429
762.341 686.488
762.630 720.430
762.920 617.728
763.210 610.303
763.500 656.030
763.793 534.194
764.086 554.352
764.379 570.914
764.671 646.384
764.964 591.069
765.257 583.038
765.550 577.174
765.843 465.296
766.136 581.240
766.429 577.225
766.722 620.971
767.014 547.928
767.307 410.531
767.600 444.788
767.893 531.946
768.186 470.471
768.479 523.916
768.772 709.416
769.064 682.215
769.357 604.002
769.650 596.563
769.943 734.952
770.236 638.292
770.529 490.767
770.822 534.130
771.115 613.784
771.407 769.818
771.700 812.216
771.993 803.963
772.286 740.605
772.579 724.754
772.872 547.351
773.165 537.287
773.457 666.336
773.750 698.306
774.043 549.987
774.336 536.418
774.629 622.046
774.922 637.827
775.215 580.326
775.508 590.251
775.800 563.516
776.093 646.678
776.386 669.182
776.679 591.323
776.972 654.783
777.265 841.103
777.558 861.400
777.850 695.726
778.143 637.451
778.436 610.946
778.729 602.307
779.022 642.524
779.315 545.053
779.608 484.768
779.900 510.914
780.193 541.081
780.486 582.722
780.779 579.145
781.072 502.428
781.365 609.267
781.658 626.963
781.951 559.709
782.243 633.754
782.536 657.131
782.829 646.102
783.122 682.263
783.415 720.711
783.708 654.528
784.001 605.397
784.293 673.617
784.586 756.124
784.879 719.066
785.172 631.274
785.465 563.786
785.758 642.960
786.051 665.020
786.344 699.705
786.636 794.515
786.929 562.298
787.222 519.309
787.515 505.272
787.808 557.225
788.101 560.238
788.394 683.130
788.686 838.990
788.979 785.844
789.272 724.135
789.565 675.523
789.858 572.744
790.151 549.356
790.444 525.395
790.737 572.936
791.029 523.903
791.322 651.663
791.615 618.127
791.908 652.344
792.201 625.760
792.494 578.292
792.787 667.372
793.079 756.786
793.372 664.414
793.665 687.026
793.958 656.134
794.251 654.154
794.544 740.171
794.837 842.619
795.130 672.145
795.422 637.265
795.715 663.202
796.008 640.925
796.301 622.731
796.594 594.857
796.887 683.517
797.180 719.109
797.472 576.551
797.765 428.012
798.058 543.138
798.351 564.631
798.644 485.882
798.937 461.969
799.230 513.316
799.523 901.679
799.815 826.918
800.108 548.767
800.401 468.024
800.694 603.236
800.987 532.859
801.280 591.880
801.573 650.836
801.865 744.757
802.158 653.209
802.451 570.390
802.744 544.456
803.037 566.427
803.330 580.993
803.623 701.186
803.915 650.302
804.208 565.052
804.501 651.283
804.794 681.327
805.087 603.660
805.380 444.564
805.673 478.167
805.966 640.344
806.258 536.791
806.551 605.153
806.844 669.424
807.137 694.232
807.430 525.878
807.723 460.632
808.016 695.586
808.308 792.573
808.601 610.273
808.894 504.875
809.187 550.715
809.480 595.447
809.773 616.973
810.066 710.163
810.359 736.069
810.651 692.160
810.944 457.605
811.237 440.927
811.530 629.639
811.825 550.492
812.119 491.423
812.414 488.410
812.709 639.423
813.003 683.241
813.298 606.730
813.593 619.119
813.887 594.215
814.182 866.225
814.476 746.307
814.771 743.275
815.066 672.573
815.360 524.546
815.655 540.820
815.950 565.800
816.244 662.457
816.539 773.913
816.834 667.913
817.128 656.363
817.423 715.851
817.718 848.940
818.012 615.669
818.307 415.257
818.602 569.984
818.896 665.624
819.191 605.685
819.486 571.931
819.780 666.693
820.075 769.218
820.369 809.086
820.664 621.532
820.959 629.827
821.253 674.017
821.548 656.414
821.843 721.135
822.137 737.492
822.432 679.667
822.727 594.884
823.021 531.845
823.316 690.199
823.611 690.611
823.905 568.255
824.200 483.748
824.495 605.036
824.789 668.341
825.084 649.737
825.379 633.559
825.673 658.529
825.968 700.149
826.262 656.413
826.557 662.770
826.852 662.081
827.146 678.018
827.441 618.989
827.736 674.862
828.030 670.279
828.325 464.698
828.620 633.502
828.914 748.961
829.209 622.654
829.504 736.796
829.798 723.610
830.093 638.292
830.388 559.025
830.682 504.594
830.977 670.383
831.271 745.669
831.566 628.545
831.861 602.195
832.155 618.415
832.450 677.980
832.745 779.321
833.039 654.629
833.334 582.788
833.629 676.809
833.923 603.023
834.218 536.689
834.513 506.525
834.807 485.574
835.102 471.798
835.397 513.383
835.691 481.878
835.986 535.444
836.281 521.151
836.575 555.878
836.870 595.821
837.164 607.168
837.459 556.783
837.754 574.374
838.048 545.177
838.343 490.876
838.638 545.826
838.932 629.763
839.227 586.596
839.522 599.836
839.816 554.917
840.111 546.259
840.406 604.691
840.700 766.180
840.995 821.802
841.290 864.463
841.584 732.912
841.879 765.051
842.174 674.296
842.468 629.425
842.763 519.803
843.057 627.920
843.352 579.593
843.647 595.523
843.941 646.690
844.236 696.357
844.531 715.702
844.825 693.397
845.120 806.225
845.415 775.615
845.709 680.858
846.004 779.208
846.299 623.348
846.593 759.835
846.888 727.272
847.183 617.313
847.477 554.818
847.772 655.597
848.066 689.311
848.361 654.448
848.656 675.733
848.950 644.148
849.245 724.991
849.540 626.607
849.834 810.614
850.129 826.466
850.424 683.916
850.718 644.486
851.013 739.902
851.308 634.589
851.602 692.008
851.897 789.126
852.192 869.992
852.486 777.520
852.781 700.787
853.076 801.602
853.370 796.122
853.665 812.154
853.959 819.446
854.254 740.988
854.549 898.472
854.843 751.561
855.138 722.088
855.433 826.607
855.727 920.708
856.022 700.472
856.317 581.184
856.611 638.447
856.906 597.029
857.201 679.333
857.495 817.647
857.790 854.736
858.085 779.510
858.379 719.214
858.674 614.898
858.969 586.514
859.263 656.405
859.558 639.932
859.852 581.396
860.147 637.151
860.442 727.971
860.736 551.313
861.031 727.597
861.326 799.489
861.620 634.455
861.915 726.751
862.210 770.561
862.504 600.829
862.799 709.154
863.094 786.381
863.388 639.288
863.683 617.413
863.978 629.992
864.272 639.204
864.567 634.056
864.861 602.374
865.156 546.693
865.451 485.213
865.745 622.074
866.040 648.413
866.335 684.165
866.629 737.999
866.924 650.612
867.219 617.562
867.513 713.350
867.808 649.421
868.103 614.379
868.397 629.963
868.692 669.106
868.987 581.661
869.281 562.248
869.576 695.840
869.871 750.210
870.165 571.756
870.460 489.524
870.754 582.995
871.049 528.278
871.344 605.461
871.638 641.191
871.933 593.633
872.228 614.714
872.522 604.676
872.817 747.134
873.112 892.938
873.406 682.530
873.701 750.834
873.996 721.145
874.290 587.186
874.585 569.551
874.880 658.243
875.174 613.791
875.469 583.257
875.764 679.230
876.058 618.797
876.353 501.635
876.647 470.427
876.942 557.319
877.237 616.973
877.531 628.576
877.826 610.828
878.121 615.751
878.415 564.844
878.710 537.681
879.005 662.384
879.299 603.028
879.594 552.986
879.889 444.394
880.183 422.932
880.478 520.914
880.773 543.294
881.067 559.066
881.362 566.408
881.656 472.567
881.951 548.991
882.246 495.772
882.540 537.265
882.835 515.572
883.130 531.638
883.424 539.344
883.719 503.633
884.014 602.539
884.308 564.660
884.603 522.259
884.898 540.777
885.192 603.458
885.487 575.464
885.782 482.927
886.076 607.968
886.371 611.374
886.666 434.154
886.960 499.186
887.255 480.844
887.549 487.143
887.844 673.033
888.139 705.110
888.433 635.360
888.728 544.543
889.023 572.971
889.317 595.901
889.612 487.322
889.907 506.369
890.201 577.175
890.496 580.210
890.791 547.021
891.085 479.469
891.380 500.661
891.675 544.399
891.969 574.443
892.264 503.331
892.559 499.374
892.853 610.151
893.148 536.021
893.442 513.059
893.737 588.476
894.032 570.346
894.326 494.584
894.621 506.928
894.916 477.401
895.210 564.214
895.505 602.821
895.800 522.904
896.094 437.259
896.389 502.581
896.684 510.101
896.978 490.243
897.273 422.153
897.568 548.997
897.862 621.110
898.157 511.481
898.451 640.262
898.746 657.970
899.041 646.161
899.335 639.970
899.630 577.603
899.925 611.644
900.219 665.683
900.514 709.464
900.809 542.328
901.103 353.984
901.398 551.151
901.693 530.371
901.987 511.245
902.282 614.093
902.577 525.992
902.871 448.883
903.166 566.152
903.461 635.417
903.755 585.055
904.050 581.260
904.344 449.458
904.639 443.683
904.934 459.350
905.228 493.459
905.523 529.969
905.818 545.717
906.112 657.438
906.407 571.991
906.702 480.810
906.996 558.975
907.291 555.168
907.586 498.012
907.880 637.434
908.175 591.659
908.470 586.213
908.764 671.975
909.059 732.108
909.354 620.314
909.648 542.350
909.943 544.186
910.237 617.469
910.532 671.772
910.827 760.690
911.121 707.268
911.416 590.930
911.711 603.807
912.005 669.384
912.300 640.186
912.599 678.049
912.898 609.603
913.196 624.295
913.495 696.660
913.794 741.644
914.093 629.544
914.391 612.120
914.690 659.550
914.989 565.871
915.288 668.897
915.586 633.707
915.885 509.435
916.184 450.362
916.483 500.090
916.782 622.279
917.080 626.047
917.379 598.045
917.678 578.825
917.977 694.842
918.275 729.567
918.574 661.444
918.873 676.326
919.172 663.350
919.471 545.808
919.769 536.892
920.068 516.914
920.367 526.525
920.666 489.172
920.964 568.497
921.263 540.700
921.562 453.915
921.861 573.345
922.159 568.647
922.458 617.152
922.757 588.807
923.056 555.960
923.355 577.191
923.653 702.567
923.952 657.159
924.251 484.587
924.550 650.590
924.848 685.137
925.147 581.137
925.446 576.763
925.745 667.382
926.043 660.752
926.342 611.793
926.641 506.414
926.940 590.194
927.239 630.214
927.537 693.375
927.836 615.841
928.135 614.057
928.434 711.859
928.732 694.365
929.031 714.931
929.330 684.612
929.629 665.473
929.927 623.599
930.226 579.217
930.525 631.531
930.824 701.295
931.123 659.572
931.421 783.606
931.720 741.889
932.019 664.452
932.318 657.707
932.616 659.097
932.915 639.661
933.214 715.417
933.513 750.952
933.812 691.144
934.110 754.028
934.409 862.486
934.708 778.895
935.007 956.589
935.305 886.228
935.604 659.333
935.903 789.301
936.202 790.870
936.500 877.353
936.799 996.016
937.098 968.842
937.397 859.499
937.696 716.137
937.994 767.250
938.293 782.643
938.592 663.758
938.891 747.724
939.189 814.735
939.488 901.083
939.787 1001.108
940.086 877.866
940.384 916.195
940.683 801.458
940.982 726.410
941.281 914.444
941.580 1170.047
941.878 1083.388
942.177 853.662
942.476 880.479
942.775 857.830
943.073 778.130
943.372 734.480
943.671 901.648
943.970 980.868
944.268 854.965
944.567 764.547
944.866 875.670
945.165 805.792
945.464 769.308
945.762 663.258
946.061 910.395
946.360 976.981
946.659 972.794
946.957 911.582
947.256 910.551
947.555 908.113
947.854 923.792
948.153 868.052
948.451 786.399
948.750 903.010
949.049 906.574
949.348 989.161
949.646 803.946
949.945 782.280
950.244 952.919
950.543 855.391
950.841 713.507
951.140 752.173
951.439 688.761
951.738 701.637
952.037 789.550
952.335 872.481
952.634 894.834
952.933 785.408
953.232 733.671
953.530 524.913
953.829 878.563
954.128 1001.531
954.427 840.039
954.725 914.088
955.024 829.752
955.323 883.382
955.622 729.690
955.921 659.750
956.219 742.197
956.518 715.998
956.817 771.410
957.116 811.014
957.414 757.447
957.713 594.276
958.012 580.505
958.311 594.109
958.610 750.695
958.908 812.407
959.207 773.354
959.506 774.398
959.805 836.797
960.103 830.181
960.402 767.155
960.701 614.018
961.000 577.519
961.298 630.932
961.597 739.564
961.896 701.383
962.195 728.576
962.494 790.326
962.792 657.275
963.091 680.784
963.390 632.395
963.689 580.861
963.987 699.125
964.286 819.026
964.585 844.953
964.884 751.107
965.182 651.055
965.481 956.491
965.780 1068.254
966.080 962.960
966.380 882.450
966.680 755.689
966.981 749.548
967.281 725.570
967.581 610.440
967.881 704.265
968.181 775.703
968.481 721.462
968.781 711.916
969.082 608.905
969.382 666.992
969.682 704.153
969.982 719.934
970.282 822.431
970.582 643.418
970.882 547.310
971.183 691.174
971.483 636.999
971.783 646.873
972.083 681.992
972.383 740.105
972.683 704.570
972.983 748.174
973.284 655.407
973.584 633.113
973.884 727.588
974.184 700.994
974.484 737.913
974.784 570.179
975.084 506.440
975.385 574.719
975.685 663.755
975.985 647.771
976.285 665.467
976.585 646.169
976.885 623.186
977.185 606.951
977.486 623.966
977.786 646.560
978.086 730.444
978.386 766.779
978.686 598.874
978.986 558.893
979.286 558.901
979.587 613.909
979.887 565.916
980.187 538.924
980.487 472.932
980.787 600.939
981.087 562.947
981.387 753.955
981.688 662.963
981.988 542.970
982.288 576.978
982.588 621.986
982.888 655.993
983.188 563.001
983.488 654.009
983.789 676.016
984.089 676.024
984.389 661.031
984.689 568.039
984.989 506.047
985.289 595.054
985.589 772.062
985.890 708.069
986.190 538.077
986.490 572.085
986.790 700.092
987.090 624.100
987.390 656.107
987.690 705.115
987.991 523.122
988.291 583.130
988.591 611.137
988.891 494.145
989.191 513.152
989.491 632.160
989.791 650.167
990.092 715.175
990.392 694.182
990.692 677.190
990.992 666.197
991.292 495.205
991.592 638.212
991.892 636.220
992.193 718.227
992.493 687.235
992.793 625.242
993.093 590.249
993.393 578.257
993.693 655.264
993.993 692.272
994.294 736.279
994.594 632.286
994.894 585.294
995.194 572.301
995.494 533.309
995.794 547.316
996.094 568.323
996.395 630.331
996.695 704.338
996.995 547.345
997.295 496.353
997.595 514.360
997.895 472.367
998.195 403.375
998.496 509.382
998.796 485.389
999.096 686.396
999.396 606.404
999.696 625.411
999.996 682.418
1000.296 764.426
1000.597 715.433
1000.897 582.440
1001.197 619.447
1001.497 748.454
1001.797 567.462
1002.097 500.469
1002.397 582.476
1002.698 639.483
1002.998 696.491
1003.298 657.498
1003.598 553.505
1003.898 505.512
1004.198 626.519
1004.498 724.526
1004.799 650.534
1005.099 716.541
1005.399 762.548
1005.699 721.555
1005.999 713.562
1006.299 588.569
1006.599 796.576
1006.900 786.583
1007.200 658.591
1007.500 675.598
1007.800 664.605
1008.100 590.612
1008.400 582.619
1008.700 612.626
1009.001 554.633
1009.301 533.640
1009.601 730.647
1009.901 734.654
1010.201 668.661
1010.501 650.668
1010.801 788.675
1011.102 607.682
1011.402 639.689
1011.702 560.696
1012.002 505.703
1012.302 614.710
1012.602 588.717
1012.902 609.724
1013.203 662.731
1013.503 696.738
1013.803 681.745
1014.103 538.752
1014.403 633.759
1014.703 539.766
1015.003 525.773
1015.304 731.780
1015.604 783.787
1015.904 599.794
1016.204 531.801
1016.504 544.807
1016.804 537.814
1017.104 554.821
1017.405 564.828
1017.705 537.835
1018.005 510.842
1018.305 589.849
1018.605 566.856
1018.905 451.862
1019.205 483.869
1019.506 781.876
1019.806 833.883
1020.106 732.890
1020.406 688.897
1020.706 610.903
1021.006 642.910
1021.306 806.917
1021.607 666.924
1021.907 743.931
1022.207 705.937
1022.507 599.944
1022.807 599.951
1023.107 598.958
1023.407 566.964
1023.708 595.971
1024.008 494.978
1024.308 536.985
1024.608 532.991
1024.908 477.998
1025.208 665.005
1025.508 835.012
1025.809 775.018
1026.109 585.025
1026.409 676.032
1026.709 638.038
1027.009 573.045
1027.309 667.052
1027.609 547.058
1027.910 525.065
1028.210 670.072
1028.510 768.078
1028.810 866.085
1029.110 773.092
1029.410 669.098
1029.710 704.105
1030.011 727.112
1030.311 767.118
1030.611 622.125
1030.911 670.131
1031.211 691.138
1031.511 578.145
1031.811 715.151
1032.112 774.158
1032.412 647.164
1032.712 489.171
1033.012 559.178
1033.312 763.184
1033.612 745.191
1033.912 657.197
1034.212 597.204
1034.513 556.210
1034.813 548.217
1035.113 657.223
1035.413 591.230
1035.713 599.236
1036.013 662.243
1036.313 644.249
1036.614 707.256
1036.914 645.262
1037.214 515.269
1037.514 618.275
1037.814 576.282
1038.114 579.288
1038.414 582.295
1038.715 677.301
1039.015 581.308
1039.315 440.314
1039.615 535.320
1039.915 580.327
1040.215 563.333
1040.515 588.340
1040.816 668.346
1041.116 641.353
1041.416 626.359
1041.716 542.365
1042.016 495.372
1042.316 740.378
1042.616 659.384
1042.917 499.391
1043.217 495.397
1043.517 532.404
1043.817 646.410
1044.117 683.416
1044.417 622.423
1044.717 551.429
1045.018 592.435
1045.318 704.442
1045.618 733.448
1045.918 616.454
1046.218 512.461
1046.518 556.467
1046.818 632.473
1047.119 505.479
1047.419 718.486
1047.719 699.492
1048.019 618.498
1048.319 666.505
1048.619 646.511
1048.919 689.517
1049.220 584.523
1049.520 631.530
1049.820 594.536
1050.120 492.542
1050.420 647.548
1050.720 618.555
1051.020 647.561
1051.321 706.567
1051.621 759.573
1051.921 641.579
1052.221 502.586
1052.521 467.592
1052.821 511.598
1053.121 644.604
1053.422 685.610
1053.722 797.617
1054.022 659.623
1054.322 756.629
1054.622 622.635
1054.922 519.641
1055.222 672.647
1055.523 687.653
1055.823 637.660
1056.123 699.666
1056.423 605.672
1056.723 705.678
1057.023 640.684
1057.323 462.690
1057.624 577.696
1057.924 692.702
1058.224 711.708
1058.524 621.715
1058.824 650.721
1059.124 597.727
1059.424 560.733
1059.725 657.739
1060.025 618.745
1060.325 591.751
1060.625 596.757
1060.925 579.763
1061.225 645.769
1061.525 788.775
1061.826 639.781
1062.126 629.787
1062.426 709.793
1062.726 714.799
1063.026 658.805
1063.326 882.811
1063.626 808.817
1063.927 651.823
1064.227 662.829
1064.527 604.835
1064.827 740.841
1065.127 704.847
1065.427 477.853
1065.727 484.859
1066.028 661.865
1066.328 661.871
1066.628 516.877
1066.928 575.883
1067.228 609.889
1067.528 594.895
1067.828 583.901
1068.129 455.906
1068.429 627.912
1068.729 727.918
1069.029 581.924
1069.329 471.930
1069.629 651.936
1069.929 729.942
1070.230 743.948
1070.530 703.954
1070.830 648.959
1071.130 695.965
1071.430 673.971
1071.730 693.977
1072.030 759.983
1072.331 609.989
1072.631 584.995
1072.931 651.000
1073.231 648.006
1073.531 609.012
1073.831 611.018
1074.131 673.024
1074.432 743.029
1074.732 629.035
1075.032 536.041
1075.332 513.047
1075.632 537.053
1075.932 528.058
1076.232 516.064
1076.533 524.070
1076.833 611.076
1077.133 618.082
1077.433 553.087
1077.733 531.093
1078.033 711.099
1078.333 638.105
1078.634 619.110
1078.934 704.116
1079.234 603.122
1079.534 748.127
1079.834 806.133
1080.134 702.139
1080.434 683.145
1080.735 590.150
1081.035 568.156
1081.335 444.162
1081.635 509.167
1081.935 636.173
1082.235 587.179
1082.535 560.184
1082.836 634.190
1083.136 634.196
1083.436 698.201
1083.736 687.207
1084.036 564.213
1084.336 525.218
1084.636 567.224
1084.937 740.230
1085.237 734.235
1085.537 691.241
1085.837 675.247
1086.137 588.252
1086.437 685.258
1086.737 609.263
1087.038 589.269
1087.338 753.275
1087.638 751.280
1087.938 546.286
1088.238 438.291
1088.538 532.297
1088.838 649.302
1089.139 687.308
1089.439 533.314
1089.739 675.319
1090.039 686.325
1090.339 701.330
1090.639 622.336
1090.939 686.341
1091.240 641.347
1091.540 615.352
1091.840 612.358
1092.140 673.363
1092.453 672.369
1092.766 589.375
1093.079 563.380
1093.392 620.386
1093.705 578.391
1094.018 611.397
1094.330 765.402
1094.643 733.407
1094.956 746.413
1095.269 641.418
1095.582 643.424
1095.895 602.429
1096.208 585.435
1096.521 634.440
1096.834 670.446
1097.147 670.451
1097.460 676.457
1097.773 746.462
1098.085 622.468
1098.398 580.473
1098.711 564.478
1099.024 455.484
1099.337 580.489
1099.650 692.495
1099.963 670.500
1100.276 538.505
1100.589 565.511
1100.902 699.516
1101.215 709.522
1101.528 763.527
1101.841 635.532
1102.153 650.538
1102.466 739.543
1102.779 550.548
1103.092 541.554
1103.405 631.559
1103.718 573.565
1104.031 578.570
1104.344 682.575
1104.657 651.581
1104.970 975.586
1105.283 751.591
1105.596 580.597
1105.909 606.602
1106.221 660.607
1106.534 654.612
1106.847 516.618
1107.160 436.623
1107.473 472.628
1107.786 594.634
1108.099 517.639
1108.412 595.644
1108.725 674.649
1109.038 519.655
1109.351 636.660
1109.664 677.665
1109.977 514.671
1110.289 546.676
1110.602 555.681
1110.915 580.686
1111.228 609.692
1111.541 578.697
1111.854 558.702
1112.167 443.707
1112.480 473.712
1112.793 553.718
1113.106 557.723
1113.419 622.728
1113.732 675.733
1114.044 594.739
1114.357 670.744
1114.670 662.749
1114.983 599.754
1115.296 574.759
1115.609 647.765
1115.922 618.770
1116.235 662.775
1116.548 666.780
1116.861 636.785
1117.174 542.790
1117.487 568.796
1117.800 738.801
1118.112 614.806
1118.425 576.811
1118.738 539.816
1119.051 526.821
1119.364 548.826
1119.677 633.831
1119.990 625.837
1120.303 650.842
1120.616 775.847
1120.929 628.852
1121.242 644.857
1121.555 678.862
1121.868 633.867
1122.180 594.872
1122.493 401.877
1122.806 459.883
1123.119 628.888
1123.432 628.893
1123.745 592.898
1124.058 577.903
1124.371 546.908
1124.684 649.913
1124.997 601.918
1125.310 536.923
1125.623 486.928
1125.935 448.933
1126.248 540.938
1126.561 628.943
1126.874 600.948
1127.187 685.953
1127.500 713.958
1127.813 653.963
1128.126 614.968
1128.439 682.973
1128.752 861.978
1129.065 587.983
1129.378 392.988
1129.691 565.993
1130.003 612.998
1130.316 549.003
1130.629 546.008
1130.942 614.013
1131.255 564.018
1131.568 515.023
1131.881 567.028
1132.194 637.033
1132.507 663.038
1132.820 620.043
1133.133 657.048
1133.446 516.053
1133.759 713.058
1134.071 1162.063
1134.384 814.068
1134.697 754.073
1135.010 838.078
1135.323 634.082
1135.636 566.087
1135.949 531.092
1136.262 488.097
1136.575 520.102
1136.888 567.107
1137.201 589.112
1137.514 578.117
1137.826 687.122
1138.139 601.127
1138.452 586.131
1138.765 825.136
1139.078 785.141
1139.391 736.146
1139.704 667.151
1140.017 678.156
1140.330 600.161
1140.643 543.165
1140.956 558.170
1141.269 585.175
1141.582 608.180
1141.894 488.185
1142.207 696.190
1142.520 641.194
1142.833 692.199
1143.146 581.204
1143.459 507.209
1143.772 550.214
1144.085 659.219
1144.398 573.223
1144.711 531.228
1145.024 554.233
1145.337 627.238
1145.650 658.242
1145.962 541.247
1146.275 591.252
1146.588 495.257
1146.901 654.262
1147.214 661.266
1147.527 557.271
1147.840 583.276
1148.153 530.281
1148.466 606.285
1148.779 583.290
1149.092 694.295
1149.405 604.300
1149.718 651.304
1150.030 695.309
1150.343 655.314
1150.656 567.319
1150.969 534.323
1151.282 731.328
1151.595 685.333
1151.908 560.337
1152.221 428.342
1152.534 512.347
1152.847 806.352
1153.160 695.356
1153.473 650.361
1153.785 684.366
1154.098 657.370
1154.411 718.375
1154.724 657.380
1155.037 713.384
1155.350 608.389
1155.663 625.394
1155.976 596.398
1156.289 670.403
1156.602 559.408
1156.915 442.412
1157.228 431.417
1157.541 527.422
1157.853 587.426
1158.166 648.431
1158.479 687.435
1158.792 631.440
1159.105 619.445
1159.418 617.449
1159.731 593.454
1160.044 616.459
1160.357 773.463
1160.670 690.468
1160.983 527.472
1161.296 636.477
1161.609 707.482
1161.921 635.486
1162.234 576.491
1162.547 467.495
1162.860 499.500
1163.173 490.504
1163.486 609.509
1163.799 658.514
1164.112 578.518
1164.425 545.523
1164.738 513.527
1165.051 479.532
1165.364 521.536
1165.676 607.541
1165.989 645.545
1166.302 562.550
1166.615 638.555
1166.928 652.559
1167.241 737.564
1167.554 751.568
1167.867 684.573
1168.180 649.577
1168.493 483.582
1168.806 506.586
1169.119 572.591
1169.432 656.595
1169.744 650.600
1170.057 641.604
1170.370 759.609
1170.683 690.613
1170.996 559.618
1171.309 574.622
1171.622 537.627
1171.935 572.631
1172.248 804.636
1172.561 723.640
1172.874 621.644
1173.187 671.649
1173.500 749.653
1173.812 747.658
1174.125 676.662
1174.438 716.667
1174.751 575.671
1175.064 560.676
1175.377 667.680
1175.690 558.684
1176.003 501.689
1176.316 582.693
1176.629 668.698
1176.942 637.702
1177.255 608.707
1177.567 487.711
1177.880 527.715
1178.193 640.720
1178.506 580.724
1178.819 662.729
1179.132 715.733
1179.445 515.737
1179.758 668.742
1180.071 728.746
1180.384 575.751
1180.697 558.755
1181.010 610.759
1181.323 786.764
1181.635 795.768
1181.948 740.772
1182.261 632.777
1182.574 566.781
1182.887 601.785
1183.200 728.790
1183.513 695.794
1183.826 613.798
1184.139 658.803
1184.452 637.807
1184.765 513.811
1185.078 472.816
1185.391 560.820
1185.703 539.824
1186.016 461.829
1186.329 534.833
1186.642 584.837
1186.955 716.842
1187.268 585.846
1187.581 607.850
1187.894 655.855
1188.207 659.859
1188.520 576.863
1188.833 567.867
1189.146 474.872
1189.459 358.876
1189.771 465.880
1190.084 649.885
1190.397 581.889
1190.710 619.893
1191.023 618.897
1191.336 642.902
1191.649 620.906
1191.962 588.910
1192.275 519.914
1192.588 597.919
1192.901 743.923
1193.214 571.927
1193.526 577.931
1193.839 666.936
1194.152 522.940
1194.465 624.944
1194.778 595.948
1195.091 555.952
1195.404 531.957
1195.717 585.961
1196.030 671.965
1196.343 579.969
1196.656 499.974
1196.969 560.978
1197.282 624.982
1197.594 636.986
1197.907 745.990
1198.220 741.994
1198.533 623.999
1198.846 628.003
1199.159 508.007
1199.472 554.011
1199.785 690.015
1200.098 544.020
1200.411 690.024
1200.724 684.028
1201.037 581.032
1201.350 475.036
1201.662 480.040
1201.975 585.044
1202.288 577.049
1202.601 200.053
