165.028 90.031
165.288 6.656
165.547 63.285
165.807 167.916
166.067 58.551
166.327 -18.811
166.587 34.830
166.847 120.474
167.107 116.121
167.367 174.771
167.627 188.424
167.886 135.080
168.146 123.739
168.406 301.400
168.666 271.065
168.926 153.732
169.186 191.402
169.446 158.075
169.706 -9.249
169.966 100.429
170.225 112.110
170.485 192.794
170.745 257.480
171.005 392.169
171.265 193.860
171.525 156.554
171.785 46.251
172.045 33.949
172.305 197.651
172.564 148.355
172.824 3.061
173.084 171.769
173.344 96.480
173.604 150.193
173.864 229.909
174.124 204.626
174.384 135.346
174.644 210.068
174.903 320.793
175.163 302.519
175.423 358.627
175.683 137.361
175.943 186.098
176.203 178.837
176.463 80.577
176.723 66.320
176.983 113.064
177.242 184.810
177.502 363.559
177.762 391.309
178.022 94.061
178.282 99.815
178.542 126.570
178.802 143.328
179.062 77.087
179.322 236.848
179.581 316.610
179.841 158.375
180.101 225.140
180.361 248.908
180.621 165.677
180.881 139.447
181.141 140.219
181.401 131.993
181.661 214.768
181.920 345.545
182.180 230.323
182.440 129.102
182.700 95.883
182.960 39.665
183.220 86.448
183.480 364.233
183.740 247.019
184.000 81.806
184.259 -0.406
184.519 139.384
184.779 157.174
185.039 218.966
185.299 319.759
185.559 253.553
185.819 244.348
186.079 228.145
186.339 226.942
186.598 242.740
186.858 97.539
187.118 112.339
187.378 217.141
187.638 210.943
187.898 305.745
188.158 285.549
188.418 120.354
188.678 155.159
188.937 216.965
189.197 288.772
189.457 297.580
189.717 192.388
189.977 48.197
190.237 93.007
190.497 246.817
190.757 234.628
191.017 212.440
191.276 135.252
191.536 128.065
191.796 135.878
192.056 139.692
192.316 171.506
192.576 106.321
192.836 91.136
193.096 145.952
193.356 155.768
193.616 224.584
193.875 198.401
194.135 127.218
194.395 304.036
194.655 339.854
194.915 287.672
195.175 218.490
195.435 255.309
195.695 99.128
195.955 -46.053
196.214 125.766
196.474 238.586
196.734 249.405
196.994 300.225
197.254 278.045
197.514 226.865
197.774 163.685
198.034 74.505
198.294 72.326
198.553 181.146
198.813 178.966
199.073 59.786
199.333 101.606
199.593 219.426
199.853 256.246
200.113 388.066
200.373 339.886
200.633 155.706
200.892 122.526
201.152 119.345
201.412 132.165
201.672 237.984
201.932 455.803
202.192 427.621
202.452 206.440
202.712 112.258
202.972 198.076
203.231 342.894
203.491 289.711
203.751 257.528
204.011 288.345
204.271 334.162
204.531 198.978
204.791 181.794
205.051 209.609
205.311 242.424
205.570 184.238
205.830 158.053
206.090 144.866
206.350 251.679
206.610 418.492
206.870 206.304
207.130 226.116
207.390 291.928
207.650 231.738
207.909 204.548
208.169 264.358
208.429 262.167
208.689 121.976
208.949 232.784
209.209 333.591
209.469 172.398
209.729 149.204
209.989 222.009
210.248 134.814
210.508 354.618
210.768 301.422
211.028 185.224
211.288 293.026
211.548 271.828
211.808 281.628
212.068 433.428
212.328 423.227
212.587 360.026
212.847 291.823
213.107 330.620
213.367 300.416
213.627 292.212
213.887 306.006
214.147 183.800
214.407 255.593
214.667 263.385
214.926 333.176
215.186 249.966
215.446 267.755
215.706 195.544
215.966 233.332
216.226 264.118
216.486 207.904
216.746 261.689
217.006 357.473
217.265 288.256
217.525 174.038
217.785 242.819
218.045 335.600
218.305 259.379
218.565 203.157
218.825 272.934
219.085 381.711
219.345 176.486
219.604 112.260
219.864 258.033
220.124 318.806
220.384 298.577
220.644 232.347
220.904 196.116
221.164 218.884
221.424 229.651
221.684 205.417
221.943 257.182
222.203 335.945
222.463 183.708
222.723 94.470
222.983 242.230
223.243 153.989
223.503 271.748
223.763 235.505
224.023 207.261
224.282 306.016
224.542 338.769
224.802 376.522
225.062 350.273
225.322 420.023
225.582 315.772
225.842 259.520
226.102 270.267
226.362 200.012
226.621 290.757
226.881 245.500
227.141 261.242
227.401 313.983
227.661 243.722
227.921 414.460
228.181 300.197
228.441 238.933
228.701 451.668
228.960 438.401
229.220 258.134
229.480 187.864
229.740 340.594
230.000 379.323
230.260 203.050
230.520 192.776
230.780 225.500
231.040 246.224
231.299 263.946
231.559 322.667
231.819 274.386
232.079 375.104
232.339 373.821
232.599 148.537
232.859 287.251
233.119 376.964
233.379 285.676
233.638 293.387
233.898 430.096
234.158 418.804
234.418 273.510
234.678 330.216
234.938 379.920
235.198 242.622
235.458 220.323
235.718 314.023
235.978 275.722
236.237 223.419
236.497 297.115
236.757 337.810
237.017 298.503
237.277 311.195
237.537 301.886
237.797 206.575
238.057 339.263
238.317 293.949
238.576 201.635
238.836 257.318
239.096 305.001
239.356 312.682
239.616 284.362
239.876 273.040
240.136 279.717
240.396 400.393
240.656 441.067
240.915 335.740
241.175 328.412
241.435 245.082
241.695 336.751
241.955 463.418
242.215 518.084
242.475 457.749
242.735 327.412
242.995 399.074
243.254 388.735
243.514 311.394
243.774 191.052
244.034 236.708
244.294 504.363
244.554 406.017
244.814 350.669
245.074 334.320
245.334 285.970
245.593 314.618
245.853 363.264
246.113 282.910
246.373 344.554
246.633 441.196
246.893 337.837
247.153 324.477
247.413 405.116
247.673 372.753
247.932 311.388
248.192 339.023
248.452 433.655
248.712 416.287
248.972 268.917
249.232 453.546
249.492 360.173
249.752 181.799
250.012 363.423
250.271 356.046
250.531 348.668
250.791 555.289
251.051 529.908
251.311 357.525
251.571 184.141
251.831 308.756
252.091 385.370
252.351 360.982
252.610 305.592
252.870 386.201
253.130 314.809
253.390 299.416
253.650 413.021
253.911 414.625
254.172 428.227
254.433 364.828
254.694 308.428
254.955 347.026
255.216 237.623
255.477 378.218
255.738 358.812
255.999 249.405
256.261 420.996
256.522 394.586
256.783 441.175
257.044 291.762
257.305 168.348
257.566 152.932
257.827 152.515
258.088 243.097
258.349 252.678
258.610 353.257
258.871 406.834
259.132 430.410
259.393 341.985
259.654 248.559
259.915 177.131
260.176 257.702
260.437 357.271
260.698 319.840
260.959 293.406
261.221 468.972
261.482 536.536
261.743 404.099
262.004 367.660
262.265 550.220
262.526 506.779
262.787 292.336
263.048 282.892
263.309 343.447
263.570 465.000
263.831 372.552
264.092 281.103
264.353 155.652
264.614 413.200
264.875 410.747
265.136 332.292
265.397 534.836
265.658 579.379
265.919 582.921
266.181 548.461
266.442 373.999
266.703 267.537
266.964 241.073
267.225 249.608
267.486 291.141
267.747 430.673
268.008 513.204
268.269 524.734
268.530 505.262
268.791 468.789
269.052 445.315
269.313 424.839
269.574 421.362
269.835 399.884
270.096 460.405
270.357 503.924
270.618 408.442
270.879 301.958
271.141 334.474
271.402 408.988
271.663 353.501
271.924 378.012
272.185 405.523
272.446 419.032
272.707 390.539
272.968 320.046
273.229 299.551
273.490 368.055
273.751 318.558
274.012 319.059
274.273 438.559
274.534 381.058
274.795 393.556
275.056 451.052
275.317 321.547
275.578 265.041
275.839 285.534
276.101 277.025
276.362 302.516
276.623 350.005
276.884 450.492
277.145 452.979
277.406 429.464
277.667 304.948
277.928 262.431
278.189 456.913
278.450 428.393
278.711 376.872
278.972 407.350
279.233 371.827
279.494 402.302
279.755 516.777
280.016 546.250
280.277 388.722
280.538 400.193
280.799 322.662
281.061 349.130
281.322 330.598
281.583 355.064
281.844 301.528
282.105 291.992
282.366 433.454
282.627 452.916
282.888 468.376
283.149 465.835
283.410 446.292
283.671 413.749
283.932 339.204
284.193 231.658
284.454 304.111
284.715 392.563
284.976 406.014
285.237 473.464
285.498 702.912
285.759 575.359
286.021 521.805
286.282 426.250
286.543 503.694
286.804 481.137
287.065 468.579
287.326 506.019
287.587 349.458
287.848 451.896
288.109 570.334
288.370 497.769
288.631 312.204
288.892 313.638
289.153 438.071
289.414 329.502
289.675 498.932
289.936 598.362
290.197 538.790
290.458 458.217
290.719 395.643
290.981 573.068
291.242 640.491
291.503 553.914
291.764 403.335
292.025 306.756
292.286 334.175
292.547 422.594
292.808 376.011
293.069 482.427
293.330 501.842
293.591 450.256
293.852 407.669
294.113 398.081
294.374 388.492
294.635 462.901
294.896 460.310
295.157 472.718
295.418 490.124
295.679 451.530
295.941 477.934
296.202 492.338
296.463 435.740
296.724 482.141
296.985 486.542
297.246 504.941
297.507 371.339
297.768 319.736
298.029 427.133
298.290 539.528
298.551 620.922
298.812 656.315
299.073 472.707
299.334 326.098
299.595 481.488
299.856 535.877
300.117 637.265
300.378 534.652
300.639 305.038
300.901 347.423
301.162 453.807
301.423 527.190
301.684 651.572
301.945 633.953
302.206 398.333
302.467 431.712
302.728 374.091
302.989 433.468
303.250 537.844
303.511 582.219
303.772 546.593
304.033 501.966
304.294 462.339
304.555 443.710
304.816 497.080
305.077 494.450
305.338 407.818
305.599 405.185
305.861 481.552
306.122 539.917
306.383 482.282
306.644 436.646
306.905 315.008
307.166 482.370
307.427 483.731
307.688 455.091
307.949 431.450
308.210 453.808
308.471 505.165
308.732 442.521
308.993 376.876
309.254 398.231
309.515 290.584
309.776 382.937
310.037 428.288
310.298 303.639
310.559 377.989
310.821 534.338
311.082 492.685
311.343 420.033
311.604 358.379
311.865 314.724
312.126 263.068
312.387 376.412
312.648 419.754
312.909 477.096
313.170 450.437
313.434 511.777
313.698 460.116
313.963 515.454
314.227 424.791
314.491 367.128
314.755 444.463
315.019 448.798
315.284 270.132
315.548 413.465
315.812 465.797
316.076 531.128
316.340 549.459
316.604 481.788
316.869 529.117
317.133 495.445
317.397 568.772
317.661 566.098
317.925 486.423
318.190 451.748
318.454 387.071
318.718 376.394
318.982 511.716
319.246 591.037
319.511 702.358
319.775 470.677
320.039 469.996
320.303 473.314
320.567 548.631
320.832 505.947
321.096 406.262
321.360 448.577
321.624 391.891
321.888 349.203
322.153 391.516
322.417 349.827
322.681 316.138
322.945 457.447
323.209 476.756
323.473 458.064
323.738 431.372
324.002 409.678
324.266 532.984
324.530 519.289
324.794 425.593
325.059 347.897
325.323 316.200
325.587 397.501
325.851 427.803
326.115 621.103
326.380 551.402
326.644 484.701
326.908 474.999
327.172 443.297
327.436 469.593
327.701 471.889
327.965 481.184
328.229 521.478
328.493 373.772
328.757 396.064
329.022 540.356
329.286 416.648
329.550 337.938
329.814 396.228
330.078 456.517
330.342 410.805
330.607 497.093
330.871 541.380
331.135 572.666
331.399 605.951
331.663 502.236
331.928 474.520
332.192 545.803
332.456 469.085
332.720 470.367
332.984 443.648
333.249 487.928
333.513 497.208
333.777 372.487
334.041 370.765
334.305 463.042
334.570 462.319
334.834 364.595
335.098 503.870
335.362 559.145
335.626 496.419
335.891 429.692
336.155 431.965
336.419 429.237
336.683 297.508
336.947 396.778
337.211 407.048
337.476 344.317
337.740 447.586
338.004 447.854
338.268 429.121
338.532 518.387
338.797 507.653
339.061 552.918
339.325 637.182
339.589 652.446
339.853 491.709
340.118 459.972
340.382 621.233
340.646 667.494
340.910 451.755
341.174 473.015
341.439 526.274
341.703 448.532
341.967 396.790
342.231 380.047
342.495 368.304
342.759 567.560
343.024 510.815
343.288 573.069
343.552 547.323
343.816 354.577
344.080 402.829
344.345 474.081
344.609 373.333
344.873 302.584
345.137 437.834
345.401 515.083
345.666 361.332
345.930 527.580
346.194 579.828
346.458 397.075
346.722 405.321
346.987 381.567
347.251 444.812
347.515 623.057
347.779 487.301
348.043 435.544
348.308 465.787
348.572 401.029
348.836 331.271
349.100 384.512
349.364 334.752
349.628 352.992
349.893 431.231
350.157 483.469
350.421 480.707
350.685 507.945
350.949 452.181
351.214 338.418
351.478 441.653
351.742 497.888
352.006 482.123
352.270 413.357
352.535 323.590
352.799 338.822
353.063 463.055
353.327 397.286
353.591 334.517
353.856 393.747
354.120 445.977
354.384 530.206
354.648 589.435
354.912 503.663
355.177 423.891
355.441 404.118
355.705 574.344
355.969 593.570
356.233 570.795
356.497 566.020
356.762 522.244
357.026 458.468
357.290 457.691
357.554 451.914
357.818 524.136
358.083 518.357
358.347 477.578
358.611 494.798
358.875 512.018
359.139 506.238
359.404 364.456
359.668 442.675
359.932 565.892
360.196 590.109
360.460 479.326
360.725 505.542
360.989 584.758
361.253 699.973
361.517 664.187
361.781 617.401
362.046 587.615
362.310 580.828
362.574 599.040
362.838 433.252
363.102 484.463
363.366 546.674
363.631 440.885
363.895 434.094
364.159 594.304
364.423 532.513
364.687 562.721
364.952 622.929
365.216 625.136
365.480 515.343
365.747 356.549
366.013 471.755
366.280 526.960
366.546 596.165
366.813 471.369
367.079 505.573
367.346 557.776
367.612 518.979
367.879 580.182
368.145 606.383
368.412 506.585
368.678 412.786
368.945 522.986
369.211 466.186
369.478 459.385
369.744 423.584
370.011 495.783
370.278 512.981
370.544 459.178
370.811 525.375
371.077 522.572
371.344 429.768
371.610 448.964
371.877 493.159
372.143 582.353
372.410 629.548
372.676 632.741
372.943 638.935
373.209 587.128
373.476 483.320
373.742 396.512
374.009 523.703
374.276 552.894
374.542 538.085
374.809 444.275
375.075 319.464
375.342 317.654
375.608 350.842
375.875 411.031
376.141 592.218
376.408 577.406
376.674 576.593
376.941 515.779
377.207 478.965
377.474 857.151
377.740 722.336
378.007 435.521
378.273 553.705
378.540 661.889
378.807 494.072
379.073 458.255
379.340 481.438
379.606 499.620
379.873 481.801
380.139 519.983
380.406 591.163
380.672 536.344
380.939 408.524
381.205 413.703
381.472 411.882
381.738 370.061
382.005 465.239
382.271 541.417
382.538 538.594
382.804 645.771
383.071 555.948
383.338 534.124
383.604 512.300
383.871 639.475
384.137 641.650
384.404 515.825
384.670 548.999
384.937 524.173
385.203 599.346
385.470 514.519
385.736 555.691
386.003 543.863
386.269 538.035
386.536 507.206
386.802 483.377
387.069 500.548
387.336 678.718
387.602 632.887
387.869 373.057
388.135 360.226
388.402 369.394
388.668 451.562
388.935 566.730
389.201 692.897
389.468 621.064
389.734 602.231
390.001 562.397
390.267 459.563
390.534 545.728
390.800 572.893
391.067 633.058
391.333 669.222
391.600 516.386
391.867 510.549
392.133 553.712
392.400 439.875
392.666 337.037
392.933 515.199
393.199 672.361
393.466 571.522
393.732 500.683
393.999 615.844
394.265 591.004
394.532 491.163
394.798 615.323
395.065 523.482
395.331 528.640
395.598 628.799
395.864 600.957
396.131 698.114
396.398 786.271
396.664 953.428
396.931 1057.585
397.197 1248.741
397.464 1407.897
397.730 1733.052
397.997 1853.207
398.263 1931.362
398.530 1965.516
398.796 2180.670
399.063 2266.824
399.329 2154.977
399.596 2242.130
399.862 2135.283
400.129 2301.435
400.396 2307.587
400.662 2085.738
400.929 2188.889
401.195 2201.040
401.462 2228.191
401.728 2365.341
401.995 2409.491
402.261 2379.640
402.528 2412.789
402.794 2560.938
403.061 2768.087
403.327 2938.235
403.594 2897.383
403.860 2837.530
404.127 2732.677
404.393 2827.824
404.660 2837.971
404.931 2862.117
405.202 2823.263
405.473 2744.408
405.745 3032.553
406.016 3237.698
406.287 3056.842
406.558 3022.987
406.829 3127.131
407.100 2929.274
407.371 3125.417
407.642 3189.560
407.914 3143.703
408.185 3062.845
408.456 3139.987
408.727 3282.129
408.998 3368.270
409.269 3464.411
409.540 3538.551
409.811 3250.692
410.083 3197.832
410.354 3109.972
410.625 2855.111
410.896 2893.250
411.167 3057.389
411.438 3022.527
411.709 2739.666
411.981 2812.803
412.252 2579.941
412.523 2265.078
412.794 2363.215
413.065 2316.352
413.336 1993.488
413.607 2031.624
413.878 1985.760
414.150 1839.895
414.421 1613.030
414.692 1490.165
414.963 1417.300
415.234 1462.434
415.505 1379.568
415.776 1360.702
416.047 1312.835
416.319 1160.968
416.590 1023.101
416.861 825.233
417.132 926.365
417.403 920.497
417.674 867.629
417.945 641.760
418.217 549.891
418.488 752.022
418.759 644.152
419.030 588.283
419.301 655.412
419.572 684.542
419.843 691.671
420.114 575.800
420.386 543.929
420.657 671.058
420.928 564.186
421.199 535.314
421.470 527.441
421.741 433.569
422.012 449.696
422.283 484.822
422.555 545.949
422.826 593.075
423.097 668.201
423.368 651.327
423.639 493.452
423.910 571.577
424.181 515.702
424.453 453.827
424.724 750.951
424.995 782.075
425.266 580.199
425.537 503.322
425.808 665.446
426.079 747.569
426.350 658.691
426.622 613.814
426.893 756.936
427.164 697.058
427.435 567.180
427.706 559.301
427.977 593.422
428.248 605.543
428.519 693.664
428.791 630.784
429.062 707.904
429.333 581.024
429.604 526.143
429.875 672.263
430.146 745.382
430.417 709.501
430.689 605.619
430.960 499.737
431.231 568.855
431.502 748.973
431.773 765.091
432.044 620.208
432.315 745.325
432.586 750.442
432.858 714.558
433.129 529.675
433.400 573.791
433.671 630.907
433.942 538.022
434.213 414.137
434.484 474.252
434.755 604.367
435.027 487.482
435.298 594.596
435.569 637.710
435.840 533.824
436.116 570.938
436.391 613.051
436.667 610.164
436.942 663.277
437.218 704.390
437.493 725.502
437.769 731.614
438.045 633.726
438.320 595.838
438.596 612.949
438.871 515.060
439.147 503.171
439.422 513.282
439.698 502.393
439.974 544.503
440.249 693.613
440.525 683.723
440.800 439.832
441.076 543.942
441.351 717.051
441.627 751.160
441.903 651.268
442.178 470.377
442.454 478.485
442.729 693.593
443.005 583.701
443.281 659.808
443.556 768.916
443.832 612.023
444.107 495.129
444.383 544.236
444.658 528.342
444.934 454.449
445.210 641.555
445.485 736.660
445.761 734.766
446.036 616.871
446.312 679.976
446.587 690.081
446.863 505.186
447.139 560.290
447.414 589.394
447.690 616.498
447.965 664.602
448.241 585.706
448.516 549.809
448.792 552.912
449.068 553.015
449.343 564.118
449.619 462.220
449.894 554.323
450.170 575.425
450.445 712.527
450.721 751.628
450.997 527.730
451.272 633.831
451.548 594.932
451.823 555.033
452.099 642.134
452.375 537.234
452.650 551.334
452.926 707.434
453.201 711.534
453.477 887.634
453.752 816.733
454.028 653.832
454.304 688.931
454.579 767.030
454.855 722.128
455.130 704.227
455.406 844.325
455.681 774.423
455.957 664.521
456.233 618.618
456.508 646.716
456.784 713.813
457.059 639.910
457.335 774.007
457.610 694.103
457.886 651.199
458.162 625.296
458.437 620.392
458.713 719.487
458.988 693.583
459.264 689.678
459.539 729.774
459.815 701.869
460.091 609.964
460.366 511.058
460.642 490.153
460.917 608.247
461.193 646.341
461.468 560.435
461.744 558.528
462.020 494.622
462.295 552.715
462.571 598.808
462.846 589.901
463.122 701.994
463.397 695.087
463.673 549.629
463.949 559.711
464.224 590.772
464.500 679.775
464.775 582.547
465.051 621.395
465.327 729.999
465.602 859.102
465.878 980.930
466.153 853.295
466.429 1103.989
466.704 1433.316
466.980 1350.273
467.256 1353.363
467.531 1453.907
467.807 1453.449
468.082 1455.543
468.358 1419.140
468.633 1478.725
468.909 1441.666
469.185 1407.023
469.460 1498.065
469.736 1562.100
470.011 1395.018
470.287 1442.999
470.562 1538.739
470.838 1361.773
471.114 1399.600
471.389 1401.709
471.665 1352.658
471.940 1369.297
472.216 1272.219
472.491 1108.449
472.767 1056.923
473.043 1180.743
473.318 1300.505
473.594 1084.740
473.869 945.544
474.145 944.614
474.421 921.303
474.696 856.283
474.972 751.336
475.247 771.556
475.523 886.946
475.798 842.065
476.074 723.167
476.350 708.997
476.625 732.231
476.901 766.975
477.176 765.261
477.452 645.545
477.727 583.575
478.003 415.383
478.279 680.712
478.554 776.324
478.830 744.645
479.105 757.430
479.381 737.476
479.656 670.622
479.932 671.039
480.208 733.196
480.483 807.361
480.759 783.176
481.034 686.508
481.310 649.216
481.585 704.441
481.861 750.894
482.137 688.789
482.412 763.630
482.688 797.318
482.963 789.578
483.239 785.861
483.514 581.533
483.790 677.450
484.066 883.646
484.341 748.113
484.617 699.590
484.892 777.879
485.168 780.942
485.443 642.074
485.719 687.878
485.995 772.901
486.270 721.667
486.546 615.471
486.821 567.081
487.097 527.539
487.373 580.350
487.648 750.545
487.924 760.699
488.199 556.688
488.475 351.460
488.750 423.395
489.026 590.717
489.302 565.277
489.577 563.818
489.853 574.114
490.128 740.693
490.404 675.463
490.679 503.327
490.955 715.030
491.231 761.048
491.506 693.373
491.782 611.854
492.057 532.073
492.333 653.478
492.608 662.357
492.884 657.538
493.160 507.905
493.435 527.602
493.711 694.342
493.986 634.969
494.262 601.351
494.537 537.698
494.813 658.023
495.089 519.253
495.364 545.848
495.640 608.789
495.915 587.250
496.191 744.975
496.467 685.682
496.742 663.094
497.018 725.680
497.293 629.009
497.569 734.446
497.844 681.516
498.120 719.212
498.396 706.822
498.671 672.839
498.947 754.340
499.222 745.221
499.498 698.273
499.773 787.896
500.049 852.350
500.325 813.352
500.600 867.050
500.876 899.020
501.151 1058.367
501.427 1102.673
501.702 1186.264
501.978 1253.672
502.254 1294.536
502.529 1227.912
502.805 1384.305
503.080 1556.134
503.356 1403.385
503.631 1366.489
503.907 1413.860
504.183 1360.287
504.458 1485.863
504.734 1434.886
505.009 1440.011
505.285 1316.032
505.560 1308.705
505.836 1353.621
506.112 1335.472
506.387 1281.897
506.663 1254.381
506.938 1208.950
507.214 1149.362
507.490 1220.997
507.765 1174.425
508.041 1144.221
508.316 1193.734
508.592 1024.227
508.867 1033.325
509.143 1088.636
509.419 948.000
509.694 785.684
509.970 801.799
510.245 737.197
510.521 818.527
510.796 769.823
511.072 669.990
511.348 681.681
511.623 714.648
511.899 699.660
512.174 794.363
512.450 820.426
512.725 762.951
513.001 599.723
513.277 540.778
513.552 723.568
513.828 750.805
514.103 690.031
514.379 757.837
514.654 642.235
514.930 644.966
515.206 979.039
515.481 861.339
515.757 644.240
516.032 643.673
516.308 717.673
516.583 831.182
516.859 748.808
517.135 725.501
517.410 800.926
517.686 849.578
517.961 864.217
518.237 875.211
518.513 762.252
518.788 984.013
519.064 1088.351
519.339 1035.357
519.615 976.503
519.890 1008.409
520.166 1066.265
520.442 1282.815
520.717 1318.486
520.993 1321.743
521.268 1251.233
521.544 1285.942
521.819 1247.988
522.095 1292.915
522.371 1384.735
522.646 1407.804
522.922 1528.162
523.197 1466.918
523.473 1534.473
523.748 1471.373
524.024 1354.685
524.300 1349.002
524.575 1352.887
524.851 1396.965
525.126 1383.259
525.402 1431.530
525.677 1560.774
525.953 1475.210
526.229 1427.466
526.504 1349.463
526.780 1527.963
527.055 1524.697
527.331 1543.893
527.606 1532.019
527.882 1517.213
528.158 1421.980
528.433 1630.140
528.709 1596.608
528.984 1472.864
529.260 1453.638
529.535 1491.683
529.811 1312.104
530.087 1187.641
530.362 1203.292
530.638 1292.662
530.913 1372.357
531.189 1344.780
531.465 1185.570
531.740 1176.143
532.016 1219.890
532.291 1161.919
532.567 1183.606
532.842 1174.941
533.118 1067.504
533.394 1179.276
533.669 1050.303
533.945 907.362
534.220 951.192
534.496 1096.283
534.771 974.600
535.047 1008.777
535.323 939.505
535.598 957.180
535.874 1002.115
536.149 1006.082
536.425 945.478
536.700 930.856
536.976 1061.167
537.252 1250.684
537.527 1290.278
537.803 1461.256
538.078 1726.267
538.354 1979.026
538.629 2101.107
538.905 2263.563
539.181 2449.542
539.456 2635.001
539.732 2915.050
540.007 3027.642
540.283 2923.968
540.558 2947.789
540.834 3144.575
541.110 3311.109
541.385 3325.024
541.661 3388.445
541.936 3543.492
542.212 3435.518
542.488 3347.365
542.763 3470.313
543.039 3574.008
543.314 3673.268
543.590 3564.754
543.865 3521.113
544.141 3438.743
544.417 3416.950
544.692 3268.045
544.968 3338.605
545.243 3299.233
545.519 3035.830
545.794 2976.277
546.070 3054.858
546.348 2936.557
546.627 2816.394
546.905 2951.588
547.183 2824.626
547.461 2860.428
547.740 2981.632
548.018 2811.685
548.296 2661.974
548.575 2638.192
548.853 2756.417
549.131 2816.051
549.409 2899.619
549.688 3212.170
549.966 3303.491
550.244 3396.796
550.523 3392.490
550.801 3470.370
551.079 3525.346
551.357 3658.928
551.636 3673.149
551.914 3685.679
552.192 3612.751
552.471 3819.724
552.749 3913.725
553.027 3982.758
553.306 4071.320
553.584 4251.311
553.862 4253.078
554.140 4381.811
554.419 4470.846
554.697 4722.610
554.975 4928.409
555.254 5037.033
555.532 4895.444
555.810 5165.838
556.088 5261.961
556.367 5072.136
556.645 4954.410
556.923 4945.703
557.202 4895.270
557.480 4829.400
557.758 4673.454
558.036 4495.034
558.315 4403.126
558.593 4453.513
558.871 4282.214
559.150 4066.257
559.428 3999.638
559.706 3746.545
559.984 3547.029
560.263 3590.907
560.541 3454.109
560.819 3221.453
561.098 3025.881
561.376 2797.081
561.654 2450.974
561.932 2126.141
562.211 1964.562
562.489 1892.561
562.767 1793.862
563.046 1588.138
563.324 1411.996
563.602 1407.634
563.880 1229.746
564.159 1188.524
564.437 1208.523
564.715 1032.185
564.994 926.664
565.272 990.049
565.550 850.123
565.828 734.861
566.107 893.358
566.385 922.016
566.663 791.618
566.942 692.519
567.220 734.831
567.498 906.736
567.776 765.434
568.055 674.133
568.333 742.446
568.611 807.505
568.890 750.710
569.168 618.033
569.446 651.525
569.725 689.251
570.003 507.652
570.281 490.779
570.559 606.878
570.838 696.570
571.116 737.987
571.394 736.093
571.673 762.069
571.951 699.746
572.229 627.946
572.507 675.247
572.786 659.411
573.064 646.465
573.342 614.376
573.621 554.155
573.899 600.052
574.177 820.409
574.455 749.895
574.734 630.320
575.012 689.072
575.290 617.313
575.569 655.216
575.847 742.262
576.125 699.126
576.403 600.642
576.682 656.339
576.960 694.129
577.243 757.466
577.527 638.058
577.810 489.333
578.093 545.085
578.377 562.016
578.660 581.822
578.944 587.793
579.227 533.555
579.510 581.698
579.794 549.580
580.077 520.337
580.360 557.602
580.644 561.178
580.927 543.886
581.210 607.547
581.494 575.931
581.777 619.182
582.061 619.841
582.344 601.558
582.627 558.729
582.911 605.631
583.194 553.384
583.477 665.203
583.761 695.185
584.044 725.167
584.327 693.966
584.611 607.095
584.894 604.140
585.178 540.245
585.461 603.224
585.744 715.154
586.028 616.911
586.311 616.953
586.594 678.994
586.878 588.036
587.161 604.077
587.444 680.119
587.728 643.160
588.011 647.201
588.295 483.243
588.578 566.717
588.861 713.611
589.145 603.366
589.428 573.981
589.711 527.448
589.995 518.970
590.278 696.833
590.562 654.570
590.845 488.123
591.128 666.319
591.412 666.359
591.695 571.161
591.978 691.390
592.262 628.185
592.545 495.367
592.828 620.652
593.112 555.268
593.395 587.212
593.679 500.013
593.962 617.583
594.245 620.988
594.529 544.411
594.812 481.285
595.095 409.167
595.379 598.066
595.662 667.288
595.945 568.353
596.229 474.574
596.512 502.386
596.796 597.075
597.079 639.097
597.362 716.364
597.646 779.987
597.929 681.114
598.212 697.277
598.496 678.541
598.779 745.037
599.062 755.934
599.346 618.756
599.629 537.316
599.913 579.190
600.196 641.297
600.479 658.420
600.763 646.298
601.046 538.871
601.329 650.659
601.613 757.235
601.896 626.496
602.179 713.344
602.463 651.495
602.746 688.861
603.030 800.882
603.313 743.215
603.596 564.646
603.880 667.070
604.163 713.186
604.446 663.553
604.730 523.531
605.013 616.989
605.296 672.478
605.580 644.111
605.863 728.379
606.147 603.048
606.430 565.866
606.713 654.390
606.997 639.396
607.280 810.040
607.563 698.530
607.847 634.345
608.130 683.616
608.414 769.089
608.697 666.385
608.980 611.246
609.264 726.587
609.547 628.948
609.830 649.552
610.114 752.428
610.397 690.759
610.680 678.377
610.964 705.233
611.247 728.798
611.531 675.575
611.814 587.288
612.097 600.081
612.381 774.038
612.664 914.185
612.947 751.316
613.231 679.712
613.514 732.478
613.797 848.427
614.081 861.232
614.364 810.186
614.648 799.416
614.931 740.512
615.214 659.014
615.498 739.343
615.781 827.704
616.064 840.534
616.348 948.837
616.631 940.939
616.914 990.245
617.198 911.452
617.481 791.290
617.765 831.552
618.048 903.484
618.331 858.108
618.615 787.845
618.898 916.338
619.181 972.696
619.465 880.715
619.748 760.077
620.031 676.705
620.315 643.714
620.598 728.712
620.882 863.531
621.165 986.690
621.448 887.321
621.732 819.581
622.015 712.153
622.298 633.846
622.582 687.407
622.865 703.113
623.148 685.165
623.432 791.675
623.715 697.615
623.999 814.395
624.282 763.038
624.565 802.836
624.849 666.049
625.132 510.168
625.415 818.670
625.699 952.729
625.982 817.545
626.265 713.065
626.549 634.600
626.832 762.917
627.116 799.314
627.399 617.530
627.682 609.262
627.966 586.527
628.249 651.362
628.532 622.600
628.816 779.860
629.099 683.921
629.383 654.240
629.666 650.968
629.949 591.287
630.233 610.025
630.516 674.646
630.799 728.734
631.083 652.646
631.366 541.157
631.649 516.518
631.933 506.249
632.216 649.671
632.500 691.281
632.783 664.056
633.066 661.831
633.350 688.930
633.633 672.852
633.916 629.910
634.200 592.655
634.483 649.589
634.766 698.379
635.050 637.367
635.333 547.352
635.617 546.343
635.900 658.133
636.183 727.874
636.467 684.682
636.750 690.968
637.033 745.715
637.317 712.595
637.600 703.497
637.883 700.049
638.167 695.669
638.450 721.550
638.734 720.643
639.017 775.915
639.300 764.709
639.584 645.220
639.867 850.114
640.150 794.015
640.434 871.687
640.717 884.920
641.000 839.155
641.284 860.679
641.567 789.483
641.851 823.519
642.134 933.601
642.417 940.234
642.701 1014.107
642.984 1014.123
643.267 978.597
643.551 873.757
643.834 824.933
644.117 896.286
644.401 896.218
644.684 937.483
644.968 1029.413
645.251 1031.290
645.534 944.077
645.818 919.715
646.101 1034.222
646.384 1137.536
646.668 1236.156
646.951 1249.330
647.235 1282.487
647.518 1345.485
647.801 1563.559
648.085 1689.818
648.368 1714.931
648.651 1694.282
648.935 1958.329
649.218 2280.391
649.501 2344.774
649.785 2463.121
650.068 2691.381
650.352 2886.585
650.635 3055.693
650.918 3279.047
651.202 3647.991
651.485 4003.810
651.768 4343.195
652.052 4690.248
652.335 5114.708
652.618 5563.221
652.902 5868.674
653.185 6410.757
653.469 6565.846
653.752 6609.143
654.035 6809.975
654.319 7152.046
654.602 7276.692
654.885 7302.702
655.169 7356.964
655.452 7292.735
655.735 7318.624
656.019 7589.174
656.302 7693.040
656.586 7661.549
656.869 7956.562
657.152 7910.411
657.436 7766.451
657.719 7838.680
658.002 7939.128
658.286 7776.469
658.569 7523.539
658.852 7208.471
659.136 6990.649
659.419 6786.617
659.703 6469.894
659.986 6338.958
660.269 6227.774
660.553 5870.864
660.836 5796.705
661.119 5872.953
661.403 5853.375
661.686 5550.399
661.969 5415.127
662.253 5464.530
662.536 5389.355
662.820 5416.991
663.103 5360.224
663.386 5244.633
663.670 5192.937
663.953 5084.275
664.236 5153.284
664.520 5032.744
664.803 4992.245
665.086 5066.168
665.370 5110.842
665.653 5121.001
665.937 5120.138
666.220 4970.064
666.503 4868.672
666.787 4749.024
667.070 4627.606
667.353 4574.788
667.637 4325.171
667.920 4236.963
668.204 3810.451
668.487 3551.068
668.770 3395.852
669.054 2852.091
669.337 2486.015
669.620 2211.832
669.904 1966.226
670.187 1820.450
670.470 1702.947
670.754 1536.647
671.037 1328.161
671.321 1142.970
671.604 1266.865
671.887 1191.423
672.171 1021.543
672.454 1037.908
672.737 1008.299
673.021 931.412
673.304 918.021
673.587 1029.958
673.871 1009.471
674.154 1021.798
674.438 1030.070
674.721 1005.431
675.004 1008.549
675.288 959.194
675.571 960.208
675.854 980.832
676.138 990.118
676.421 1023.158
676.704 981.886
676.988 1191.426
677.271 1394.130
677.555 1274.606
677.838 1166.049
678.121 1152.474
678.405 1042.051
678.688 1082.450
678.971 798.415
679.255 888.691
679.538 1040.169
679.821 1058.868
680.105 906.308
680.388 836.760
680.672 774.246
680.955 775.312
681.238 860.433
681.522 840.854
681.805 842.468
682.088 932.241
682.372 910.299
682.655 792.278
682.938 885.206
683.222 892.539
683.505 803.633
683.789 868.445
684.072 849.663
684.355 868.635
684.639 887.450
684.922 797.706
685.205 764.329
685.489 897.966
685.772 866.538
686.056 887.344
686.339 926.073
686.622 724.792
686.906 674.713
687.189 831.315
687.472 995.224
687.756 822.158
688.039 713.438
688.322 672.754
688.606 857.539
688.889 856.521
689.173 768.864
689.456 872.229
689.739 830.501
690.023 821.318
690.306 905.807
690.589 804.888
690.873 862.349
691.156 853.009
691.439 789.558
691.723 773.974
692.006 842.514
692.290 865.735
692.573 984.280
692.856 991.591
693.140 975.036
693.423 934.714
693.706 822.753
693.990 787.984
694.273 784.096
694.556 992.805
694.840 1036.248
695.123 914.335
695.407 934.055
695.690 840.498
695.973 840.358
696.257 949.712
696.540 1095.879
696.830 977.613
697.120 982.776
697.410 1138.875
697.699 1125.423
697.989 1256.466
698.279 1114.189
698.569 940.940
698.859 1021.907
699.149 1129.248
699.439 1084.196
699.729 1018.827
700.018 1011.708
700.308 1069.824
700.598 979.124
700.888 911.121
701.178 1099.052
701.468 1026.967
701.758 937.804
702.048 992.561
702.337 961.232
702.627 1065.269
702.917 984.565
703.207 866.794
703.497 877.012
703.787 754.545
704.077 756.333
704.366 790.982
704.656 669.850
704.946 623.863
705.236 608.278
705.526 795.318
705.816 883.165
706.106 619.096
706.396 627.466
706.685 648.459
706.975 557.121
707.265 547.119
707.555 763.720
707.845 727.540
708.135 561.061
708.425 540.645
708.715 599.560
709.004 734.365
709.294 662.252
709.584 633.355
709.874 662.962
710.164 632.412
710.454 590.205
710.744 598.529
711.034 613.740
711.323 652.907
711.613 608.638
711.903 718.189
712.193 793.923
712.483 586.472
712.773 607.142
713.063 581.438
713.352 624.395
713.642 585.072
713.932 636.635
714.222 755.182
714.512 703.885
714.802 611.062
715.092 742.866
715.382 622.494
715.671 531.545
715.961 592.198
716.251 529.599
716.541 603.219
716.831 705.545
717.121 583.689
717.411 657.234
717.701 747.206
717.990 666.844
718.280 544.292
718.570 534.761
718.860 567.668
719.150 560.589
719.440 540.991
719.730 586.418
720.019 790.077
720.309 679.104
720.599 650.471
720.889 612.501
721.179 629.746
721.469 646.653
721.759 585.932
722.049 654.984
722.338 549.539
722.628 584.236
722.918 631.680
723.208 730.992
723.498 544.473
723.788 580.629
724.078 766.404
724.368 708.114
724.657 636.161
724.947 669.581
725.237 697.275
725.527 737.835
725.817 645.533
726.107 561.352
726.397 499.477
726.686 452.108
726.976 611.702
727.266 692.960
727.556 549.846
727.846 663.661
728.136 692.052
728.426 588.762
728.716 546.146
729.005 639.189
729.295 541.340
729.585 409.401
729.875 446.418
730.165 585.571
730.455 605.959
730.745 620.159
731.035 621.150
731.324 687.553
731.614 643.519
731.904 570.306
732.194 709.295
732.484 634.129
732.774 593.292
733.064 618.604
733.354 496.055
733.643 512.160
733.933 579.907
734.223 539.965
734.513 655.969
734.803 723.945
735.093 649.818
735.383 607.503
735.672 636.819
735.962 697.772
736.252 501.606
736.542 534.929
736.832 549.639
737.122 421.766
737.412 510.020
737.702 691.109
737.991 665.613
738.281 638.426
738.571 648.624
738.861 582.991
739.151 541.671
739.441 657.185
739.731 571.658
740.021 593.494
740.310 681.869
740.600 702.305
740.890 510.792
741.180 553.281
741.470 598.709
741.760 653.022
742.050 760.642
742.339 699.852
742.629 633.600
742.919 722.639
743.209 496.648
743.499 503.092
743.789 540.243
744.079 597.688
744.369 614.919
744.658 570.567
744.948 437.348
745.238 606.284
745.528 547.829
745.818 727.954
746.108 714.084
746.398 683.034
746.688 640.352
746.977 779.398
747.267 647.341
747.557 676.830
747.847 695.735
748.137 630.774
748.427 604.922
748.717 510.922
749.006 369.138
749.296 528.887
749.586 596.041
749.876 675.338
750.166 618.584
750.456 614.234
750.746 644.806
751.036 526.062
751.325 650.831
751.615 635.515
751.905 636.532
752.195 662.187
752.485 576.206
752.775 612.837
753.065 593.836
753.355 746.007
753.644 713.993
753.934 586.644
754.224 610.146
754.514 804.552
754.804 528.938
755.094 400.571
755.384 471.803
755.674 565.101
755.963 641.348
756.253 631.970
756.543 691.535
756.833 658.772
757.123 609.936
757.413 595.491
757.703 564.354
757.992 509.095
758.282 622.056
758.572 597.573
758.862 554.375
759.152 578.514
759.442 521.726
759.732 653.926
760.022 724.296
760.311 610.354
760.601 524.859
760.891 654.656
761.181 665.071
761.471 618.474
761.761 490.212
762.051 488.216
762.341 665.811
762.630 704.767
762.920 556.748
763.210 608.738
763.500 691.728
763.793 593.055
764.086 609.185
764.379 597.523
764.671 680.036
764.964 582.468
765.257 594.558
765.550 594.766
765.843 477.848
766.136 620.003
766.429 582.722
766.722 568.053
767.014 524.240
767.307 413.003
767.600 463.372
767.893 470.913
768.186 488.068
768.479 572.762
768.772 689.715
769.064 620.176
769.357 578.279
769.650 576.863
769.943 686.068
770.236 608.542
770.529 490.221
770.822 569.876
771.115 633.401
771.407 714.783
771.700 715.810
771.993 735.742
772.286 692.635
772.579 705.058
772.872 580.075
773.165 525.657
773.457 602.287
773.750 641.256
774.043 537.338
774.336 520.726
774.629 633.604
774.922 664.533
775.215 580.796
775.508 589.713
775.800 575.052
776.093 664.268
776.386 642.490
776.679 535.399
776.972 595.839
777.265 799.280
777.558 826.661
777.850 653.988
778.143 649.984
778.436 667.757
778.729 615.846
779.022 628.928
779.315 568.643
779.608 500.318
779.900 531.490
780.193 592.813
780.486 604.282
780.779 585.638
781.072 539.978
781.365 606.734
781.658 619.408
781.951 584.284
782.243 633.229
782.536 696.766
782.829 652.605
783.122 659.650
783.415 633.929
783.708 600.846
784.001 631.955
784.293 679.113
784.586 711.515
784.879 716.541
785.172 605.729
785.465 517.174
785.758 582.320
786.051 632.436
786.344 717.187
786.636 858.061
786.929 600.820
787.222 529.824
787.515 543.795
787.808 575.691
788.101 563.719
788.394 731.567
788.686 834.480
788.979 789.330
789.272 706.639
789.565 647.067
789.858 532.312
790.151 448.944
790.444 441.966
790.737 535.424
791.029 536.367
791.322 617.221
791.615 592.693
791.908 634.851
792.201 645.211
792.494 628.632
792.787 673.838
793.079 780.208
793.372 664.904
793.665 709.451
793.958 654.631
794.251 632.712
794.544 772.535
794.837 825.166
795.130 653.695
795.422 606.851
795.715 609.857
796.008 618.465
796.301 596.332
796.594 538.579
796.887 649.152
797.180 683.712
797.472 527.197
797.765 400.592
798.058 530.686
798.351 541.201
798.644 524.267
798.937 457.482
799.230 542.699
799.523 922.118
799.815 827.418
800.108 563.225
800.401 491.456
800.694 650.644
800.987 569.252
801.280 592.383
801.573 696.294
801.865 707.298
802.158 616.786
802.451 605.823
802.744 575.898
803.037 601.861
803.330 648.431
803.623 776.541
803.915 638.831
804.208 534.589
804.501 603.743
804.794 614.768
805.087 560.168
805.380 484.151
805.673 510.709
805.966 633.846
806.258 606.440
806.551 632.773
806.844 656.884
807.137 695.750
807.430 542.456
807.723 552.511
808.016 804.533
808.308 807.173
808.601 569.623
808.894 506.397
809.187 567.345
809.480 664.374
809.773 613.470
810.066 607.059
810.359 685.228
810.651 645.253
810.944 404.698
811.237 454.566
811.530 615.024
811.825 572.226
812.119 501.027
812.414 404.170
812.709 505.602
813.003 623.037
813.298 565.799
813.593 566.960
813.887 606.886
814.182 867.766
814.476 764.093
814.771 709.285
815.066 602.910
815.360 497.637
815.655 493.586
815.950 556.158
816.244 591.777
816.539 693.916
816.834 649.078
817.128 651.795
817.423 736.772
817.718 923.096
818.012 700.309
818.307 485.467
818.602 606.383
818.896 662.057
819.191 589.782
819.486 534.368
819.780 661.056
820.075 824.458
820.369 786.880
820.664 609.655
820.959 690.415
821.253 708.762
821.548 656.962
821.843 685.340
822.137 683.988
822.432 707.302
822.727 661.130
823.021 576.240
823.316 747.180
823.611 774.937
823.905 633.871
824.200 525.361
824.495 669.943
824.789 694.219
825.084 645.030
825.379 571.885
825.673 629.526
825.968 715.529
826.262 617.784
826.557 685.655
826.852 741.205
827.146 657.355
827.441 639.706
827.736 686.047
828.030 660.223
828.325 470.576
828.620 640.442
828.914 766.535
829.209 604.156
829.504 760.696
829.798 782.381
830.093 626.177
830.388 549.024
830.682 494.604
830.977 656.214
831.271 715.774
831.566 556.935
831.861 523.428
832.155 565.964
832.450 661.977
832.745 761.323
833.039 634.632
833.334 525.061
833.629 633.662
833.923 603.572
834.218 555.326
834.513 537.100
834.807 532.977
835.102 452.516
835.397 519.844
835.691 483.398
835.986 514.370
836.281 514.830
836.575 545.650
836.870 571.941
837.164 534.390
837.459 470.404
837.754 561.237
838.048 576.047
838.343 565.850
838.638 635.668
838.932 648.038
839.227 621.690
839.522 603.354
839.816 571.369
840.111 541.810
840.406 570.104
840.700 674.910
840.995 803.092
841.290 814.976
841.584 685.322
841.879 784.197
842.174 675.909
842.468 594.475
842.763 558.159
843.057 615.808
843.352 579.119
843.647 561.927
843.941 613.953
844.236 698.040
844.531 727.176
844.825 666.683
845.120 689.382
845.415 778.434
845.709 673.731
846.004 726.435
846.299 610.578
846.593 764.939
846.888 724.525
847.183 625.835
847.477 611.883
847.772 627.855
848.066 627.447
848.361 606.111
848.656 615.939
848.950 625.361
849.245 781.697
849.540 646.700
849.834 760.857
850.129 827.111
850.424 666.192
850.718 630.190
851.013 752.043
851.308 631.791
851.602 677.729
851.897 773.665
852.192 825.863
852.486 731.202
852.781 661.342
853.076 733.521
853.370 799.057
853.665 848.271
853.959 788.129
854.254 645.853
854.549 826.225
854.843 733.983
855.138 655.838
855.433 766.095
855.727 850.084
856.022 670.606
856.317 691.307
856.611 708.908
856.906 598.791
857.201 647.460
857.495 797.032
857.790 888.892
858.085 790.168
858.379 668.793
858.674 586.676
858.969 523.954
859.263 557.590
859.558 599.814
859.852 563.344
860.147 641.069
860.442 787.614
860.736 576.992
861.031 686.960
861.326 790.350
861.620 678.225
861.915 791.955
862.210 790.492
862.504 626.071
862.799 664.991
863.094 684.866
863.388 569.836
863.683 594.695
863.978 569.419
864.272 561.917
864.567 639.908
864.861 608.214
865.156 552.509
865.451 424.420
865.745 585.368
866.040 666.555
866.335 705.359
866.629 741.682
866.924 607.104
867.219 605.873
867.513 751.736
867.808 647.977
868.103 562.283
868.397 596.138
868.692 598.986
868.987 519.685
869.281 518.613
869.576 684.400
869.871 750.793
870.165 604.241
870.460 494.089
870.754 535.862
871.049 470.326
871.344 557.525
871.638 639.794
871.933 592.239
872.228 594.621
872.522 598.375
872.817 681.172
873.112 902.318
873.406 750.420
873.701 775.797
873.996 674.005
874.290 599.430
874.585 590.510
874.880 665.603
875.174 583.412
875.469 563.536
875.764 644.084
876.058 634.795
876.353 525.234
876.647 463.309
876.942 505.102
877.237 540.983
877.531 610.056
877.826 657.149
878.121 600.153
878.415 543.563
878.710 539.189
879.005 689.409
879.299 624.322
879.594 540.373
879.889 394.199
880.183 441.312
880.478 551.403
880.773 582.130
881.067 555.892
881.362 592.078
881.656 551.895
881.951 556.024
882.246 502.785
882.540 504.634
882.835 524.392
883.130 554.224
883.424 488.609
883.719 441.108
884.014 573.001
884.308 510.559
884.603 512.811
884.898 534.978
885.192 581.415
885.487 553.421
885.782 523.107
886.076 645.377
886.371 549.973
886.666 383.570
886.960 489.867
887.255 491.229
887.549 476.956
887.844 632.461
888.139 651.279
888.433 591.411
888.728 553.958
889.023 575.282
889.317 623.030
889.612 494.056
889.907 521.947
890.201 579.478
890.496 554.219
890.791 545.788
891.085 527.663
891.380 513.551
891.675 540.516
891.969 583.811
892.264 463.335
892.559 485.799
892.853 665.407
893.148 595.690
893.442 536.500
893.737 606.648
894.032 500.396
894.326 425.515
894.621 478.388
894.916 430.318
895.210 521.578
895.505 616.609
895.800 508.410
896.094 403.374
896.389 464.284
896.684 492.088
896.978 496.959
897.273 436.839
897.568 560.137
897.862 611.924
898.157 550.041
898.451 684.165
898.746 677.980
899.041 673.275
899.335 582.939
899.630 493.039
899.925 571.442
900.219 620.167
900.514 695.811
900.809 538.425
901.103 430.906
901.398 594.325
901.693 535.370
901.987 523.378
902.282 599.502
902.577 481.937
902.871 437.844
903.166 570.269
903.461 639.537
903.755 607.947
904.050 583.604
904.344 458.988
904.639 463.070
904.934 491.322
905.228 491.316
905.523 435.846
905.818 476.904
906.112 624.661
906.407 567.133
906.702 508.494
906.996 583.924
907.291 506.728
907.586 407.993
907.880 593.492
908.175 593.131
908.470 594.959
908.764 677.988
909.059 684.403
909.354 603.544
909.648 553.876
909.943 563.018
910.237 662.868
910.532 672.342
910.827 712.681
911.121 693.160
911.416 627.348
911.711 600.703
912.005 594.452
912.300 613.085
912.599 652.724
912.898 552.825
913.196 627.657
913.495 649.002
913.794 680.886
914.093 605.055
914.391 591.306
914.690 688.119
914.989 626.212
915.288 689.070
915.586 604.386
915.885 493.167
916.184 426.560
916.483 441.578
916.782 632.267
917.080 652.013
917.379 601.461
917.678 530.407
917.977 621.712
918.275 702.725
918.574 651.604
918.873 635.138
919.172 625.890
919.471 537.851
919.769 527.959
920.068 467.850
920.367 482.152
920.666 556.060
920.964 633.527
921.263 584.661
921.562 543.327
921.861 632.040
922.159 528.522
922.458 567.329
922.757 573.858
923.056 546.812
923.355 537.654
923.653 668.907
923.952 666.631
924.251 500.958
924.550 608.850
924.848 644.261
925.147 576.811
925.446 482.154
925.745 600.418
926.043 666.365
926.342 607.432
926.641 533.049
926.940 594.843
927.239 666.065
927.537 702.099
927.836 589.157
928.135 576.163
928.434 661.693
928.732 640.934
929.031 647.006
929.330 727.317
929.629 641.463
929.927 592.330
930.226 569.526
930.525 620.760
930.824 716.560
931.123 604.801
931.421 673.165
931.720 689.766
932.019 755.268
932.318 704.182
932.616 601.966
932.915 584.317
933.214 675.982
933.513 681.858
933.812 618.302
934.110 751.419
934.409 843.135
934.708 708.672
935.007 958.449
935.305 957.983
935.604 664.725
935.903 754.804
936.202 772.654
936.500 857.741
936.799 942.121
937.098 870.992
937.397 808.991
937.696 734.674
937.994 747.640
938.293 800.272
938.592 647.608
938.891 702.160
939.189 751.257
939.488 826.280
939.787 1049.872
940.086 902.306
940.384 915.702
940.683 841.749
940.982 742.907
941.281 844.241
941.580 1069.400
941.878 1046.858
942.177 882.096
942.476 983.315
942.775 968.589
943.073 757.056
943.372 735.431
943.671 893.802
943.970 992.067
944.268 927.659
944.567 736.257
944.866 847.381
945.165 876.814
945.464 780.477
945.762 710.646
946.061 943.127
946.360 1011.012
946.659 1005.246
946.957 935.336
947.256 891.590
947.555 845.387
947.854 903.527
948.153 800.149
948.451 725.859
948.750 755.511
949.049 790.553
949.348 988.686
949.646 889.305
949.945 821.054
950.244 895.772
950.543 812.032
950.841 770.380
951.140 739.779
951.439 662.027
951.738 646.429
952.037 751.391
952.335 864.295
952.634 862.258
952.933 761.951
953.232 753.641
953.530 534.593
953.829 859.312
954.128 923.505
954.427 833.402
954.725 903.815
955.024 842.830
955.323 828.154
955.622 658.887
955.921 609.821
956.219 686.297
956.518 698.864
956.817 771.005
957.116 732.504
957.414 732.281
957.713 660.778
958.012 598.821
958.311 576.252
958.610 720.103
958.908 740.504
959.207 763.791
959.506 764.879
959.805 767.094
960.103 834.337
960.402 739.592
960.701 588.777
961.000 603.011
961.298 566.724
961.597 708.951
961.896 667.524
962.195 688.246
962.494 801.016
962.792 726.212
963.091 681.516
963.390 600.158
963.689 590.330
963.987 665.028
964.286 782.792
964.585 814.121
964.884 719.290
965.182 624.804
965.481 926.024
965.780 1049.635
966.080 899.160
966.380 777.902
966.680 699.717
966.981 688.294
967.281 650.588
967.581 583.433
967.881 686.853
968.181 710.316
968.481 679.708
968.781 671.224
969.082 535.693
969.382 584.276
969.682 705.907
969.982 750.080
970.282 785.162
970.582 667.381
970.882 570.000
971.183 732.800
971.483 688.015
971.783 669.494
972.083 709.774
972.383 740.801
972.683 713.518
972.983 740.587
973.284 630.325
973.584 588.490
973.884 666.424
974.184 722.217
974.484 760.256
974.784 565.731
975.084 543.975
975.385 547.882
975.685 664.440
975.985 638.253
976.285 650.863
976.585 716.976
976.885 647.221
977.185 655.351
977.486 683.413
977.786 683.793
978.086 764.424
978.386 676.642
978.686 531.879
978.986 563.568
979.286 636.576
979.587 681.584
979.887 597.592
980.187 584.600
980.487 548.608
980.787 604.616
981.087 579.624
981.387 737.632
981.688 637.640
981.988 466.647
982.288 519.655
982.588 602.663
982.888 664.671
983.188 627.679
983.488 699.687
983.789 686.695
984.089 646.702
984.389 610.710
984.689 525.718
984.989 477.726
985.289 546.734
985.589 679.742
985.890 674.749
986.190 531.757
986.490 552.765
986.790 672.773
987.090 638.780
987.390 649.788
987.690 646.796
987.991 557.804
988.291 567.811
988.591 590.819
988.891 526.827
989.191 523.835
989.491 714.842
989.791 636.850
990.092 648.858
990.392 726.865
990.692 657.873
990.992 632.881
991.292 525.888
991.592 640.896
991.892 632.904
992.193 706.911
992.493 680.919
992.793 567.927
993.093 591.934
993.393 595.942
993.693 600.949
993.993 669.957
994.294 747.965
994.594 663.972
994.894 607.980
995.194 556.987
995.494 481.995
995.794 536.002
996.094 523.010
996.395 633.018
996.695 684.025
996.995 491.033
997.295 487.040
997.595 592.048
997.895 525.055
998.195 427.063
998.496 463.070
998.796 442.078
999.096 670.085
999.396 602.093
999.696 617.100
999.996 667.107
1000.296 810.115
1000.597 753.122
1000.897 584.130
1001.197 609.137
1001.497 778.145
1001.797 593.152
1002.097 452.159
1002.397 585.167
1002.698 635.174
1002.998 707.182
1003.298 654.189
1003.598 541.196
1003.898 494.204
1004.198 619.211
1004.498 718.219
1004.799 647.226
1005.099 695.233
1005.399 726.241
1005.699 723.248
1005.999 679.255
1006.299 566.262
1006.599 759.270
1006.900 748.277
1007.200 613.284
1007.500 646.292
1007.800 647.299
1008.100 574.306
1008.400 534.313
1008.700 557.321
1009.001 535.328
1009.301 551.335
1009.601 716.342
1009.901 784.350
1010.201 684.357
1010.501 670.364
1010.801 758.371
1011.102 594.379
1011.402 656.386
1011.702 539.393
1012.002 447.400
1012.302 622.407
1012.602 616.414
1012.902 554.422
1013.203 641.429
1013.503 693.436
1013.803 690.443
1014.103 554.450
1014.403 657.457
1014.703 576.465
1015.003 481.472
1015.304 713.479
1015.604 796.486
1015.904 562.493
1016.204 488.500
1016.504 514.507
1016.804 567.514
1017.104 554.521
1017.405 511.528
1017.705 518.535
1018.005 567.542
1018.305 596.550
1018.605 612.557
1018.905 482.564
1019.205 448.571
1019.506 752.578
1019.806 810.585
1020.106 703.592
1020.406 649.599
1020.706 626.606
1021.006 648.613
1021.306 744.620
1021.607 627.627
1021.907 743.634
1022.207 666.641
1022.507 577.648
1022.807 561.654
1023.107 567.661
1023.407 548.668
1023.708 580.675
1024.008 564.682
1024.308 631.689
1024.608 603.696
1024.908 500.703
1025.208 593.710
1025.508 808.717
1025.809 780.724
1026.109 598.731
1026.409 669.737
1026.709 661.744
1027.009 637.751
1027.309 682.758
1027.609 526.765
1027.910 535.772
1028.210 656.779
1028.510 776.785
1028.810 961.792
1029.110 836.799
1029.410 633.806
1029.710 704.813
1030.011 719.819
1030.311 761.826
1030.611 609.833
1030.911 630.840
1031.211 652.847
1031.511 579.853
1031.811 790.860
1032.112 811.867
1032.412 640.874
1032.712 514.880
1033.012 598.887
1033.312 793.894
1033.612 739.901
1033.912 573.907
1034.212 527.914
1034.513 527.921
1034.813 507.927
1035.113 604.934
1035.413 479.941
1035.713 565.947
1036.013 597.954
1036.313 599.961
1036.614 677.968
1036.914 592.974
1037.214 524.981
1037.514 716.987
1037.814 665.994
1038.114 610.001
1038.414 593.007
1038.715 655.014
1039.015 549.021
1039.315 447.027
1039.615 558.034
1039.915 495.040
1040.215 504.047
1040.515 590.054
1040.816 646.060
1041.116 594.067
1041.416 554.073
1041.716 478.080
1042.016 442.087
1042.316 648.093
1042.616 618.100
1042.917 547.106
1043.217 521.113
1043.517 567.119
1043.817 654.126
1044.117 618.132
1044.417 611.139
1044.717 585.145
1045.018 583.152
1045.318 695.158
1045.618 706.165
1045.918 576.171
1046.218 500.178
1046.518 571.184
1046.818 630.191
1047.119 537.197
1047.419 734.204
1047.719 682.210
1048.019 602.217
1048.319 645.223
1048.619 587.229
1048.919 580.236
1049.220 586.242
1049.520 681.249
1049.820 637.255
1050.120 498.261
1050.420 655.268
1050.720 592.274
1051.020 593.281
1051.321 661.287
1051.621 743.293
1051.921 651.300
1052.221 535.306
1052.521 462.312
1052.821 463.319
1053.121 634.325
1053.422 675.332
1053.722 721.338
1054.022 658.344
1054.322 755.351
1054.622 637.357
1054.922 528.363
1055.222 642.369
1055.523 620.376
1055.823 648.382
1056.123 737.388
1056.423 632.395
1056.723 666.401
1057.023 586.407
1057.323 450.413
1057.624 567.420
1057.924 651.426
1058.224 649.432
1058.524 561.439
1058.824 639.445
1059.124 616.451
1059.424 561.457
1059.725 661.463
1060.025 590.470
1060.325 577.476
1060.625 575.482
1060.925 552.488
1061.225 630.494
1061.525 720.501
1061.826 604.507
1062.126 671.513
1062.426 724.519
1062.726 729.525
1063.026 685.532
1063.326 866.538
1063.626 820.544
1063.927 696.550
1064.227 657.556
1064.527 553.562
1064.827 699.568
1065.127 654.575
1065.427 486.581
1065.727 549.587
1066.028 723.593
1066.328 667.599
1066.628 473.605
1066.928 507.611
1067.228 538.617
1067.528 534.623
1067.828 530.630
1068.129 421.636
1068.429 594.642
1068.729 760.648
1069.029 609.654
1069.329 477.660
1069.629 600.666
1069.929 722.672
1070.230 679.678
1070.530 621.684
1070.830 569.690
1071.130 724.696
1071.430 618.702
1071.730 643.708
1072.030 753.714
1072.331 589.720
1072.631 593.726
1072.931 614.732
1073.231 643.738
1073.531 630.744
1073.831 594.750
1074.131 714.756
1074.432 768.762
1074.732 603.768
1075.032 484.774
1075.332 487.780
1075.632 550.786
1075.932 543.792
1076.232 535.798
1076.533 542.804
1076.833 644.809
1077.133 609.815
1077.433 547.821
1077.733 548.827
1078.033 681.833
1078.333 636.839
1078.634 622.845
1078.934 642.851
1079.234 505.857
1079.534 657.863
1079.834 729.868
1080.134 664.874
1080.434 699.880
1080.735 646.886
1081.035 611.892
1081.335 479.898
1081.635 503.904
1081.935 577.909
1082.235 581.915
1082.535 563.921
1082.836 596.927
1083.136 638.933
1083.436 689.939
1083.736 642.944
1084.036 557.950
1084.336 548.956
1084.636 534.962
1084.937 666.967
1085.237 748.973
1085.537 622.979
1085.837 638.985
1086.137 579.991
1086.437 642.996
1086.737 601.002
1087.038 571.008
1087.338 674.014
1087.638 701.019
1087.938 545.025
1088.238 418.031
1088.538 565.037
1088.838 673.042
1089.139 704.048
1089.439 541.054
1089.739 649.059
1090.039 677.065
1090.339 720.071
1090.639 596.077
1090.939 616.082
1091.240 519.088
1091.540 583.094
1091.840 593.099
1092.140 694.105
1092.453 664.111
1092.766 578.116
1093.079 528.122
1093.392 537.128
1093.705 537.133
1094.018 616.139
1094.330 787.144
1094.643 709.150
1094.956 774.156
1095.269 602.161
1095.582 583.167
1095.895 584.173
1096.208 527.178
1096.521 591.184
1096.834 651.189
1097.147 659.195
1097.460 695.201
1097.773 786.206
1098.085 659.212
1098.398 546.217
1098.711 548.223
1099.024 506.228
1099.337 597.234
1099.650 687.240
1099.963 702.245
1100.276 590.251
1100.589 559.256
1100.902 682.262
1101.215 606.267
1101.528 646.273
1101.841 629.278
1102.153 681.284
1102.466 727.289
1102.779 567.295
1103.092 535.300
1103.405 632.306
1103.718 569.311
1104.031 553.317
1104.344 628.322
1104.657 609.328
1104.970 911.333
1105.283 715.339
1105.596 610.344
1105.909 599.350
1106.221 687.355
1106.534 692.361
1106.847 518.366
1107.160 441.371
1107.473 431.377
1107.786 556.382
1108.099 508.388
1108.412 543.393
1108.725 636.399
1109.038 523.404
1109.351 670.409
1109.664 644.415
1109.977 536.420
1110.289 561.426
1110.602 589.431
1110.915 553.436
1111.228 531.442
1111.541 518.447
1111.854 499.453
1112.167 459.458
1112.480 483.463
1112.793 555.469
1113.106 566.474
1113.419 638.479
1113.732 587.485
1114.044 467.490
1114.357 582.495
1114.670 648.501
1114.983 535.506
1115.296 486.511
1115.609 568.517
1115.922 596.522
1116.235 609.527
1116.548 629.533
1116.861 586.538
1117.174 549.543
1117.487 568.549
1117.800 763.554
1118.112 624.559
1118.425 567.564
1118.738 541.570
1119.051 503.575
1119.364 547.580
1119.677 627.585
1119.990 594.591
1120.303 594.596
1120.616 669.601
1120.929 574.606
1121.242 615.612
1121.555 640.617
1121.868 651.622
1122.180 600.627
1122.493 419.633
1122.806 451.638
1123.119 610.643
1123.432 616.648
1123.745 654.653
1124.058 592.659
1124.371 521.664
1124.684 688.669
1124.997 657.674
1125.310 548.679
1125.623 462.685
1125.935 449.690
1126.248 551.695
1126.561 642.700
1126.874 608.705
1127.187 712.710
1127.500 758.716
1127.813 671.721
1128.126 626.726
1128.439 591.731
1128.752 741.736
1129.065 595.741
1129.378 413.746
1129.691 536.752
1130.003 573.757
1130.316 567.762
1130.629 531.767
1130.942 576.772
1131.255 536.777
1131.568 474.782
1131.881 569.787
1132.194 642.792
1132.507 588.798
1132.820 572.803
1133.133 641.808
1133.446 566.813
1133.759 786.818
1134.071 1137.823
1134.384 781.828
1134.697 713.833
1135.010 836.838
1135.323 645.843
1135.636 501.848
1135.949 447.853
1136.262 507.858
1136.575 556.863
1136.888 562.868
1137.201 594.873
1137.514 594.878
1137.826 663.883
1138.139 556.888
1138.452 565.893
1138.765 779.898
1139.078 778.903
1139.391 754.908
1139.704 669.913
1140.017 646.918
1140.330 583.923
1140.643 561.928
1140.956 578.933
1141.269 609.938
1141.582 674.943
1141.894 604.948
1142.207 788.953
1142.520 702.958
1142.833 705.963
1143.146 591.968
1143.459 481.973
1143.772 518.978
1144.085 640.983
1144.398 611.988
1144.711 552.993
1145.024 519.998
1145.337 586.003
1145.650 643.008
1145.962 561.012
1146.275 582.017
1146.588 469.022
1146.901 626.027
1147.214 604.032
1147.527 519.037
1147.840 601.042
1148.153 569.047
1148.466 659.052
1148.779 594.056
1149.092 660.061
1149.405 585.066
1149.718 633.071
1150.030 689.076
1150.343 621.081
1150.656 523.086
1150.969 536.090
1151.282 762.095
1151.595 701.100
1151.908 577.105
1152.221 414.110
1152.534 456.115
1152.847 727.119
1153.160 651.124
1153.473 640.129
1153.785 705.134
1154.098 658.139
1154.411 739.144
1154.724 637.148
1155.037 773.153
1155.350 732.158
1155.663 662.163
1155.976 549.167
1156.289 712.172
1156.602 598.177
1156.915 428.182
1157.228 416.187
1157.541 545.191
1157.853 523.196
1158.166 598.201
1158.479 708.206
1158.792 630.210
1159.105 675.215
1159.418 646.220
1159.731 592.225
1160.044 600.229
1160.357 689.234
1160.670 633.239
1160.983 439.244
1161.296 587.248
1161.609 729.253
1161.921 621.258
1162.234 582.262
1162.547 475.267
1162.860 525.272
1163.173 498.277
1163.486 570.281
1163.799 624.286
1164.112 551.291
1164.425 535.295
1164.738 602.300
1165.051 522.305
1165.364 538.309
1165.676 612.314
1165.989 664.319
1166.302 600.323
1166.615 659.328
1166.928 624.333
1167.241 686.337
1167.554 706.342
1167.867 674.347
1168.180 599.351
1168.493 494.356
1168.806 573.360
1169.119 581.365
1169.432 689.370
1169.744 653.374
1170.057 578.379
1170.370 702.384
1170.683 674.388
1170.996 560.393
1171.309 574.397
1171.622 529.402
1171.935 544.407
1172.248 760.411
1172.561 727.416
1172.874 634.420
1173.187 622.425
1173.500 701.429
1173.812 736.434
1174.125 648.439
1174.438 689.443
1174.751 569.448
1175.064 547.452
1175.377 637.457
1175.690 598.461
1176.003 566.466
1176.316 610.470
1176.629 647.475
1176.942 608.480
1177.255 581.484
1177.567 464.489
1177.880 486.493
1178.193 612.498
1178.506 526.502
1178.819 645.507
1179.132 686.511
1179.445 508.516
1179.758 660.520
1180.071 674.525
1180.384 565.529
1180.697 574.534
1181.010 670.538
1181.323 787.543
1181.635 726.547
1181.948 644.552
1182.261 547.556
1182.574 520.561
1182.887 572.565
1183.200 732.569
1183.513 754.574
1183.826 647.578
1184.139 671.583
1184.452 603.587
1184.765 488.592
1185.078 453.596
1185.391 551.601
1185.703 536.605
1186.016 399.609
1186.329 444.614
1186.642 572.618
1186.955 705.623
1187.268 567.627
1187.581 596.632
1187.894 584.636
1188.207 634.640
1188.520 585.645
1188.833 568.649
1189.146 463.654
1189.459 419.658
1189.771 495.662
1190.084 636.667
1190.397 527.671
1190.710 614.676
1191.023 658.680
1191.336 656.684
1191.649 610.689
1191.962 609.693
1192.275 501.697
1192.588 686.702
1192.901 840.706
1193.214 602.710
1193.526 572.715
1193.839 653.719
1194.152 528.724
1194.465 659.728
1194.778 578.732
1195.091 560.737
1195.404 561.741
1195.717 652.745
1196.030 740.750
1196.343 606.754
1196.656 482.758
1196.969 530.762
1197.282 569.767
1197.594 592.771
1197.907 707.775
1198.220 664.780
1198.533 569.784
1198.846 582.788
1199.159 568.793
1199.472 562.797
1199.785 625.801
1200.098 522.805
1200.411 652.810
1200.724 652.814
1201.037 583.818
1201.350 484.822
1201.662 488.827
1201.975 564.831
1202.288 586.835
1202.601 236.840
