165.028 160.450
165.288 30.095
165.547 145.744
165.807 260.395
166.067 124.050
166.327 45.708
166.587 33.369
166.847 121.034
167.107 158.701
167.367 223.372
167.627 261.045
167.886 250.722
168.146 226.401
168.406 343.084
168.666 294.769
168.926 194.458
169.186 258.149
169.446 285.843
169.706 92.540
169.966 144.240
170.225 181.942
170.485 225.647
170.745 322.355
171.005 495.066
171.265 353.779
171.525 233.495
171.785 147.213
172.045 139.934
172.305 262.657
172.564 257.383
172.824 137.112
173.084 268.843
173.344 256.576
173.604 278.311
173.864 324.049
174.124 257.790
174.384 215.532
174.644 319.277
174.903 496.024
175.163 413.774
175.423 422.525
175.683 298.279
175.943 364.034
176.203 307.792
176.463 213.552
176.723 206.314
176.983 225.078
177.242 285.844
177.502 505.612
177.762 518.381
178.022 307.153
178.282 286.927
178.542 251.702
178.802 232.479
179.062 191.258
179.322 423.039
179.581 444.821
179.841 304.606
180.101 357.391
180.361 383.179
180.621 368.968
180.881 307.759
181.141 306.551
181.401 368.345
181.661 400.140
181.920 458.937
182.180 349.735
182.440 222.535
182.700 193.336
182.960 225.138
183.220 307.942
183.480 547.747
183.740 398.554
184.000 296.362
184.259 158.171
184.519 242.981
184.779 271.792
185.039 411.605
185.299 502.418
185.559 439.233
185.819 463.049
186.079 487.866
186.339 418.684
186.598 349.503
186.858 197.323
187.118 213.145
187.378 382.967
187.638 412.789
187.898 498.613
188.158 513.438
188.418 342.264
188.678 274.090
188.937 344.917
189.197 465.745
189.457 448.574
189.717 377.403
189.977 219.234
190.237 203.064
190.497 432.896
190.757 421.728
191.017 391.561
191.276 286.394
191.536 297.228
191.796 239.063
192.056 242.898
192.316 294.734
192.576 278.570
192.836 255.406
193.096 308.243
193.356 272.081
193.616 286.918
193.875 273.757
194.135 268.595
194.395 403.434
194.655 425.273
194.915 400.113
195.175 349.953
195.435 393.793
195.695 217.633
195.955 90.474
196.214 274.314
196.474 372.155
196.734 360.996
196.994 354.837
197.254 346.679
197.514 349.520
197.774 341.362
198.034 230.203
198.294 216.045
198.553 296.886
198.813 256.728
199.073 134.570
199.333 209.411
199.593 365.253
199.853 356.094
200.113 475.936
200.373 468.777
200.633 217.618
200.892 121.459
201.152 169.300
201.412 195.141
201.672 229.982
201.932 422.822
202.192 430.662
202.452 293.502
202.712 248.342
202.972 303.181
203.231 413.020
203.491 351.859
203.751 286.697
204.011 381.535
204.271 484.373
204.531 272.211
204.791 176.048
205.051 180.884
205.311 277.721
205.570 247.557
205.830 243.392
206.090 166.227
206.350 234.061
206.610 500.895
206.870 321.729
207.130 259.562
207.390 314.394
207.650 291.226
207.909 276.058
208.169 334.888
208.429 323.719
208.689 145.548
208.949 286.377
209.209 440.206
209.469 224.033
209.729 156.861
209.989 224.687
210.248 132.513
210.508 386.338
210.768 375.163
211.028 274.986
211.288 310.809
211.548 295.632
211.808 320.453
212.068 457.274
212.328 466.094
212.587 447.913
212.847 369.732
213.107 379.549
213.367 312.366
213.627 289.182
213.887 270.998
214.147 145.812
214.407 268.625
214.667 324.438
214.926 351.250
215.186 315.061
215.446 380.871
215.706 305.680
215.966 261.488
216.226 298.296
216.486 268.102
216.746 275.907
217.006 371.712
217.265 289.515
217.525 240.318
217.785 287.119
218.045 344.920
218.305 308.720
218.565 266.518
218.825 324.316
219.085 429.112
219.345 252.908
219.604 211.702
219.864 328.496
220.124 334.288
220.384 333.080
220.644 334.870
220.904 258.659
221.164 343.447
221.424 312.234
221.684 240.020
221.943 315.805
222.203 358.589
222.463 282.371
222.723 251.153
222.983 353.933
223.243 317.712
223.503 277.490
223.763 200.267
224.023 167.043
224.282 325.817
224.542 385.591
224.802 388.363
225.062 404.134
225.322 468.904
225.582 390.672
225.842 337.440
226.102 401.206
226.362 369.971
226.621 398.735
226.881 314.497
227.141 304.259
227.401 369.019
227.661 282.778
227.921 452.535
228.181 354.291
228.441 273.047
228.701 492.800
228.960 438.553
229.220 304.304
229.480 274.054
229.740 413.803
230.000 526.550
230.260 347.297
230.520 288.042
230.780 321.785
231.040 299.527
231.299 259.268
231.559 292.008
231.819 314.746
232.079 445.483
232.339 434.219
232.599 210.953
232.859 345.687
233.119 458.418
233.379 252.149
233.638 365.878
233.898 469.605
234.158 435.332
234.418 319.057
234.678 361.780
234.938 440.503
235.198 299.224
235.458 266.943
235.718 344.662
235.978 294.378
236.237 311.094
236.497 380.808
236.757 374.521
237.017 376.232
237.277 398.942
237.537 369.651
237.797 327.358
238.057 453.064
238.317 338.769
238.576 195.472
238.836 284.173
239.096 349.874
239.356 310.573
239.616 326.270
239.876 403.966
240.136 365.661
240.396 478.354
240.656 495.046
240.915 393.737
241.175 414.426
241.435 363.114
241.695 392.800
241.955 551.485
242.215 627.168
242.475 508.850
242.735 355.531
242.995 434.210
243.254 407.888
243.514 406.564
243.774 194.239
244.034 306.913
244.294 616.585
244.554 457.256
244.814 444.925
245.074 417.593
245.334 358.260
245.593 343.925
245.853 340.588
246.113 295.251
246.373 421.911
246.633 475.571
246.893 376.229
247.153 396.885
247.413 476.540
247.673 445.194
247.932 377.846
248.192 399.497
248.452 447.146
248.712 416.794
248.972 252.441
249.232 438.086
249.492 358.730
249.752 217.372
250.012 412.013
250.271 367.652
250.531 416.290
250.791 673.927
251.051 556.562
251.311 375.196
251.571 219.828
251.831 367.459
252.091 450.088
252.351 391.716
252.610 367.343
252.870 454.968
253.130 354.592
253.390 342.214
253.650 440.835
253.911 465.455
254.172 518.073
254.433 447.689
254.694 357.305
254.955 392.918
255.216 324.531
255.477 478.142
255.738 426.752
255.999 302.360
256.261 476.967
256.522 475.572
256.783 414.176
257.044 283.778
257.305 191.380
257.566 207.979
257.827 216.578
258.088 263.175
258.349 249.770
258.610 320.364
258.871 425.957
259.132 536.548
259.393 389.138
259.654 222.727
259.915 210.314
260.176 318.900
260.437 425.484
260.698 386.067
260.959 330.649
261.221 415.229
261.482 516.808
261.743 437.385
262.004 424.961
262.265 599.536
262.526 562.109
262.787 296.681
263.048 247.252
263.309 280.821
263.570 439.389
263.831 416.955
264.092 332.520
264.353 227.084
264.614 527.646
264.875 501.207
265.136 350.767
265.397 529.325
265.658 626.882
265.919 614.438
266.181 545.992
266.442 434.545
266.703 377.096
266.964 377.646
267.225 290.195
267.486 368.742
267.747 490.289
268.008 480.833
268.269 547.377
268.530 522.919
268.791 477.460
269.052 492.999
269.313 464.537
269.574 436.074
269.835 437.609
270.096 421.143
270.357 420.676
270.618 353.208
270.879 339.738
271.141 438.267
271.402 416.794
271.663 310.320
271.924 371.845
272.185 417.369
272.446 395.891
272.707 418.412
272.968 375.932
273.229 338.450
273.490 364.967
273.751 355.483
274.012 334.998
274.273 488.511
274.534 466.023
274.795 511.534
275.056 525.043
275.317 359.551
275.578 267.058
275.839 367.564
276.101 330.068
276.362 305.571
276.623 391.073
276.884 518.573
277.145 486.072
277.406 451.570
277.667 385.067
277.928 314.562
278.189 507.057
278.450 454.550
278.711 422.041
278.972 453.532
279.233 335.021
279.494 428.509
279.755 579.996
280.016 612.481
280.277 455.965
280.538 476.448
280.799 368.930
281.061 375.411
281.322 375.890
281.583 395.368
281.844 329.845
282.105 342.321
282.366 468.795
282.627 411.269
282.888 469.741
283.149 503.212
283.410 426.681
283.671 467.150
283.932 424.617
284.193 256.083
284.454 351.548
284.715 451.012
284.976 413.474
285.237 507.936
285.498 719.396
285.759 553.855
286.021 541.313
286.282 457.769
286.543 424.225
286.804 395.679
287.065 464.132
287.326 504.584
287.587 374.035
287.848 411.484
288.109 536.933
288.370 487.380
288.631 336.826
288.892 275.271
289.153 356.715
289.414 347.158
289.675 553.600
289.936 655.040
290.197 569.479
290.458 479.918
290.719 373.355
290.981 523.791
291.242 628.225
291.503 545.659
291.764 438.092
292.025 292.523
292.286 336.953
292.547 432.383
292.808 390.811
293.069 452.238
293.330 475.664
293.591 495.089
293.852 463.512
294.113 405.935
294.374 400.356
294.635 494.777
294.896 527.196
295.157 533.615
295.418 514.032
295.679 512.448
295.941 499.863
296.202 503.277
296.463 540.690
296.724 554.102
296.985 521.512
297.246 482.922
297.507 357.331
297.768 336.738
298.029 476.145
298.290 660.550
298.551 715.955
298.812 682.358
299.073 522.760
299.334 424.162
299.595 554.562
299.856 576.961
300.117 710.359
300.378 627.756
300.639 390.152
300.901 368.547
301.162 487.942
301.423 522.335
301.684 663.727
301.945 723.118
302.206 518.508
302.467 454.897
302.728 376.285
302.989 479.672
303.250 538.057
303.511 600.442
303.772 583.826
304.033 524.209
304.294 510.591
304.555 476.972
304.816 576.352
305.077 571.731
305.338 418.109
305.599 434.486
305.861 466.862
306.122 518.238
306.383 481.612
306.644 482.985
306.905 384.357
307.166 535.728
307.427 498.098
307.688 486.468
307.949 473.836
308.210 466.204
308.471 531.570
308.732 477.935
308.993 361.300
309.254 462.664
309.515 389.026
309.776 510.388
310.037 501.749
310.298 311.109
310.559 385.467
310.821 542.825
311.082 547.182
311.343 416.539
311.604 365.894
311.865 362.248
312.126 397.601
312.387 423.954
312.648 405.305
312.909 436.656
313.170 468.006
313.434 509.355
313.698 453.703
313.963 587.050
314.227 489.396
314.491 454.741
314.755 497.085
315.019 499.429
315.284 330.771
315.548 379.113
315.812 410.454
316.076 560.794
316.340 575.133
316.604 544.471
316.869 585.808
317.133 535.145
317.397 601.480
317.661 622.815
317.925 544.149
318.190 471.482
318.454 447.814
318.718 400.145
318.982 563.475
319.246 651.805
319.511 774.133
319.775 537.461
320.039 468.788
320.303 500.114
320.567 535.440
320.832 535.764
321.096 485.088
321.360 487.411
321.624 477.733
321.888 461.054
322.153 439.374
322.417 395.694
322.681 373.012
322.945 489.330
323.209 471.647
323.473 397.963
323.738 397.279
324.002 442.593
324.266 608.907
324.530 605.220
324.794 544.532
325.059 475.844
325.323 401.154
325.587 455.464
325.851 439.773
326.115 606.081
326.380 598.389
326.644 535.695
326.908 523.001
327.172 454.306
327.436 507.610
327.701 480.914
327.965 477.217
328.229 569.518
328.493 420.820
328.757 428.120
329.022 563.420
329.286 433.719
329.550 430.017
329.814 473.314
330.078 542.611
330.342 450.906
330.607 408.201
330.871 522.496
331.135 645.789
331.399 641.082
331.663 504.374
331.928 491.665
332.192 574.956
332.456 551.246
332.720 495.535
332.984 420.823
333.249 477.111
333.513 481.398
333.777 399.684
334.041 346.970
334.305 469.254
334.570 515.538
334.834 440.821
335.098 642.104
335.362 645.386
335.626 580.667
335.891 502.947
336.155 516.227
336.419 477.506
336.683 340.784
336.947 462.062
337.211 489.339
337.476 397.615
337.740 445.890
338.004 456.165
338.268 453.439
338.532 505.713
338.797 453.985
339.061 506.257
339.325 622.529
339.589 684.799
339.853 531.069
340.118 523.338
340.382 638.607
340.646 652.875
340.910 425.142
341.174 447.409
341.439 473.675
341.703 533.940
341.967 518.204
342.231 466.468
342.495 409.732
342.759 537.994
343.024 542.256
343.288 618.517
343.552 492.778
343.816 302.038
344.080 420.297
344.345 543.556
344.609 396.814
344.873 324.071
345.137 481.328
345.401 531.584
345.666 340.839
345.930 505.094
346.194 609.348
346.458 451.601
346.722 415.854
346.987 371.106
347.251 511.358
347.515 680.609
347.779 478.859
348.043 419.109
348.308 477.358
348.572 420.607
348.836 381.854
349.100 449.102
349.364 390.348
349.628 365.594
349.893 461.840
350.157 580.084
350.421 534.329
350.685 494.572
350.949 457.815
351.214 332.057
351.478 399.299
351.742 453.540
352.006 487.781
352.270 492.021
352.535 372.260
352.799 400.499
353.063 510.737
353.327 408.975
353.591 327.212
353.856 426.448
354.120 464.684
354.384 544.919
354.648 647.154
354.912 562.388
355.177 439.621
355.441 370.854
355.705 637.087
355.969 656.318
356.233 592.550
356.497 594.780
356.762 596.010
357.026 498.240
357.290 466.469
357.554 529.697
357.818 502.925
358.083 496.152
358.347 489.379
358.611 500.605
358.875 536.831
359.139 529.056
359.404 460.280
359.668 554.504
359.932 715.727
360.196 659.950
360.460 483.173
360.725 517.394
360.989 663.615
361.253 745.836
361.517 661.056
361.781 592.276
362.046 611.495
362.310 611.713
362.574 591.931
362.838 473.149
363.102 527.366
363.366 586.582
363.631 512.798
363.895 498.013
364.159 620.228
364.423 651.442
364.687 635.656
364.952 621.869
365.216 632.082
365.480 519.294
365.747 411.506
366.013 472.717
366.280 463.928
366.546 598.138
366.813 521.348
367.079 519.557
367.346 588.765
367.612 580.974
367.879 603.181
368.145 642.388
368.412 501.595
368.678 445.801
368.945 537.007
369.211 487.212
369.478 533.416
369.744 534.621
370.011 517.824
370.278 537.027
370.544 500.230
370.811 567.432
371.077 563.634
371.344 500.835
371.610 513.036
371.877 546.236
372.143 611.436
372.410 677.635
372.676 759.834
372.943 722.032
373.209 603.230
373.476 456.428
373.742 419.624
374.009 553.821
374.276 621.017
374.542 622.212
374.809 500.407
375.075 350.602
375.342 352.796
375.608 399.990
375.875 446.183
376.141 648.376
376.408 573.568
376.674 554.760
376.941 537.951
377.207 550.142
377.474 988.332
377.740 856.522
378.007 505.712
378.273 536.901
378.540 646.090
378.807 528.278
379.073 441.465
379.340 479.653
379.606 530.840
379.873 545.026
380.139 565.212
380.406 669.398
380.672 583.583
380.939 493.767
381.205 468.952
381.472 410.135
381.738 377.319
382.005 510.502
382.271 538.684
382.538 557.866
382.804 705.048
383.071 636.229
383.338 582.410
383.604 525.590
383.871 660.770
384.137 667.949
384.404 544.129
384.670 563.307
384.937 517.485
385.203 585.663
385.470 555.841
385.736 583.018
386.003 561.194
386.269 555.370
386.536 561.546
386.802 563.722
387.069 666.896
387.336 790.071
387.602 724.245
387.869 459.419
388.135 367.592
388.402 354.765
388.668 527.937
388.935 649.110
389.201 775.281
389.468 745.453
389.734 757.623
390.001 725.794
390.267 597.964
390.534 632.134
390.800 666.303
391.067 718.472
391.333 677.641
391.600 596.809
391.867 650.976
392.133 669.144
392.400 525.311
392.666 471.477
392.933 686.644
393.199 747.809
393.466 641.975
393.732 633.140
393.999 674.305
394.265 692.469
394.532 614.633
394.798 693.796
395.065 646.960
395.331 762.122
395.598 852.285
395.864 854.447
396.131 1040.608
396.398 1193.770
396.664 1352.931
396.931 1621.091
397.197 2109.251
397.464 2382.411
397.730 2864.571
397.997 3136.730
398.263 3289.889
398.530 3505.047
398.796 3760.205
399.063 3948.363
399.329 3997.520
399.596 4200.677
399.862 4252.833
400.129 4333.990
400.396 4441.146
400.662 4320.301
400.929 4446.456
401.195 4471.611
401.462 4641.765
401.728 4848.920
401.995 5101.073
402.261 5230.227
402.528 5408.380
402.794 5577.532
403.061 5789.685
403.327 5989.837
403.594 6005.988
403.860 5978.140
404.127 5869.291
404.393 5935.441
404.660 5954.592
404.931 5967.742
405.202 6110.891
405.473 6196.041
405.745 6570.190
406.016 7026.338
406.287 6852.486
406.558 6605.634
406.829 6762.782
407.100 6667.929
407.371 6945.076
407.642 7093.223
407.914 7090.369
408.185 7021.515
408.456 7037.661
408.727 7258.806
408.998 7427.951
409.269 7592.096
409.540 7670.240
409.811 7356.384
410.083 7199.528
410.354 7047.671
410.625 6866.814
410.896 6805.957
411.167 6800.099
411.438 6601.241
411.709 6254.383
411.981 6125.525
412.252 5595.666
412.523 5145.807
412.794 5025.947
413.065 4835.087
413.336 4387.227
413.607 4337.367
413.878 4166.506
414.150 3899.645
414.421 3470.784
414.692 3205.922
414.963 3092.060
415.234 3087.198
415.505 2883.335
415.776 2715.473
416.047 2541.609
416.319 2282.746
416.590 1975.882
416.861 1625.018
417.132 1629.154
417.403 1487.289
417.674 1292.424
417.945 1146.559
418.217 1135.693
418.488 1192.827
418.759 1007.961
419.030 879.095
419.301 874.228
419.572 967.361
419.843 933.494
420.114 777.626
420.386 752.758
420.657 846.890
420.928 775.022
421.199 777.153
421.470 670.284
421.741 583.414
422.012 685.545
422.283 704.675
422.555 693.805
422.826 811.934
423.097 906.063
423.368 826.192
423.639 659.321
423.910 747.450
424.181 662.578
424.453 591.706
424.724 920.833
424.995 993.960
425.266 797.087
425.537 715.214
425.808 897.341
426.079 968.467
426.350 917.593
426.622 817.718
426.893 904.844
427.164 874.969
427.435 830.094
427.706 805.218
427.977 784.343
428.248 846.467
428.519 934.590
428.791 833.714
429.062 893.837
429.333 782.960
429.604 710.083
429.875 849.205
430.146 970.327
430.417 983.449
430.689 925.571
430.960 808.692
431.231 805.813
431.502 976.934
431.773 978.055
432.044 858.175
432.315 987.295
432.586 934.415
432.858 924.535
433.129 721.654
433.400 773.773
433.671 866.892
433.942 766.010
434.213 655.129
434.484 694.247
434.755 746.365
435.027 564.482
435.298 609.599
435.569 725.717
435.840 665.833
436.116 679.950
436.391 726.066
436.667 740.182
436.942 757.298
437.218 803.414
437.493 847.529
437.769 901.644
438.045 835.759
438.320 768.874
438.596 769.988
438.871 697.102
439.147 688.216
439.422 637.330
439.698 567.443
439.974 580.556
440.249 759.669
440.525 783.782
440.800 566.894
441.076 721.006
441.351 833.118
441.627 855.230
441.903 830.342
442.178 590.453
442.454 618.564
442.729 869.675
443.005 669.785
443.281 767.896
443.556 953.006
443.832 826.116
444.107 687.225
444.383 676.335
444.658 692.444
444.934 582.553
445.210 747.661
445.485 825.770
445.761 860.878
446.036 832.986
446.312 883.094
446.587 844.202
446.863 648.309
447.139 696.416
447.414 768.523
447.690 847.630
447.965 875.736
448.241 793.843
448.516 763.949
448.792 767.055
449.068 737.160
449.343 760.266
449.619 681.371
449.894 811.476
450.170 784.581
450.445 992.685
450.721 1011.789
450.997 776.893
451.272 887.997
451.548 780.101
451.823 768.204
452.099 961.308
452.375 799.411
452.650 770.514
452.926 910.616
453.201 945.719
453.477 1193.821
453.752 1085.923
454.028 958.025
454.304 1001.126
454.579 1108.227
454.855 1016.329
455.130 980.430
455.406 1071.530
455.681 1005.631
455.957 935.731
456.233 949.831
456.508 966.931
456.784 952.031
457.059 917.130
457.335 1045.230
457.610 939.329
457.886 774.428
458.162 718.526
458.437 740.625
458.713 834.723
458.988 841.821
459.264 849.919
459.539 855.017
459.815 845.114
460.091 744.212
460.366 685.309
460.642 666.406
460.917 713.502
461.193 779.599
461.468 665.695
461.744 669.791
462.020 679.887
462.295 742.983
462.571 761.079
462.846 784.174
463.122 885.269
463.397 859.364
463.673 768.690
463.949 765.788
464.224 770.877
464.500 835.906
464.775 811.836
465.051 926.078
465.327 1095.928
465.602 1391.334
465.878 1441.769
466.153 1359.584
466.429 1646.750
466.704 1928.632
466.980 1923.582
467.256 2043.674
467.531 2173.940
467.807 2217.293
468.082 2157.264
468.358 2098.140
468.633 2289.290
468.909 2238.177
469.185 2007.352
469.460 2111.073
469.736 2135.445
470.011 1864.640
470.287 1826.638
470.562 1902.992
470.838 1827.304
471.114 1881.765
471.389 1773.775
471.665 1732.181
471.940 1813.984
472.216 1764.479
472.491 1578.920
472.767 1564.384
473.043 1679.078
473.318 1646.714
473.594 1436.736
473.869 1396.578
474.145 1342.751
474.421 1267.560
474.696 1177.110
474.972 1050.088
475.247 1046.150
475.523 1098.127
475.798 1103.412
476.074 993.416
476.350 961.935
476.625 966.062
476.901 998.770
477.176 985.620
477.452 893.148
477.727 865.769
478.003 707.455
478.279 946.363
478.554 1127.344
478.830 1019.727
479.105 957.844
479.381 1029.981
479.656 924.590
479.932 926.778
480.208 1050.419
480.483 1059.553
480.759 1087.949
481.034 936.430
481.310 912.272
481.585 984.105
481.861 969.068
482.137 881.570
482.412 1008.533
482.688 1072.856
482.963 1086.907
483.239 1079.889
483.514 918.649
483.790 985.893
484.066 1210.765
484.341 1072.911
484.617 1000.138
484.892 1072.856
485.168 1026.171
485.443 925.828
485.719 971.634
485.995 1034.270
486.270 1008.548
486.546 896.840
486.821 859.333
487.097 845.870
487.373 922.037
487.648 1077.781
487.924 1082.700
488.199 908.826
488.475 709.494
488.750 744.455
489.026 959.198
489.302 868.010
489.577 850.569
489.853 858.628
490.128 1034.023
490.404 1003.734
490.679 828.664
490.955 973.580
491.231 1061.633
491.506 1059.812
491.782 964.942
492.057 877.968
492.333 1003.288
492.608 939.763
492.884 965.279
493.160 872.399
493.435 883.008
493.711 1037.005
493.986 975.339
494.262 940.096
494.537 897.033
494.813 1017.713
495.089 894.033
495.364 918.666
495.640 985.538
495.915 993.470
496.191 1131.327
496.467 1062.565
496.742 994.658
497.018 1015.452
497.293 934.578
497.569 1081.820
497.844 1009.779
498.120 1056.387
498.396 1069.469
498.671 1046.772
498.947 1235.525
499.222 1292.492
499.498 1257.035
499.773 1258.104
500.049 1337.455
500.325 1389.761
500.600 1483.614
500.876 1570.257
501.151 1812.196
501.427 1925.534
501.702 2068.246
501.978 2196.962
502.254 2247.784
502.529 2168.130
502.805 2384.887
503.080 2525.469
503.356 2381.773
503.631 2342.837
503.907 2277.814
504.183 2166.550
504.458 2196.986
504.734 2142.258
505.009 2246.476
505.285 2205.299
505.560 2146.517
505.836 2077.911
506.112 2091.140
506.387 1963.681
506.663 1868.743
506.938 1814.213
507.214 1805.184
507.490 1868.077
507.765 1788.563
508.041 1746.252
508.316 1721.095
508.592 1516.288
508.867 1496.724
509.143 1536.495
509.419 1376.765
509.694 1274.774
509.970 1215.666
510.245 1055.142
510.521 1182.155
510.796 1093.130
511.072 1022.269
511.348 1085.104
511.623 1085.172
511.899 1016.397
512.174 1119.725
512.450 1141.498
512.725 1055.256
513.001 897.686
513.277 832.507
513.552 1007.805
513.828 984.187
514.103 906.436
514.379 1017.849
514.654 898.785
514.930 886.279
515.206 1270.165
515.481 1193.684
515.757 994.545
516.032 955.476
516.308 1099.182
516.583 1134.271
516.859 1084.414
517.135 1120.505
517.410 1205.854
517.686 1350.718
517.961 1337.176
518.237 1297.788
518.513 1343.740
518.788 1647.146
519.064 1756.963
519.339 1770.317
519.615 1678.902
519.890 1784.384
520.166 1895.444
520.442 2123.710
520.717 2157.457
520.993 2136.476
521.268 2008.398
521.544 2013.272
521.819 1970.079
522.095 2024.871
522.371 2186.941
522.646 2200.424
522.922 2259.679
523.197 2169.701
523.473 2266.250
523.748 2178.271
524.024 2084.551
524.300 2130.544
524.575 2127.733
524.851 2189.036
525.126 2245.320
525.402 2284.849
525.677 2310.745
525.953 2234.025
526.229 2214.008
526.504 2154.941
526.780 2307.816
527.055 2287.116
527.331 2287.175
527.606 2365.095
527.882 2320.784
528.158 2179.388
528.433 2357.333
528.709 2247.027
528.984 2215.415
529.260 2192.811
529.535 2125.440
529.811 1983.327
530.087 1895.769
530.362 1852.374
530.638 1898.772
530.913 1919.849
531.189 1895.698
531.465 1701.740
531.740 1632.910
532.016 1680.002
532.291 1584.314
532.567 1587.442
532.842 1570.057
533.118 1564.848
533.394 1549.919
533.669 1354.548
533.945 1221.337
534.220 1261.277
534.496 1365.775
534.771 1218.041
535.047 1241.725
535.323 1236.158
535.598 1320.863
535.874 1393.498
536.149 1347.018
536.425 1251.524
536.700 1289.741
536.976 1498.209
537.252 1886.389
537.527 2227.198
537.803 2702.696
538.078 3152.804
538.354 3556.990
538.629 3606.807
538.905 3776.154
539.181 4039.082
539.456 4230.460
539.732 4568.354
540.007 4699.703
540.283 4517.644
540.558 4541.867
540.834 4761.590
541.110 4846.558
541.385 4908.000
541.661 4958.550
541.936 5010.100
542.212 4806.984
542.488 4866.504
542.763 5097.481
543.039 4978.585
543.314 4947.886
543.590 4910.153
543.865 4950.922
544.141 4936.081
544.417 4831.866
544.692 4663.102
544.968 4709.829
545.243 4609.198
545.519 4334.565
545.794 4353.839
546.070 4358.863
546.348 4181.165
546.627 4016.028
546.905 4061.869
547.183 4040.946
547.461 4092.638
547.740 4140.358
548.018 4088.861
548.296 4139.471
548.575 4203.079
548.853 4290.521
549.131 4519.968
549.409 4808.195
549.688 5086.026
549.966 5237.864
550.244 5400.615
550.523 5564.790
550.801 5655.372
551.079 5679.504
551.357 5881.336
551.636 5890.399
551.914 5818.674
552.192 5701.369
552.471 5891.649
552.749 6139.204
553.027 6156.835
553.306 6315.041
553.584 6679.890
553.862 6743.124
554.140 6932.762
554.419 7188.642
554.697 7573.609
554.975 7909.693
555.254 8183.536
555.532 8101.376
555.810 8317.912
556.088 8264.763
556.367 7978.542
556.645 7688.729
556.923 7574.965
557.202 7422.852
557.480 7237.054
557.758 6833.381
558.036 6506.563
558.315 6231.672
558.593 6099.097
558.871 5832.931
559.150 5620.742
559.428 5467.681
559.706 5130.983
559.984 4909.863
560.263 4779.814
560.541 4479.035
560.819 4105.748
561.098 3896.939
561.376 3581.602
561.654 3148.957
561.932 2789.186
562.211 2622.492
562.489 2461.156
562.767 2216.038
563.046 1913.699
563.324 1773.714
563.602 1778.347
563.880 1592.426
564.159 1595.351
564.437 1567.023
564.715 1322.892
564.994 1113.725
565.272 1195.346
565.550 1081.111
565.828 991.024
566.107 1100.378
566.385 1054.508
566.663 885.596
566.942 839.422
567.220 907.672
567.498 1064.360
567.776 941.328
568.055 777.913
568.333 805.843
568.611 898.000
568.890 819.047
569.168 762.759
569.446 819.580
569.725 791.607
570.003 648.657
570.281 594.204
570.559 701.599
570.838 713.940
571.116 798.980
571.394 814.529
571.673 828.943
571.951 781.249
572.229 737.605
572.507 760.718
572.786 782.904
573.064 736.000
573.342 726.307
573.621 618.501
573.899 672.205
574.177 867.242
574.455 769.405
574.734 697.796
575.012 798.623
575.290 788.676
575.569 773.808
575.847 819.754
576.125 807.041
576.403 657.583
576.682 724.154
576.960 794.591
577.243 793.853
577.527 726.700
577.810 585.857
578.093 627.899
578.377 626.220
578.660 651.956
578.944 673.739
579.227 656.305
579.510 737.277
579.794 687.458
580.077 658.079
580.360 712.347
580.644 672.383
580.927 610.471
581.210 653.258
581.494 592.851
581.777 720.663
582.061 699.512
582.344 580.612
582.627 577.664
582.911 646.501
583.194 593.298
583.477 751.026
583.761 758.055
584.044 756.102
584.327 707.950
584.611 663.038
584.894 700.044
585.178 671.116
585.461 641.189
585.744 740.133
586.028 671.916
586.311 706.958
586.594 777.001
586.878 667.044
587.161 585.086
587.444 691.129
587.728 653.171
588.011 734.214
588.295 583.256
588.578 627.671
588.861 773.567
589.145 636.382
589.428 599.024
589.711 520.466
589.995 595.912
590.278 762.787
590.562 701.592
590.845 647.986
591.128 827.021
591.412 696.324
591.695 632.126
591.978 819.161
592.262 759.082
592.545 563.193
592.828 695.533
593.112 613.125
593.395 570.295
593.679 555.824
593.962 722.199
594.245 721.521
594.529 632.010
594.812 539.971
595.095 465.921
595.379 655.702
595.662 707.090
595.945 583.290
596.229 489.497
596.512 596.489
596.796 704.157
597.079 781.717
597.362 837.202
597.646 786.958
597.929 700.944
598.212 706.220
598.496 712.188
598.779 773.716
599.062 839.896
599.346 726.411
599.629 699.106
599.913 714.220
600.196 688.643
600.479 695.878
600.763 706.455
601.046 620.542
601.329 720.601
601.613 778.928
601.896 638.357
602.179 687.867
602.463 694.781
602.746 763.582
603.030 841.223
603.313 741.319
603.596 566.676
603.880 701.453
604.163 757.373
604.446 749.813
604.730 652.887
605.013 715.887
605.296 756.782
605.580 705.890
605.863 783.302
606.147 678.541
606.430 617.853
606.713 730.789
606.997 715.871
607.280 884.484
607.563 818.963
607.847 741.954
608.130 782.621
608.414 779.936
608.697 722.243
608.980 736.699
609.264 827.654
609.547 718.164
609.830 739.748
610.114 775.044
610.397 751.574
610.680 774.359
610.964 851.404
611.247 834.774
611.531 758.103
611.814 669.817
612.097 703.220
612.381 855.508
612.664 1027.139
612.947 860.345
613.231 753.414
613.514 821.970
613.797 912.379
614.081 936.973
614.364 895.752
614.648 860.424
614.931 835.902
615.214 793.698
615.498 887.927
615.781 904.584
616.064 898.714
616.348 1021.782
616.631 988.341
616.914 1026.774
617.198 982.501
617.481 866.280
617.765 905.632
618.048 955.919
618.331 903.635
618.615 875.907
618.898 958.946
619.181 923.409
619.465 878.858
619.748 829.437
620.031 775.838
620.315 753.847
620.598 822.090
620.882 951.045
621.165 1090.197
621.448 952.061
621.732 901.302
622.015 768.003
622.298 706.758
622.582 785.343
622.865 750.198
623.148 732.251
623.432 836.855
623.715 747.801
623.999 899.787
624.282 861.569
624.565 840.199
624.849 696.370
625.132 648.414
625.415 916.594
625.699 1003.326
625.982 854.016
626.265 741.521
626.549 716.564
626.832 853.973
627.116 862.088
627.399 706.567
627.682 711.225
627.966 701.480
628.249 707.851
628.532 630.791
628.816 827.153
629.099 738.182
629.383 720.460
629.666 732.041
629.949 646.222
630.233 623.102
630.516 754.087
630.799 781.313
631.083 639.981
631.366 592.494
631.649 541.184
631.933 518.160
632.216 721.048
632.500 718.703
632.783 706.933
633.066 700.750
633.350 709.379
633.633 751.197
633.916 743.532
634.200 723.208
634.483 757.988
634.766 822.705
635.050 766.100
635.333 641.710
635.617 663.315
635.900 754.031
636.183 802.777
636.467 725.490
636.750 753.397
637.033 837.390
637.317 829.413
637.600 832.423
637.883 793.174
638.167 756.813
638.450 774.152
638.734 772.310
639.017 863.164
639.300 902.520
639.584 801.612
639.867 1042.989
640.150 982.214
640.434 1030.888
640.717 1004.721
641.000 897.274
641.284 963.658
641.567 902.850
641.851 948.812
642.134 1054.452
642.417 1025.459
642.701 1148.057
642.984 1177.854
643.267 1088.329
643.551 993.789
643.834 957.262
644.117 979.803
644.401 933.890
644.684 1062.317
644.968 1176.078
645.251 1150.614
645.534 1013.683
645.818 1024.031
646.101 1208.120
646.384 1268.243
646.668 1348.084
646.951 1406.329
647.235 1459.371
647.518 1488.536
647.801 1668.076
648.085 1814.895
648.368 1942.570
648.651 1997.110
648.935 2204.289
649.218 2410.533
649.501 2395.868
649.785 2463.321
650.068 2824.601
650.352 2997.268
650.635 3143.797
650.918 3292.495
651.202 3665.273
651.485 3899.552
651.768 4087.698
652.052 4242.410
652.335 4478.814
652.618 4886.566
652.902 5120.324
653.185 5406.162
653.469 5546.755
653.752 5698.420
654.035 5762.619
654.319 5980.085
654.602 6137.263
654.885 6021.122
655.169 6119.466
655.452 6161.068
655.735 6216.082
656.019 6256.397
656.302 6281.327
656.586 6419.505
656.869 6672.793
657.152 6681.184
657.436 6606.886
657.719 6788.612
658.002 6940.373
658.286 6788.827
658.569 6533.909
658.852 6263.421
659.136 6157.387
659.419 5886.350
659.703 5581.811
659.986 5635.647
660.269 5522.016
660.553 5318.263
660.836 5277.641
661.119 5337.630
661.403 5348.530
661.686 5308.530
661.969 5194.622
662.253 5078.600
662.536 5103.019
662.820 5081.541
663.103 4925.383
663.386 4960.909
663.670 5030.917
663.953 4883.110
664.236 4956.982
664.520 4832.390
664.803 4792.905
665.086 4789.095
665.370 4864.897
665.653 4789.951
665.937 4708.631
666.220 4629.552
666.503 4443.982
666.787 4342.590
667.070 4162.420
667.353 3952.083
667.637 3659.105
667.920 3652.033
668.204 3283.757
668.487 2921.628
668.770 2838.073
669.054 2461.319
669.337 2250.809
669.620 2096.912
669.904 1906.414
670.187 1790.138
670.470 1813.422
670.754 1693.041
671.037 1473.628
671.321 1399.627
671.604 1493.111
671.887 1397.430
672.171 1350.375
672.454 1376.630
672.737 1331.323
673.021 1226.049
673.304 1271.484
673.587 1410.115
673.871 1319.423
674.154 1247.953
674.438 1334.566
674.721 1331.510
675.004 1260.891
675.288 1240.343
675.571 1207.662
675.854 1137.659
676.138 1111.024
676.421 1104.974
676.704 1068.953
676.988 1186.556
677.271 1387.190
677.555 1285.239
677.838 1169.444
678.121 1106.280
678.405 1014.395
678.688 1124.153
678.971 868.214
679.255 946.042
679.538 1146.276
679.821 1166.013
680.105 996.950
680.388 923.249
680.672 900.327
680.955 928.421
681.238 903.400
681.522 840.117
681.805 846.944
682.088 931.505
682.372 927.289
682.655 835.382
682.938 999.293
683.222 1021.240
683.505 934.560
683.789 991.013
684.072 895.951
684.355 921.138
684.639 929.516
684.922 827.246
685.205 792.826
685.489 908.719
685.772 983.885
686.056 981.803
686.339 1022.624
686.622 854.545
686.906 813.862
687.189 902.615
687.472 1072.787
687.756 899.641
688.039 801.441
688.322 829.651
688.606 1065.585
688.889 1004.025
689.173 885.053
689.456 1018.691
689.739 988.445
690.023 924.876
690.306 916.559
690.589 882.297
690.873 977.139
691.156 1045.843
691.439 959.500
691.723 904.375
692.006 917.843
692.290 869.183
692.573 983.571
692.856 1127.671
693.140 1144.277
693.423 1053.056
693.706 942.255
693.990 959.980
694.273 945.584
694.556 1058.153
694.840 1119.311
695.123 1030.370
695.407 1039.652
695.690 923.220
695.973 968.527
696.257 1053.033
696.540 1189.835
696.830 1113.611
697.120 1125.969
697.410 1132.025
697.699 1111.401
697.989 1345.943
698.279 1189.399
698.569 1080.623
698.859 1179.008
699.149 1259.443
699.439 1185.658
699.729 1091.616
700.018 1075.313
700.308 1163.946
700.598 1075.285
700.888 999.876
701.178 1161.322
701.468 1090.188
701.758 937.132
702.048 1031.285
702.337 997.974
702.627 1125.146
702.917 1060.588
703.207 932.595
703.497 926.650
703.787 857.400
704.077 831.123
704.366 906.787
704.656 888.850
704.946 773.206
705.236 718.511
705.526 878.496
705.816 962.351
706.106 695.213
706.396 709.484
706.685 727.254
706.975 630.951
707.265 635.670
707.555 773.996
707.845 762.574
708.135 665.471
708.425 549.884
708.715 604.852
709.004 804.870
709.294 782.165
709.584 722.460
709.874 760.944
710.164 806.331
710.454 721.978
710.744 612.700
711.034 686.082
711.323 696.565
711.613 605.052
711.903 724.439
712.193 795.258
712.483 670.403
712.773 677.308
713.063 649.504
713.352 653.151
713.642 665.581
713.932 752.109
714.222 798.378
714.512 675.055
714.802 630.793
715.092 749.032
715.382 652.827
715.671 598.499
715.961 625.305
716.251 564.633
716.541 631.483
716.831 708.782
717.121 591.712
717.411 682.466
717.701 750.430
717.990 696.862
718.280 613.412
718.570 606.748
718.860 637.678
719.150 635.442
719.440 597.643
719.730 635.484
720.019 880.127
720.309 747.273
720.599 662.289
720.889 635.826
721.179 694.220
721.469 686.285
721.759 663.953
722.049 752.181
722.338 590.169
722.628 613.417
722.918 688.665
723.208 713.087
723.498 609.261
723.788 662.804
724.078 893.816
724.368 823.236
724.657 693.369
724.947 674.772
725.237 693.783
725.527 722.761
725.817 626.617
726.107 557.856
726.397 549.172
726.686 535.653
726.976 639.155
727.266 740.722
727.556 701.091
727.846 782.138
728.136 739.816
728.426 632.743
728.716 579.469
729.005 718.055
729.295 668.656
729.585 557.353
729.875 538.852
730.165 621.839
730.455 665.506
730.745 657.434
731.035 682.697
731.324 723.928
731.614 648.756
731.904 607.619
732.194 778.678
732.484 719.145
732.774 664.690
733.064 668.601
733.354 553.835
733.643 591.573
733.933 595.890
734.223 596.884
734.513 761.621
734.803 768.238
735.093 649.233
735.383 574.692
735.672 600.102
735.962 685.445
736.252 522.527
736.542 609.760
736.832 613.698
737.122 487.849
737.412 601.594
737.702 740.575
737.991 688.583
738.281 644.725
738.571 625.448
738.861 585.360
739.151 612.939
739.441 754.932
739.731 612.375
740.021 614.586
740.310 734.542
740.600 780.696
740.890 563.414
741.180 555.661
741.470 619.846
741.760 696.865
742.050 830.152
742.339 730.923
742.629 602.357
742.919 792.287
743.209 578.085
743.499 537.133
743.789 584.219
744.079 594.139
744.369 667.755
744.658 636.392
744.948 437.762
745.238 620.573
745.528 752.406
745.818 816.664
746.108 691.683
746.398 701.327
746.688 632.825
746.977 746.052
747.267 654.711
747.557 712.041
747.847 774.684
748.137 686.917
748.427 652.110
748.717 548.197
749.006 461.103
749.296 612.976
749.586 631.290
749.876 694.687
750.166 630.961
750.456 638.588
750.746 680.163
751.036 536.469
751.325 654.252
751.615 646.933
751.905 706.892
752.195 725.617
752.485 621.636
752.775 660.315
753.065 575.249
753.355 745.438
753.644 743.455
753.934 651.335
754.224 629.637
754.514 770.851
754.804 625.663
755.094 543.435
755.384 573.544
755.674 625.719
755.963 700.963
756.253 679.597
756.543 728.081
756.833 715.493
757.123 691.701
757.413 614.023
757.703 594.946
757.992 579.889
758.282 645.590
758.572 645.252
758.862 602.055
759.152 644.284
759.442 654.700
759.732 700.602
760.022 745.847
760.311 671.162
760.601 543.414
760.891 605.807
761.181 660.492
761.471 657.151
761.761 531.950
762.051 558.151
762.341 743.725
762.630 809.950
762.920 657.904
763.210 642.456
763.500 646.862
763.793 585.450
764.086 642.870
764.379 617.091
764.671 752.923
764.964 652.338
765.257 661.410
765.550 649.657
765.843 519.634
766.136 668.846
766.429 605.355
766.722 616.848
767.014 571.980
767.307 407.418
767.600 430.597
767.893 521.775
768.186 497.599
768.479 583.303
768.772 723.441
769.064 686.161
769.357 616.001
769.650 586.397
769.943 715.734
770.236 668.420
770.529 568.305
770.822 611.669
771.115 677.211
771.407 759.648
771.700 777.829
771.993 794.793
772.286 703.192
772.579 711.573
772.872 586.590
773.165 539.228
773.457 610.818
773.750 677.042
774.043 597.342
774.336 589.882
774.629 639.113
774.922 648.857
775.215 598.421
775.508 594.211
775.800 528.238
776.093 687.901
776.386 729.480
776.679 649.668
776.972 715.143
777.265 871.253
777.558 871.399
777.850 668.530
778.143 696.688
778.436 695.394
778.729 598.230
779.022 604.277
779.315 560.072
779.608 496.773
779.900 562.116
780.193 586.254
780.486 595.722
780.779 563.045
781.072 482.337
781.365 618.244
781.658 611.853
781.951 567.693
782.243 635.710
782.536 689.213
782.829 668.145
783.122 687.238
783.415 718.661
783.708 688.588
784.001 687.601
784.293 737.768
784.586 784.140
784.879 756.100
785.172 694.298
785.465 589.800
785.758 594.827
786.051 626.907
786.344 719.670
786.636 876.562
786.929 687.390
787.222 640.640
787.515 626.361
787.808 606.145
788.101 584.183
788.394 741.042
788.686 913.886
788.979 835.816
789.272 703.129
789.565 642.563
789.858 587.689
790.151 532.348
790.444 537.359
790.737 549.912
791.029 516.895
791.322 643.657
791.615 645.025
791.908 670.306
792.201 636.719
792.494 655.043
792.787 725.124
793.079 790.668
793.372 644.478
793.665 722.903
793.958 681.045
794.251 666.105
794.544 754.103
794.837 777.802
795.130 663.161
795.422 660.186
795.715 661.199
796.008 702.793
796.301 715.352
796.594 666.563
796.887 684.507
797.180 662.274
797.472 535.669
797.765 419.035
798.058 545.127
798.351 602.516
798.644 563.648
798.937 552.696
799.230 598.974
799.523 931.590
799.815 862.812
800.108 601.611
800.401 503.920
800.694 637.173
800.987 640.541
801.280 680.797
801.573 757.735
801.865 812.696
802.158 685.154
802.451 577.384
802.744 550.454
803.037 555.459
803.330 532.053
803.623 727.146
803.915 753.109
804.208 569.062
804.501 653.299
804.794 701.362
805.087 601.676
805.380 463.619
805.673 451.158
805.966 616.338
806.258 611.961
806.551 605.172
806.844 595.147
807.137 726.414
807.430 584.133
807.723 545.996
808.016 720.710
808.308 777.507
808.601 623.350
808.894 557.215
809.187 596.059
809.480 691.048
809.773 632.077
810.066 679.005
810.359 754.226
810.651 696.227
810.944 444.532
811.237 471.232
811.530 640.772
811.825 582.848
812.119 460.176
812.414 398.637
812.709 543.499
813.003 575.991
813.298 566.323
813.593 624.223
813.887 556.804
814.182 860.180
814.476 793.048
814.771 752.453
815.066 678.719
815.360 571.337
815.655 513.425
815.950 569.913
816.244 648.260
816.539 740.320
816.834 654.708
817.128 658.452
817.423 821.913
817.718 947.149
818.012 727.514
818.307 460.390
818.602 584.380
818.896 701.611
819.191 638.626
819.486 599.792
819.780 720.301
820.075 830.161
820.369 781.221
820.664 653.680
820.959 712.701
821.253 763.195
821.548 686.526
821.843 730.542
822.137 698.052
822.432 655.771
822.727 605.375
823.021 602.890
823.316 771.768
823.611 796.436
823.905 609.245
824.200 537.500
824.495 686.328
824.789 740.140
825.084 685.634
825.379 642.068
825.673 675.496
825.968 767.946
826.262 702.037
826.557 736.171
826.852 771.497
827.146 680.217
827.441 680.571
827.736 695.109
828.030 660.793
828.325 504.055
828.620 628.274
828.914 756.480
829.209 615.319
829.504 788.839
829.798 769.195
830.093 665.859
830.388 572.850
830.682 452.936
830.977 606.257
831.271 719.493
831.566 612.941
831.861 575.141
832.155 595.632
832.450 732.932
832.745 811.367
833.039 688.632
833.334 592.079
833.629 659.620
833.923 576.848
834.218 521.702
834.513 508.616
834.807 539.502
835.102 531.352
835.397 558.882
835.691 529.165
835.986 506.065
836.281 515.365
836.575 571.625
836.870 602.749
837.164 630.721
837.459 550.040
837.754 570.561
838.048 572.669
838.343 549.737
838.638 603.822
838.932 641.683
839.227 601.502
839.522 645.525
839.816 639.511
840.111 575.361
840.406 577.685
840.700 788.484
840.995 946.654
841.290 902.363
841.584 645.929
841.879 725.944
842.174 692.060
842.468 639.986
842.763 573.431
843.057 662.955
843.352 664.724
843.647 701.409
843.941 671.540
844.236 704.053
844.531 727.780
844.825 696.799
845.120 758.050
845.415 801.099
845.709 765.055
846.004 798.246
846.299 622.361
846.593 755.486
846.888 757.774
847.183 682.835
847.477 614.771
847.772 664.813
848.066 741.719
848.361 655.724
848.656 708.938
848.950 693.430
849.245 780.051
849.540 663.360
849.834 778.682
850.129 766.975
850.424 682.911
850.718 654.975
851.013 787.173
851.308 704.768
851.602 720.856
851.897 842.208
852.192 904.582
852.486 775.377
852.781 663.135
853.076 825.807
853.370 858.057
853.665 783.701
853.959 704.300
854.254 589.486
854.549 843.954
854.843 802.966
855.138 695.031
855.433 787.123
855.727 917.468
856.022 752.604
856.317 618.586
856.611 657.747
856.906 564.637
857.201 689.579
857.495 849.124
857.790 823.608
858.085 734.010
858.379 688.295
858.674 556.233
858.969 510.176
859.263 582.531
859.558 634.585
859.852 560.676
860.147 670.206
860.442 782.776
860.736 548.205
861.031 683.240
861.326 805.072
861.620 688.553
861.915 795.803
862.210 783.598
862.504 659.877
862.799 707.183
863.094 759.947
863.388 671.297
863.683 599.548
863.978 549.985
864.272 578.314
864.567 628.972
864.861 607.772
865.156 561.454
865.451 508.269
865.745 702.029
866.040 772.415
866.335 764.658
866.629 806.064
866.924 649.750
867.219 606.467
867.513 751.308
867.808 735.038
868.103 647.978
868.397 680.735
868.692 700.584
868.987 615.126
869.281 568.444
869.576 713.040
869.871 779.405
870.165 594.853
870.460 482.718
870.754 608.013
871.049 550.271
871.344 641.272
871.638 664.064
871.933 624.343
872.228 683.779
872.522 628.420
872.817 664.132
873.112 917.569
873.406 772.455
873.701 779.296
873.996 725.209
874.290 636.967
874.585 630.887
874.880 680.723
875.174 613.962
875.469 587.293
875.764 634.035
876.058 586.183
876.353 479.734
876.647 492.694
876.942 555.572
877.237 615.232
877.531 639.245
877.826 679.638
878.121 655.848
878.415 555.521
878.710 555.848
879.005 741.008
879.299 613.570
879.594 515.531
879.889 430.471
880.183 465.321
880.478 552.894
880.773 559.342
881.067 576.017
881.362 589.840
881.656 550.593
881.951 568.612
882.246 481.175
882.540 493.201
882.835 537.808
883.130 560.281
883.424 542.269
883.719 525.748
884.014 610.009
884.308 571.212
884.603 505.179
884.898 515.592
885.192 678.613
885.487 611.776
885.782 529.952
886.076 647.714
886.371 599.883
886.666 402.942
886.960 503.846
887.255 503.405
887.549 483.748
887.844 690.192
888.139 711.530
888.433 676.466
888.728 591.792
889.023 590.914
889.317 617.359
889.612 483.961
889.907 518.940
890.201 573.817
890.496 592.771
890.791 578.123
891.085 546.731
891.380 574.984
891.675 593.170
891.969 594.063
892.264 474.441
892.559 508.378
892.853 655.350
893.148 542.386
893.442 537.034
893.737 613.355
894.032 535.291
894.326 448.957
894.621 456.896
894.916 413.217
895.210 493.920
895.505 599.479
895.800 518.674
896.094 428.624
896.389 493.065
896.684 550.047
896.978 493.966
897.273 423.231
897.568 596.012
897.862 611.579
898.157 508.140
898.451 668.776
898.746 656.396
899.041 673.816
899.335 668.511
899.630 560.957
899.925 590.585
900.219 619.824
900.514 667.961
900.809 572.778
901.103 418.129
901.398 579.772
901.693 572.426
901.987 541.751
902.282 619.640
902.577 519.952
902.871 448.196
903.166 578.846
903.461 664.194
903.755 624.583
904.050 561.755
904.344 478.392
904.639 527.300
904.934 570.871
905.228 561.115
905.523 514.852
905.818 536.019
906.112 653.145
906.407 592.962
906.702 505.436
906.996 582.676
907.291 549.939
907.586 488.264
907.880 681.248
908.175 658.240
908.470 618.249
908.764 660.386
909.059 733.238
909.354 648.819
909.648 521.567
909.943 529.795
910.237 720.161
910.532 761.821
910.827 789.328
911.121 755.199
911.416 627.001
911.711 567.268
912.005 602.392
912.300 599.823
912.599 697.704
912.898 602.431
913.196 616.176
913.495 665.351
913.794 740.947
914.093 617.705
914.391 620.724
914.690 683.105
914.989 595.984
915.288 695.251
915.586 632.074
915.885 491.881
916.184 414.952
916.483 486.256
916.782 646.014
917.080 641.325
917.379 601.110
917.678 553.619
917.977 664.839
918.275 720.349
918.574 679.715
918.873 669.923
919.172 646.469
919.471 531.796
919.769 564.785
920.068 588.796
920.367 518.162
920.666 553.784
920.964 612.979
921.263 502.417
921.562 521.736
921.861 671.373
922.159 607.699
922.458 593.160
922.757 583.227
923.056 538.640
923.355 561.780
923.653 711.643
923.952 693.802
924.251 550.794
924.550 682.381
924.848 727.892
925.147 626.993
925.446 560.165
925.745 642.799
926.043 641.101
926.342 568.107
926.641 519.685
926.940 613.535
927.239 645.578
927.537 720.923
927.836 690.003
928.135 645.774
928.434 715.186
928.732 649.747
929.031 676.317
929.330 655.150
929.629 666.784
929.927 694.944
930.226 612.630
930.525 618.306
930.824 758.936
931.123 639.989
931.421 719.957
931.720 705.225
932.019 735.798
932.318 710.189
932.616 606.934
932.915 600.093
933.214 714.638
933.513 705.458
933.812 705.724
934.110 812.969
934.409 867.262
934.708 687.999
935.007 917.274
935.305 886.554
935.604 696.831
935.903 809.613
936.202 868.316
936.500 916.067
936.799 1003.656
937.098 977.828
937.397 904.916
937.696 801.313
937.994 809.765
938.293 913.509
938.592 759.562
938.891 801.160
939.189 856.681
939.488 951.477
939.787 1134.203
940.086 914.282
940.384 858.107
940.683 814.529
940.982 725.410
941.281 860.809
941.580 1252.014
941.878 1194.765
942.177 925.002
942.476 974.069
942.775 954.897
943.073 815.277
943.372 770.107
943.671 921.147
943.970 1013.516
944.268 972.534
944.567 854.166
944.866 914.121
945.165 923.019
945.464 886.536
945.762 705.785
946.061 972.970
946.360 1052.236
946.659 1007.612
946.957 922.001
947.256 874.050
947.555 880.255
947.854 939.759
948.153 869.886
948.451 811.966
948.750 846.569
949.049 887.738
949.348 1026.568
949.646 892.920
949.945 874.713
950.244 1043.754
950.543 912.105
950.841 801.919
951.140 784.414
951.439 672.086
951.738 709.865
952.037 813.362
952.335 885.786
952.634 909.374
952.933 839.516
953.232 796.570
953.530 585.992
953.829 883.976
954.128 966.880
954.427 835.461
954.725 964.969
955.024 960.201
955.323 965.375
955.622 800.463
955.921 685.496
956.219 811.338
956.518 755.804
956.817 806.188
957.116 829.143
957.414 788.484
957.713 703.806
958.012 582.049
958.311 547.917
958.610 826.561
958.908 832.385
959.207 800.099
959.506 818.145
959.805 863.300
960.103 849.844
960.402 856.989
960.701 685.571
961.000 589.132
961.298 610.019
961.597 708.573
961.896 680.541
962.195 736.707
962.494 831.617
962.792 759.946
963.091 633.737
963.390 587.701
963.689 632.586
963.987 737.568
964.286 833.515
964.585 834.431
964.884 799.187
965.182 649.255
965.481 980.503
965.780 1105.130
966.080 941.811
966.380 831.249
966.680 733.585
966.981 753.109
967.281 737.653
967.581 664.101
967.881 724.878
968.181 796.316
968.481 734.557
968.781 695.288
969.082 580.749
969.382 680.019
969.682 767.599
969.982 738.165
970.282 825.953
970.582 655.403
970.882 610.492
971.183 798.561
971.483 709.682
971.783 670.193
972.083 745.889
972.383 785.111
972.683 746.202
972.983 802.359
973.284 723.801
973.584 671.571
973.884 702.168
974.184 709.560
974.484 787.752
974.784 705.168
975.084 621.429
975.385 629.098
975.685 737.427
975.985 706.287
976.285 732.079
976.585 716.644
976.885 665.163
977.185 618.471
977.486 638.503
977.786 697.676
978.086 814.550
978.386 848.867
978.686 629.530
978.986 567.243
979.286 653.251
979.587 704.260
979.887 585.268
980.187 576.276
980.487 549.284
980.787 660.292
981.087 624.300
981.387 789.308
981.688 691.317
981.988 557.325
982.288 607.333
982.588 691.341
982.888 624.349
983.188 571.357
983.488 709.365
983.789 707.373
984.089 713.381
984.389 657.389
984.689 624.397
984.989 575.405
985.289 601.413
985.589 746.421
985.890 626.429
986.190 531.437
986.490 593.445
986.790 710.453
987.090 618.461
987.390 627.469
987.690 662.477
987.991 562.485
988.291 632.493
988.591 613.501
988.891 497.509
989.191 528.517
989.491 725.525
989.791 699.532
990.092 711.540
990.392 704.548
990.692 626.556
990.992 617.564
991.292 519.572
991.592 682.580
991.892 684.588
992.193 686.595
992.493 694.603
992.793 617.611
993.093 632.619
993.393 629.627
993.693 660.634
993.993 679.642
994.294 712.650
994.594 655.658
994.894 585.666
995.194 564.673
995.494 501.681
995.794 525.689
996.094 526.697
996.395 618.704
996.695 796.712
996.995 609.720
997.295 444.728
997.595 497.735
997.895 487.743
998.195 442.751
998.496 485.758
998.796 504.766
999.096 761.774
999.396 677.781
999.696 617.789
999.996 643.797
1000.296 810.804
1000.597 771.812
1000.897 618.820
1001.197 629.827
1001.497 797.835
1001.797 578.842
1002.097 497.850
1002.397 641.858
1002.698 666.865
1002.998 693.873
1003.298 675.880
1003.598 547.888
1003.898 503.896
1004.198 683.903
1004.498 815.911
1004.799 738.918
1005.099 712.926
1005.399 725.933
1005.699 729.941
1005.999 696.948
1006.299 585.956
1006.599 833.963
1006.900 813.971
1007.200 612.978
1007.500 632.986
1007.800 637.993
1008.100 568.001
1008.400 507.008
1008.700 550.016
1009.001 556.023
1009.301 560.030
1009.601 758.038
1009.901 828.045
1010.201 733.053
1010.501 671.060
1010.801 816.067
1011.102 629.075
1011.402 604.082
1011.702 552.090
1012.002 548.097
1012.302 682.104
1012.602 642.112
1012.902 617.119
1013.203 676.126
1013.503 717.134
1013.803 718.141
1014.103 577.148
1014.403 600.156
1014.703 511.163
1015.003 510.170
1015.304 706.178
1015.604 769.185
1015.904 610.192
1016.204 590.200
1016.504 608.207
1016.804 603.214
1017.104 550.221
1017.405 565.229
1017.705 542.236
1018.005 505.243
1018.305 520.250
1018.605 554.258
1018.905 502.265
1019.205 503.272
1019.506 854.279
1019.806 844.286
1020.106 715.294
1020.406 749.301
1020.706 674.308
1021.006 660.315
1021.306 837.322
1021.607 722.329
1021.907 805.337
1022.207 774.344
1022.507 608.351
1022.807 588.358
1023.107 625.365
1023.407 557.372
1023.708 561.379
1024.008 559.386
1024.308 599.394
1024.608 600.401
1024.908 501.408
1025.208 654.415
1025.508 841.422
1025.809 751.429
1026.109 637.436
1026.409 707.443
1026.709 707.450
1027.009 650.457
1027.309 668.464
1027.609 556.471
1027.910 571.478
1028.210 674.485
1028.510 740.492
1028.810 945.499
1029.110 874.506
1029.410 715.513
1029.710 822.520
1030.011 795.527
1030.311 787.534
1030.611 615.541
1030.911 602.548
1031.211 698.555
1031.511 653.562
1031.811 832.569
1032.112 842.576
1032.412 705.583
1032.712 551.590
1033.012 606.597
1033.312 745.604
1033.612 713.611
1033.912 699.617
1034.212 637.624
1034.513 583.631
1034.813 548.638
1035.113 686.645
1035.413 569.652
1035.713 574.659
1036.013 693.666
1036.313 707.672
1036.614 748.679
1036.914 633.686
1037.214 471.693
1037.514 652.700
1037.814 636.707
1038.114 603.713
1038.414 603.720
1038.715 681.727
1039.015 551.734
1039.315 496.741
1039.615 626.747
1039.915 612.754
1040.215 533.761
1040.515 581.768
1040.816 728.774
1041.116 652.781
1041.416 572.788
1041.716 521.795
1042.016 502.801
1042.316 702.808
1042.616 645.815
1042.917 498.821
1043.217 521.828
1043.517 589.835
1043.817 728.842
1044.117 663.848
1044.417 571.855
1044.717 558.862
1045.018 595.868
1045.318 683.875
1045.618 661.882
1045.918 547.888
1046.218 465.895
1046.518 584.902
1046.818 654.908
1047.119 548.915
1047.419 804.921
1047.719 763.928
1048.019 623.935
1048.319 667.941
1048.619 667.948
1048.919 740.955
1049.220 638.961
1049.520 715.968
1049.820 628.974
1050.120 524.981
1050.420 722.987
1050.720 677.994
1051.020 678.001
1051.321 695.007
1051.621 742.014
1051.921 652.020
1052.221 518.027
1052.521 474.033
1052.821 488.040
1053.121 568.046
1053.422 687.053
1053.722 836.059
1054.022 707.066
1054.322 785.072
1054.622 686.079
1054.922 555.085
1055.222 677.092
1055.523 688.098
1055.823 689.105
1056.123 711.111
1056.423 663.118
1056.723 751.124
1057.023 689.130
1057.323 522.137
1057.624 615.143
1057.924 700.150
1058.224 679.156
1058.524 598.163
1058.824 706.169
1059.124 654.175
1059.424 573.182
1059.725 657.188
1060.025 585.194
1060.325 580.201
1060.625 571.207
1060.925 599.214
1061.225 611.220
1061.525 752.226
1061.826 704.233
1062.126 671.239
1062.426 696.245
1062.726 702.252
1063.026 655.258
1063.326 838.264
1063.626 826.271
1063.927 693.277
1064.227 664.283
1064.527 575.290
1064.827 759.296
1065.127 707.302
1065.427 517.308
1065.727 508.315
1066.028 660.321
1066.328 732.327
1066.628 587.334
1066.928 509.340
1067.228 610.346
1067.528 652.352
1067.828 572.358
1068.129 497.365
1068.429 657.371
1068.729 729.377
1069.029 602.383
1069.329 519.390
1069.629 600.396
1069.929 694.402
1070.230 743.408
1070.530 710.414
1070.830 636.421
1071.130 709.427
1071.430 619.433
1071.730 674.439
1072.030 762.445
1072.331 596.451
1072.631 642.458
1072.931 707.464
1073.231 702.470
1073.531 646.476
1073.831 609.482
1074.131 678.488
1074.432 773.494
1074.732 696.501
1075.032 573.507
1075.332 574.513
1075.632 606.519
1075.932 560.525
1076.232 576.531
1076.533 607.537
1076.833 639.543
1077.133 599.549
1077.433 593.555
1077.733 573.561
1078.033 691.567
1078.333 690.573
1078.634 675.580
1078.934 700.586
1079.234 572.592
1079.534 715.598
1079.834 763.604
1080.134 647.610
1080.434 702.616
1080.735 720.622
1081.035 665.628
1081.335 548.634
1081.635 565.640
1081.935 618.646
1082.235 569.652
1082.535 570.658
1082.836 589.664
1083.136 597.670
1083.436 696.676
1083.736 728.682
1084.036 557.687
1084.336 570.693
1084.636 630.699
1084.937 733.705
1085.237 763.711
1085.537 648.717
1085.837 659.723
1086.137 632.729
1086.437 708.735
1086.737 602.741
1087.038 589.747
1087.338 715.753
1087.638 731.759
1087.938 566.764
1088.238 451.770
1088.538 576.776
1088.838 724.782
1089.139 745.788
1089.439 536.794
1089.739 657.800
1090.039 707.805
1090.339 739.811
1090.639 638.817
1090.939 682.823
1091.240 595.829
1091.540 594.835
1091.840 579.841
1092.140 785.846
1092.453 774.852
1092.766 592.858
1093.079 536.864
1093.392 595.870
1093.705 583.875
1094.018 638.881
1094.330 784.887
1094.643 686.893
1094.956 796.898
1095.269 735.904
1095.582 742.910
1095.895 618.916
1096.208 613.922
1096.521 690.927
1096.834 682.933
1097.147 633.939
1097.460 714.944
1097.773 823.950
1098.085 642.956
1098.398 561.962
1098.711 579.967
1099.024 537.973
1099.337 640.979
1099.650 795.984
1099.963 795.990
1100.276 575.996
1100.589 571.002
1100.902 686.007
1101.215 669.013
1101.528 679.019
1101.841 592.024
1102.153 727.030
1102.466 807.036
1102.779 601.041
1103.092 533.047
1103.405 601.052
1103.718 559.058
1104.031 521.064
1104.344 628.069
1104.657 593.075
1104.970 912.081
1105.283 758.086
1105.596 577.092
1105.909 614.097
1106.221 721.103
1106.534 712.109
1106.847 549.114
1107.160 506.120
1107.473 506.125
1107.786 573.131
1108.099 478.137
1108.412 587.142
1108.725 666.148
1109.038 565.153
1109.351 662.159
1109.664 667.164
1109.977 588.170
1110.289 616.175
1110.602 607.181
1110.915 606.186
1111.228 579.192
1111.541 536.198
1111.854 552.203
1112.167 491.209
1112.480 494.214
1112.793 522.220
1113.106 565.225
1113.419 638.231
1113.732 655.236
1114.044 560.242
1114.357 595.247
1114.670 593.252
1114.983 536.258
1115.296 567.263
1115.609 634.269
1115.922 611.274
1116.235 643.280
1116.548 656.285
1116.861 590.291
1117.174 622.296
1117.487 681.302
1117.800 843.307
1118.112 656.312
1118.425 580.318
1118.738 582.323
1119.051 549.329
1119.364 541.334
1119.677 664.339
1119.990 640.345
1120.303 642.350
1120.616 746.356
1120.929 604.361
1121.242 648.366
1121.555 636.372
1121.868 674.377
1122.180 656.382
1122.493 449.388
1122.806 508.393
1123.119 612.399
1123.432 633.404
1123.745 683.409
1124.058 630.415
1124.371 585.420
1124.684 704.425
1124.997 696.431
1125.310 627.436
1125.623 499.441
1125.935 483.447
1126.248 580.452
1126.561 696.457
1126.874 668.462
1127.187 754.468
1127.500 774.473
1127.813 685.478
1128.126 662.484
1128.439 688.489
1128.752 830.494
1129.065 624.499
1129.378 458.505
1129.691 577.510
1130.003 601.515
1130.316 574.520
1130.629 498.526
1130.942 576.531
1131.255 615.536
1131.568 560.541
1131.881 594.547
1132.194 656.552
1132.507 616.557
1132.820 579.562
1133.133 691.567
1133.446 510.573
1133.759 736.578
1134.071 1187.583
1134.384 844.588
1134.697 781.593
1135.010 849.599
1135.323 668.604
1135.636 577.609
1135.949 498.614
1136.262 547.619
1136.575 558.625
1136.888 596.630
1137.201 592.635
1137.514 577.640
1137.826 716.645
1138.139 594.650
1138.452 599.655
1138.765 842.661
1139.078 844.666
1139.391 801.671
1139.704 700.676
1140.017 707.681
1140.330 636.686
1140.643 542.691
1140.956 584.696
1141.269 649.702
1141.582 641.707
1141.894 569.712
1142.207 750.717
1142.520 683.722
1142.833 738.727
1143.146 640.732
1143.459 491.737
1143.772 556.742
1144.085 723.747
1144.398 640.752
1144.711 576.757
1145.024 572.762
1145.337 653.767
1145.650 721.773
1145.962 615.778
1146.275 595.783
1146.588 523.788
1146.901 690.793
1147.214 667.798
1147.527 564.803
1147.840 629.808
1148.153 628.813
1148.466 592.818
1148.779 598.823
1149.092 734.828
1149.405 640.833
1149.718 708.838
1150.030 751.843
1150.343 627.848
1150.656 531.853
1150.969 526.858
1151.282 732.863
1151.595 665.868
1151.908 604.873
1152.221 460.877
1152.534 472.882
1152.847 756.887
1153.160 655.892
1153.473 660.897
1153.785 675.902
1154.098 701.907
1154.411 783.912
1154.724 678.917
1155.037 780.922
1155.350 652.927
1155.663 687.932
1155.976 619.937
1156.289 688.942
1156.602 586.946
1156.915 464.951
1157.228 468.956
1157.541 558.961
1157.853 557.966
1158.166 640.971
1158.479 708.976
1158.792 651.981
1159.105 657.986
1159.418 673.990
1159.731 573.995
1160.044 573.000
1160.357 750.005
1160.670 739.010
1160.983 517.015
1161.296 613.020
1161.609 749.024
1161.921 655.029
1162.234 584.034
1162.547 454.039
1162.860 475.044
1163.173 510.049
1163.486 625.053
1163.799 629.058
1164.112 615.063
1164.425 615.068
1164.738 569.073
1165.051 544.077
1165.364 561.082
1165.676 601.087
1165.989 633.092
1166.302 577.097
1166.615 675.101
1166.928 657.106
1167.241 731.111
1167.554 720.116
1167.867 685.120
1168.180 597.125
1168.493 482.130
1168.806 575.135
1169.119 562.139
1169.432 642.144
1169.744 686.149
1170.057 713.154
1170.370 806.158
1170.683 717.163
1170.996 557.168
1171.309 603.173
1171.622 567.177
1171.935 593.182
1172.248 817.187
1172.561 738.191
1172.874 662.196
1173.187 690.201
1173.500 740.205
1173.812 802.210
1174.125 756.215
1174.438 725.220
1174.751 582.224
1175.064 587.229
1175.377 692.234
1175.690 600.238
1176.003 541.243
1176.316 655.248
1176.629 674.252
1176.942 615.257
1177.255 568.262
1177.567 513.266
1177.880 539.271
1178.193 625.275
1178.506 576.280
1178.819 695.285
1179.132 716.289
1179.445 472.294
1179.758 684.299
1180.071 754.303
1180.384 595.308
1180.697 615.312
1181.010 736.317
1181.323 815.322
1181.635 823.326
1181.948 746.331
1182.261 597.335
1182.574 521.340
1182.887 621.345
1183.200 774.349
1183.513 649.354
1183.826 549.358
1184.139 632.363
1184.452 571.367
1184.765 485.372
1185.078 466.377
1185.391 558.381
1185.703 526.386
1186.016 434.390
1186.329 479.395
1186.642 575.399
1186.955 677.404
1187.268 580.408
1187.581 643.413
1187.894 615.417
1188.207 662.422
1188.520 613.426
1188.833 636.431
1189.146 515.436
1189.459 438.440
1189.771 516.445
1190.084 653.449
1190.397 565.454
1190.710 621.458
1191.023 666.463
1191.336 657.467
1191.649 603.471
1191.962 646.476
1192.275 569.480
1192.588 707.485
1192.901 832.489
1193.214 578.494
1193.526 550.498
1193.839 659.503
1194.152 580.507
1194.465 676.512
1194.778 637.516
1195.091 657.521
1195.404 590.525
1195.717 616.529
1196.030 647.534
1196.343 591.538
1196.656 552.543
1196.969 581.547
1197.282 655.552
1197.594 655.556
1197.907 761.560
1198.220 747.565
1198.533 599.569
1198.846 562.574
1199.159 560.578
1199.472 568.582
1199.785 641.587
1200.098 566.591
1200.411 675.596
1200.724 706.600
1201.037 672.604
1201.350 505.609
1201.662 441.613
1201.975 567.618
1202.288 596.622
1202.601 199.626
