165.028 143.977
165.288 154.616
165.547 215.257
165.807 211.902
166.067 154.550
166.327 89.202
166.587 63.856
166.847 154.514
167.107 156.174
167.367 227.838
167.627 242.505
167.886 185.174
168.146 212.847
168.406 383.523
168.666 287.201
168.926 222.883
169.186 274.567
169.446 256.254
169.706 98.944
169.966 214.636
170.225 249.331
170.485 241.029
170.745 332.730
171.005 466.433
171.265 288.139
171.525 241.848
171.785 172.559
172.045 251.272
172.305 334.989
172.564 245.707
172.824 139.428
173.084 325.151
173.344 217.877
173.604 216.605
173.864 326.336
174.124 290.069
174.384 303.804
174.644 360.541
174.903 483.280
175.163 465.022
175.423 510.766
175.683 310.512
175.943 332.260
176.203 273.010
176.463 251.762
176.723 249.516
176.983 308.272
177.242 332.030
177.502 483.791
177.762 447.552
178.022 219.316
178.282 274.082
178.542 256.849
178.802 222.619
179.062 204.390
179.322 383.163
179.581 453.937
179.841 399.713
180.101 454.491
180.361 424.271
180.621 350.052
180.881 316.834
181.141 331.618
181.401 305.404
181.661 343.191
181.920 468.980
182.180 356.770
182.440 296.562
182.700 229.355
182.960 228.149
183.220 312.945
183.480 582.741
183.740 446.540
184.000 293.339
184.259 197.140
184.519 349.942
184.779 310.745
185.039 403.549
185.299 539.355
185.559 524.161
185.819 430.969
186.079 490.778
186.339 446.587
186.598 393.398
186.858 277.210
187.118 254.022
187.378 384.836
187.638 375.651
187.898 461.466
188.158 501.282
188.418 362.100
188.678 287.918
188.937 356.736
189.197 474.556
189.457 503.376
189.717 388.197
189.977 282.019
190.237 256.841
190.497 421.664
190.757 402.488
191.017 394.312
191.276 312.137
191.536 321.963
191.796 314.789
192.056 319.615
192.316 334.443
192.576 300.270
192.836 284.098
193.096 287.927
193.356 256.755
193.616 299.585
193.875 313.414
194.135 283.244
194.395 436.075
194.655 440.906
194.915 415.736
195.175 380.568
195.435 428.399
195.695 206.231
195.955 93.063
196.214 238.895
196.474 405.727
196.734 388.560
196.994 408.393
197.254 410.225
197.514 281.058
197.774 276.891
198.034 250.724
198.294 217.557
198.553 282.390
198.813 283.223
199.073 193.056
199.333 223.889
199.593 391.722
199.853 400.555
200.113 458.388
200.373 450.221
200.633 202.053
200.892 184.886
201.152 151.718
201.412 213.550
201.672 385.382
201.932 539.214
202.192 503.046
202.452 309.877
202.712 283.708
202.972 311.539
203.231 355.370
203.491 330.200
203.751 312.030
204.011 360.859
204.271 421.689
204.531 217.518
204.791 152.346
205.051 173.174
205.311 259.002
205.570 193.829
205.830 233.656
206.090 253.483
206.350 343.309
206.610 540.134
206.870 330.959
207.130 254.784
207.390 301.608
207.650 258.431
207.909 306.254
208.169 367.076
208.429 368.898
208.689 205.719
208.949 302.540
209.209 451.360
209.469 278.179
209.729 206.998
209.989 245.816
210.248 198.633
210.508 459.450
210.768 383.266
211.028 238.081
211.288 324.896
211.548 339.710
211.808 331.523
212.068 453.336
212.328 511.147
212.587 443.958
212.847 276.768
213.107 359.578
213.367 389.386
213.627 359.194
213.887 369.001
214.147 220.807
214.407 255.612
214.667 299.417
214.926 399.220
215.186 334.023
215.446 375.825
215.706 242.626
215.966 233.426
216.226 290.225
216.486 241.023
216.746 312.820
217.006 390.616
217.265 298.412
217.525 232.206
217.785 305.999
218.045 360.792
218.305 312.583
218.565 280.374
218.825 362.163
219.085 473.952
219.345 304.739
219.604 226.525
219.864 370.311
220.124 422.095
220.384 315.878
220.644 281.661
220.904 246.442
221.164 324.222
221.424 305.001
221.684 250.779
221.943 304.556
222.203 407.331
222.463 314.106
222.723 223.879
222.983 353.652
223.243 289.423
223.503 345.193
223.763 307.962
224.023 272.730
224.282 416.497
224.542 450.262
224.802 406.026
225.062 358.790
225.322 478.552
225.582 421.312
225.842 378.072
226.102 355.830
226.362 381.588
226.621 437.344
226.881 318.098
227.141 278.852
227.401 327.604
227.661 263.355
227.921 440.105
228.181 377.854
228.441 292.601
228.701 464.347
228.960 508.092
229.220 291.836
229.480 235.578
229.740 432.319
230.000 509.059
230.260 359.798
230.520 318.535
230.780 331.271
231.040 303.006
231.299 289.739
231.559 353.471
231.819 384.202
232.079 475.932
232.339 394.660
232.599 226.387
232.859 398.112
233.119 504.837
233.379 345.560
233.638 332.281
233.898 472.002
234.158 509.721
234.418 364.438
234.678 386.155
234.938 482.869
235.198 323.583
235.458 248.295
235.718 350.006
235.978 320.716
236.237 307.424
236.497 412.131
236.757 452.836
237.017 384.541
237.277 364.243
237.537 352.945
237.797 241.645
238.057 384.344
238.317 361.041
238.576 232.737
238.836 314.431
239.096 389.125
239.356 338.816
239.616 285.507
239.876 315.196
240.136 357.883
240.396 494.570
240.656 545.255
240.915 451.938
241.175 401.620
241.435 329.301
241.695 426.980
241.955 566.658
242.215 594.335
242.475 506.010
242.735 366.683
242.995 435.356
243.254 437.027
243.514 361.696
243.774 204.364
244.034 339.031
244.294 615.696
244.554 501.360
244.814 439.023
245.074 361.684
245.334 374.344
245.593 372.002
245.853 371.659
246.113 298.314
246.373 430.968
246.633 485.621
246.893 376.272
247.153 425.922
247.413 476.570
247.673 395.217
247.932 318.863
248.192 412.507
248.452 518.150
248.712 412.791
248.972 292.431
249.232 492.070
249.492 409.707
249.752 233.343
250.012 459.977
250.271 384.610
250.531 420.241
250.791 636.871
251.051 614.500
251.311 422.127
251.571 289.753
251.831 412.378
252.091 466.001
252.351 378.622
252.610 356.243
252.870 451.861
253.130 352.479
253.390 361.095
253.650 495.709
253.911 466.323
254.172 477.934
254.433 400.545
254.694 369.154
254.955 403.761
255.216 347.368
255.477 479.972
255.738 458.576
255.999 330.178
256.261 435.778
256.522 502.378
256.783 478.975
257.044 301.572
257.305 202.167
257.566 216.761
257.827 206.353
258.088 321.944
258.349 346.533
258.610 421.121
258.871 461.708
259.132 526.293
259.393 416.877
259.654 285.460
259.915 226.041
260.176 326.621
260.437 431.199
260.698 311.776
260.959 316.352
261.221 446.926
261.482 553.499
261.743 476.071
262.004 422.641
262.265 618.210
262.526 588.777
262.787 384.343
263.048 357.908
263.309 314.471
263.570 469.033
263.831 437.594
264.092 393.153
264.353 258.711
264.614 531.268
264.875 465.823
265.136 334.377
265.397 586.930
265.658 670.481
265.919 647.031
266.181 600.579
266.442 429.126
266.703 338.672
266.964 336.217
267.225 314.760
267.486 284.302
267.747 460.843
268.008 519.382
268.269 528.920
268.530 501.456
268.791 489.991
269.052 496.525
269.313 398.058
269.574 401.589
269.835 417.119
270.096 422.648
270.357 477.175
270.618 376.701
270.879 307.226
271.141 403.750
271.402 420.272
271.663 337.793
271.924 405.312
272.185 422.830
272.446 425.347
272.707 443.863
272.968 367.377
273.229 358.891
273.490 367.402
273.751 338.913
274.012 387.422
274.273 479.930
274.534 416.437
274.795 431.943
275.056 445.447
275.317 361.950
275.578 294.451
275.839 358.952
276.101 385.451
276.362 398.949
276.623 441.445
276.884 518.941
277.145 491.435
277.406 480.928
277.667 413.419
277.928 335.910
278.189 544.399
278.450 530.887
278.711 454.374
278.972 494.859
279.233 396.343
279.494 483.826
279.755 629.308
280.016 598.789
280.277 472.268
280.538 444.746
280.799 358.223
281.061 391.699
281.322 413.173
281.583 430.646
281.844 371.118
282.105 397.589
282.366 518.059
282.627 446.527
282.888 509.995
283.149 500.461
283.410 461.926
283.671 518.389
283.932 474.852
284.193 278.313
284.454 415.773
284.715 467.232
284.976 403.690
285.237 520.147
285.498 686.602
285.759 579.057
286.021 578.510
286.282 523.962
286.543 502.412
286.804 466.862
287.065 490.311
287.326 557.758
287.587 370.204
287.848 477.649
288.109 629.093
288.370 566.536
288.631 401.978
288.892 384.418
289.153 351.857
289.414 273.296
289.675 517.733
289.936 639.169
290.197 586.604
290.458 506.037
290.719 461.470
290.981 586.901
291.242 648.332
291.503 599.761
291.764 366.189
292.025 246.616
292.286 332.042
292.547 430.467
292.808 402.891
293.069 481.314
293.330 517.735
293.591 526.156
293.852 527.575
294.113 445.993
294.374 428.411
294.635 486.827
294.896 534.242
295.157 564.656
295.418 526.069
295.679 570.481
295.941 561.891
296.202 560.301
296.463 484.710
296.724 552.117
296.985 582.524
297.246 560.930
297.507 465.334
297.768 397.737
298.029 524.140
298.290 726.541
298.551 744.941
298.812 707.341
299.073 487.739
299.334 404.136
299.595 551.532
299.856 524.927
300.117 624.322
300.378 578.715
300.639 393.107
300.901 429.498
301.162 556.888
301.423 588.277
301.684 684.665
301.945 713.052
302.206 435.438
302.467 433.823
302.728 401.207
302.989 506.590
303.250 597.972
303.511 686.353
303.772 684.733
304.033 586.112
304.294 486.490
304.555 490.867
304.816 582.243
305.077 582.619
305.338 460.993
305.599 442.366
305.861 502.738
306.122 541.109
306.383 519.480
306.644 518.849
306.905 411.218
307.166 577.585
307.427 630.951
307.688 547.317
307.949 480.682
308.210 519.045
308.471 537.408
308.732 433.770
308.993 363.131
309.254 382.490
309.515 279.849
309.776 438.207
310.037 450.565
310.298 345.921
310.559 425.276
310.821 576.630
311.082 554.984
311.343 423.336
311.604 354.688
311.865 313.038
312.126 341.388
312.387 421.737
312.648 434.085
312.909 502.432
313.170 532.778
313.434 532.124
313.698 482.468
313.963 506.811
314.227 427.154
314.491 447.496
314.755 483.837
315.019 487.177
315.284 355.516
315.548 524.854
315.812 541.191
316.076 629.528
316.340 612.863
316.604 547.198
316.869 579.532
317.133 537.865
317.397 646.197
317.661 678.528
317.925 519.858
318.190 486.188
318.454 487.517
318.718 435.845
318.982 567.172
319.246 622.498
319.511 738.823
319.775 531.148
320.039 513.471
320.303 538.794
320.567 566.116
320.832 538.437
321.096 526.758
321.360 516.077
321.624 471.396
321.888 396.714
322.153 451.031
322.417 429.347
322.681 327.662
322.945 488.977
323.209 549.291
323.473 466.604
323.738 465.916
324.002 501.227
324.266 640.538
324.530 586.848
324.794 503.157
325.059 432.465
325.323 423.772
325.587 534.079
325.851 491.385
326.115 632.690
326.380 590.994
326.644 496.298
326.908 500.600
327.172 483.902
327.436 495.203
327.701 527.504
327.965 504.803
328.229 511.102
328.493 355.400
328.757 435.698
329.022 559.994
329.286 394.290
329.550 404.585
329.814 442.880
330.078 465.173
330.342 449.466
330.607 452.758
330.871 574.049
331.135 713.340
331.399 681.630
331.663 510.919
331.928 521.207
332.192 561.495
332.456 521.782
332.720 536.068
332.984 466.353
333.249 494.638
333.513 468.922
333.777 392.205
334.041 370.488
334.305 476.769
334.570 529.051
334.834 426.331
335.098 609.611
335.362 661.890
335.626 565.168
335.891 519.445
336.155 559.722
336.419 528.998
336.683 331.274
336.947 468.549
337.211 529.823
337.476 417.096
337.740 457.369
338.004 510.641
338.268 492.912
338.532 565.182
338.797 564.452
339.061 592.722
339.325 647.990
339.589 669.258
339.853 579.525
340.118 537.792
340.382 615.058
340.646 675.323
340.910 431.587
341.174 462.851
341.439 492.114
341.703 514.377
341.967 490.639
342.231 479.900
342.495 438.160
342.759 528.420
343.024 489.680
343.288 632.938
343.552 611.196
343.816 343.453
344.080 387.710
344.345 491.966
344.609 374.221
344.873 318.476
345.137 481.730
345.401 564.983
345.666 411.236
345.930 598.488
346.194 670.740
346.458 437.991
346.722 426.241
346.987 464.491
347.251 568.740
347.515 703.988
347.779 484.236
348.043 426.483
348.308 469.730
348.572 431.976
348.836 384.221
349.100 443.466
349.364 389.710
349.628 386.953
349.893 468.196
350.157 593.438
350.421 608.680
350.685 571.921
350.949 466.162
351.214 396.402
351.478 438.641
351.742 438.880
352.006 515.118
352.270 477.355
352.535 382.592
352.799 413.828
353.063 543.064
353.327 473.299
353.591 424.534
353.856 476.768
354.120 529.001
354.384 592.234
354.648 662.466
354.912 557.698
355.177 470.929
355.441 444.160
355.705 688.390
355.969 707.619
356.233 612.848
356.497 569.076
356.762 531.304
357.026 471.531
357.290 532.758
357.554 577.984
357.818 559.209
358.083 552.434
358.347 513.659
358.611 527.882
358.875 537.106
359.139 513.328
359.404 442.551
359.668 598.772
359.932 701.993
360.196 644.214
360.460 513.434
360.725 553.653
360.989 680.872
361.253 748.091
361.517 669.309
361.781 662.526
362.046 635.743
362.310 600.959
362.574 605.175
362.838 517.390
363.102 604.605
363.366 638.819
363.631 467.033
363.895 482.246
364.159 640.458
364.423 587.670
364.687 633.882
364.952 658.093
365.216 680.304
365.480 607.514
365.747 449.723
366.013 510.932
366.280 527.141
366.546 617.349
366.813 531.556
367.079 587.763
367.346 649.970
367.612 577.176
367.879 620.381
368.145 701.586
368.412 565.791
368.678 489.995
368.945 616.198
369.211 594.401
369.478 543.604
369.744 527.806
370.011 531.008
370.278 572.209
370.544 508.409
370.811 555.609
371.077 541.809
371.344 506.008
371.610 563.207
371.877 573.405
372.143 630.603
372.410 658.800
372.676 719.997
372.943 683.193
373.209 624.389
373.476 541.584
373.742 439.779
374.009 564.974
374.276 618.168
374.542 556.361
374.809 459.554
375.075 326.747
375.342 322.939
375.608 332.131
375.875 437.322
376.141 662.513
376.408 603.703
376.674 570.893
376.941 533.082
377.207 521.271
377.474 941.460
377.740 828.648
378.007 513.835
378.273 602.022
378.540 661.209
378.807 540.395
379.073 458.581
379.340 495.767
379.606 570.952
379.873 518.136
380.139 491.320
380.406 603.504
380.672 558.687
380.939 483.870
381.205 483.052
381.472 415.234
381.738 398.416
382.005 543.597
382.271 593.777
382.538 560.957
382.804 743.137
383.071 628.317
383.338 518.496
383.604 530.674
383.871 674.852
384.137 725.030
384.404 638.207
384.670 572.384
384.937 532.560
385.203 610.736
385.470 580.912
385.736 575.087
386.003 564.262
386.269 553.436
386.536 489.610
386.802 509.784
387.069 641.957
387.336 825.130
387.602 735.302
387.869 496.474
388.135 456.645
388.402 428.817
388.668 575.987
388.935 694.158
389.201 766.328
389.468 768.497
389.734 786.666
390.001 690.835
390.267 608.003
390.534 679.171
390.800 609.339
391.067 692.506
391.333 663.673
391.600 564.840
391.867 669.006
392.133 662.171
392.400 583.337
392.666 478.501
392.933 649.666
393.199 728.830
393.466 654.994
393.732 643.157
393.999 723.320
394.265 759.483
394.532 608.645
394.798 650.807
395.065 677.968
395.331 754.130
395.598 790.290
395.864 804.451
396.131 970.611
396.398 1122.770
396.664 1294.930
396.931 1569.089
397.197 1961.247
397.464 2235.405
397.730 2773.563
397.997 3043.721
398.263 3172.878
398.530 3279.035
398.796 3627.191
399.063 3816.347
399.329 3799.503
399.596 4012.658
399.862 4095.813
400.129 4275.968
400.396 4377.122
400.662 4136.276
400.929 4290.429
401.195 4438.583
401.462 4615.736
401.728 4761.888
401.995 4977.040
402.261 5080.192
402.528 5315.344
402.794 5495.495
403.061 5663.646
403.327 5901.796
403.594 5899.946
403.860 5736.096
404.127 5621.245
404.393 5689.394
404.660 5698.543
404.931 5698.692
405.202 5967.840
405.473 6074.988
405.745 6314.135
406.016 6637.282
406.287 6485.429
406.558 6388.575
406.829 6491.721
407.100 6468.867
407.371 6689.013
407.642 6768.158
407.914 6790.303
408.185 6798.447
408.456 6855.591
408.727 7024.735
408.998 7159.879
409.269 7426.022
409.540 7374.165
409.811 7052.307
410.083 6916.449
410.354 6840.591
410.625 6552.733
410.896 6498.874
411.167 6502.015
411.438 6322.156
411.709 5876.296
411.981 5984.436
412.252 5599.576
412.523 5084.715
412.794 4980.854
413.065 4698.993
413.336 4247.132
413.607 4203.270
413.878 4039.408
414.150 3722.545
414.421 3371.682
414.692 3188.819
414.963 3009.956
415.234 2918.092
415.505 2699.228
415.776 2617.364
416.047 2450.500
416.319 2183.635
416.590 1850.770
416.861 1527.904
417.132 1585.038
417.403 1492.172
417.674 1327.306
417.945 1165.439
418.217 1013.572
418.488 1048.705
418.759 929.838
419.030 886.970
419.301 933.102
419.572 978.233
419.843 964.365
420.114 793.496
420.386 774.627
420.657 886.757
420.928 784.887
421.199 747.017
421.470 691.147
421.741 639.276
422.012 683.405
422.283 667.534
422.555 662.662
422.826 757.791
423.097 823.919
423.368 787.046
423.639 701.174
423.910 775.301
424.181 721.427
424.453 627.554
424.724 918.680
424.995 987.806
425.266 782.932
425.537 704.057
425.808 898.183
426.079 965.308
426.350 884.432
426.622 826.557
426.893 942.681
427.164 860.804
427.435 795.928
427.706 797.051
427.977 815.174
428.248 815.297
428.519 873.420
428.791 829.542
429.062 912.664
429.333 798.786
429.604 762.907
429.875 902.028
430.146 1004.149
430.417 956.270
430.689 829.390
430.960 721.510
431.231 726.630
431.502 963.750
431.773 991.869
432.044 845.988
432.315 1000.107
432.586 926.226
432.858 882.344
433.129 704.462
433.400 726.580
433.671 778.698
433.942 692.815
434.213 579.932
434.484 659.049
434.755 716.166
435.027 544.282
435.298 657.398
435.569 737.514
435.840 654.630
436.116 662.745
436.391 715.860
436.667 717.975
436.942 782.090
437.218 849.204
437.493 836.318
437.769 835.432
438.045 731.546
438.320 718.659
438.596 762.772
438.871 719.885
439.147 693.998
439.422 640.111
439.698 532.223
439.974 605.335
440.249 785.447
440.525 804.558
440.800 552.669
441.076 641.780
441.351 814.891
441.627 858.002
441.903 794.112
442.178 603.222
442.454 634.332
442.729 894.442
443.005 714.551
443.281 766.661
443.556 883.770
443.832 797.878
444.107 699.987
444.383 742.095
444.658 712.203
444.934 572.311
445.210 822.419
445.485 886.526
445.761 844.633
446.036 740.740
446.312 857.847
446.587 887.954
446.863 651.060
447.139 702.166
447.414 773.272
447.690 849.377
447.965 872.483
448.241 768.588
448.516 765.693
448.792 723.798
449.068 703.902
449.343 740.007
449.619 663.111
449.894 716.215
450.170 733.318
450.445 955.422
450.721 991.525
450.997 705.628
451.272 907.731
451.548 858.833
451.823 829.936
452.099 890.038
452.375 786.140
452.650 804.242
452.926 886.343
453.201 957.445
453.477 1191.546
453.752 1072.647
454.028 908.748
454.304 992.848
454.579 1107.948
454.855 951.049
455.130 951.148
455.406 1101.248
455.681 1053.348
455.957 952.447
456.233 843.546
456.508 860.645
456.784 893.744
457.059 892.842
457.335 1069.940
457.610 996.038
457.886 895.136
458.162 787.234
458.437 760.332
458.713 890.429
458.988 877.526
459.264 914.623
459.539 880.720
459.815 826.816
460.091 768.912
460.366 745.009
460.642 729.104
460.917 745.200
461.193 763.296
461.468 748.391
461.744 731.486
462.020 629.581
462.295 717.676
462.571 666.771
462.846 675.865
463.122 862.959
463.397 862.053
463.673 771.376
463.949 771.469
464.224 785.548
464.500 838.589
464.775 813.520
465.051 869.873
465.327 1082.623
465.602 1341.116
465.878 1469.421
466.153 1358.266
466.429 1615.459
466.704 1766.633
466.980 1774.258
467.256 1967.350
467.531 2179.620
467.807 2149.832
468.082 2104.832
468.358 2090.804
468.633 2190.566
468.909 2147.484
469.185 2020.085
469.460 2159.028
469.736 2130.075
470.011 1798.846
470.287 1863.524
470.562 1905.678
470.838 1696.793
471.114 1748.091
471.389 1734.039
471.665 1727.793
471.940 1823.761
472.216 1739.842
472.491 1510.691
472.767 1522.454
473.043 1593.537
473.318 1602.754
473.594 1384.555
473.869 1285.340
474.145 1271.187
474.421 1226.514
474.696 1088.250
474.972 1027.328
475.247 1068.219
475.523 1064.164
475.798 1029.658
476.074 966.579
476.350 898.438
476.625 911.674
476.901 973.942
477.176 962.853
477.452 847.006
477.727 828.781
478.003 691.846
478.279 882.989
478.554 1047.709
478.830 1026.480
479.105 1002.145
479.381 983.973
479.656 893.794
479.932 952.750
480.208 1095.595
480.483 1088.504
480.759 1137.122
481.034 1051.209
481.310 948.262
481.585 931.312
481.861 978.774
482.137 915.434
482.412 987.030
482.688 1047.380
482.963 1082.519
483.239 1073.500
483.514 862.159
483.790 963.516
484.066 1144.453
484.341 975.726
484.617 941.933
484.892 1064.517
485.168 1141.214
485.443 977.137
485.719 938.449
485.995 1016.032
486.270 1017.086
486.546 941.958
486.821 878.733
487.097 805.013
487.373 903.903
487.648 1106.926
487.924 1042.002
488.199 808.246
488.475 685.533
488.750 764.658
489.026 953.906
489.302 872.530
489.577 803.124
489.853 895.459
490.128 1066.936
490.404 1017.044
490.679 878.177
490.955 1030.864
491.231 1098.388
491.506 1039.851
491.782 931.249
492.057 938.240
492.333 1026.378
492.608 981.443
492.884 1015.764
493.160 864.175
493.435 877.709
493.711 1001.312
493.986 985.714
494.262 926.951
494.537 883.887
494.813 973.150
495.089 859.249
495.364 894.686
495.640 979.239
495.915 949.843
496.191 1093.518
496.467 1044.422
496.742 977.501
497.018 1035.772
497.293 994.384
497.569 1053.740
497.844 994.514
498.120 1085.675
498.396 1140.482
498.671 1002.660
498.947 1089.128
499.222 1150.920
499.498 1150.147
499.773 1286.538
500.049 1388.877
500.325 1387.341
500.600 1478.188
500.876 1581.842
501.151 1810.765
501.427 1891.972
501.702 2007.514
501.978 2069.897
502.254 2192.970
502.529 2095.262
502.805 2241.452
503.080 2362.735
503.356 2319.782
503.631 2238.358
503.907 2143.771
504.183 2077.040
504.458 2131.768
504.734 2109.461
505.009 2201.544
505.285 2064.167
505.560 2021.706
505.836 2027.871
506.112 1988.468
506.387 1851.899
506.663 1747.973
506.938 1715.687
507.214 1699.579
507.490 1736.316
507.765 1731.606
508.041 1688.285
508.316 1675.236
508.592 1472.536
508.867 1486.213
509.143 1558.155
509.419 1394.405
509.694 1263.290
509.970 1170.079
510.245 1049.686
510.521 1150.704
510.796 1051.720
511.072 928.910
511.348 923.137
511.623 1035.866
511.899 993.082
512.174 1090.474
512.450 1107.315
512.725 1046.866
513.001 871.464
513.277 826.112
513.552 1006.364
513.828 946.258
514.103 909.923
514.379 1039.091
514.654 933.764
514.930 910.383
515.206 1240.270
515.481 1211.875
515.757 1003.884
516.032 924.688
516.308 1057.711
516.583 1150.401
516.859 1113.170
517.135 1107.391
517.410 1226.779
517.686 1328.882
517.961 1283.270
518.237 1309.940
518.513 1295.850
518.788 1586.728
519.064 1714.035
519.339 1728.314
519.615 1706.437
519.890 1764.640
520.166 1887.279
520.442 2096.303
520.717 2087.702
520.993 2079.176
521.268 1985.802
521.544 2007.036
521.819 1947.525
522.095 1944.757
522.371 2089.644
522.646 2059.982
522.922 2155.770
523.197 2146.251
523.473 2188.276
523.748 2099.340
524.024 2058.251
524.300 2078.405
524.575 2084.206
524.851 2129.241
525.126 2160.725
525.402 2250.890
525.677 2287.312
525.953 2181.933
526.229 2090.213
526.504 2114.281
526.780 2345.588
527.055 2313.441
527.331 2304.886
527.606 2297.573
527.882 2235.145
528.158 2128.149
528.433 2317.512
528.709 2287.819
528.984 2218.779
529.260 2172.141
529.535 2119.200
529.811 1896.394
530.087 1859.678
530.362 1790.236
530.638 1863.643
530.913 1905.867
531.189 1847.918
531.465 1659.751
531.740 1659.479
532.016 1700.793
532.291 1569.321
532.567 1528.815
532.842 1490.112
533.118 1476.095
533.394 1535.837
533.669 1427.986
533.945 1301.584
534.220 1236.465
534.496 1350.676
534.771 1322.809
535.047 1250.985
535.323 1190.739
535.598 1263.780
535.874 1277.765
536.149 1301.553
536.425 1244.174
536.700 1266.735
536.976 1515.353
537.252 1949.673
537.527 2310.190
537.803 2627.535
538.078 3044.136
538.354 3431.606
538.629 3521.653
538.905 3609.307
539.181 3908.394
539.456 4100.757
539.732 4458.266
540.007 4573.820
540.283 4412.387
540.558 4368.599
540.834 4514.784
541.110 4711.388
541.385 4768.869
541.661 4879.815
541.936 4853.982
542.212 4771.777
542.488 4863.011
542.763 4878.923
543.039 4844.135
543.314 4798.554
543.590 4782.520
543.865 4759.734
544.141 4722.052
544.417 4731.043
544.692 4581.147
544.968 4614.964
545.243 4510.261
545.519 4334.039
545.794 4314.544
546.070 4283.782
546.348 4098.048
546.627 3932.000
546.905 4036.463
547.183 3993.743
547.461 4016.636
547.740 4152.736
548.018 4012.782
548.296 4008.850
548.575 4072.457
548.853 4278.071
549.131 4512.483
549.409 4667.780
549.688 4918.825
549.966 5091.496
550.244 5341.548
550.523 5411.628
550.801 5537.015
551.079 5616.654
551.357 5807.605
551.636 5723.855
551.914 5591.314
552.192 5619.965
552.471 5789.434
552.749 5955.417
553.027 6030.314
553.306 6225.025
553.584 6519.078
553.862 6644.355
554.140 6821.223
554.419 7072.533
554.697 7499.615
554.975 7762.385
555.254 7933.733
555.532 7860.605
555.810 8022.741
556.088 8072.406
556.367 7735.551
556.645 7480.994
556.923 7337.074
557.202 7100.643
557.480 7001.565
557.758 6666.986
558.036 6377.024
558.315 6164.339
558.593 6004.658
558.871 5701.705
559.150 5446.291
559.428 5202.665
559.706 4944.937
559.984 4748.127
560.263 4675.129
560.541 4314.878
560.819 4036.809
561.098 3853.131
561.376 3650.294
561.654 3167.648
561.932 2778.059
562.211 2687.274
562.489 2540.346
562.767 2271.160
563.046 1920.843
563.324 1755.898
563.602 1718.246
563.880 1545.818
564.159 1505.557
564.437 1475.397
564.715 1280.122
564.994 1123.738
565.272 1227.430
565.550 1091.112
565.828 963.607
566.107 1039.430
566.385 1065.488
566.663 927.275
566.942 909.960
567.220 914.808
567.498 991.695
567.776 835.971
568.055 769.670
568.333 861.061
568.611 918.642
568.890 837.762
569.168 723.595
569.446 832.552
569.725 772.693
570.003 586.265
570.281 573.337
570.559 731.022
570.838 765.656
571.116 833.304
571.394 816.875
571.673 811.893
571.951 818.551
572.229 800.149
572.507 749.465
572.786 738.565
573.064 734.460
573.342 736.452
573.621 599.397
573.899 653.100
574.177 884.251
574.455 845.081
574.734 740.277
575.012 766.740
575.290 740.111
575.569 729.116
575.847 765.205
576.125 754.454
576.403 626.555
576.682 674.413
576.960 786.131
577.243 817.881
577.527 655.184
577.810 563.602
578.093 612.525
578.377 620.696
578.660 594.060
578.944 615.843
579.227 685.423
579.510 765.432
579.794 704.727
580.077 627.759
580.360 662.155
580.644 661.863
580.927 588.012
581.210 643.721
581.494 655.007
581.777 731.016
582.061 673.022
582.344 643.826
582.627 582.054
582.911 613.005
583.194 574.737
583.477 695.539
583.761 725.522
584.044 804.407
584.327 746.312
584.611 707.394
584.894 709.434
585.178 621.565
585.461 648.580
585.744 745.526
586.028 641.314
586.311 679.356
586.594 736.398
586.878 676.441
587.161 658.483
587.444 696.525
587.728 707.567
588.011 782.609
588.295 599.651
588.578 621.071
588.861 791.942
589.145 689.776
589.428 636.454
589.711 539.859
589.995 534.366
590.278 697.245
590.562 631.983
590.845 594.430
591.128 795.475
591.412 773.560
591.695 682.465
591.978 781.626
592.262 713.516
592.545 530.679
592.828 717.876
593.112 645.416
593.395 560.711
593.679 519.356
593.962 703.659
594.245 686.084
594.529 582.642
594.812 509.538
595.095 487.200
595.379 677.930
595.662 739.280
595.945 655.170
596.229 571.226
596.512 538.452
596.796 652.008
597.079 692.986
597.362 793.025
597.646 795.248
597.929 693.408
598.212 681.892
598.496 712.563
598.779 845.167
599.062 841.257
599.346 676.439
599.629 639.321
599.913 659.420
600.196 709.705
600.479 710.029
600.763 714.708
601.046 581.580
601.329 644.199
601.613 836.328
601.896 712.472
602.179 761.908
602.463 765.876
602.746 809.136
603.030 879.900
603.313 813.324
603.596 644.569
603.880 729.269
604.163 788.130
604.446 716.876
604.730 627.785
605.013 722.120
605.296 772.816
605.580 712.128
605.863 727.836
606.147 633.848
606.430 637.803
606.713 749.740
606.997 749.532
607.280 899.520
607.563 812.473
607.847 743.289
608.130 759.474
608.414 796.928
608.697 767.610
608.980 741.954
609.264 797.620
609.547 735.171
609.830 777.323
610.114 759.729
610.397 737.238
610.680 810.917
610.964 833.132
611.247 820.423
611.531 730.979
611.814 663.302
612.097 720.257
612.381 928.410
612.664 1008.847
612.947 806.724
613.231 743.953
613.514 747.666
613.797 883.262
614.081 921.608
614.364 857.793
614.648 809.695
614.931 772.402
615.214 779.314
615.498 864.678
615.781 886.234
616.064 842.962
616.348 1030.990
616.631 1039.922
616.914 1034.013
617.198 967.086
617.481 908.993
617.765 917.814
618.048 965.152
618.331 926.688
618.615 812.026
618.898 923.721
619.181 982.056
619.465 928.661
619.748 816.925
620.031 804.898
620.315 754.194
620.598 811.525
620.882 854.073
621.165 1015.991
621.448 950.419
621.732 847.917
622.015 754.419
622.298 758.949
622.582 814.632
622.865 829.466
623.148 748.581
623.432 762.127
623.715 688.087
623.999 920.194
624.282 907.096
624.565 883.805
624.849 703.759
625.132 628.599
625.415 934.077
625.699 1016.790
625.982 895.735
626.265 740.856
626.549 742.163
626.832 902.803
627.116 887.686
627.399 684.690
627.682 672.254
627.966 668.590
628.249 715.235
628.532 687.414
628.816 854.575
629.099 739.523
629.383 749.828
629.666 734.377
629.949 642.574
630.233 649.282
630.516 698.921
630.799 757.907
631.083 661.023
631.366 619.400
631.649 575.827
631.933 536.118
632.216 756.497
632.500 813.479
632.783 785.899
633.066 774.717
633.350 774.436
633.633 798.817
633.916 787.122
634.200 724.486
634.483 754.475
634.766 806.785
635.050 758.797
635.333 642.026
635.617 623.743
635.900 755.293
636.183 827.688
636.467 799.526
636.750 836.727
637.033 835.814
637.317 823.137
637.600 817.695
637.883 808.506
638.167 840.611
638.450 829.703
638.734 780.107
639.017 847.553
639.300 875.673
639.584 800.982
639.867 993.715
640.150 921.715
640.434 937.647
640.717 953.623
641.000 875.148
641.284 1001.345
641.567 930.281
641.851 944.446
642.134 1096.851
642.417 1038.846
642.701 1159.585
642.984 1197.782
643.267 1103.613
643.551 966.001
643.834 920.075
644.117 999.767
644.401 974.491
644.684 1035.439
644.968 1108.774
645.251 1091.815
645.534 1013.983
645.818 1032.773
646.101 1206.542
646.384 1321.125
646.668 1339.933
646.951 1354.046
647.235 1460.610
647.518 1497.293
647.801 1651.457
648.085 1838.667
648.368 1955.085
648.651 1932.557
648.935 2133.965
649.218 2469.210
649.501 2464.969
649.785 2513.523
650.068 2823.955
650.352 2999.454
650.635 3040.125
650.918 3175.479
651.202 3532.743
651.485 3830.524
651.768 4020.505
652.052 4205.530
652.335 4438.998
652.618 4714.781
652.902 5045.768
653.185 5511.269
653.469 5491.071
653.752 5472.196
654.035 5650.299
654.319 5831.554
654.602 5879.753
654.885 5919.664
655.169 6080.477
655.452 6055.074
655.735 6083.976
656.019 6194.265
656.302 6106.510
656.586 6158.596
656.869 6469.100
657.152 6491.112
657.436 6569.003
657.719 6685.299
658.002 6750.975
658.286 6677.015
658.569 6277.886
658.852 6023.609
659.136 5979.016
659.419 5680.568
659.703 5482.628
659.986 5510.068
660.269 5473.495
660.553 5195.604
660.836 5124.495
661.119 5353.182
661.403 5265.336
661.686 5190.832
661.969 5041.319
662.253 4910.208
662.536 4861.456
662.820 4835.396
663.103 4818.184
663.386 4885.149
663.670 4949.072
663.953 4689.082
664.236 4755.665
664.520 4754.680
664.803 4705.063
665.086 4663.892
665.370 4655.474
665.653 4622.067
665.937 4643.010
666.220 4512.207
666.503 4320.551
666.787 4161.350
667.070 4030.609
667.353 3904.620
667.637 3570.156
667.920 3490.062
668.204 3080.599
668.487 2812.061
668.770 2820.044
669.054 2459.583
669.337 2188.928
669.620 2029.934
669.904 1903.658
670.187 1814.903
670.470 1800.456
670.754 1623.953
671.037 1459.613
671.321 1365.197
671.604 1473.983
671.887 1439.695
672.171 1285.168
672.454 1309.444
672.737 1319.326
673.021 1181.220
673.304 1195.807
673.587 1381.666
673.871 1330.010
674.154 1280.078
674.438 1273.199
674.721 1248.561
675.004 1266.333
675.288 1287.965
675.571 1203.840
675.854 1118.389
676.138 1107.198
676.421 1119.719
676.704 1062.019
676.988 1207.493
677.271 1371.991
677.555 1241.068
677.838 1058.055
678.121 1035.295
678.405 1014.691
678.688 1143.082
678.971 869.547
679.255 984.719
679.538 1100.929
679.821 1096.806
680.105 986.861
680.388 900.699
680.672 908.939
680.955 898.570
681.238 906.816
681.522 919.414
681.805 955.685
682.088 1018.258
682.372 994.320
682.655 877.431
682.938 967.228
683.222 924.457
683.505 848.124
683.789 939.060
684.072 902.514
684.355 920.388
684.639 897.449
684.922 842.152
685.205 874.538
685.489 987.299
685.772 945.515
686.056 928.748
686.339 996.765
686.622 805.775
686.906 828.766
687.189 997.894
687.472 1074.121
687.756 956.239
688.039 899.851
688.322 771.485
688.606 988.630
688.889 951.077
689.173 915.613
689.456 1059.689
689.739 1022.136
690.023 899.094
690.306 919.975
690.589 899.250
690.873 951.410
691.156 1005.546
691.439 902.554
691.723 846.388
692.006 924.378
692.290 917.284
692.573 1003.584
692.856 1069.923
693.140 1050.259
693.423 978.804
693.706 862.745
693.990 896.146
694.273 919.005
694.556 1098.680
694.840 1169.230
695.123 1000.692
695.407 991.428
695.690 926.589
695.973 991.486
696.257 1038.893
696.540 1195.257
696.830 1146.776
697.120 1140.634
697.410 1172.342
697.699 1196.805
697.989 1376.955
698.279 1208.136
698.569 1115.733
698.859 1195.676
699.149 1264.829
699.439 1134.859
699.729 965.357
700.018 986.810
700.308 1172.372
700.598 1037.840
700.888 926.976
701.178 1151.439
701.468 1124.940
701.758 978.941
702.048 997.210
702.337 903.196
702.627 1058.814
702.917 1022.510
703.207 910.706
703.497 952.066
703.787 798.369
704.077 843.461
704.366 940.184
704.656 799.846
704.946 728.469
705.236 722.769
705.526 864.785
705.816 921.695
706.106 696.471
706.396 732.653
706.685 757.305
706.975 661.002
707.265 599.259
707.555 746.450
707.845 736.073
708.135 682.577
708.425 608.441
708.715 604.120
709.004 817.972
709.294 872.342
709.584 798.652
709.874 813.467
710.164 797.710
710.454 687.649
710.744 637.634
711.034 706.060
711.323 745.047
711.613 725.384
711.903 819.088
712.193 822.059
712.483 641.157
712.773 636.262
713.063 615.408
713.352 708.250
713.642 715.684
713.932 770.895
714.222 751.888
714.512 704.486
714.802 701.776
715.092 822.922
715.382 692.725
715.671 568.822
715.961 636.147
716.251 581.255
716.541 659.639
716.831 783.064
717.121 620.717
717.411 735.340
717.701 746.844
717.990 620.549
718.280 581.180
718.570 592.662
718.860 621.697
719.150 634.728
719.440 595.020
719.730 648.140
720.019 838.382
720.309 731.276
720.599 668.259
720.889 615.970
721.179 650.440
721.469 714.302
721.759 672.821
722.049 734.203
722.338 680.532
722.628 651.120
722.918 687.944
723.208 777.749
723.498 631.615
723.788 646.681
724.078 785.296
724.368 750.186
724.657 661.815
724.947 728.048
725.237 793.442
725.527 820.490
725.817 740.644
726.107 663.510
726.397 565.851
726.686 518.482
726.976 618.116
727.266 709.045
727.556 627.827
727.846 742.685
728.136 757.461
728.426 620.383
728.716 605.868
729.005 735.733
729.295 636.916
729.585 523.610
729.875 513.894
730.165 609.465
730.455 685.140
730.745 699.417
731.035 680.991
731.324 779.612
731.614 748.021
731.904 631.177
732.194 732.266
732.484 699.924
732.774 656.170
733.064 638.680
733.354 493.758
733.643 610.345
733.933 655.578
734.223 570.803
734.513 717.021
734.803 776.277
735.093 650.443
735.383 634.496
735.672 696.039
735.962 805.053
736.252 627.355
736.542 631.542
736.832 621.767
737.122 557.690
737.412 621.435
737.702 662.300
737.991 696.667
738.281 662.658
738.571 654.168
738.861 641.696
739.151 639.747
739.441 738.449
739.731 627.357
740.021 710.386
740.310 755.484
740.600 769.083
740.890 561.675
741.180 594.393
741.470 653.642
741.760 738.558
742.050 882.703
742.339 765.774
742.629 644.132
742.919 810.323
743.209 571.399
743.499 516.593
743.789 580.490
744.079 675.559
744.369 681.833
744.658 625.721
744.948 483.537
745.238 610.893
745.528 657.493
745.818 738.521
746.108 657.191
746.398 681.696
746.688 697.604
746.977 853.531
747.267 725.447
747.557 758.990
747.847 812.687
748.137 739.883
748.427 673.235
748.717 502.610
749.006 424.516
749.296 617.189
749.586 696.196
749.876 754.677
750.166 630.194
750.456 632.835
750.746 701.349
751.036 658.454
751.325 761.267
751.615 718.090
751.905 664.163
752.195 676.845
752.485 654.864
752.775 682.565
753.065 586.488
753.355 748.668
753.644 795.734
753.934 677.667
754.224 626.856
754.514 784.130
754.804 550.664
755.094 437.343
755.384 542.677
755.674 587.831
755.963 695.171
756.253 696.892
756.543 738.337
756.833 762.955
757.123 730.079
757.413 616.258
757.703 578.086
757.992 613.280
758.282 671.919
758.572 677.638
758.862 582.179
759.152 627.423
759.442 621.791
759.732 678.716
760.022 759.136
760.311 686.477
760.601 542.632
760.891 706.634
761.181 749.158
761.471 725.785
761.761 590.582
762.051 629.875
762.341 755.014
762.630 806.145
762.920 649.063
763.210 605.380
763.500 683.338
763.793 625.954
764.086 635.036
764.379 660.572
764.671 774.271
764.964 645.517
765.257 645.534
765.550 646.854
765.843 550.097
766.136 646.889
766.429 621.705
766.722 634.188
767.014 587.290
767.307 485.180
767.600 489.226
767.893 520.987
768.186 507.900
768.479 583.522
768.772 715.596
769.064 725.694
769.357 607.156
769.650 556.374
769.943 765.298
770.236 713.955
770.529 595.741
770.822 636.081
771.115 720.776
771.407 785.092
771.700 757.865
771.993 744.506
772.286 659.009
772.579 708.765
772.872 633.178
773.165 559.606
773.457 630.188
773.750 677.259
774.043 581.413
774.336 611.311
774.629 667.555
774.922 645.037
775.215 615.790
775.508 619.602
775.800 583.785
776.093 717.320
776.386 710.579
776.679 656.931
776.972 725.427
777.265 901.678
777.558 885.697
777.850 705.929
778.143 727.052
778.436 673.474
778.729 634.623
779.022 663.785
779.315 569.330
779.608 536.181
779.900 566.348
780.193 601.541
780.486 601.957
780.779 642.494
781.072 556.696
781.365 632.497
781.658 658.249
781.951 563.888
782.243 593.836
782.536 741.631
782.829 726.588
783.122 703.512
783.415 709.844
783.708 709.860
784.001 742.976
784.293 803.173
784.586 737.254
784.879 759.314
785.172 679.491
785.465 568.966
785.758 617.079
786.051 627.115
786.344 736.877
786.636 922.816
786.929 673.583
787.222 586.685
787.515 566.508
787.808 603.354
788.101 638.335
788.394 781.208
788.686 895.110
788.979 841.021
789.272 749.288
789.565 706.640
789.858 641.786
790.151 564.521
790.444 527.574
790.737 598.117
791.029 564.005
791.322 655.837
791.615 612.328
791.908 669.511
792.201 650.894
792.494 638.297
792.787 713.374
793.079 801.838
793.372 682.529
793.665 698.180
793.958 670.280
794.251 718.152
794.544 810.082
794.837 856.767
795.130 690.282
795.422 677.337
795.715 667.382
796.008 691.018
796.301 691.649
796.594 649.832
796.887 736.500
797.180 690.391
797.472 533.876
797.765 458.118
798.058 592.140
798.351 602.715
798.644 528.952
798.937 529.964
799.230 587.221
799.523 988.619
799.815 861.017
800.108 616.765
800.401 528.047
800.694 698.250
800.987 638.745
801.280 683.993
801.573 770.921
801.865 745.961
802.158 633.455
802.451 598.540
802.744 590.571
803.037 638.491
803.330 630.153
803.623 746.305
803.915 763.286
804.208 589.239
804.501 658.502
804.794 700.559
805.087 627.873
805.380 495.880
805.673 566.469
805.966 682.601
806.258 662.257
806.551 725.851
806.844 689.722
807.137 725.606
807.430 511.037
807.723 555.228
808.016 781.147
808.308 800.842
808.601 657.682
808.894 584.574
809.187 623.445
809.480 724.443
809.773 651.368
810.066 660.086
810.359 718.167
810.651 703.486
810.944 500.171
811.237 505.736
811.530 672.249
811.825 632.539
812.119 576.416
812.414 428.095
812.709 557.835
813.003 601.489
813.298 545.284
813.593 650.760
813.887 607.606
814.182 874.574
814.476 821.669
814.771 788.181
815.066 690.105
815.360 572.548
815.655 534.961
815.950 557.900
816.244 631.160
816.539 791.483
816.834 705.871
817.128 722.932
817.423 844.534
817.718 951.433
818.012 705.145
818.307 465.707
818.602 600.968
818.896 716.180
819.191 651.154
819.486 617.495
819.780 741.093
820.075 859.252
820.369 832.089
820.664 669.403
820.959 702.544
821.253 721.940
821.548 697.084
821.843 719.315
822.137 706.564
822.432 705.967
822.727 711.931
823.021 661.541
823.316 773.009
823.611 819.669
823.905 692.338
824.200 582.960
824.495 692.854
824.789 758.270
825.084 732.196
825.379 657.033
825.673 604.943
825.968 687.720
826.262 673.632
826.557 697.049
826.852 731.355
827.146 694.215
827.441 678.647
827.736 682.567
828.030 643.987
828.325 526.545
828.620 742.058
828.914 877.824
829.209 674.837
829.504 775.249
829.798 737.644
830.093 636.456
830.388 581.502
830.682 537.607
830.977 711.713
831.271 713.384
831.566 562.923
831.861 565.938
832.155 551.125
832.450 704.136
832.745 835.267
833.039 680.598
833.334 556.478
833.629 669.969
833.923 651.780
834.218 626.408
834.513 614.904
834.807 550.651
835.102 479.005
835.397 541.293
835.691 535.244
835.986 518.031
836.281 488.119
836.575 558.104
836.870 603.902
837.164 595.708
837.459 546.311
837.754 603.941
838.048 528.815
838.343 501.922
838.638 556.894
838.932 616.245
839.227 617.474
839.522 721.025
839.816 655.594
840.111 601.541
840.406 576.861
840.700 732.156
840.995 851.501
841.290 878.032
841.584 746.523
841.879 808.688
842.174 729.628
842.468 672.565
842.763 579.914
843.057 683.250
843.352 658.538
843.647 623.608
843.941 617.967
844.236 723.726
844.531 730.147
844.825 676.228
845.120 782.394
845.415 845.396
845.709 719.897
846.004 825.139
846.299 664.969
846.593 754.564
846.888 770.347
847.183 675.142
847.477 626.257
847.772 666.148
848.066 704.419
848.361 690.093
848.656 729.663
848.950 678.774
849.245 784.828
849.540 688.733
849.834 825.848
850.129 850.892
850.424 751.998
850.718 765.520
851.013 850.592
851.308 746.301
851.602 731.390
851.897 782.570
852.192 888.709
852.486 777.867
852.781 626.679
853.076 757.277
853.370 830.796
853.665 827.378
853.959 801.530
854.254 723.093
854.549 899.960
854.843 787.218
855.138 653.277
855.433 796.379
855.727 921.057
856.022 696.302
856.317 687.629
856.611 749.157
856.906 683.798
857.201 730.130
857.495 829.182
857.790 822.683
858.085 757.587
858.379 738.430
858.674 627.456
858.969 553.603
859.263 663.383
859.558 712.967
859.852 621.304
860.147 644.077
860.442 776.405
860.736 607.214
861.031 726.857
861.326 807.426
861.620 700.603
861.915 821.820
862.210 784.853
862.504 657.918
862.799 763.867
863.094 753.744
863.388 671.477
863.683 677.140
863.978 624.004
864.272 564.808
864.567 612.360
864.861 633.080
865.156 540.775
865.451 463.699
865.745 675.261
866.040 773.621
866.335 748.353
866.629 778.459
866.924 620.179
867.219 608.686
867.513 762.715
867.808 725.036
868.103 655.240
868.397 665.722
868.692 694.692
868.987 648.594
869.281 585.697
869.576 708.197
869.871 750.543
870.165 626.923
870.460 519.737
870.754 579.351
871.049 565.317
871.344 625.595
871.638 642.510
871.933 594.950
872.228 632.762
872.522 624.654
872.817 765.077
873.112 1007.750
873.406 802.861
873.701 821.408
873.996 746.792
874.290 641.018
874.585 555.319
874.880 624.626
875.174 583.173
875.469 565.230
875.764 650.603
876.058 615.271
876.353 521.159
876.647 518.788
876.942 559.568
877.237 611.561
877.531 630.814
877.826 658.822
878.121 651.251
878.415 591.764
878.710 599.563
879.005 722.259
879.299 627.862
879.594 578.714
879.889 463.519
880.183 486.112
880.478 573.626
880.773 545.488
881.067 549.142
881.362 579.758
881.656 553.523
881.951 626.169
882.246 486.864
882.540 532.060
882.835 569.206
883.130 579.713
883.424 556.153
883.719 512.184
884.014 630.210
884.308 595.038
884.603 509.867
884.898 542.006
885.192 632.688
885.487 590.241
885.782 495.863
886.076 635.269
886.371 620.673
886.666 379.767
886.960 503.093
887.255 542.939
887.549 515.169
887.844 686.760
888.139 727.715
888.433 644.579
888.728 543.088
889.023 623.915
889.317 664.485
889.612 520.417
889.907 521.736
890.201 585.462
890.496 631.815
890.791 607.415
891.085 552.167
891.380 530.994
891.675 568.575
891.969 606.570
892.264 505.417
892.559 542.027
892.853 681.085
893.148 584.008
893.442 522.195
893.737 579.102
894.032 510.760
894.326 493.149
894.621 533.687
894.916 446.865
895.210 516.966
895.505 632.303
895.800 620.493
896.094 493.193
896.389 535.568
896.684 558.135
896.978 509.108
897.273 440.168
897.568 602.333
897.862 647.084
898.157 559.560
898.451 673.339
898.746 625.561
899.041 679.268
899.335 612.847
899.630 507.903
899.925 539.350
900.219 634.133
900.514 729.323
900.809 574.695
901.103 452.014
901.398 631.419
901.693 558.316
901.987 524.955
902.282 604.639
902.577 501.356
902.871 431.400
903.166 562.035
903.461 683.974
903.755 681.020
904.050 611.176
904.344 492.893
904.639 496.047
904.934 458.800
905.228 472.224
905.523 467.199
905.818 517.238
906.112 673.103
906.407 600.320
906.702 539.932
906.996 601.784
907.291 582.745
907.586 530.974
907.880 683.203
908.175 655.651
908.470 635.660
908.764 680.506
909.059 748.859
909.354 659.906
909.648 505.267
909.943 559.157
910.237 695.597
910.532 728.046
910.827 765.635
911.121 740.659
911.416 662.985
911.711 626.230
912.005 639.363
912.300 635.017
912.599 718.195
912.898 602.570
913.196 578.282
913.495 670.129
913.794 788.484
914.093 699.553
914.391 645.980
914.690 721.491
914.989 660.550
915.288 766.286
915.586 756.513
915.885 591.272
916.184 457.306
916.483 468.573
916.782 652.733
917.080 678.119
917.379 601.251
917.678 525.484
917.977 660.253
918.275 712.921
918.574 678.907
918.873 677.662
919.172 657.077
919.471 602.279
919.769 601.151
920.068 580.341
920.367 548.925
920.666 549.123
920.964 662.160
921.263 644.177
921.562 580.759
921.861 640.538
922.159 566.135
922.458 603.002
922.757 646.600
923.056 606.167
923.355 590.327
923.653 694.157
923.952 714.596
924.251 559.797
924.550 649.028
924.848 682.582
925.147 572.629
925.446 509.714
925.745 672.765
926.043 688.059
926.342 640.181
926.641 569.831
926.940 641.765
927.239 682.947
927.537 750.363
927.836 644.604
928.135 615.495
928.434 713.301
928.732 693.773
929.031 752.208
929.330 790.684
929.629 728.598
929.927 646.690
930.226 599.322
930.525 622.614
930.824 741.360
931.123 684.073
931.421 749.458
931.720 729.665
932.019 793.215
932.318 775.305
932.616 729.144
932.915 702.619
933.214 714.793
933.513 672.900
933.812 641.118
934.110 730.163
934.409 856.273
934.708 737.710
935.007 970.663
935.305 972.629
935.604 685.382
935.903 773.353
936.202 893.396
936.500 976.190
936.799 1075.518
937.098 1007.596
937.397 943.892
937.696 755.923
937.994 724.379
938.293 929.196
938.592 830.336
938.891 773.496
939.189 894.404
939.488 1043.560
939.787 1159.020
940.086 944.949
940.384 948.833
940.683 890.677
940.982 860.171
941.281 933.556
941.580 1187.838
941.878 1147.418
942.177 930.994
942.476 929.150
942.775 861.399
943.073 730.315
943.372 828.964
943.671 993.200
943.970 1070.822
944.268 971.275
944.567 809.049
944.866 915.788
945.165 891.106
945.464 821.046
945.762 713.245
946.061 900.917
946.360 1038.049
946.659 1069.417
946.957 1097.663
947.256 1007.771
947.555 869.137
947.854 877.809
948.153 846.204
948.451 848.473
948.750 880.049
949.049 868.672
949.348 1126.758
949.646 993.927
949.945 947.972
950.244 992.658
950.543 830.521
950.841 786.103
951.140 812.449
951.439 705.119
951.738 695.703
952.037 771.928
952.335 936.286
952.634 991.813
952.933 829.462
953.232 805.674
953.530 649.377
953.829 925.553
954.128 997.089
954.427 972.277
954.725 1007.010
955.024 930.921
955.323 936.309
955.622 752.085
955.921 742.424
956.219 863.372
956.518 741.630
956.817 773.135
957.116 837.588
957.414 819.305
957.713 671.102
958.012 616.126
958.311 642.371
958.610 802.329
958.908 794.479
959.207 783.053
959.506 834.282
959.805 846.408
960.103 848.863
960.402 785.795
960.701 658.605
961.000 614.031
961.298 672.881
961.597 801.670
961.896 732.031
962.195 755.725
962.494 810.748
962.792 736.991
963.091 623.962
963.390 702.134
963.689 675.356
963.987 752.948
964.286 833.660
964.585 883.543
964.884 771.133
965.182 648.320
965.481 1018.281
965.780 1143.942
966.080 993.568
966.380 863.616
966.680 761.535
966.981 753.252
967.281 734.597
967.581 704.755
967.881 748.474
968.181 790.061
968.481 707.097
968.781 719.845
969.082 662.199
969.382 716.062
969.682 779.305
969.982 784.571
970.282 872.506
970.582 725.311
970.882 628.431
971.183 827.031
971.483 734.978
971.783 706.865
972.083 763.735
972.383 828.861
972.683 783.490
972.983 774.544
973.284 676.514
973.584 687.154
973.884 761.067
974.184 749.736
974.484 800.259
974.784 651.859
975.084 620.540
975.385 689.374
975.685 794.586
975.985 742.135
976.285 729.154
976.585 722.874
976.885 679.509
977.185 657.182
977.486 676.122
977.786 697.808
978.086 759.182
978.386 800.562
978.686 605.419
978.986 563.373
979.286 640.381
979.587 739.389
979.887 651.397
980.187 621.406
980.487 584.414
980.787 674.422
981.087 601.430
981.387 808.438
981.688 698.446
981.988 515.454
982.288 583.462
982.588 633.470
982.888 698.478
983.188 668.486
983.488 770.494
983.789 748.502
984.089 725.510
984.389 673.518
984.689 631.526
984.989 576.533
985.289 624.541
985.589 794.549
985.890 716.557
986.190 534.565
986.490 550.573
986.790 719.581
987.090 678.589
987.390 677.597
987.690 694.605
987.991 541.612
988.291 608.620
988.591 616.628
988.891 526.636
989.191 509.644
989.491 686.652
989.791 664.659
990.092 683.667
990.392 748.675
990.692 699.683
990.992 666.691
991.292 570.698
991.592 690.706
991.892 687.714
992.193 760.722
992.493 702.730
992.793 672.737
993.093 655.745
993.393 579.753
993.693 654.760
993.993 747.768
994.294 746.776
994.594 698.784
994.894 668.791
995.194 684.799
995.494 594.807
995.794 558.814
996.094 531.822
996.395 645.830
996.695 739.837
996.995 540.845
997.295 480.853
997.595 580.860
997.895 530.868
998.195 477.875
998.496 548.883
998.796 542.891
999.096 724.898
999.396 605.906
999.696 648.913
999.996 730.921
1000.296 722.929
1000.597 720.936
1000.897 639.944
1001.197 691.951
1001.497 861.959
1001.797 618.966
1002.097 524.974
1002.397 625.981
1002.698 660.989
1002.998 778.996
1003.298 738.004
1003.598 577.011
1003.898 551.019
1004.198 668.026
1004.498 772.034
1004.799 725.041
1005.099 710.049
1005.399 666.056
1005.699 708.064
1005.999 753.071
1006.299 636.078
1006.599 763.086
1006.900 798.093
1007.200 655.101
1007.500 658.108
1007.800 632.115
1008.100 568.123
1008.400 558.130
1008.700 625.138
1009.001 616.145
1009.301 631.152
1009.601 809.160
1009.901 826.167
1010.201 700.174
1010.501 703.182
1010.801 848.189
1011.102 657.196
1011.402 670.204
1011.702 590.211
1012.002 527.218
1012.302 724.226
1012.602 673.233
1012.902 630.240
1013.203 622.247
1013.503 714.255
1013.803 723.262
1014.103 557.269
1014.403 639.276
1014.703 623.284
1015.003 571.291
1015.304 762.298
1015.604 802.305
1015.904 545.313
1016.204 522.320
1016.504 570.327
1016.804 641.334
1017.104 635.341
1017.405 605.348
1017.705 577.356
1018.005 580.363
1018.305 629.370
1018.605 601.377
1018.905 472.384
1019.205 487.391
1019.506 831.399
1019.806 849.406
1020.106 734.413
1020.406 715.420
1020.706 672.427
1021.006 754.434
1021.306 888.441
1021.607 683.448
1021.907 771.455
1022.207 726.462
1022.507 602.470
1022.807 621.477
1023.107 644.484
1023.407 620.491
1023.708 647.498
1024.008 591.505
1024.308 599.512
1024.608 561.519
1024.908 508.526
1025.208 684.533
1025.508 847.540
1025.809 792.547
1026.109 641.554
1026.409 761.561
1026.709 770.568
1027.009 700.575
1027.309 752.582
1027.609 585.589
1027.910 555.596
1028.210 699.603
1028.510 783.610
1028.810 936.616
1029.110 818.623
1029.410 711.630
1029.710 797.637
1030.011 765.644
1030.311 732.651
1030.611 607.658
1030.911 634.665
1031.211 708.672
1031.511 653.679
1031.811 857.685
1032.112 852.692
1032.412 669.699
1032.712 546.706
1033.012 601.713
1033.312 717.720
1033.612 737.727
1033.912 678.733
1034.212 595.740
1034.513 595.747
1034.813 596.754
1035.113 703.761
1035.413 597.767
1035.713 593.774
1036.013 622.781
1036.313 622.788
1036.614 745.795
1036.914 645.801
1037.214 541.808
1037.514 665.815
1037.814 622.822
1038.114 599.828
1038.414 610.835
1038.715 729.842
1039.015 570.848
1039.315 475.855
1039.615 598.862
1039.915 637.869
1040.215 594.875
1040.515 623.882
1040.816 745.889
1041.116 693.895
1041.416 558.902
1041.716 459.909
1042.016 499.915
1042.316 635.922
1042.616 632.929
1042.917 587.935
1043.217 561.942
1043.517 578.949
1043.817 694.955
1044.117 641.962
1044.417 650.968
1044.717 602.975
1045.018 621.982
1045.318 731.988
1045.618 720.995
1045.918 609.001
1046.218 504.008
1046.518 564.015
1046.818 638.021
1047.119 530.028
1047.419 694.034
1047.719 653.041
1048.019 606.047
1048.319 693.054
1048.619 632.061
1048.919 655.067
1049.220 579.074
1049.520 646.080
1049.820 626.087
1050.120 526.093
1050.420 733.100
1050.720 706.106
1051.020 678.113
1051.321 663.119
1051.621 778.126
1051.921 666.132
1052.221 586.138
1052.521 571.145
1052.821 573.151
1053.121 630.158
1053.422 679.164
1053.722 771.171
1054.022 661.177
1054.322 728.184
1054.622 639.190
1054.922 574.196
1055.222 685.203
1055.523 683.209
1055.823 657.216
1056.123 691.222
1056.423 588.228
1056.723 676.235
1057.023 637.241
1057.323 513.247
1057.624 645.254
1057.924 723.260
1058.224 693.267
1058.524 620.273
1058.824 690.279
1059.124 658.286
1059.424 605.292
1059.725 735.298
1060.025 601.305
1060.325 623.311
1060.625 606.317
1060.925 563.323
1061.225 642.330
1061.525 752.336
1061.826 667.342
1062.126 622.349
1062.426 704.355
1062.726 754.361
1063.026 737.367
1063.326 887.374
1063.626 837.380
1063.927 731.386
1064.227 743.392
1064.527 600.399
1064.827 717.405
1065.127 663.411
1065.427 486.417
1065.727 488.424
1066.028 660.430
1066.328 680.436
1066.628 579.442
1066.928 552.448
1067.228 548.455
1067.528 524.461
1067.828 544.467
1068.129 504.473
1068.429 690.479
1068.729 806.485
1069.029 680.492
1069.329 550.498
1069.629 698.504
1069.929 762.510
1070.230 735.516
1070.530 699.522
1070.830 625.528
1071.130 698.534
1071.430 656.541
1071.730 695.547
1072.030 765.553
1072.331 614.559
1072.631 640.565
1072.931 650.571
1073.231 690.577
1073.531 692.583
1073.831 612.589
1074.131 719.595
1074.432 799.601
1074.732 631.607
1075.032 504.614
1075.332 541.620
1075.632 605.626
1075.932 582.632
1076.232 560.638
1076.533 575.644
1076.833 644.650
1077.133 649.656
1077.433 633.662
1077.733 579.668
1078.033 692.674
1078.333 762.680
1078.634 694.686
1078.934 672.692
1079.234 564.698
1079.534 711.704
1079.834 778.710
1080.134 701.716
1080.434 715.721
1080.735 652.727
1081.035 638.733
1081.335 529.739
1081.635 506.745
1081.935 577.751
1082.235 589.757
1082.535 609.763
1082.836 634.769
1083.136 635.775
1083.436 741.781
1083.736 686.787
1084.036 568.793
1084.336 545.798
1084.636 617.804
1084.937 747.810
1085.237 768.816
1085.537 676.822
1085.837 697.828
1086.137 649.834
1086.437 727.840
1086.737 647.845
1087.038 625.851
1087.338 766.857
1087.638 817.863
1087.938 611.869
1088.238 489.875
1088.538 603.880
1088.838 730.886
1089.139 774.892
1089.439 591.898
1089.739 715.904
1090.039 727.909
1090.339 770.915
1090.639 636.921
1090.939 674.927
1091.240 568.932
1091.540 601.938
1091.840 611.944
1092.140 780.950
1092.453 770.956
1092.766 597.961
1093.079 562.967
1093.392 583.973
1093.705 582.978
1094.018 651.984
1094.330 781.990
1094.643 750.996
1094.956 785.001
1095.269 667.007
1095.582 631.013
1095.895 543.018
1096.208 603.024
1096.521 692.030
1096.834 697.036
1097.147 679.041
1097.460 734.047
1097.773 731.053
1098.085 620.058
1098.398 577.064
1098.711 556.070
1099.024 455.075
1099.337 615.081
1099.650 740.086
1099.963 748.092
1100.276 603.098
1100.589 582.103
1100.902 675.109
1101.215 686.115
1101.528 744.120
1101.841 644.126
1102.153 701.131
1102.466 781.137
1102.779 571.143
1103.092 576.148
1103.405 715.154
1103.718 645.159
1104.031 578.165
1104.344 673.171
1104.657 648.176
1104.970 916.182
1105.283 751.187
1105.596 612.193
1105.909 611.198
1106.221 674.204
1106.534 667.209
1106.847 532.215
1107.160 455.220
1107.473 528.226
1107.786 608.232
1108.099 540.237
1108.412 621.243
1108.725 633.248
1109.038 488.254
1109.351 618.259
1109.664 664.265
1109.977 543.270
1110.289 601.276
1110.602 621.281
1110.915 619.286
1111.228 631.292
1111.541 570.297
1111.854 578.303
1112.167 500.308
1112.480 507.314
1112.793 582.319
1113.106 617.325
1113.419 658.330
1113.732 622.336
1114.044 528.341
1114.357 581.346
1114.670 628.352
1114.983 569.357
1115.296 511.363
1115.609 624.368
1115.922 662.373
1116.235 666.379
1116.548 631.384
1116.861 601.390
1117.174 588.395
1117.487 672.400
1117.800 876.406
1118.112 705.411
1118.425 589.416
1118.738 542.422
1119.051 582.427
1119.364 576.433
1119.677 613.438
1119.990 607.443
1120.303 621.449
1120.616 743.454
1120.929 635.459
1121.242 680.465
1121.555 714.470
1121.868 716.475
1122.180 655.480
1122.493 464.486
1122.806 461.491
1123.119 615.496
1123.432 631.502
1123.745 623.507
1124.058 588.512
1124.371 550.518
1124.684 692.523
1124.997 687.528
1125.310 649.533
1125.623 522.539
1125.935 428.544
1126.248 543.549
1126.561 659.554
1126.874 683.560
1127.187 741.565
1127.500 728.570
1127.813 718.575
1128.126 669.581
1128.439 696.586
1128.752 840.591
1129.065 650.596
1129.378 408.601
1129.691 549.607
1130.003 631.612
1130.316 599.617
1130.629 555.622
1130.942 625.627
1131.255 638.633
1131.568 531.638
1131.881 568.643
1132.194 626.648
1132.507 596.653
1132.820 633.658
1133.133 721.664
1133.446 556.669
1133.759 746.674
1134.071 1212.679
1134.384 833.684
1134.697 761.689
1135.010 845.694
1135.323 661.700
1135.636 537.705
1135.949 541.710
1136.262 553.715
1136.575 610.720
1136.888 622.725
1137.201 663.730
1137.514 599.735
1137.826 662.740
1138.139 622.746
1138.452 591.751
1138.765 810.756
1139.078 819.761
1139.391 762.766
1139.704 727.771
1140.017 732.776
1140.330 607.781
1140.643 536.786
1140.956 568.791
1141.269 653.796
1141.582 678.801
1141.894 564.806
1142.207 722.811
1142.520 649.816
1142.833 721.821
1143.146 675.826
1143.459 559.831
1143.772 577.836
1144.085 731.842
1144.398 635.847
1144.711 570.852
1145.024 614.857
1145.337 701.862
1145.650 717.867
1145.962 581.871
1146.275 610.876
1146.588 492.881
1146.901 648.886
1147.214 654.891
1147.527 590.896
1147.840 646.901
1148.153 567.906
1148.466 599.911
1148.779 608.916
1149.092 722.921
1149.405 596.926
1149.718 616.931
1150.030 715.936
1150.343 705.941
1150.656 562.946
1150.969 586.951
1151.282 788.956
1151.595 720.961
1151.908 610.966
1152.221 432.970
1152.534 489.975
1152.847 760.980
1153.160 688.985
1153.473 659.990
1153.785 672.995
1154.098 653.000
1154.411 725.005
1154.724 679.010
1155.037 792.014
1155.350 671.019
1155.663 638.024
1155.976 550.029
1156.289 683.034
1156.602 592.039
1156.915 444.044
1157.228 459.048
1157.541 620.053
1157.853 637.058
1158.166 627.063
1158.479 648.068
1158.792 630.073
1159.105 684.077
1159.418 666.082
1159.731 648.087
1160.044 642.092
1160.357 829.097
1160.670 739.101
1160.983 503.106
1161.296 609.111
1161.609 705.116
1161.921 615.121
1162.234 550.125
1162.547 474.130
1162.860 531.135
1163.173 512.140
1163.486 625.144
1163.799 716.149
1164.112 667.154
1164.425 606.159
1164.738 607.164
1165.051 538.168
1165.364 493.173
1165.676 568.178
1165.989 672.182
1166.302 666.187
1166.615 785.192
1166.928 668.197
1167.241 686.201
1167.554 748.206
1167.867 700.211
1168.180 632.216
1168.493 505.220
1168.806 566.225
1169.119 589.230
1169.432 695.234
1169.744 689.239
1170.057 670.244
1170.370 725.248
1170.683 662.253
1170.996 607.258
1171.309 640.262
1171.622 573.267
1171.935 584.272
1172.248 776.276
1172.561 719.281
1172.874 651.286
1173.187 697.290
1173.500 694.295
1173.812 751.300
1174.125 737.304
1174.438 738.309
1174.751 601.314
1175.064 605.318
1175.377 715.323
1175.690 637.327
1176.003 568.332
1176.316 571.337
1176.629 625.341
1176.942 629.346
1177.255 575.351
1177.567 520.355
1177.880 543.360
1178.193 663.364
1178.506 624.369
1178.819 709.373
1179.132 734.378
1179.445 531.383
1179.758 688.387
1180.071 736.392
1180.384 565.396
1180.697 643.401
1181.010 705.405
1181.323 823.410
1181.635 816.415
1181.948 773.419
1182.261 615.424
1182.574 552.428
1182.887 646.433
1183.200 835.437
1183.513 782.442
1183.826 691.446
1184.139 681.451
1184.452 677.455
1184.765 584.460
1185.078 495.464
1185.391 545.469
1185.703 560.473
1186.016 469.478
1186.329 433.482
1186.642 611.487
1186.955 784.491
1187.268 627.496
1187.581 613.500
1187.894 639.505
1188.207 711.509
1188.520 645.514
1188.833 585.518
1189.146 513.523
1189.459 471.527
1189.771 544.532
1190.084 721.536
1190.397 653.541
1190.710 666.545
1191.023 720.549
1191.336 670.554
1191.649 630.558
1191.962 665.563
1192.275 520.567
1192.588 629.572
1192.901 807.576
1193.214 645.581
1193.526 624.585
1193.839 681.589
1194.152 580.594
1194.465 666.598
1194.778 624.603
1195.091 622.607
1195.404 583.611
1195.717 627.616
1196.030 732.620
1196.343 628.625
1196.656 573.629
1196.969 648.633
1197.282 659.638
1197.594 612.642
1197.907 768.646
1198.220 723.651
1198.533 608.655
1198.846 593.660
1199.159 545.664
1199.472 564.668
1199.785 663.673
1200.098 539.677
1200.411 689.681
1200.724 657.686
1201.037 621.690
1201.350 537.694
1201.662 466.699
1201.975 627.703
1202.288 699.707
1202.601 279.712
