165.028 148.819
165.288 53.456
165.547 136.095
165.807 204.738
166.067 89.384
166.327 30.033
166.587 37.685
166.847 135.340
167.107 116.999
167.367 160.660
167.627 266.325
167.886 183.992
168.146 172.662
168.406 343.336
168.666 288.012
168.926 202.691
169.186 208.373
169.446 231.057
169.706 116.745
169.966 155.435
170.225 186.128
170.485 246.823
170.745 327.522
171.005 439.223
171.265 237.926
171.525 185.632
171.785 102.341
172.045 105.052
172.305 234.766
172.564 200.482
172.824 106.200
173.084 247.921
173.344 208.644
173.604 180.370
173.864 229.098
174.124 261.828
174.384 226.561
174.644 277.295
174.903 347.032
175.163 368.771
175.423 408.513
175.683 227.256
175.943 265.002
176.203 207.749
176.463 199.499
176.723 215.250
176.983 280.004
177.242 262.759
177.502 414.517
177.762 465.276
178.022 243.037
178.282 184.800
178.542 191.565
178.802 241.332
179.062 188.100
179.322 404.870
179.581 442.642
179.841 218.416
180.101 327.191
180.361 357.968
180.621 304.746
180.881 260.526
181.141 276.308
181.401 258.091
181.661 331.875
181.920 533.661
182.180 359.448
182.440 155.237
182.700 163.027
182.960 234.819
183.220 295.612
183.480 511.406
183.740 381.202
184.000 250.998
184.259 155.796
184.519 277.596
184.779 261.396
185.039 368.198
185.299 426.000
185.559 394.804
185.819 400.609
186.079 443.415
186.339 401.222
186.598 291.030
186.858 201.839
187.118 260.648
187.378 399.459
187.638 407.271
187.898 444.084
188.158 452.897
188.418 335.712
188.678 308.527
188.937 365.343
189.197 417.159
189.457 412.977
189.717 322.795
189.977 178.614
190.237 184.434
190.497 445.254
190.757 409.075
191.017 330.896
191.276 235.718
191.536 261.541
191.796 293.364
192.056 279.188
192.316 266.012
192.576 235.837
192.836 197.662
193.096 256.488
193.356 273.314
193.616 288.140
193.875 309.967
194.135 263.794
194.395 378.622
194.655 377.450
194.915 316.278
195.175 308.106
195.435 359.935
195.695 206.764
195.955 89.593
196.214 252.422
196.474 383.252
196.734 347.081
196.994 303.911
197.254 322.741
197.514 216.571
197.774 211.401
198.034 177.231
198.294 186.061
198.553 248.891
198.813 214.722
199.073 131.552
199.333 124.382
199.593 268.212
199.853 349.042
200.113 459.872
200.373 386.702
200.633 208.532
200.892 175.361
201.152 153.191
201.412 196.020
201.672 284.849
201.932 465.678
202.192 425.507
202.452 215.336
202.712 215.164
202.972 251.992
203.231 300.819
203.491 322.647
203.751 297.474
204.011 333.301
204.271 376.127
204.531 153.953
204.791 152.779
205.051 198.604
205.311 289.429
205.570 198.254
205.830 192.078
206.090 173.901
206.350 309.724
206.610 498.547
206.870 267.369
207.130 195.191
207.390 250.012
207.650 248.833
207.909 313.653
208.169 378.472
208.429 340.291
208.689 201.110
208.949 309.927
209.209 390.744
209.469 198.561
209.729 156.377
209.989 223.192
210.248 107.007
210.508 425.821
210.768 415.634
211.028 284.447
211.288 369.258
211.548 332.070
211.808 299.880
212.068 440.690
212.328 473.498
212.587 458.307
212.847 328.114
213.107 383.921
213.367 404.726
213.627 316.531
213.887 356.335
214.147 215.139
214.407 235.941
214.667 252.743
214.926 381.544
215.186 355.344
215.446 364.143
215.706 233.941
215.966 194.738
216.226 258.534
216.486 272.330
216.746 310.124
217.006 341.918
217.265 294.710
217.525 219.502
217.785 259.293
218.045 337.082
218.305 230.871
218.565 208.659
218.825 340.446
219.085 453.231
219.345 242.016
219.604 160.800
219.864 288.582
220.124 372.364
220.384 314.145
220.644 313.924
220.904 321.703
221.164 343.480
221.424 325.256
221.684 227.032
221.943 284.806
222.203 380.579
222.463 288.351
222.723 181.122
222.983 293.891
223.243 276.660
223.503 318.427
223.763 236.194
224.023 203.959
224.282 354.723
224.542 350.486
224.802 387.248
225.062 392.008
225.322 461.767
225.582 365.526
225.842 308.283
226.102 353.038
226.362 339.793
226.621 379.546
226.881 321.299
227.141 343.050
227.401 353.799
227.661 260.548
227.921 456.295
228.181 369.041
228.441 282.786
228.701 463.530
228.960 519.272
229.220 294.013
229.480 247.753
229.740 411.492
230.000 463.229
230.260 330.965
230.520 294.700
230.780 333.433
231.040 336.165
231.299 270.896
231.559 253.626
231.819 291.354
232.079 438.081
232.339 409.807
232.599 200.531
232.859 329.254
233.119 473.976
233.379 309.697
233.638 349.416
233.898 437.134
234.158 418.850
234.418 368.565
234.678 414.279
234.938 435.992
235.198 308.703
235.458 204.413
235.718 294.121
235.978 344.828
236.237 371.534
236.497 337.239
236.757 398.942
237.017 387.643
237.277 300.344
237.537 302.043
237.797 252.740
238.057 379.437
238.317 354.132
238.576 259.825
238.836 301.517
239.096 431.208
239.356 353.898
239.616 316.586
239.876 360.272
240.136 352.958
240.396 458.642
240.656 555.324
240.915 474.005
241.175 422.685
241.435 272.363
241.695 337.040
241.955 505.716
242.215 518.390
242.475 447.063
242.735 346.734
242.995 431.404
243.254 403.073
243.514 331.740
243.774 150.406
244.034 241.070
244.294 543.733
244.554 432.395
244.814 457.055
245.074 384.714
245.334 309.372
245.593 281.028
245.853 297.682
246.113 274.335
246.373 414.987
246.633 460.638
246.893 364.287
247.153 410.934
247.413 459.580
247.673 412.225
247.932 394.869
248.192 458.511
248.452 511.151
248.712 441.790
248.972 290.428
249.232 448.064
249.492 375.699
249.752 240.333
250.012 420.965
250.271 403.596
250.531 427.225
250.791 635.853
251.051 580.480
251.311 383.105
251.571 225.728
251.831 375.351
252.091 469.972
252.351 348.591
252.610 304.209
252.870 434.826
253.130 397.441
253.390 339.055
253.650 433.668
253.911 448.279
254.172 497.888
254.433 400.497
254.694 298.104
254.955 364.709
255.216 362.313
255.477 458.916
255.738 400.517
255.999 301.117
256.261 463.716
256.522 418.313
256.783 406.909
257.044 307.503
257.305 209.096
257.566 202.688
257.827 194.278
258.088 304.867
258.349 290.454
258.610 371.040
258.871 357.625
259.132 438.208
259.393 341.790
259.654 234.371
259.915 221.950
260.176 349.528
260.437 403.104
260.698 379.679
260.959 381.253
261.221 402.825
261.482 449.396
261.743 431.966
262.004 409.534
262.265 557.101
262.526 515.666
262.787 304.231
263.048 321.793
263.309 341.355
263.570 450.915
263.831 392.474
264.092 325.031
264.353 195.587
264.614 496.142
264.875 469.695
265.136 373.247
265.397 490.798
265.658 580.347
265.919 597.895
266.181 527.442
266.442 399.987
266.703 313.531
266.964 297.074
267.225 310.615
267.486 374.155
267.747 451.694
268.008 543.231
268.269 517.767
268.530 411.302
268.791 389.835
269.052 480.367
269.313 439.898
269.574 388.428
269.835 419.956
270.096 475.483
270.357 502.008
270.618 388.533
270.879 307.056
271.141 353.577
271.402 377.098
271.663 276.617
271.924 373.134
272.185 440.651
272.446 365.166
272.707 413.680
272.968 397.193
273.229 357.704
273.490 348.214
273.751 342.723
274.012 376.230
274.273 461.737
274.534 455.242
274.795 448.745
275.056 432.248
275.317 331.749
275.578 242.249
275.839 334.748
276.101 296.245
276.362 287.741
276.623 365.236
276.884 481.730
277.145 503.222
277.406 539.714
277.667 412.204
277.928 311.692
278.189 535.180
278.450 485.666
278.711 443.151
278.972 445.635
279.233 364.117
279.494 451.599
279.755 609.079
280.016 591.558
280.277 422.035
280.538 481.512
280.799 402.987
281.061 384.461
281.322 402.934
281.583 368.406
281.844 284.876
282.105 315.345
282.366 443.814
282.627 360.280
282.888 420.746
283.149 529.211
283.410 464.674
283.671 428.136
283.932 371.597
284.193 237.057
284.454 353.515
284.715 477.973
284.976 459.429
285.237 501.884
285.498 732.338
285.759 654.791
286.021 546.242
286.282 445.693
286.543 471.142
286.804 431.590
287.065 494.037
287.326 520.483
287.587 347.927
287.848 478.371
288.109 549.813
288.370 473.254
288.631 337.695
288.892 291.134
289.153 328.571
289.414 284.008
289.675 505.444
289.936 633.878
290.197 530.312
290.458 459.744
290.719 401.175
290.981 527.605
291.242 580.034
291.503 579.462
291.764 460.888
292.025 303.314
292.286 310.738
292.547 418.162
292.808 398.584
293.069 474.005
293.330 485.426
293.591 517.845
293.852 469.263
294.113 393.679
294.374 374.095
294.635 417.510
294.896 443.924
295.157 545.336
295.418 581.748
295.679 574.158
295.941 466.568
296.202 475.976
296.463 441.383
296.724 503.789
296.985 552.195
297.246 513.599
297.507 396.002
297.768 374.404
298.029 550.805
298.290 706.205
298.551 660.604
298.812 679.002
299.073 491.399
299.334 378.794
299.595 498.189
299.856 521.583
300.117 631.976
300.378 599.367
300.639 402.758
300.901 336.148
301.162 460.537
301.423 566.924
301.684 723.311
301.945 725.697
302.206 491.081
302.467 483.465
302.728 449.848
302.989 463.229
303.250 526.610
303.511 578.990
303.772 529.369
304.033 448.746
304.294 486.123
304.555 455.499
304.816 505.874
305.077 526.248
305.338 486.621
305.599 465.993
305.861 440.363
306.122 500.733
306.383 476.103
306.644 472.471
306.905 376.838
307.166 544.204
307.427 585.569
307.688 520.933
307.949 454.297
308.210 466.659
308.471 476.021
308.732 420.381
308.993 335.741
309.254 406.099
309.515 304.457
309.776 448.814
310.037 477.170
310.298 339.525
310.559 378.879
310.821 526.232
311.082 490.584
311.343 373.935
311.604 327.286
311.865 341.635
312.126 375.984
312.387 466.331
312.648 434.678
312.909 438.024
313.170 524.369
313.434 488.713
313.698 381.056
313.963 501.399
314.227 456.740
314.491 419.081
314.755 451.420
315.019 471.759
315.284 264.097
315.548 451.434
315.812 459.770
316.076 522.105
316.340 550.440
316.604 522.773
316.869 584.106
317.133 550.438
317.397 616.769
317.661 588.099
317.925 500.428
318.190 499.757
318.454 471.084
318.718 464.411
318.982 580.737
319.246 620.062
319.511 741.386
319.775 560.710
320.039 510.032
320.303 523.354
320.567 585.675
320.832 544.995
321.096 457.314
321.360 458.633
321.624 396.950
321.888 361.267
322.153 396.583
322.417 352.898
322.681 296.212
322.945 509.526
323.209 575.839
323.473 497.151
323.738 470.462
324.002 488.772
324.266 623.082
324.530 583.390
324.794 461.698
325.059 409.005
325.323 391.312
325.587 501.617
325.851 522.922
326.115 682.226
326.380 551.529
326.644 491.832
326.908 493.133
327.172 444.434
327.436 477.735
327.701 466.034
327.965 463.332
328.229 531.630
328.493 336.927
328.757 393.224
329.022 564.519
329.286 419.814
329.550 420.108
329.814 486.401
330.078 484.694
330.342 415.986
330.607 491.277
330.871 542.567
331.135 681.857
331.399 664.146
331.663 468.434
331.928 476.721
332.192 566.008
332.456 526.294
332.720 557.579
332.984 493.863
333.249 466.147
333.513 463.430
333.777 385.712
334.041 334.994
334.305 453.275
334.570 482.555
334.834 402.834
335.098 600.113
335.362 668.391
335.626 583.668
335.891 442.945
336.155 460.221
336.419 410.496
336.683 282.770
336.947 437.044
337.211 488.317
337.476 380.590
337.740 418.861
338.004 488.132
338.268 494.403
338.532 519.672
338.797 450.941
339.061 540.210
339.325 655.477
339.589 702.744
339.853 621.011
340.118 517.276
340.382 581.541
340.646 678.805
340.910 482.069
341.174 457.332
341.439 423.594
341.703 486.856
341.967 498.117
342.231 445.377
342.495 440.637
342.759 588.896
343.024 558.154
343.288 613.412
343.552 529.669
343.816 313.925
344.080 387.181
344.345 457.436
344.609 347.690
344.873 335.944
345.137 530.198
345.401 548.450
345.666 360.702
345.930 486.953
346.194 591.204
346.458 436.454
346.722 424.703
346.987 393.952
347.251 504.200
347.515 668.448
347.779 478.695
348.043 427.941
348.308 451.187
348.572 353.432
348.836 325.676
349.100 426.920
349.364 353.164
349.628 349.406
349.893 455.648
350.157 558.890
350.421 535.131
350.685 504.371
350.949 438.611
351.214 375.850
351.478 442.088
351.742 477.326
352.006 468.563
352.270 441.800
352.535 353.036
352.799 376.272
353.063 503.506
353.327 470.741
353.591 346.975
353.856 366.208
354.120 454.440
354.384 588.672
354.648 684.904
354.912 613.135
355.177 547.365
355.441 462.595
355.705 655.824
355.969 668.053
356.233 587.281
356.497 544.508
356.762 495.735
357.026 480.962
357.290 487.187
357.554 505.413
357.818 541.637
358.083 549.862
358.347 543.085
358.611 495.308
358.875 478.531
359.139 508.753
359.404 425.974
359.668 496.195
359.932 612.415
360.196 620.635
360.460 452.854
360.725 465.073
360.989 584.291
361.253 691.509
361.517 686.726
361.781 629.943
362.046 620.159
362.310 599.374
362.574 565.589
362.838 485.804
363.102 552.018
363.366 579.231
363.631 494.444
363.895 493.657
364.159 584.868
364.423 570.080
364.687 651.291
364.952 662.501
365.216 671.711
365.480 614.920
365.747 481.129
366.013 500.337
366.280 468.545
366.546 571.752
366.813 520.959
367.079 520.166
367.346 591.371
367.612 527.577
367.879 560.781
368.145 658.986
368.412 543.190
368.678 464.393
368.945 567.596
369.211 518.798
369.478 561.000
369.744 532.201
370.011 549.402
370.278 537.603
370.544 471.802
370.811 529.002
371.077 554.201
371.344 540.399
371.610 537.597
371.877 483.795
372.143 490.992
372.410 653.188
372.676 743.385
372.943 709.580
373.209 594.775
373.476 499.970
373.742 451.164
374.009 568.358
374.276 605.551
374.542 579.744
374.809 463.937
375.075 336.129
375.342 351.320
375.608 338.511
375.875 351.702
376.141 632.892
376.408 614.081
376.674 583.271
376.941 551.459
377.207 497.648
377.474 969.835
377.740 833.023
378.007 537.210
378.273 601.396
378.540 671.582
378.807 535.768
379.073 440.953
379.340 462.138
379.606 496.322
379.873 473.506
380.139 551.690
380.406 581.873
380.672 565.055
380.939 515.237
381.205 479.419
381.472 394.600
381.738 389.781
382.005 554.962
382.271 565.142
382.538 543.321
382.804 730.500
383.071 603.679
383.338 600.857
383.604 613.035
383.871 621.213
384.137 609.390
384.404 495.567
384.670 552.743
384.937 546.919
385.203 625.094
385.470 612.269
385.736 647.444
386.003 597.618
386.269 597.792
386.536 512.965
386.802 491.138
387.069 591.310
387.336 719.483
387.602 707.654
387.869 512.826
388.135 504.997
388.402 451.167
388.668 522.337
388.935 615.507
389.201 731.676
389.468 715.845
389.734 710.014
390.001 658.182
390.267 570.350
390.534 621.517
390.800 647.684
391.067 674.851
391.333 662.017
391.600 576.183
391.867 601.349
392.133 664.514
392.400 510.678
392.666 403.843
392.933 692.007
393.199 798.170
393.466 639.333
393.732 555.496
393.999 648.659
394.265 681.821
394.532 567.982
394.798 689.144
395.065 651.305
395.331 671.465
395.598 748.626
395.864 780.785
396.131 934.945
396.398 984.104
396.664 1097.263
396.931 1362.421
397.197 1721.579
397.464 1902.737
397.730 2275.894
397.997 2584.051
398.263 2771.208
398.530 2930.364
398.796 3259.520
399.063 3457.675
399.329 3388.830
399.596 3492.985
399.862 3539.140
400.129 3691.294
400.396 3846.447
400.662 3581.601
400.929 3545.754
401.195 3695.907
401.462 3873.059
401.728 3981.211
401.995 4008.363
402.261 4005.514
402.528 4108.665
402.794 4344.816
403.061 4496.966
403.327 4738.116
403.594 4761.265
403.860 4642.415
404.127 4575.564
404.393 4669.712
404.660 4775.860
404.931 4823.008
405.202 4852.156
405.473 4815.303
405.745 5097.450
406.016 5401.597
406.287 5304.743
406.558 5195.889
406.829 5238.035
407.100 5284.180
407.371 5524.325
407.642 5537.469
407.914 5525.614
408.185 5504.758
408.456 5501.901
408.727 5720.045
408.998 5811.188
409.269 5848.330
409.540 5893.473
409.811 5600.615
410.083 5571.757
410.354 5574.898
410.625 5464.039
410.896 5388.180
411.167 5500.320
411.438 5443.461
411.709 5025.600
411.981 4998.740
412.252 4536.879
412.523 4161.018
412.794 4141.157
413.065 3968.295
413.336 3602.433
413.607 3544.571
413.878 3366.708
414.150 3092.845
414.421 2810.982
414.692 2636.119
414.963 2472.255
415.234 2415.391
415.505 2282.526
415.776 2295.661
416.047 2130.796
416.319 1923.931
416.590 1638.065
416.861 1358.200
417.132 1415.333
417.403 1347.467
417.674 1132.600
417.945 998.733
418.217 951.866
418.488 1064.998
418.759 901.130
419.030 785.262
419.301 853.393
419.572 869.524
419.843 795.655
420.114 673.786
420.386 661.916
420.657 820.046
420.928 756.176
421.199 730.305
421.470 733.434
421.741 632.563
422.012 601.692
422.283 572.820
422.555 642.948
422.826 718.076
423.097 778.204
423.368 768.331
423.639 685.458
423.910 758.584
424.181 634.711
424.453 562.837
424.724 859.963
424.995 919.088
425.266 708.214
425.537 677.339
425.808 823.463
426.079 874.588
426.350 814.712
426.622 720.836
426.893 850.960
427.164 841.083
427.435 728.206
427.706 745.329
427.977 797.452
428.248 765.574
428.519 809.696
428.791 753.818
429.062 863.939
429.333 762.061
429.604 737.182
429.875 826.302
430.146 924.423
430.417 902.543
430.689 784.663
430.960 638.783
431.231 669.902
431.502 844.022
431.773 872.141
432.044 730.259
432.315 852.378
432.586 775.496
432.858 816.614
433.129 679.732
433.400 676.849
433.671 757.966
433.942 683.083
434.213 559.200
434.484 611.316
434.755 686.433
435.027 533.549
435.298 646.664
435.569 701.780
435.840 597.895
436.116 619.010
436.391 674.125
436.667 719.239
436.942 745.353
437.218 787.467
437.493 821.581
437.769 814.695
438.045 690.808
438.320 644.921
438.596 717.034
438.871 662.146
439.147 640.259
439.422 605.371
439.698 567.483
439.974 621.594
440.249 727.706
440.525 696.817
440.800 509.928
441.076 598.038
441.351 682.149
441.627 790.259
441.903 745.369
442.178 594.479
442.454 609.588
442.729 803.698
443.005 665.807
443.281 698.916
443.556 835.024
443.832 719.133
444.107 564.241
444.383 615.349
444.658 640.456
444.934 519.564
445.210 746.671
445.485 792.778
445.761 772.885
446.036 734.992
446.312 811.098
446.587 812.204
446.863 591.310
447.139 614.416
447.414 753.521
447.690 808.627
447.965 767.732
448.241 644.836
448.516 693.941
448.792 666.045
449.068 655.150
449.343 705.254
449.619 630.357
449.894 623.461
450.170 665.564
450.445 857.667
450.721 892.770
450.997 659.873
451.272 780.975
451.548 721.078
451.823 677.180
452.099 770.281
452.375 723.383
452.650 705.485
452.926 786.586
453.201 770.687
453.477 976.788
453.752 927.888
454.028 783.989
454.304 837.089
454.579 959.189
454.855 885.288
455.130 875.388
455.406 984.487
455.681 894.587
455.957 796.686
456.233 754.784
456.508 785.883
456.784 782.981
457.059 759.079
457.335 932.177
457.610 817.275
457.886 727.373
458.162 712.470
458.437 709.567
458.713 748.664
458.988 733.761
459.264 838.857
459.539 821.954
459.815 762.050
460.091 630.146
460.366 617.242
460.642 609.337
460.917 658.433
461.193 647.528
461.468 587.623
461.744 604.718
462.020 593.812
462.295 670.907
462.571 668.001
462.846 693.095
463.122 823.189
463.397 819.283
463.673 647.729
463.949 654.815
464.224 668.894
464.500 748.907
464.775 707.748
465.051 775.290
465.327 902.031
465.602 1095.834
465.878 1130.987
466.153 964.281
466.429 1150.151
466.704 1450.491
466.980 1408.484
467.256 1482.575
467.531 1621.287
467.807 1688.133
468.082 1681.209
468.358 1648.586
468.633 1730.951
468.909 1590.479
469.185 1532.872
469.460 1683.397
469.736 1738.556
470.011 1545.293
470.287 1530.749
470.562 1605.498
470.838 1422.546
471.114 1458.415
471.389 1483.757
471.665 1357.945
471.940 1417.101
472.216 1355.449
472.491 1161.369
472.767 1158.579
473.043 1293.556
473.318 1371.738
473.594 1171.362
473.869 1056.671
474.145 1014.033
474.421 976.481
474.696 988.776
474.972 905.349
475.247 957.328
475.523 966.624
475.798 931.000
476.074 876.167
476.350 863.016
476.625 849.711
476.901 858.972
477.176 816.432
477.452 726.166
477.727 752.702
478.003 609.746
478.279 829.344
478.554 938.169
478.830 897.499
479.105 873.427
479.381 818.873
479.656 772.305
479.932 877.990
480.208 950.059
480.483 972.438
480.759 973.533
481.034 865.562
481.310 838.373
481.585 871.040
481.861 928.582
482.137 854.215
482.412 817.220
482.688 882.930
482.963 939.298
483.239 999.560
483.514 809.261
483.790 905.723
484.066 1105.698
484.341 888.109
484.617 817.513
484.892 920.443
485.168 905.598
485.443 795.433
485.719 769.668
485.995 889.251
486.270 936.021
486.546 838.303
486.821 747.382
487.097 732.165
487.373 780.830
487.648 944.725
487.924 925.191
488.199 743.613
488.475 558.031
488.750 614.857
489.026 798.069
489.302 778.518
489.577 721.949
489.853 762.454
490.128 932.951
490.404 887.104
490.679 739.430
490.955 932.331
491.231 968.574
491.506 891.319
491.782 810.974
492.057 765.245
492.333 912.091
492.608 848.565
492.884 843.747
493.160 658.890
493.435 710.256
493.711 890.722
493.986 811.569
494.262 791.850
494.537 835.061
494.813 884.040
495.089 719.953
495.364 744.584
495.640 811.455
495.915 806.617
496.191 921.466
496.467 885.009
496.742 888.037
497.018 942.184
497.293 858.347
497.569 971.916
497.844 854.112
498.120 929.432
498.396 925.396
498.671 900.568
498.947 987.036
499.222 993.059
499.498 1009.045
499.773 1110.610
500.049 1147.792
500.325 1138.031
500.600 1275.379
500.876 1274.726
501.151 1422.792
501.427 1595.979
501.702 1708.207
501.978 1669.083
502.254 1734.954
502.529 1661.851
502.805 1784.442
503.080 1898.208
503.356 1887.077
503.631 1795.115
503.907 1777.565
504.183 1731.077
504.458 1770.622
504.734 1669.813
505.009 1747.740
505.285 1676.705
505.560 1682.158
505.836 1642.433
506.112 1574.689
506.387 1503.909
506.663 1422.580
506.938 1399.394
507.214 1389.352
507.490 1422.362
507.765 1357.424
508.041 1321.166
508.316 1346.462
508.592 1164.564
508.867 1198.672
509.143 1363.365
509.419 1231.775
509.694 1088.951
509.970 1021.817
510.245 908.728
510.521 995.887
510.796 945.009
511.072 841.180
511.348 879.450
511.623 886.496
511.899 850.121
512.174 949.641
512.450 958.686
512.725 927.998
513.001 790.375
513.277 732.232
513.552 894.882
513.828 820.203
514.103 797.785
514.379 895.284
514.654 829.609
514.930 821.168
515.206 1150.161
515.481 1103.120
515.757 916.890
516.032 818.209
516.308 917.260
516.583 1075.453
516.859 1018.894
517.135 1046.220
517.410 1082.150
517.686 1121.085
517.961 1124.063
518.237 1132.614
518.513 1104.346
518.788 1339.316
519.064 1434.282
519.339 1462.783
519.615 1494.251
519.890 1538.194
520.166 1583.979
520.442 1788.483
520.717 1815.492
520.993 1706.512
521.268 1518.212
521.544 1584.682
521.819 1630.689
522.095 1659.894
522.371 1816.560
522.646 1837.713
522.922 1950.955
523.197 1937.604
523.473 1990.354
523.748 1890.892
524.024 1799.085
524.300 1807.756
524.575 1764.753
524.851 1886.343
525.126 1933.355
525.402 1977.369
525.677 2055.896
525.953 1954.563
526.229 1926.896
526.504 1884.779
526.780 1990.110
527.055 1944.225
527.331 1994.043
527.606 2114.785
527.882 2061.144
528.158 1925.245
528.433 2040.322
528.709 1972.242
528.984 1931.032
529.260 1845.380
529.535 1822.531
529.811 1654.480
530.087 1554.738
530.362 1590.975
530.638 1695.372
530.913 1717.985
531.189 1651.167
531.465 1487.131
531.740 1431.620
532.016 1497.858
532.291 1453.427
532.567 1391.378
532.842 1379.807
533.118 1325.915
533.394 1369.977
533.669 1241.376
533.945 1137.347
534.220 1116.002
534.496 1214.516
534.771 1169.947
535.047 1131.144
535.323 1102.032
535.598 1150.768
535.874 1191.010
536.149 1231.331
536.425 1201.281
536.700 1284.506
536.976 1525.316
537.252 1957.683
537.527 2203.277
537.803 2525.532
538.078 2952.850
538.354 3218.392
538.629 3249.174
538.905 3347.654
539.181 3463.780
539.456 3535.827
539.732 3763.459
540.007 3887.897
540.283 3779.146
540.558 3696.497
540.834 3911.579
541.110 4012.536
541.385 4070.017
541.661 4261.160
541.936 4257.509
542.212 4121.786
542.488 3972.187
542.763 4089.189
543.039 4050.641
543.314 3986.211
543.590 3865.099
543.865 3896.931
544.141 4002.248
544.417 4001.309
544.692 3924.898
544.968 3963.680
545.243 3857.336
545.519 3532.804
545.794 3534.381
546.070 3621.909
546.348 3349.944
546.627 3222.413
546.905 3407.762
547.183 3427.859
547.461 3501.398
547.740 3548.123
548.018 3456.276
548.296 3597.881
548.575 3761.786
548.853 3890.935
549.131 4042.924
549.409 4207.616
549.688 4477.509
549.966 4569.823
550.244 4690.906
550.523 4768.569
550.801 4885.681
551.079 5053.996
551.357 5175.709
551.636 5056.021
551.914 5018.486
552.192 4965.283
552.471 5239.732
552.749 5324.039
553.027 5375.936
553.306 5713.867
553.584 6089.531
553.862 6162.185
554.140 6308.601
554.419 6481.103
554.697 6876.844
554.975 7219.480
555.254 7386.470
555.532 7225.009
555.810 7293.131
556.088 7203.028
556.367 6831.120
556.645 6530.750
556.923 6416.013
557.202 6167.843
557.480 6028.894
557.758 5835.898
558.036 5490.650
558.315 5187.716
558.593 5034.811
558.871 4912.884
559.150 4650.299
559.428 4437.363
559.706 4163.437
559.984 4032.053
560.263 4044.606
560.541 3730.804
560.819 3443.501
561.098 3282.118
561.376 3095.627
561.654 2692.789
561.932 2298.892
562.211 2225.358
562.489 2167.768
562.767 1934.448
563.046 1735.584
563.324 1547.784
563.602 1435.004
563.880 1340.583
564.159 1395.332
564.437 1420.885
564.715 1199.646
564.994 1045.181
565.272 1119.123
565.550 1003.043
565.828 904.244
566.107 1018.475
566.385 955.155
566.663 810.330
566.942 801.548
567.220 861.151
567.498 1013.947
567.776 876.493
568.055 762.115
568.333 820.813
568.611 877.353
568.890 764.682
569.168 718.905
569.446 799.838
569.725 754.472
570.003 557.416
570.281 553.164
570.559 679.901
570.838 720.294
571.116 794.680
571.394 766.624
571.673 812.029
571.951 819.658
572.229 762.421
572.507 761.263
572.786 725.082
573.064 755.044
573.342 692.771
573.621 577.094
573.899 657.138
574.177 819.933
574.455 799.274
574.734 679.747
575.012 782.531
575.290 760.815
575.569 745.918
575.847 800.669
576.125 806.601
576.403 637.496
576.682 679.465
576.960 751.783
577.243 768.804
577.527 675.023
577.810 538.121
578.093 582.088
578.377 613.914
578.660 647.555
578.944 655.503
579.227 637.043
579.510 698.174
579.794 694.942
580.077 619.965
580.360 626.576
580.644 600.429
580.927 608.027
581.210 664.731
581.494 624.265
581.777 689.359
582.061 666.184
582.344 612.056
582.627 566.236
582.911 598.183
583.194 556.907
583.477 645.772
583.761 709.687
584.044 750.648
584.327 700.492
584.611 668.566
584.894 652.625
585.178 602.717
585.461 632.729
585.744 733.671
586.028 611.447
586.311 667.489
586.594 733.531
586.878 647.573
587.161 623.615
587.444 647.657
587.728 652.699
588.011 677.740
588.295 571.782
588.578 665.159
588.861 796.069
589.145 643.907
589.428 612.561
589.711 559.990
589.995 580.451
590.278 746.326
590.562 683.114
590.845 582.572
591.128 787.621
591.412 740.755
591.695 653.624
591.978 783.751
592.262 724.635
592.545 509.870
592.828 679.083
593.112 605.664
593.395 560.839
593.679 513.508
593.962 638.051
594.245 683.227
594.529 601.675
594.812 471.892
595.095 460.461
595.379 682.030
595.662 705.610
595.945 591.742
596.229 493.972
596.512 567.291
596.796 690.786
597.079 745.587
597.362 824.834
597.646 799.330
597.929 656.936
598.212 655.337
598.496 674.151
598.779 791.984
599.062 819.664
599.346 636.089
599.629 580.274
599.913 623.091
600.196 682.242
600.479 670.782
600.763 737.491
601.046 599.403
601.329 596.094
601.613 739.105
601.896 701.779
602.179 717.827
602.463 680.536
602.746 772.912
603.030 910.474
603.313 814.427
603.596 599.548
603.880 695.076
604.163 765.702
604.446 704.265
604.730 620.071
605.013 706.585
605.296 754.327
605.580 672.092
605.863 751.463
606.147 652.578
606.430 579.157
606.713 663.755
606.997 625.264
607.280 825.276
607.563 774.432
607.847 703.331
608.130 707.683
608.414 797.047
608.697 768.708
608.980 746.970
609.264 844.798
609.547 709.824
609.830 729.449
610.114 762.786
610.397 734.419
610.680 786.574
610.964 759.721
611.247 789.169
611.531 777.221
611.814 613.371
612.097 634.016
612.381 836.371
612.664 939.288
612.947 747.960
613.231 717.574
613.514 741.890
613.797 833.281
614.081 883.415
614.364 852.998
614.648 847.140
614.931 751.890
615.214 730.315
615.498 833.330
615.781 882.414
616.064 822.409
616.348 961.224
616.631 980.926
616.914 1041.019
617.198 956.365
617.481 833.247
617.765 848.897
618.048 947.500
618.331 896.202
618.615 804.237
618.898 941.624
619.181 955.492
619.465 882.288
619.748 787.367
620.031 782.241
620.315 789.989
620.598 796.759
620.882 853.196
621.165 1014.118
621.448 944.571
621.732 898.779
622.015 699.808
622.298 662.355
622.582 768.839
622.865 737.673
623.148 651.794
623.432 736.216
623.715 722.237
623.999 893.228
624.282 864.039
624.565 893.981
624.849 704.881
625.132 609.562
625.415 873.709
625.699 1028.005
625.982 855.487
626.265 762.206
626.549 740.258
626.832 802.918
627.116 847.397
627.399 662.582
627.682 651.200
627.966 664.676
628.249 714.343
628.532 710.644
628.816 831.619
629.099 691.541
629.383 646.838
629.666 687.537
629.949 631.730
630.233 651.382
630.516 691.104
630.799 738.236
631.083 660.148
631.366 619.511
631.649 602.408
631.933 535.249
632.216 669.777
632.500 732.770
632.783 750.085
633.066 733.159
633.350 707.877
633.633 767.071
633.916 722.805
634.200 680.489
634.483 755.539
634.766 802.116
635.050 725.569
635.333 617.393
635.617 653.288
635.900 768.668
636.183 852.390
636.467 788.288
636.750 831.170
637.033 868.937
637.317 862.751
637.600 865.730
637.883 805.792
638.167 760.038
638.450 825.124
638.734 817.663
639.017 855.146
639.300 871.093
639.584 791.730
639.867 1000.365
640.150 1027.523
640.434 1072.454
640.717 1031.294
641.000 905.155
641.284 924.811
641.567 861.159
641.851 895.995
642.134 1074.501
642.417 1033.339
642.701 1142.847
642.984 1146.481
643.267 1088.732
643.551 962.356
643.834 922.988
644.117 950.242
644.401 921.171
644.684 1002.737
644.968 1194.320
645.251 1154.767
645.534 995.321
645.818 1041.316
646.101 1159.693
646.384 1231.084
646.668 1317.497
646.951 1329.732
647.235 1434.394
647.518 1425.964
647.801 1646.857
648.085 1800.269
648.368 1883.756
648.651 1937.356
648.935 2157.605
649.218 2359.140
649.501 2313.324
649.785 2424.168
650.068 2649.525
650.352 2851.300
650.635 3068.579
650.918 3124.490
651.202 3410.452
651.485 3691.971
651.768 3968.323
652.052 4186.564
652.335 4375.105
652.618 4742.605
652.902 5120.724
653.185 5595.023
653.469 5561.634
653.752 5599.112
654.035 5701.856
654.319 5850.137
654.602 5980.440
654.885 6017.612
655.169 6182.739
655.452 5980.372
655.735 5893.367
656.019 6024.892
656.302 6083.726
656.586 6280.333
656.869 6460.203
657.152 6555.343
657.436 6515.840
657.719 6525.442
658.002 6538.162
658.286 6427.623
658.569 6095.619
658.852 5855.526
659.136 5939.526
659.419 5889.809
659.703 5677.655
659.986 5674.638
660.269 5603.812
660.553 5279.040
660.836 5303.459
661.119 5371.577
661.403 5140.184
661.686 4952.888
661.969 4935.623
662.253 4835.107
662.536 4760.948
662.820 4766.533
663.103 4699.624
663.386 4643.872
663.670 4686.496
663.953 4510.034
664.236 4594.672
664.520 4424.487
664.803 4426.542
665.086 4471.685
665.370 4548.179
665.653 4475.258
665.937 4452.442
666.220 4247.602
666.503 4114.770
666.787 4179.706
667.070 4077.457
667.353 3972.810
667.637 3713.258
667.920 3712.272
668.204 3505.928
668.487 3286.221
668.770 3238.678
669.054 2902.657
669.337 2623.279
669.620 2378.658
669.904 2144.084
670.187 2121.833
670.470 2159.740
670.754 1793.441
671.037 1489.365
671.321 1346.911
671.604 1383.080
671.887 1418.300
672.171 1293.456
672.454 1221.608
672.737 1251.803
673.021 1157.730
673.304 1107.611
673.587 1218.521
673.871 1148.011
674.154 1135.414
674.438 1222.939
674.721 1151.024
675.004 1104.910
675.288 1049.382
675.571 1040.191
675.854 914.574
676.138 914.513
676.421 949.540
676.704 938.151
676.988 1072.401
677.271 1270.850
677.555 1197.734
677.838 1069.529
678.121 1127.336
678.405 1104.852
678.688 1181.483
678.971 979.605
679.255 1069.880
679.538 1133.185
679.821 1083.419
680.105 938.154
680.388 860.299
680.672 894.484
680.955 887.234
681.238 851.764
681.522 869.616
681.805 893.218
682.088 956.898
682.372 1009.017
682.655 860.827
682.938 889.038
683.222 886.977
683.505 882.705
683.789 913.035
684.072 903.657
684.355 950.757
684.639 903.810
684.922 817.198
685.205 808.873
685.489 962.344
685.772 919.489
686.056 916.293
686.339 965.482
686.622 815.267
686.906 753.706
687.189 880.037
687.472 1039.771
687.756 926.095
688.039 796.608
688.322 692.249
688.606 1005.428
688.889 1013.804
689.173 879.174
689.456 992.979
689.739 997.180
690.023 925.259
690.306 931.541
690.589 876.429
690.873 910.922
691.156 956.734
691.439 944.272
691.723 877.700
692.006 921.348
692.290 944.406
692.573 1071.176
692.856 1080.380
693.140 1061.753
693.423 1045.150
693.706 927.088
693.990 895.205
694.273 934.595
694.556 1078.134
694.840 1172.426
695.123 1028.677
695.407 940.953
695.690 902.995
695.973 1010.136
696.257 1057.524
696.540 1189.176
696.830 1089.315
697.120 1122.227
697.410 1151.900
697.699 1120.999
697.989 1335.039
698.279 1247.202
698.569 1093.284
698.859 1160.931
699.149 1257.763
699.439 1120.649
699.729 1071.571
700.018 1067.513
700.308 1186.734
700.598 1036.911
700.888 930.115
701.178 1160.666
701.468 1083.448
701.758 961.806
702.048 1043.764
702.337 971.031
702.627 1053.857
702.917 1014.526
703.207 928.921
703.497 942.094
703.787 828.608
704.077 862.664
704.366 901.115
704.656 779.873
704.946 681.557
705.236 677.902
705.526 888.825
705.816 951.722
706.106 705.531
706.396 714.812
706.685 673.976
706.975 598.527
707.265 598.354
707.555 780.300
707.845 770.847
708.135 667.797
708.425 579.871
708.715 588.380
709.004 789.402
709.294 746.934
709.584 691.242
709.874 776.077
710.164 764.264
710.454 702.556
710.744 640.680
711.034 701.214
711.323 753.005
711.613 698.893
711.903 819.172
712.193 813.294
712.483 665.823
712.773 627.497
713.063 633.156
713.352 695.601
713.642 698.172
713.932 724.149
714.222 715.944
714.512 648.148
714.802 637.905
715.092 716.415
715.382 630.911
715.671 556.355
715.961 595.767
716.251 532.204
716.541 618.334
716.831 738.914
717.121 589.159
717.411 655.995
717.701 777.546
717.990 634.026
718.280 552.607
718.570 560.268
718.860 595.059
719.150 653.910
719.440 632.314
719.730 615.746
720.019 798.385
720.309 696.972
720.599 633.955
720.889 600.739
721.179 655.305
721.469 710.550
721.759 660.437
722.049 697.849
722.338 613.498
722.628 642.555
722.918 659.233
723.208 698.021
723.498 546.118
723.788 650.610
724.078 839.273
724.368 773.410
724.657 703.321
724.947 730.056
725.237 751.051
725.527 788.716
725.817 658.756
726.107 588.154
726.397 600.747
726.686 534.036
726.976 582.411
727.266 691.716
727.556 642.413
727.846 761.157
728.136 776.882
728.426 645.656
728.716 562.342
729.005 678.641
729.295 611.801
729.585 485.824
729.875 492.655
730.165 598.875
730.455 661.940
730.745 665.515
731.035 628.642
731.324 723.270
731.614 696.643
731.904 608.904
732.194 694.444
732.484 652.337
732.774 639.711
733.064 631.949
733.354 519.128
733.643 563.594
733.933 608.873
734.223 619.614
734.513 720.998
734.803 717.818
735.093 584.179
735.383 545.707
735.672 640.453
735.962 736.638
736.252 577.579
736.542 589.504
736.832 547.408
737.122 427.376
737.412 513.670
737.702 688.874
737.991 708.521
738.281 650.936
738.571 653.263
738.861 648.663
739.151 589.627
739.441 676.579
739.731 540.905
740.021 591.252
740.310 731.893
740.600 733.622
740.890 515.447
741.180 630.008
741.470 675.437
741.760 705.071
742.050 835.397
742.339 722.331
742.629 610.579
742.919 757.977
743.209 536.892
743.499 534.474
743.789 561.755
744.079 638.012
744.369 683.888
744.658 599.039
744.948 457.871
745.238 609.979
745.528 647.659
745.818 764.392
746.108 673.141
746.398 666.877
746.688 642.070
746.977 777.143
747.267 641.114
747.557 675.568
747.847 734.235
748.137 648.417
748.427 662.366
748.717 545.515
749.006 413.647
749.296 550.532
749.586 614.680
749.876 735.829
750.166 632.262
750.456 576.081
750.746 600.627
751.036 527.791
751.325 676.512
751.615 632.252
751.905 615.287
752.195 667.921
752.485 616.940
752.775 570.529
753.065 500.477
753.355 714.710
753.644 688.703
753.934 629.551
754.224 590.823
754.514 769.146
754.804 540.710
755.094 456.475
755.384 519.683
755.674 574.867
755.963 719.319
756.253 661.826
756.543 679.235
756.833 732.880
757.123 687.986
757.413 627.389
757.703 564.091
757.992 572.149
758.282 668.982
758.572 604.346
758.862 522.957
759.152 623.478
759.442 617.850
759.732 697.886
760.022 775.291
760.311 646.310
760.601 556.791
760.891 688.600
761.181 681.896
761.471 638.334
761.761 536.276
762.051 605.780
762.341 760.118
762.630 771.979
762.920 662.229
763.210 662.914
763.500 660.250
763.793 606.894
764.086 613.962
764.379 596.259
764.671 692.856
764.964 615.409
765.257 670.759
765.550 680.193
765.843 520.937
766.136 630.834
766.429 583.472
766.722 600.022
767.014 513.923
767.307 426.845
767.600 500.377
767.893 549.286
768.186 472.690
768.479 550.329
768.772 730.790
769.064 726.775
769.357 644.490
769.650 623.987
769.943 796.589
770.236 672.739
770.529 533.314
770.822 589.783
771.115 658.348
771.407 729.666
771.700 734.728
771.993 765.791
772.286 670.182
772.579 655.410
772.872 556.637
773.165 515.324
773.457 612.115
773.750 673.295
774.043 580.476
774.336 610.373
774.629 670.651
774.922 651.163
775.215 571.463
775.508 549.181
775.800 537.579
776.093 689.194
776.386 666.385
776.679 562.340
776.972 650.977
777.265 875.566
777.558 900.859
777.850 720.071
778.143 643.706
778.436 663.485
778.729 642.734
779.022 668.881
779.315 590.506
779.608 492.030
779.900 560.389
780.193 639.802
780.486 636.164
780.779 561.320
781.072 497.648
781.365 624.543
781.658 650.287
781.951 552.914
782.243 598.916
782.536 659.372
782.829 693.525
783.122 670.449
783.415 625.661
783.708 636.710
784.001 637.729
784.293 723.002
784.586 790.430
784.879 748.362
785.172 667.549
785.465 568.033
785.758 592.098
786.051 647.224
786.344 752.946
786.636 860.823
786.929 688.667
787.222 591.769
787.515 557.568
787.808 584.442
788.101 610.432
788.394 746.312
788.686 867.207
788.979 809.090
789.272 662.443
789.565 623.874
789.858 566.006
790.151 505.648
790.444 499.670
790.737 533.185
791.029 549.103
791.322 676.863
791.615 635.327
791.908 628.620
792.201 593.078
792.494 584.526
792.787 679.577
793.079 841.786
793.372 705.505
793.665 731.149
793.958 654.395
794.251 680.333
794.544 783.256
794.837 801.999
795.130 620.559
795.422 648.491
795.715 629.563
796.008 662.143
796.301 689.724
796.594 622.010
796.887 645.930
797.180 634.625
797.472 477.113
797.765 454.197
798.058 608.142
798.351 582.842
798.644 472.189
798.937 449.273
799.230 556.411
799.523 961.766
799.815 883.018
800.108 585.924
800.401 457.325
800.694 607.498
800.987 583.976
801.280 654.089
801.573 702.056
801.865 758.015
802.158 685.418
802.451 576.650
802.744 554.709
803.037 605.622
803.330 661.188
803.623 736.391
803.915 666.546
804.208 582.311
804.501 626.535
804.794 656.580
805.087 639.939
805.380 526.006
805.673 530.499
805.966 657.641
806.258 590.179
806.551 645.596
806.844 642.598
807.137 660.345
807.430 538.210
807.723 538.225
808.016 760.128
808.308 815.998
808.601 642.687
808.894 556.470
809.187 589.271
809.480 642.013
809.773 609.222
810.066 649.085
810.359 738.373
810.651 729.788
810.944 472.010
811.237 496.719
811.530 636.996
811.825 560.887
812.119 494.745
812.414 461.460
812.709 585.173
813.003 601.554
813.298 566.583
813.593 673.115
813.887 633.987
814.182 870.582
814.476 807.521
814.771 753.728
815.066 674.910
815.360 542.125
815.655 548.237
815.950 592.553
816.244 702.435
816.539 752.812
816.834 690.645
817.128 649.527
817.423 729.410
817.718 911.621
818.012 674.441
818.307 396.100
818.602 558.000
818.896 651.563
819.191 587.499
819.486 586.664
819.780 672.157
820.075 806.686
820.369 774.243
820.664 641.518
820.959 704.680
821.253 710.606
821.548 655.698
821.843 722.495
822.137 750.288
822.432 718.532
822.727 673.415
823.021 604.195
823.316 751.131
823.611 761.096
823.905 605.310
824.200 513.552
824.495 695.030
824.789 740.403
825.084 694.326
825.379 661.318
825.673 688.430
825.968 710.008
826.262 644.037
826.557 693.926
826.852 744.160
827.146 709.142
827.441 659.624
827.736 693.248
828.030 690.811
828.325 491.578
828.620 693.291
828.914 803.501
829.209 604.987
829.504 770.012
829.798 782.153
830.093 628.064
830.388 537.169
830.682 474.314
830.977 626.515
831.271 702.944
831.566 611.105
831.861 620.281
832.155 563.662
832.450 638.982
832.745 785.845
833.039 637.496
833.334 542.226
833.629 602.957
833.923 574.064
834.218 558.127
834.513 498.849
834.807 504.849
835.102 490.958
835.397 523.583
835.691 532.353
835.986 534.790
836.281 530.294
836.575 565.991
836.870 523.883
837.164 598.699
837.459 525.862
837.754 532.711
838.048 528.874
838.343 526.466
838.638 563.823
838.932 567.043
839.227 565.214
839.522 617.021
839.816 600.982
840.111 573.601
840.406 592.986
840.700 741.298
840.995 861.704
841.290 856.642
841.584 743.510
841.879 802.558
842.174 709.960
842.468 657.999
842.763 539.053
843.057 594.424
843.352 620.344
843.647 623.671
843.941 618.031
844.236 724.872
844.531 750.864
844.825 668.642
845.120 726.477
845.415 805.770
845.709 715.538
846.004 747.340
846.299 576.866
846.593 717.676
846.888 716.420
847.183 639.132
847.477 604.879
847.772 686.646
848.066 648.804
848.361 609.294
848.656 665.876
848.950 589.698
849.245 693.362
849.540 629.303
849.834 740.004
850.129 794.766
850.424 722.214
850.718 669.036
851.013 742.613
851.308 643.038
851.602 683.236
851.897 784.938
852.192 883.035
852.486 720.660
852.781 588.945
853.076 729.852
853.370 802.258
853.665 841.174
853.959 838.126
854.254 674.128
854.549 822.577
854.843 750.838
855.138 661.279
855.433 762.469
855.727 863.430
856.022 683.937
856.317 663.992
856.611 692.916
856.906 626.623
857.201 710.015
857.495 840.432
857.790 846.210
858.085 775.468
858.379 770.680
858.674 565.366
858.969 515.972
859.263 649.082
859.558 608.404
859.852 547.740
860.147 649.622
860.442 741.495
860.736 541.917
861.031 730.176
861.326 789.050
861.620 644.569
861.915 722.850
862.210 761.309
862.504 644.060
862.799 728.746
863.094 782.528
863.388 643.936
863.683 613.573
863.978 592.417
864.272 579.604
864.567 596.680
864.861 586.018
865.156 524.150
865.451 450.230
865.745 697.081
866.040 783.999
866.335 752.530
866.629 749.711
866.924 590.493
867.219 595.437
867.513 700.464
867.808 580.637
868.103 583.361
868.397 647.560
868.692 644.244
868.987 599.206
869.281 570.678
869.576 689.215
869.871 753.602
870.165 655.892
870.460 515.808
870.754 569.466
871.049 540.570
871.344 607.828
871.638 615.911
871.933 632.443
872.228 674.155
872.522 629.619
872.817 680.983
873.112 859.076
873.406 710.231
873.701 761.950
873.996 708.871
874.290 619.671
874.585 598.091
874.880 640.199
875.174 595.799
875.469 578.809
875.764 589.845
876.058 522.749
876.353 434.839
876.647 478.495
876.942 537.548
877.237 559.939
877.531 630.866
877.826 662.687
878.121 632.291
878.415 600.362
878.710 504.918
879.005 666.545
879.299 636.395
879.594 556.187
879.889 456.991
880.183 461.772
880.478 555.903
880.773 582.887
881.067 600.450
881.362 617.948
881.656 531.330
881.951 552.145
882.246 476.757
882.540 523.815
882.835 534.329
883.130 593.537
883.424 536.055
883.719 472.928
884.014 603.824
884.308 564.122
884.603 464.502
884.898 512.163
885.192 637.253
885.487 579.449
885.782 523.839
886.076 609.237
886.371 601.870
886.666 445.286
886.960 473.571
887.255 445.404
887.549 456.235
887.844 642.125
888.139 740.240
888.433 671.317
888.728 566.226
889.023 575.117
889.317 630.844
889.612 514.263
889.907 534.172
890.201 585.509
890.496 575.275
890.791 532.374
891.085 540.739
891.380 522.214
891.675 516.501
891.969 576.581
892.264 500.177
892.559 512.973
892.853 601.697
893.148 566.402
893.442 509.907
893.737 623.240
894.032 561.908
894.326 469.406
894.621 487.918
894.916 443.384
895.210 490.580
895.505 566.978
895.800 485.260
896.094 420.865
896.389 449.118
896.684 458.358
896.978 491.502
897.273 462.319
897.568 617.397
897.862 627.678
898.157 505.671
898.451 611.438
898.746 602.598
899.041 656.285
899.335 613.779
899.630 554.049
899.925 586.340
900.219 643.036
900.514 717.833
900.809 545.382
901.103 367.690
901.398 558.641
901.693 513.838
901.987 492.915
902.282 598.451
902.577 513.891
902.871 427.880
903.166 571.893
903.461 653.663
903.755 611.361
904.050 559.250
904.344 445.362
904.639 470.084
904.934 492.059
905.228 496.551
905.523 463.638
905.818 507.374
906.112 656.032
906.407 614.806
906.702 520.991
906.996 557.566
907.291 572.810
907.586 508.375
907.880 679.616
908.175 652.970
908.470 622.070
908.764 671.469
909.059 724.315
909.354 635.317
909.648 526.318
909.943 526.327
910.237 647.153
910.532 674.013
910.827 729.018
911.121 692.081
911.416 629.024
911.711 642.820
912.005 681.767
912.300 645.211
912.599 747.843
912.898 631.294
913.196 593.171
913.495 615.444
913.794 742.991
914.093 668.030
914.391 628.352
914.690 703.814
914.989 641.922
915.288 679.579
915.586 625.718
915.885 508.922
916.184 431.087
916.483 454.548
916.782 575.713
917.080 616.135
917.379 641.787
917.678 567.001
917.977 656.519
918.275 699.723
918.574 632.464
918.873 659.665
919.172 621.919
919.471 504.417
919.769 530.654
920.068 517.351
920.367 531.747
920.666 541.485
920.964 581.438
921.263 488.155
921.562 521.926
921.861 677.372
922.159 593.341
922.458 605.960
922.757 595.091
923.056 602.308
923.355 612.902
923.653 706.937
923.952 629.098
924.251 502.758
924.550 642.179
924.848 685.594
925.147 609.347
925.446 556.390
925.745 671.820
926.043 703.048
926.342 606.263
926.641 527.879
926.940 627.772
927.239 669.918
927.537 721.119
927.836 662.872
928.135 625.687
928.434 663.553
928.732 649.945
929.031 699.033
929.330 710.733
929.629 655.678
929.927 589.067
930.226 513.451
930.525 622.664
930.824 766.436
931.123 672.617
931.421 729.592
931.720 670.581
932.019 708.430
932.318 710.393
932.616 652.108
932.915 638.015
933.214 684.477
933.513 704.577
933.812 647.756
934.110 714.729
934.409 859.671
934.708 724.250
935.007 880.117
935.305 882.191
935.604 706.344
935.903 793.386
936.202 829.396
936.500 1001.427
936.799 1130.254
937.098 1040.947
937.397 926.430
937.696 804.084
937.994 747.428
938.293 864.658
938.592 772.881
938.891 784.169
939.189 883.744
939.488 978.759
939.787 1044.174
940.086 861.912
940.384 844.442
940.683 759.942
940.982 727.093
941.281 895.216
941.580 1187.905
941.878 1235.382
942.177 938.298
942.476 892.828
942.775 898.070
943.073 799.400
943.372 771.848
943.671 981.539
943.970 1132.384
944.268 958.166
944.567 752.100
944.866 842.756
945.165 883.875
945.464 831.333
945.762 714.764
946.061 996.360
946.360 1078.403
946.659 1023.638
946.957 1026.402
947.256 987.950
947.555 891.833
947.854 896.236
948.153 857.505
948.451 872.280
948.750 902.305
949.049 848.102
949.348 969.287
949.646 898.622
949.945 816.776
950.244 992.721
950.543 940.502
950.841 814.165
951.140 768.743
951.439 686.782
951.738 708.801
952.037 749.881
952.335 882.152
952.634 910.895
952.933 810.339
953.232 795.528
953.530 557.146
953.829 881.696
954.128 985.883
954.427 921.402
954.725 1060.022
955.024 865.946
955.323 851.102
955.622 746.073
955.921 627.744
956.219 776.576
956.518 733.321
956.817 786.238
957.116 784.387
957.414 737.990
957.713 590.169
958.012 586.939
958.311 614.484
958.610 838.386
958.908 855.662
959.207 822.096
959.506 827.484
959.805 824.869
960.103 827.348
960.402 819.821
960.701 694.814
961.000 647.828
961.298 638.217
961.597 780.443
961.896 711.992
962.195 713.599
962.494 813.010
962.792 742.541
963.091 703.394
963.390 659.326
963.689 577.044
963.987 642.006
964.286 789.144
964.585 871.622
964.884 777.689
965.182 617.085
965.481 948.437
965.780 1047.319
966.080 919.422
966.380 850.775
966.680 764.791
966.981 689.197
967.281 702.661
967.581 681.348
967.881 728.265
968.181 785.844
968.481 774.023
968.781 719.892
969.082 587.272
969.382 662.254
969.682 754.115
969.982 761.484
970.282 776.561
970.582 639.733
970.882 601.252
971.183 752.575
971.483 667.938
971.783 671.421
972.083 737.739
972.383 785.293
972.683 760.831
972.983 761.132
973.284 665.219
973.584 648.064
973.884 662.143
974.184 693.313
974.484 785.871
974.784 617.989
975.084 665.620
975.385 679.225
975.685 748.806
975.985 672.791
976.285 730.218
976.585 783.894
976.885 691.736
977.185 687.683
977.486 742.022
977.786 733.385
978.086 823.807
978.386 875.278
978.686 674.150
978.986 600.417
979.286 653.425
979.587 723.433
979.887 661.441
980.187 625.449
980.487 589.457
980.787 705.465
981.087 639.473
981.387 812.481
981.688 693.489
981.988 496.497
982.288 545.505
982.588 603.513
982.888 654.521
983.188 645.529
983.488 725.537
983.789 735.545
984.089 736.552
984.389 663.560
984.689 553.568
984.989 495.576
985.289 560.584
985.589 753.592
985.890 714.600
986.190 522.608
986.490 564.616
986.790 688.624
987.090 633.631
987.390 647.639
987.690 673.647
987.991 585.655
988.291 568.663
988.591 591.671
988.891 516.678
989.191 526.686
989.491 689.694
989.791 651.702
990.092 686.710
990.392 709.717
990.692 658.725
990.992 670.733
991.292 519.741
991.592 629.748
991.892 653.756
992.193 750.764
992.493 729.772
992.793 609.779
993.093 583.787
993.393 608.795
993.693 614.802
993.993 707.810
994.294 755.818
994.594 604.825
994.894 578.833
995.194 600.841
995.494 529.848
995.794 544.856
996.094 535.864
996.395 593.871
996.695 707.879
996.995 521.887
997.295 479.894
997.595 516.902
997.895 454.909
998.195 450.917
998.496 517.925
998.796 525.932
999.096 791.940
999.396 680.947
999.696 681.955
999.996 680.962
1000.296 778.970
1000.597 722.978
1000.897 590.985
1001.197 590.993
1001.497 773.000
1001.797 610.008
1002.097 514.015
1002.397 614.023
1002.698 613.030
1002.998 653.038
1003.298 638.045
1003.598 573.052
1003.898 524.060
1004.198 652.067
1004.498 726.075
1004.799 620.082
1005.099 658.090
1005.399 730.097
1005.699 776.105
1005.999 715.112
1006.299 575.119
1006.599 786.127
1006.900 753.134
1007.200 598.142
1007.500 655.149
1007.800 618.156
1008.100 504.164
1008.400 492.171
1008.700 557.178
1009.001 568.186
1009.301 549.193
1009.601 737.200
1009.901 804.208
1010.201 665.215
1010.501 664.222
1010.801 821.230
1011.102 649.237
1011.402 697.244
1011.702 598.251
1012.002 518.259
1012.302 615.266
1012.602 599.273
1012.902 614.280
1013.203 667.288
1013.503 737.295
1013.803 715.302
1014.103 566.309
1014.403 645.317
1014.703 565.324
1015.003 529.331
1015.304 694.338
1015.604 718.345
1015.904 522.353
1016.204 451.360
1016.504 521.367
1016.804 606.374
1017.104 576.381
1017.405 563.388
1017.705 537.396
1018.005 514.403
1018.305 559.410
1018.605 603.417
1018.905 452.424
1019.205 472.431
1019.506 787.438
1019.806 782.445
1020.106 691.453
1020.406 693.460
1020.706 599.467
1021.006 684.474
1021.306 804.481
1021.607 624.488
1021.907 745.495
1022.207 740.502
1022.507 598.509
1022.807 611.516
1023.107 620.523
1023.407 558.530
1023.708 570.537
1024.008 508.544
1024.308 561.551
1024.608 603.558
1024.908 547.565
1025.208 666.572
1025.508 830.579
1025.809 778.586
1026.109 599.593
1026.409 697.600
1026.709 674.607
1027.009 657.614
1027.309 695.621
1027.609 522.628
1027.910 529.635
1028.210 668.642
1028.510 756.649
1028.810 914.655
1029.110 782.662
1029.410 650.669
1029.710 756.676
1030.011 735.683
1030.311 760.690
1030.611 634.697
1030.911 649.704
1031.211 712.711
1031.511 639.717
1031.811 770.724
1032.112 772.731
1032.412 653.738
1032.712 478.745
1033.012 573.752
1033.312 725.758
1033.612 672.765
1033.912 612.772
1034.212 539.779
1034.513 530.786
1034.813 517.792
1035.113 628.799
1035.413 537.806
1035.713 626.813
1036.013 677.819
1036.313 626.826
1036.614 718.833
1036.914 623.840
1037.214 508.846
1037.514 634.853
1037.814 583.860
1038.114 594.867
1038.414 606.873
1038.715 700.880
1039.015 564.887
1039.315 461.893
1039.615 601.900
1039.915 590.907
1040.215 609.913
1040.515 645.920
1040.816 667.927
1041.116 601.933
1041.416 568.940
1041.716 535.947
1042.016 487.953
1042.316 688.960
1042.616 618.967
1042.917 524.973
1043.217 558.980
1043.517 614.987
1043.817 648.993
1044.117 622.000
1044.417 556.006
1044.717 534.013
1045.018 578.020
1045.318 718.026
1045.618 731.033
1045.918 635.039
1046.218 505.046
1046.518 591.052
1046.818 635.059
1047.119 556.065
1047.419 751.072
1047.719 703.078
1048.019 641.085
1048.319 677.092
1048.619 607.098
1048.919 648.105
1049.220 603.111
1049.520 708.118
1049.820 631.124
1050.120 502.131
1050.420 732.137
1050.720 689.143
1051.020 674.150
1051.321 700.156
1051.621 769.163
1051.921 615.169
1052.221 526.176
1052.521 487.182
1052.821 475.189
1053.121 676.195
1053.422 770.201
1053.722 842.208
1054.022 676.214
1054.322 751.221
1054.622 609.227
1054.922 500.233
1055.222 689.240
1055.523 688.246
1055.823 707.253
1056.123 739.259
1056.423 613.265
1056.723 684.272
1057.023 632.278
1057.323 453.284
1057.624 546.291
1057.924 649.297
1058.224 617.303
1058.524 538.310
1058.824 674.316
1059.124 641.322
1059.424 545.329
1059.725 660.335
1060.025 619.341
1060.325 597.348
1060.625 575.354
1060.925 551.360
1061.225 585.366
1061.525 711.373
1061.826 613.379
1062.126 628.385
1062.426 709.391
1062.726 728.398
1063.026 651.404
1063.326 829.410
1063.626 835.416
1063.927 664.423
1064.227 634.429
1064.527 564.435
1064.827 723.441
1065.127 699.447
1065.427 506.454
1065.727 442.460
1066.028 644.466
1066.328 729.472
1066.628 580.478
1066.928 555.485
1067.228 570.491
1067.528 575.497
1067.828 586.503
1068.129 504.509
1068.429 641.515
1068.729 705.521
1069.029 529.528
1069.329 422.534
1069.629 635.540
1069.929 754.546
1070.230 755.552
1070.530 701.558
1070.830 595.564
1071.130 678.570
1071.430 707.576
1071.730 665.583
1072.030 691.589
1072.331 585.595
1072.631 651.601
1072.931 691.607
1073.231 651.613
1073.531 615.619
1073.831 549.625
1074.131 683.631
1074.432 791.637
1074.732 628.643
1075.032 495.649
1075.332 513.655
1075.632 560.661
1075.932 568.667
1076.232 537.673
1076.533 557.679
1076.833 689.685
1077.133 621.691
1077.433 548.697
1077.733 519.703
1078.033 621.709
1078.333 641.715
1078.634 658.721
1078.934 692.727
1079.234 564.733
1079.534 706.739
1079.834 790.745
1080.134 679.751
1080.434 695.757
1080.735 631.763
1081.035 587.769
1081.335 488.775
1081.635 523.780
1081.935 592.786
1082.235 568.792
1082.535 573.798
1082.836 604.804
1083.136 608.810
1083.436 758.816
1083.736 707.822
1084.036 576.828
1084.336 550.833
1084.636 632.839
1084.937 753.845
1085.237 770.851
1085.537 693.857
1085.837 686.863
1086.137 613.869
1086.437 610.874
1086.737 563.880
1087.038 574.886
1087.338 729.892
1087.638 756.898
1087.938 523.903
1088.238 392.909
1088.538 532.915
1088.838 663.921
1089.139 687.927
1089.439 535.932
1089.739 657.938
1090.039 640.944
1090.339 686.950
1090.639 618.955
1090.939 664.961
1091.240 547.967
1091.540 564.973
1091.840 593.978
1092.140 700.984
1092.453 724.990
1092.766 601.996
1093.079 601.001
1093.392 620.007
1093.705 576.013
1094.018 609.019
1094.330 732.024
1094.643 697.030
1094.956 721.036
1095.269 641.041
1095.582 672.047
1095.895 569.053
1096.208 564.058
1096.521 640.064
1096.834 633.070
1097.147 617.075
1097.460 682.081
1097.773 735.087
1098.085 604.092
1098.398 551.098
1098.711 548.104
1099.024 488.109
1099.337 581.115
1099.650 723.121
1099.963 738.126
1100.276 582.132
1100.589 546.137
1100.902 634.143
1101.215 578.149
1101.528 640.154
1101.841 613.160
1102.153 636.165
1102.466 716.171
1102.779 532.176
1103.092 494.182
1103.405 662.188
1103.718 607.193
1104.031 600.199
1104.344 688.204
1104.657 594.210
1104.970 882.215
1105.283 760.221
1105.596 580.226
1105.909 568.232
1106.221 662.237
1106.534 653.243
1106.847 540.249
1107.160 488.254
1107.473 498.260
1107.786 594.265
1108.099 518.271
1108.412 555.276
1108.725 625.282
1109.038 519.287
1109.351 640.292
1109.664 627.298
1109.977 532.303
1110.289 566.309
1110.602 574.314
1110.915 593.320
1111.228 577.325
1111.541 500.331
1111.854 473.336
1112.167 437.342
1112.480 504.347
1112.793 560.352
1113.106 618.358
1113.419 679.363
1113.732 609.369
1114.044 523.374
1114.357 620.379
1114.670 611.385
1114.983 543.390
1115.296 546.396
1115.609 601.401
1115.922 577.406
1116.235 629.412
1116.548 643.417
1116.861 607.423
1117.174 567.428
1117.487 618.433
1117.800 802.439
1118.112 666.444
1118.425 576.449
1118.738 498.455
1119.051 507.460
1119.364 575.465
1119.677 621.471
1119.990 572.476
1120.303 630.481
1120.616 713.487
1120.929 605.492
1121.242 704.497
1121.555 683.503
1121.868 638.508
1122.180 581.513
1122.493 432.518
1122.806 426.524
1123.119 606.529
1123.432 630.534
1123.745 613.540
1124.058 538.545
1124.371 540.550
1124.684 645.555
1124.997 620.561
1125.310 607.566
1125.623 500.571
1125.935 436.576
1126.248 547.582
1126.561 642.587
1126.874 633.592
1127.187 760.597
1127.500 705.602
1127.813 657.608
1128.126 646.613
1128.439 619.618
1128.752 767.623
1129.065 576.628
1129.378 395.634
1129.691 550.639
1130.003 610.644
1130.316 525.649
1130.629 530.654
1130.942 565.660
1131.255 541.665
1131.568 472.670
1131.881 580.675
1132.194 704.680
1132.507 607.685
1132.820 560.690
1133.133 665.696
1133.446 558.701
1133.759 766.706
1134.071 1170.711
1134.384 872.716
1134.697 818.721
1135.010 861.726
1135.323 669.731
1135.636 527.737
1135.949 482.742
1136.262 546.747
1136.575 561.752
1136.888 593.757
1137.201 605.762
1137.514 600.767
1137.826 686.772
1138.139 579.777
1138.452 575.782
1138.765 785.787
1139.078 793.792
1139.391 729.798
1139.704 681.803
1140.017 676.808
1140.330 584.813
1140.643 604.818
1140.956 605.823
1141.269 638.828
1141.582 640.833
1141.894 556.838
1142.207 724.843
1142.520 615.848
1142.833 685.853
1143.146 592.858
1143.459 504.863
1143.772 553.868
1144.085 620.873
1144.398 589.878
1144.711 630.883
1145.024 566.888
1145.337 592.893
1145.650 674.898
1145.962 574.903
1146.275 537.908
1146.588 484.913
1146.901 651.918
1147.214 640.923
1147.527 558.928
1147.840 627.933
1148.153 585.937
1148.466 641.942
1148.779 583.947
1149.092 640.952
1149.405 584.957
1149.718 631.962
1150.030 676.967
1150.343 621.972
1150.656 553.977
1150.969 549.982
1151.282 741.987
1151.595 676.992
1151.908 541.997
1152.221 397.001
1152.534 493.006
1152.847 790.011
1153.160 690.016
1153.473 652.021
1153.785 664.026
1154.098 657.031
1154.411 722.036
1154.724 632.040
1155.037 726.045
1155.350 644.050
1155.663 605.055
1155.976 512.060
1156.289 654.065
1156.602 584.069
1156.915 498.074
1157.228 473.079
1157.541 567.084
1157.853 572.089
1158.166 634.094
1158.479 710.098
1158.792 586.103
1159.105 604.108
1159.418 619.113
1159.731 586.118
1160.044 575.122
1160.357 799.127
1160.670 765.132
1160.983 505.137
1161.296 629.142
1161.609 754.146
1161.921 614.151
1162.234 596.156
1162.547 465.161
1162.860 479.165
1163.173 461.170
1163.486 617.175
1163.799 637.180
1164.112 575.184
1164.425 583.189
1164.738 492.194
1165.051 493.199
1165.364 547.203
1165.676 597.208
1165.989 654.213
1166.302 588.217
1166.615 714.222
1166.928 657.227
1167.241 730.232
1167.554 726.236
1167.867 697.241
1168.180 631.246
1168.493 520.250
1168.806 628.255
1169.119 560.260
1169.432 644.264
1169.744 681.269
1170.057 628.274
1170.370 717.278
1170.683 672.283
1170.996 569.288
1171.309 606.292
1171.622 581.297
1171.935 597.302
1172.248 681.306
1172.561 665.311
1172.874 583.316
1173.187 667.320
1173.500 750.325
1173.812 794.330
1174.125 692.334
1174.438 674.339
1174.751 554.343
1175.064 577.348
1175.377 676.353
1175.690 580.357
1176.003 522.362
1176.316 596.366
1176.629 663.371
1176.942 570.376
1177.255 524.380
1177.567 482.385
1177.880 522.389
1178.193 623.394
1178.506 569.399
1178.819 703.403
1179.132 773.408
1179.445 565.412
1179.758 692.417
1180.071 707.421
1180.384 559.426
1180.697 619.430
1181.010 714.435
1181.323 814.440
1181.635 766.444
1181.948 714.449
1182.261 602.453
1182.574 532.458
1182.887 615.462
1183.200 815.467
1183.513 797.471
1183.826 706.476
1184.139 630.480
1184.452 588.485
1184.765 526.489
1185.078 477.494
1185.391 565.498
1185.703 556.503
1186.016 483.507
1186.329 497.512
1186.642 590.516
1186.955 720.521
1187.268 620.525
1187.581 622.530
1187.894 614.534
1188.207 652.538
1188.520 598.543
1188.833 585.547
1189.146 485.552
1189.459 408.556
1189.771 527.561
1190.084 677.565
1190.397 571.570
1190.710 655.574
1191.023 696.578
1191.336 651.583
1191.649 609.587
1191.962 617.592
1192.275 513.596
1192.588 655.601
1192.901 798.605
1193.214 636.609
1193.526 621.614
1193.839 701.618
1194.152 577.623
1194.465 639.627
1194.778 624.631
1195.091 618.636
1195.404 562.640
1195.717 664.645
1196.030 712.649
1196.343 583.653
1196.656 495.658
1196.969 566.662
1197.282 638.666
1197.594 640.671
1197.907 762.675
1198.220 780.679
1198.533 629.684
1198.846 538.688
1199.159 507.692
1199.472 533.697
1199.785 643.701
1200.098 577.705
1200.411 653.710
1200.724 628.714
1201.037 576.718
1201.350 511.723
1201.662 533.727
1201.975 585.731
1202.288 631.736
1202.601 256.740
