165.028 156.346
165.288 88.976
165.547 116.609
165.807 180.245
166.067 44.884
166.327 -7.473
166.587 15.172
166.847 79.821
167.107 171.472
167.367 223.127
167.627 245.784
167.886 202.445
168.146 201.108
168.406 387.775
168.666 312.444
168.926 242.116
169.186 213.791
169.446 208.468
169.706 136.148
169.966 238.832
170.225 214.517
170.485 286.206
170.745 317.897
171.005 433.590
171.265 283.287
171.525 201.985
171.785 102.687
172.045 124.390
172.305 293.097
172.564 242.805
172.824 138.517
173.084 277.230
173.344 182.946
173.604 240.664
173.864 337.384
174.124 226.107
174.384 157.832
174.644 255.559
174.903 402.288
175.163 442.020
175.423 450.754
175.683 210.489
175.943 213.227
176.203 235.967
176.463 240.709
176.723 211.453
176.983 256.198
177.242 287.946
177.502 417.696
177.762 402.447
178.022 206.200
178.282 292.956
178.542 270.713
178.802 227.471
179.062 170.232
179.322 395.994
179.581 463.758
179.841 329.523
180.101 415.290
180.361 400.059
180.621 353.830
180.881 288.601
181.141 262.375
181.401 282.150
181.661 342.926
181.920 448.704
182.180 352.483
182.440 251.264
182.700 249.046
182.960 240.830
183.220 325.614
183.480 497.400
183.740 338.188
184.000 268.976
184.259 202.766
184.519 301.557
184.779 293.349
185.039 343.142
185.299 481.936
185.559 435.732
185.819 362.529
186.079 376.326
186.339 365.125
186.598 340.924
186.858 205.725
187.118 271.526
187.378 424.329
187.638 436.132
187.898 444.937
188.158 423.742
188.418 289.548
188.678 278.354
188.937 358.162
189.197 401.970
189.457 404.779
189.717 301.589
189.977 212.399
190.237 256.211
190.497 474.022
190.757 384.835
191.017 337.648
191.276 283.461
191.536 328.276
191.796 309.090
192.056 301.905
192.316 302.721
192.576 215.537
192.836 202.354
193.096 241.171
193.356 228.989
193.616 262.807
193.875 298.625
194.135 278.444
194.395 395.262
194.655 438.082
194.915 389.901
195.175 322.721
195.435 395.541
195.695 148.362
195.955 37.182
196.214 247.003
196.474 379.824
196.734 320.645
196.994 320.466
197.254 308.287
197.514 302.109
197.774 251.930
198.034 182.752
198.294 161.573
198.553 234.395
198.813 193.217
199.073 53.038
199.333 175.860
199.593 350.682
199.853 328.503
200.113 434.324
200.373 395.146
200.633 176.967
200.892 178.788
201.152 169.609
201.412 164.430
201.672 330.250
201.932 497.071
202.192 440.891
202.452 276.711
202.712 213.530
202.972 220.350
203.231 320.169
203.491 315.988
203.751 309.806
204.011 299.625
204.271 325.443
204.531 200.260
204.791 183.077
205.051 223.894
205.311 302.710
205.570 214.526
205.830 194.342
206.090 184.157
206.350 306.972
206.610 522.786
206.870 319.599
207.130 237.413
207.390 293.225
207.650 260.037
207.909 311.849
208.169 365.660
208.429 300.471
208.689 152.281
208.949 288.090
209.209 370.899
209.469 229.707
209.729 199.514
209.989 213.321
210.248 127.127
210.508 406.933
210.768 373.738
211.028 235.542
211.288 269.345
211.548 284.148
211.808 346.950
212.068 463.751
212.328 480.552
212.587 414.352
212.847 306.151
213.107 330.949
213.367 335.746
213.627 336.543
213.887 299.339
214.147 165.134
214.407 252.928
214.667 332.721
214.926 411.514
215.186 305.306
215.446 367.096
215.706 292.886
215.966 269.675
216.226 285.463
216.486 260.251
216.746 344.037
217.006 372.822
217.265 300.607
217.525 279.390
217.785 302.173
218.045 316.954
218.305 272.735
218.565 306.514
218.825 373.293
219.085 448.071
219.345 290.847
219.604 184.623
219.864 347.397
220.124 371.171
220.384 333.944
220.644 325.715
220.904 273.485
221.164 341.255
221.424 300.023
221.684 238.790
221.943 243.557
222.203 378.322
222.463 321.086
222.723 169.848
222.983 235.610
223.243 232.371
223.503 321.130
223.763 265.889
224.023 242.646
224.282 386.402
224.542 385.157
224.802 396.911
225.062 373.664
225.322 480.415
225.582 410.166
225.842 327.915
226.102 364.663
226.362 383.410
226.621 446.155
226.881 351.900
227.141 381.643
227.401 433.385
227.661 317.126
227.921 431.865
228.181 337.604
228.441 295.341
228.701 515.077
228.960 517.811
229.220 288.545
229.480 218.277
229.740 389.008
230.000 489.738
230.260 274.466
230.520 269.193
230.780 253.919
231.040 311.644
231.299 296.367
231.559 330.089
231.819 279.810
232.079 372.530
232.339 425.248
232.599 266.965
232.859 346.680
233.119 416.395
233.379 315.108
233.638 292.819
233.898 459.530
234.158 504.239
234.418 339.947
234.678 386.653
234.938 430.358
235.198 275.062
235.458 263.765
235.718 338.466
235.978 315.166
236.237 322.864
236.497 398.561
236.757 454.257
237.017 363.952
237.277 318.645
237.537 355.337
237.797 287.027
238.057 335.716
238.317 330.404
238.576 264.090
238.836 320.775
239.096 417.459
239.356 344.141
239.616 359.822
239.876 406.502
240.136 308.180
240.396 410.857
240.656 503.532
240.915 426.207
241.175 344.879
241.435 275.551
241.695 412.221
241.955 550.889
242.215 563.556
242.475 507.222
242.735 331.887
242.995 384.550
243.254 411.212
243.514 343.872
243.774 179.531
244.034 289.188
244.294 565.845
244.554 445.499
244.814 404.153
245.074 342.805
245.334 330.456
245.593 341.105
245.853 342.753
246.113 316.399
246.373 446.044
246.633 527.688
246.893 402.330
247.153 385.971
247.413 476.611
247.673 453.249
247.932 376.885
248.192 397.521
248.452 459.155
248.712 431.787
248.972 319.419
249.232 505.048
249.492 356.677
249.752 223.304
250.012 385.929
250.271 372.554
250.531 385.176
250.791 591.798
251.051 594.418
251.311 424.036
251.571 235.654
251.831 326.270
252.091 421.884
252.351 385.497
252.610 320.109
252.870 382.719
253.130 340.328
253.390 357.936
253.650 483.542
253.911 424.147
254.172 476.750
254.433 431.352
254.694 351.953
254.955 412.552
255.216 338.150
255.477 457.746
255.738 414.341
255.999 300.935
256.261 494.528
256.522 454.119
256.783 440.708
257.044 281.296
257.305 176.883
257.566 170.469
257.827 198.053
258.088 299.636
258.349 282.217
258.610 398.797
258.871 473.376
259.132 514.953
259.393 338.529
259.654 258.103
259.915 218.677
260.176 339.249
260.437 384.819
260.698 339.388
260.959 303.956
261.221 447.522
261.482 528.087
261.743 474.651
262.004 437.213
262.265 528.775
262.526 477.334
262.787 305.893
263.048 312.450
263.309 291.005
263.570 425.559
263.831 429.112
264.092 386.664
264.353 278.214
264.614 493.763
264.875 433.311
265.136 362.857
265.397 541.402
265.658 589.946
265.919 624.488
266.181 563.029
266.442 473.569
266.703 367.107
266.964 338.644
267.225 320.180
267.486 366.715
267.747 484.248
268.008 521.780
268.269 553.310
268.530 571.839
268.791 476.367
269.052 452.894
269.313 399.419
269.574 471.943
269.835 478.466
270.096 428.987
270.357 513.507
270.618 446.026
270.879 351.544
271.141 412.060
271.402 419.575
271.663 298.089
271.924 369.601
272.185 429.112
272.446 378.622
272.707 377.131
272.968 341.638
273.229 357.144
273.490 408.649
273.751 352.153
274.012 380.655
274.273 491.156
274.534 424.656
274.795 425.154
275.056 474.652
275.317 366.148
275.578 282.642
275.839 342.136
276.101 289.628
276.362 292.119
276.623 387.609
276.884 488.098
277.145 513.585
277.406 431.071
277.667 359.556
277.928 373.040
278.189 529.522
278.450 466.003
278.711 424.483
278.972 454.962
279.233 353.440
279.494 457.916
279.755 602.391
280.016 616.865
280.277 444.338
280.538 459.810
280.799 347.280
281.061 372.749
281.322 406.217
281.583 408.684
281.844 281.149
282.105 310.614
282.366 461.077
282.627 415.539
282.888 499.000
283.149 520.460
283.410 416.918
283.671 493.375
283.932 449.832
284.193 272.287
284.454 332.741
284.715 384.193
284.976 335.645
285.237 489.095
285.498 713.544
285.759 554.992
286.021 505.439
286.282 500.885
286.543 530.330
286.804 515.773
287.065 478.215
287.326 409.657
287.587 334.097
287.848 493.536
288.109 522.974
288.370 443.410
288.631 339.846
288.892 358.280
289.153 396.714
289.414 315.146
289.675 520.577
289.936 639.007
290.197 577.436
290.458 459.864
290.719 337.290
290.981 508.716
291.242 643.140
291.503 548.564
291.764 405.986
292.025 308.407
292.286 304.827
292.547 448.246
292.808 424.664
293.069 458.081
293.330 485.497
293.591 518.912
293.852 492.325
294.113 446.738
294.374 427.149
294.635 446.560
294.896 414.969
295.157 445.378
295.418 493.785
295.679 485.191
295.941 474.596
296.202 514.000
296.463 507.403
296.724 574.805
296.985 592.206
297.246 568.606
297.507 395.005
297.768 404.403
298.029 496.800
298.290 651.196
298.551 680.591
298.812 693.984
299.073 535.377
299.334 434.769
299.595 543.160
299.856 555.549
300.117 612.938
300.378 569.326
300.639 357.712
300.901 355.098
301.162 473.483
301.423 585.867
301.684 701.249
301.945 705.631
302.206 446.012
302.467 424.391
302.728 417.770
302.989 464.148
303.250 531.525
303.511 626.900
303.772 611.275
304.033 555.649
304.294 566.022
304.555 530.394
304.816 547.765
305.077 562.135
305.338 434.504
305.599 456.872
305.861 534.239
306.122 606.605
306.383 516.971
306.644 447.335
306.905 366.698
307.166 567.061
307.427 574.422
307.688 512.783
307.949 467.142
308.210 526.501
308.471 540.859
308.732 447.215
308.993 358.571
309.254 427.926
309.515 362.280
309.776 480.633
310.037 473.986
310.298 361.337
310.559 429.687
310.821 552.037
311.082 534.385
311.343 417.733
311.604 380.080
311.865 373.426
312.126 386.771
312.387 442.115
312.648 446.458
312.909 477.800
313.170 488.142
313.434 478.482
313.698 425.822
313.963 581.160
314.227 504.498
314.491 413.835
314.755 468.172
315.019 516.507
315.284 320.841
315.548 459.175
315.812 514.507
316.076 603.839
316.340 608.170
316.604 531.500
316.869 530.830
317.133 519.158
317.397 606.486
317.661 588.812
317.925 493.138
318.190 464.463
318.454 485.788
318.718 457.111
318.982 565.433
319.246 638.755
319.511 747.076
319.775 507.396
320.039 443.715
320.303 475.034
320.567 546.351
320.832 578.668
321.096 468.984
321.360 431.299
321.624 491.613
321.888 425.927
322.153 399.240
322.417 370.551
322.681 313.863
322.945 463.173
323.209 501.482
323.473 484.791
323.738 453.099
324.002 489.406
324.266 591.712
324.530 513.018
324.794 431.323
325.059 373.627
325.323 319.930
325.587 402.232
325.851 430.534
326.115 667.835
326.380 623.135
326.644 531.434
326.908 502.733
327.172 492.031
327.436 534.328
327.701 509.624
327.965 469.919
328.229 518.214
328.493 333.508
328.757 390.801
329.022 538.094
329.286 444.386
329.550 410.677
329.814 434.967
330.078 442.256
330.342 401.545
330.607 471.833
330.871 507.121
331.135 599.407
331.399 643.693
331.663 513.978
331.928 499.263
332.192 510.546
332.456 516.829
332.720 541.111
332.984 454.393
333.249 475.674
333.513 454.954
333.777 368.233
334.041 381.512
334.305 477.790
334.570 493.067
334.834 396.344
335.098 566.619
335.362 680.895
335.626 593.169
335.891 400.443
336.155 424.716
336.419 466.988
336.683 344.260
336.947 415.531
337.211 443.801
337.476 348.071
337.740 434.340
338.004 471.608
338.268 456.875
338.532 513.142
338.797 434.408
339.061 515.674
339.325 622.939
339.589 654.203
339.853 522.467
340.118 470.729
340.382 572.992
340.646 650.253
340.910 432.514
341.174 442.774
341.439 506.034
341.703 525.293
341.967 484.551
342.231 440.809
342.495 414.066
342.759 564.322
343.024 582.578
343.288 659.833
343.552 532.087
343.816 323.341
344.080 402.594
344.345 475.846
344.609 347.098
344.873 291.349
345.137 436.600
345.401 506.850
345.666 366.099
345.930 527.348
346.194 589.596
346.458 415.843
346.722 449.090
346.987 451.337
347.251 524.582
347.515 676.827
347.779 483.072
348.043 421.315
348.308 498.558
348.572 419.801
348.836 351.043
349.100 409.284
349.364 345.525
349.628 374.765
349.893 429.005
350.157 541.244
350.421 532.482
350.685 544.720
350.949 500.957
351.214 366.194
351.478 442.430
351.742 497.665
352.006 512.900
352.270 479.134
352.535 342.368
352.799 377.601
353.063 523.833
353.327 472.065
353.591 413.297
353.856 483.527
354.120 539.758
354.384 596.987
354.648 649.216
354.912 593.445
355.177 497.673
355.441 418.900
355.705 609.127
355.969 639.353
356.233 564.579
356.497 550.804
356.762 552.029
357.026 533.253
357.290 486.476
357.554 497.699
357.818 495.922
358.083 479.144
358.347 485.365
358.611 487.586
358.875 510.806
359.139 491.025
359.404 444.245
359.668 538.463
359.932 639.681
360.196 631.899
360.460 476.116
360.725 538.332
360.989 616.548
361.253 703.764
361.517 622.979
361.781 623.193
362.046 630.407
362.310 635.620
362.574 627.833
362.838 482.045
363.102 530.257
363.366 607.468
363.631 435.679
363.895 433.889
364.159 635.099
364.423 633.308
364.687 671.517
364.952 657.725
365.216 702.932
365.480 653.140
365.747 490.346
366.013 503.552
366.280 480.758
366.546 573.963
366.813 501.168
367.079 582.372
367.346 614.576
367.612 543.779
367.879 570.982
368.145 590.184
368.412 487.386
368.678 483.587
368.945 589.787
369.211 554.988
369.478 607.187
369.744 528.387
370.011 518.586
370.278 552.784
370.544 526.982
370.811 579.179
371.077 577.376
371.344 525.572
371.610 558.768
371.877 540.964
372.143 612.159
372.410 681.354
372.676 758.548
372.943 654.741
373.209 533.934
373.476 507.127
373.742 440.319
374.009 582.511
374.276 630.702
374.542 599.893
374.809 509.084
375.075 401.274
375.342 352.463
375.608 357.652
375.875 403.841
376.141 682.029
376.408 642.216
376.674 586.404
376.941 546.591
377.207 465.777
377.474 889.963
377.740 802.148
378.007 482.333
378.273 609.518
378.540 695.702
378.807 507.886
379.073 444.069
379.340 472.252
379.606 581.434
379.873 556.616
380.139 573.798
380.406 633.979
380.672 593.160
380.939 499.340
381.205 472.520
381.472 423.699
381.738 424.878
382.005 549.057
382.271 570.235
382.538 558.413
382.804 691.590
383.071 585.767
383.338 568.943
383.604 527.119
383.871 621.295
384.137 679.470
384.404 586.645
384.670 557.819
384.937 544.993
385.203 633.167
385.470 613.340
385.736 633.513
386.003 626.685
386.269 586.857
386.536 496.029
386.802 545.200
387.069 705.371
387.336 799.541
387.602 735.711
387.869 525.881
388.135 511.050
388.402 440.219
388.668 520.387
388.935 649.555
389.201 803.723
389.468 764.890
389.734 729.057
390.001 691.223
390.267 563.389
390.534 667.555
390.800 713.720
391.067 729.885
391.333 743.050
391.600 656.214
391.867 653.378
392.133 658.541
392.400 565.704
392.666 506.867
392.933 729.029
393.199 801.191
393.466 633.352
393.732 590.514
393.999 707.674
394.265 722.835
394.532 633.995
394.798 688.154
395.065 650.314
395.331 732.473
395.598 816.631
395.864 888.789
396.131 1050.947
396.398 1141.105
396.664 1271.262
396.931 1528.418
397.197 1947.575
397.464 2188.731
397.730 2598.887
397.997 2912.042
398.263 3145.197
398.530 3435.351
398.796 3806.506
399.063 4069.660
399.329 4137.813
399.596 4308.966
399.862 4349.119
400.129 4446.272
400.396 4426.424
400.662 4235.576
400.929 4322.727
401.195 4376.878
401.462 4486.029
401.728 4731.180
401.995 4832.330
402.261 4844.479
402.528 4885.629
402.794 4973.778
403.061 5201.927
403.327 5430.075
403.594 5305.223
403.860 5317.371
404.127 5305.518
404.393 5454.665
404.660 5444.812
404.931 5363.958
405.202 5539.104
405.473 5465.250
405.745 5685.396
406.016 6056.541
406.287 5961.685
406.558 5793.830
406.829 5858.974
407.100 5788.118
407.371 6003.261
407.642 6085.404
407.914 6060.547
408.185 5983.690
408.456 5996.832
408.727 6148.974
408.998 6283.115
409.269 6573.256
409.540 6544.397
409.811 6245.538
410.083 6192.678
410.354 6158.818
410.625 5912.958
410.896 5874.097
411.167 5997.236
411.438 5827.375
411.709 5324.513
411.981 5314.651
412.252 4984.789
412.523 4607.927
412.794 4471.064
413.065 4273.201
413.336 3877.337
413.607 3724.474
413.878 3657.610
414.150 3287.745
414.421 3023.881
414.692 2872.016
414.963 2711.151
415.234 2656.285
415.505 2479.419
415.776 2447.553
416.047 2240.687
416.319 2028.820
416.590 1749.953
416.861 1446.086
417.132 1504.218
417.403 1420.350
417.674 1268.482
417.945 1149.613
418.217 1051.745
418.488 1168.876
418.759 1015.006
419.030 904.137
419.301 915.267
419.572 927.397
419.843 850.526
420.114 734.655
420.386 814.784
420.657 909.913
420.928 755.041
421.199 711.170
421.470 706.297
421.741 651.425
422.012 663.552
422.283 652.679
422.555 734.806
422.826 809.932
423.097 849.059
423.368 784.184
423.639 623.310
423.910 747.435
424.181 679.561
424.453 602.685
424.724 902.810
424.995 949.934
425.266 812.058
425.537 747.182
425.808 884.305
426.079 927.429
426.350 901.551
426.622 860.674
426.893 1000.796
427.164 921.919
427.435 802.040
427.706 893.162
427.977 917.283
428.248 849.405
428.519 886.525
428.791 866.646
429.062 896.766
429.333 808.886
429.604 848.006
429.875 959.126
430.146 981.245
430.417 921.364
430.689 833.483
430.960 704.601
431.231 737.719
431.502 930.837
431.773 948.955
432.044 813.073
432.315 975.190
432.586 964.307
432.858 917.423
433.129 699.540
433.400 717.656
433.671 730.772
433.942 698.888
434.213 611.003
434.484 633.119
434.755 677.234
435.027 569.348
435.298 719.463
435.569 764.577
435.840 612.691
436.116 671.805
436.391 740.919
436.667 702.032
436.942 774.145
437.218 793.258
437.493 768.370
437.769 845.483
438.045 757.595
438.320 701.707
438.596 754.818
438.871 661.930
439.147 679.041
439.422 653.152
439.698 532.263
439.974 580.373
440.249 741.483
440.525 788.593
440.800 566.703
441.076 668.813
441.351 814.922
441.627 847.031
441.903 810.140
442.178 617.248
442.454 640.357
442.729 846.465
443.005 678.573
443.281 739.681
443.556 895.788
443.832 793.895
444.107 600.002
444.383 597.109
444.658 636.216
444.934 545.322
445.210 741.428
445.485 854.534
445.761 848.640
446.036 748.746
446.312 806.851
446.587 824.956
446.863 603.061
447.139 651.165
447.414 711.270
447.690 782.374
447.965 783.478
448.241 696.582
448.516 716.685
448.792 724.788
449.068 745.892
449.343 724.994
449.619 612.097
449.894 718.200
450.170 738.302
450.445 868.404
450.721 957.506
450.997 694.607
451.272 777.709
451.548 766.810
451.823 752.911
452.099 827.012
452.375 740.112
452.650 733.213
452.926 802.313
453.201 858.413
453.477 1120.513
453.752 1022.612
454.028 818.712
454.304 893.811
454.579 990.910
454.855 930.008
455.130 914.107
455.406 1030.205
455.681 985.303
455.957 874.401
456.233 838.499
456.508 843.597
456.784 864.694
457.059 836.791
457.335 913.888
457.610 843.985
457.886 779.081
458.162 744.178
458.437 777.274
458.713 864.370
458.988 787.466
459.264 834.561
459.539 875.657
459.815 752.752
460.091 661.847
460.366 632.942
460.642 660.036
460.917 694.131
461.193 718.225
461.468 660.319
461.744 661.413
462.020 630.506
462.295 673.600
462.571 651.693
462.846 693.786
463.122 808.879
463.397 822.972
463.673 669.395
463.949 691.465
464.224 715.533
464.500 792.548
464.775 767.433
465.051 884.755
465.327 1006.609
465.602 1170.366
465.878 1233.564
466.153 1115.657
466.429 1369.610
466.704 1540.988
466.980 1605.160
467.256 1743.250
467.531 1908.249
467.807 1899.229
468.082 1880.280
468.358 1864.474
468.633 1875.199
468.909 1830.108
469.185 1812.941
469.460 1888.295
469.736 1940.638
470.011 1771.543
470.287 1750.735
470.562 1824.918
470.838 1641.177
471.114 1654.034
471.389 1620.789
471.665 1597.238
471.940 1635.380
472.216 1548.424
472.491 1372.776
472.767 1347.887
473.043 1369.273
473.318 1413.985
473.594 1218.776
473.869 1160.083
474.145 1155.083
474.421 1105.323
474.696 1062.684
474.972 942.671
475.247 937.603
475.523 970.339
475.798 973.454
476.074 908.394
476.350 880.985
476.625 846.291
476.901 929.965
477.176 955.580
477.452 824.479
477.727 790.994
478.003 681.535
478.279 927.554
478.554 1006.907
478.830 926.632
479.105 856.815
479.381 823.575
479.656 807.432
479.932 908.014
480.208 964.871
480.483 988.245
480.759 1046.973
481.034 967.210
481.310 949.110
481.585 977.521
481.861 978.611
482.137 900.164
482.412 959.702
482.688 924.723
482.963 966.003
483.239 1067.320
483.514 830.928
483.790 845.346
484.066 1085.340
484.341 921.662
484.617 827.104
484.892 935.985
485.168 930.094
485.443 820.898
485.719 861.732
485.995 982.124
486.270 990.149
486.546 857.704
486.821 758.869
487.097 730.795
487.373 849.481
487.648 1011.271
487.924 993.637
488.199 811.009
488.475 628.374
488.750 683.100
489.026 815.347
489.302 781.076
489.577 744.111
489.853 773.820
490.128 986.431
490.404 945.424
490.679 753.718
490.955 975.929
491.231 1071.800
491.506 1041.612
491.782 872.285
492.057 796.163
492.333 901.912
492.608 903.943
492.884 919.672
493.160 769.061
493.435 780.446
493.711 947.186
493.986 881.689
494.262 845.371
494.537 814.072
494.813 889.526
495.089 767.683
495.364 812.942
495.640 831.679
495.915 801.299
496.191 1020.469
496.467 925.980
496.742 837.382
497.018 924.991
497.293 879.654
497.569 981.385
497.844 888.351
498.120 905.255
498.396 907.123
498.671 917.033
498.947 1045.207
499.222 1075.145
499.498 1051.411
499.773 1139.044
500.049 1207.190
500.325 1177.528
500.600 1317.954
500.876 1368.393
501.151 1573.818
501.427 1716.031
501.702 1832.400
501.978 1861.617
502.254 1923.846
502.529 1877.716
502.805 2048.862
503.080 2184.062
503.356 2041.029
503.631 2033.060
503.907 2025.101
504.183 1876.386
504.458 1988.804
504.734 1950.463
505.009 1943.455
505.285 1900.958
505.560 1906.183
505.836 1788.749
506.112 1754.406
506.387 1648.200
506.663 1598.069
506.938 1527.359
507.214 1483.950
507.490 1489.590
507.765 1486.138
508.041 1499.324
508.316 1525.629
508.592 1342.362
508.867 1328.001
509.143 1404.121
509.419 1226.299
509.694 1063.425
509.970 1044.435
510.245 958.327
510.521 1024.435
510.796 943.558
511.072 841.727
511.348 878.001
511.623 901.995
511.899 871.538
512.174 936.279
512.450 982.043
512.725 977.147
513.001 824.609
513.277 780.293
513.552 979.408
513.828 862.156
514.103 825.903
514.379 960.904
514.654 858.683
514.930 860.988
515.206 1191.905
515.481 1113.460
515.757 954.633
516.032 946.912
516.308 1030.086
516.583 1112.071
516.859 1053.492
517.135 1089.582
517.410 1186.651
517.686 1257.656
517.961 1227.591
518.237 1251.459
518.513 1232.641
518.788 1532.283
519.064 1656.799
519.339 1661.359
519.615 1620.241
519.890 1678.527
520.166 1702.982
520.442 1891.008
520.717 1924.755
520.993 1871.756
521.268 1785.317
521.544 1847.937
521.819 1863.658
522.095 1907.994
522.371 2061.545
522.646 2018.460
522.922 2137.275
523.197 2091.357
523.473 2153.529
523.748 2072.248
524.024 2018.717
524.300 2040.785
524.575 1998.738
524.851 2110.758
525.126 2121.226
525.402 2105.132
525.677 2197.056
525.953 2133.828
526.229 2066.008
526.504 2046.990
526.780 2214.306
527.055 2184.903
527.331 2236.635
527.606 2384.429
527.882 2280.768
528.158 2126.880
528.433 2284.570
528.709 2135.874
528.984 2070.672
529.260 2064.134
529.535 2029.547
529.811 1861.495
530.087 1697.666
530.362 1678.164
530.638 1831.562
530.913 1860.223
531.189 1746.244
531.465 1601.513
531.740 1567.368
532.016 1623.098
532.291 1578.667
532.567 1532.363
532.842 1489.784
533.118 1417.570
533.394 1477.254
533.669 1308.978
533.945 1170.901
534.220 1160.256
534.496 1325.999
534.771 1268.867
535.047 1244.794
535.323 1191.378
535.598 1305.393
535.874 1321.371
536.149 1268.955
536.425 1232.091
536.700 1301.618
536.976 1630.696
537.252 2077.886
537.527 2370.748
537.803 2763.730
538.078 3188.332
538.354 3464.689
538.629 3461.264
538.905 3498.720
539.181 3649.660
539.456 3696.066
539.732 3979.137
540.007 4116.408
540.283 4064.205
540.558 4080.978
540.834 4145.485
541.110 4197.169
541.385 4237.817
541.661 4351.732
541.936 4450.252
542.212 4335.340
542.488 4258.090
542.763 4344.367
543.039 4397.342
543.314 4373.586
543.590 4164.477
543.865 4238.016
544.141 4209.271
544.417 4223.227
544.692 4067.371
544.968 4188.576
545.243 4127.187
545.519 3884.809
545.794 3818.147
546.070 3835.099
546.348 3623.047
546.627 3486.297
546.905 3702.754
547.183 3637.855
547.461 3695.504
547.740 3809.757
548.018 3785.763
548.296 3879.375
548.575 4013.488
548.853 4169.448
549.131 4414.783
549.409 4570.177
549.688 4843.046
549.966 4970.082
550.244 5102.077
550.523 5177.349
550.801 5256.433
551.079 5398.663
551.357 5581.701
551.636 5527.817
551.914 5502.172
552.192 5445.023
552.471 5734.752
552.749 5855.522
553.027 5912.801
553.306 6204.972
553.584 6626.851
553.862 6714.693
554.140 6958.358
554.419 7153.437
554.697 7516.855
554.975 7960.626
555.254 8205.092
555.532 8008.652
555.810 7929.668
556.088 7846.114
556.367 7517.049
556.645 7150.835
556.923 6989.405
557.202 6736.791
557.480 6510.881
557.758 6200.055
558.036 6036.184
558.315 5788.340
558.593 5664.477
558.871 5481.562
559.150 5252.659
559.428 4960.957
559.706 4639.227
559.984 4459.120
560.263 4403.758
560.541 4010.343
560.819 3778.222
561.098 3626.772
561.376 3370.088
561.654 2966.288
561.932 2562.067
562.211 2448.641
562.489 2396.814
562.767 2209.339
563.046 1935.811
563.324 1694.076
563.602 1637.152
563.880 1501.269
564.159 1495.556
564.437 1453.900
564.715 1249.006
564.994 1112.775
565.272 1213.588
565.550 1111.799
565.828 930.569
566.107 1029.435
566.385 1010.324
566.663 887.518
566.942 881.691
567.220 909.594
567.498 1003.783
567.776 867.289
568.055 756.756
568.333 863.532
568.611 918.227
568.890 809.408
569.168 767.579
569.446 788.655
569.725 761.646
570.003 580.048
570.281 599.028
570.559 737.370
570.838 677.141
571.116 736.950
571.394 793.196
571.673 826.017
571.951 802.591
572.229 735.645
572.507 802.487
572.786 768.292
573.064 737.925
573.342 704.863
573.621 592.136
573.899 671.204
574.177 886.747
574.455 859.309
574.734 712.444
575.012 768.261
575.290 694.620
575.569 762.011
575.847 795.187
576.125 754.995
576.403 657.548
576.682 719.202
576.960 811.303
577.243 857.792
577.527 747.350
577.810 641.975
578.093 629.830
578.377 657.798
578.660 645.983
578.944 624.287
579.227 601.804
579.510 684.703
579.794 671.537
580.077 628.298
580.360 645.829
580.644 663.395
580.927 666.085
581.210 673.086
581.494 645.585
581.777 715.632
582.061 665.591
582.344 627.414
582.627 590.567
582.911 628.495
583.194 588.247
583.477 652.162
583.761 711.086
584.044 801.947
584.327 744.848
584.611 650.984
584.894 648.029
585.178 606.113
585.461 626.135
585.744 705.098
586.028 639.845
586.311 668.886
586.594 722.928
586.878 664.970
587.161 619.011
587.444 675.053
587.728 672.094
588.011 775.136
588.295 628.177
588.578 667.551
588.861 796.463
589.145 658.300
589.428 623.965
589.711 537.382
589.995 582.840
590.278 781.682
590.562 683.505
590.845 619.926
591.128 776.034
591.412 702.222
591.695 606.061
591.978 770.167
592.262 723.025
592.545 513.249
592.828 651.526
593.112 545.233
593.395 542.282
593.679 553.734
593.962 728.077
594.245 686.596
594.529 605.044
594.812 468.299
595.095 428.008
595.379 713.196
595.662 739.789
595.945 654.684
596.229 574.709
596.512 578.561
596.796 628.727
597.079 690.520
597.362 826.202
597.646 837.293
597.929 785.897
598.212 723.895
598.496 653.775
598.779 757.808
599.062 841.755
599.346 650.283
599.629 594.453
599.913 645.137
600.196 712.171
600.479 725.287
600.763 725.054
601.046 610.589
601.329 674.220
601.613 805.354
601.896 704.114
602.179 734.894
602.463 734.931
602.746 834.183
603.030 878.425
603.313 813.812
603.596 646.037
603.880 737.598
604.163 764.106
604.446 700.711
604.730 642.961
605.013 760.764
605.296 800.723
605.580 687.146
605.863 732.236
606.147 667.630
606.430 692.153
606.713 792.295
606.997 727.485
607.280 889.236
607.563 804.146
607.847 746.700
608.130 782.479
608.414 827.737
608.697 790.592
608.980 777.690
609.264 902.018
609.547 799.309
609.830 800.325
610.114 830.723
610.397 790.602
610.680 764.424
610.964 748.311
611.247 813.053
611.531 755.005
611.814 654.943
612.097 695.214
612.381 884.763
612.664 1004.411
612.947 816.026
613.231 797.416
613.514 800.199
613.797 883.731
614.081 930.918
614.364 961.405
614.648 920.183
614.931 879.943
615.214 854.437
615.498 910.376
615.781 955.599
616.064 928.074
616.348 1046.219
616.631 1019.699
616.914 1046.289
617.198 948.832
617.481 887.783
617.765 940.962
618.048 948.835
618.331 945.908
618.615 892.530
618.898 1003.236
619.181 992.401
619.465 913.298
619.748 833.214
620.031 796.449
620.315 771.505
620.598 826.868
620.882 907.168
621.165 1028.382
621.448 979.708
621.732 887.185
622.015 775.776
622.298 752.432
622.582 794.136
622.865 777.980
623.148 780.012
623.432 905.732
623.715 792.653
623.999 941.719
624.282 918.602
624.565 947.648
624.849 769.613
625.132 678.457
625.415 946.636
625.699 1045.506
625.982 868.951
626.265 694.807
626.549 626.462
626.832 826.496
627.116 858.853
627.399 647.775
627.682 660.616
627.966 693.217
628.249 688.529
628.532 672.794
628.816 873.083
629.099 752.001
629.383 695.225
629.666 675.887
629.949 631.071
630.233 648.736
630.516 743.965
630.799 769.232
631.083 680.204
631.366 679.881
631.649 603.718
631.933 527.742
632.216 668.153
632.500 734.070
632.783 793.128
633.066 748.987
633.350 732.354
633.633 783.802
633.916 765.434
634.200 709.572
634.483 707.007
634.766 756.588
635.050 734.457
635.333 651.961
635.617 648.854
635.900 772.773
636.183 843.242
636.467 806.559
636.750 823.935
637.033 885.285
637.317 869.646
637.600 831.265
637.883 815.490
638.167 832.579
638.450 834.794
638.734 851.678
639.017 922.868
639.300 911.661
639.584 828.518
639.867 976.349
640.150 955.798
640.434 1002.600
640.717 1025.991
641.000 996.114
641.284 1031.657
641.567 940.976
641.851 995.270
642.134 1131.866
642.417 1125.230
642.701 1236.695
642.984 1200.988
643.267 1112.442
643.551 1027.265
643.834 962.652
644.117 1072.266
644.401 1021.753
644.684 1068.642
644.968 1227.485
645.251 1166.325
645.534 1048.154
645.818 1103.530
646.101 1294.266
646.384 1349.693
646.668 1441.740
646.951 1402.332
647.235 1479.806
647.518 1581.338
647.801 1765.577
648.085 1915.121
648.368 1998.716
648.651 2009.082
648.935 2238.882
649.218 2495.972
649.501 2545.478
649.785 2706.010
650.068 3007.370
650.352 3038.566
650.635 3200.256
650.918 3301.703
651.202 3646.992
651.485 4039.848
651.768 4375.465
652.052 4584.383
652.335 4809.978
652.618 5105.236
652.902 5511.618
653.185 5981.861
653.469 6018.498
653.752 5994.379
654.035 6290.507
654.319 6568.338
654.602 6580.352
654.885 6473.884
655.169 6578.918
655.452 6574.180
655.735 6638.731
656.019 6602.007
656.302 6647.217
656.586 6793.103
656.869 6986.511
657.152 7057.655
657.436 7028.711
657.719 7082.089
658.002 7050.076
658.286 6892.579
658.569 6717.003
658.852 6513.384
659.136 6470.800
659.419 6269.814
659.703 6236.340
659.986 6277.993
660.269 6108.699
660.553 5840.325
660.836 5851.532
661.119 5828.186
661.403 5653.731
661.686 5383.511
661.969 5264.516
662.253 5166.715
662.536 5151.499
662.820 5228.299
663.103 5170.518
663.386 5162.432
663.670 4992.075
663.953 4826.127
664.236 4964.783
664.520 4831.073
664.803 4750.047
665.086 4817.129
665.370 4934.500
665.653 4815.986
665.937 4721.507
666.220 4639.385
666.503 4495.396
666.787 4427.473
667.070 4348.084
667.353 4220.063
667.637 3971.166
667.920 3959.023
668.204 3758.518
668.487 3542.880
668.770 3602.523
669.054 3213.548
669.337 2909.003
669.620 2655.207
669.904 2464.140
670.187 2263.825
670.470 2177.386
670.754 1938.638
671.037 1647.129
671.321 1440.162
671.604 1575.609
671.887 1536.307
672.171 1368.473
672.454 1321.089
672.737 1266.446
673.021 1123.157
673.304 1102.776
673.587 1294.795
673.871 1233.701
674.154 1169.593
674.438 1249.958
674.721 1265.402
675.004 1158.706
675.288 1063.054
675.571 1073.444
675.854 1006.530
676.138 971.512
676.421 1050.972
676.704 1056.217
676.988 1175.897
677.271 1345.527
677.555 1278.693
677.838 1153.590
678.121 1120.400
678.405 1127.922
678.688 1194.202
678.971 975.752
679.255 1098.185
679.538 1236.178
679.821 1219.607
680.105 989.332
680.388 895.901
680.672 937.399
680.955 900.003
681.238 855.181
681.522 868.871
681.805 925.839
682.088 1031.150
682.372 1053.107
682.655 899.744
682.938 981.190
683.222 979.129
683.505 868.370
683.789 904.969
684.072 891.411
684.355 941.655
684.639 955.251
684.922 839.411
685.205 847.787
685.489 999.170
685.772 1032.633
686.056 997.128
686.339 1023.305
686.622 856.268
686.906 822.890
687.189 954.440
687.472 1088.078
687.756 983.736
688.039 853.265
688.322 746.818
688.606 938.911
688.889 968.164
689.173 858.586
689.456 1028.758
689.739 1031.915
690.023 970.384
690.306 991.265
690.589 954.841
690.873 998.617
691.156 1005.927
691.439 917.502
691.723 927.933
692.006 1033.091
692.290 1007.060
692.573 1107.805
692.856 1170.819
693.140 1152.191
693.423 1031.975
693.706 939.805
693.990 970.978
694.273 981.363
694.556 1088.734
694.840 1148.921
695.123 1076.478
695.407 1034.112
695.690 945.498
695.973 995.981
696.257 1092.817
696.540 1305.709
696.830 1188.255
697.120 1164.641
697.410 1216.858
697.699 1202.301
697.989 1452.117
698.279 1303.887
698.569 1149.911
698.859 1239.074
699.149 1317.341
699.439 1218.982
699.729 1135.109
700.018 1083.091
700.308 1205.355
700.598 1098.344
700.888 1001.523
701.178 1202.561
701.468 1142.541
701.758 1065.419
702.048 1059.183
702.337 1006.688
702.627 1144.942
702.917 1055.156
703.207 958.392
703.497 962.481
703.787 889.174
704.077 897.134
704.366 926.480
704.656 814.239
704.946 739.819
705.236 711.131
705.526 841.182
705.816 889.109
706.106 646.969
706.396 697.144
706.685 739.776
706.975 653.404
707.265 599.603
707.555 792.475
707.845 729.479
708.135 596.697
708.425 567.282
708.715 595.560
709.004 790.646
709.294 760.036
709.584 741.793
709.874 780.277
710.164 749.727
710.454 687.001
710.744 650.806
711.034 705.413
711.323 738.495
711.613 654.855
711.903 774.194
712.193 829.279
712.483 710.323
712.773 661.181
713.063 615.743
713.352 635.127
713.642 644.659
713.932 725.374
714.222 743.456
714.512 687.307
714.802 667.222
715.092 756.390
715.382 651.467
715.671 598.106
715.961 662.485
716.251 610.483
716.541 672.476
716.831 753.581
717.121 606.659
717.411 716.524
717.701 824.678
717.990 720.392
718.280 623.526
718.570 592.982
718.860 589.574
719.150 634.093
719.440 598.203
719.730 555.814
720.019 765.228
720.309 738.281
720.599 702.007
720.889 682.318
721.179 720.616
721.469 752.935
721.759 652.047
722.049 686.583
722.338 601.273
722.628 651.439
722.918 694.980
723.208 750.183
723.498 590.587
723.788 611.388
724.078 800.051
724.368 795.828
724.657 676.584
724.947 669.542
725.237 698.200
725.527 753.240
725.817 691.781
726.107 651.255
726.397 573.905
726.686 551.681
726.976 624.235
727.266 689.052
727.556 631.045
727.846 761.395
728.136 778.086
728.426 608.102
728.716 528.665
729.005 703.103
729.295 650.797
729.585 521.983
729.875 506.456
730.165 607.840
730.455 667.026
730.745 663.809
731.035 636.645
731.324 741.988
731.614 710.470
731.904 644.125
732.194 758.819
732.484 621.444
732.774 611.736
733.064 615.646
733.354 510.607
733.643 595.048
733.933 626.651
734.223 536.027
734.513 698.815
734.803 762.931
735.093 593.194
735.383 593.792
735.672 684.632
735.962 777.968
736.252 578.790
736.542 525.095
736.832 603.469
737.122 545.256
737.412 544.295
737.702 642.984
737.991 647.910
738.281 619.705
738.571 647.603
738.861 655.786
739.151 632.183
739.441 717.127
739.731 606.035
740.021 630.893
740.310 768.615
740.600 751.624
740.890 524.546
741.180 549.293
741.470 607.555
741.760 701.355
742.050 828.718
742.339 681.020
742.629 589.050
742.919 748.318
743.209 547.992
743.499 510.967
743.789 547.135
744.079 608.540
744.369 659.391
744.658 628.011
744.948 443.250
745.238 624.085
745.528 706.363
745.818 772.559
746.108 640.633
746.398 654.198
746.688 634.355
746.977 745.596
747.267 644.323
747.557 711.583
747.847 709.613
748.137 631.731
748.427 631.750
748.717 589.569
749.006 454.672
749.296 549.765
749.586 611.923
749.876 684.264
750.166 603.606
750.456 608.214
750.746 669.718
751.036 591.892
751.325 708.677
751.615 636.476
751.905 627.503
752.195 665.149
752.485 664.168
752.775 666.853
753.065 582.787
753.355 743.967
753.644 775.016
753.934 657.891
754.224 686.336
754.514 824.594
754.804 577.045
755.094 424.606
755.384 535.958
755.674 612.205
755.963 677.419
756.253 663.057
756.543 690.494
756.833 717.026
757.123 673.151
757.413 610.529
757.703 520.095
757.992 477.902
758.282 611.978
758.572 641.757
758.862 598.559
759.152 646.818
759.442 618.074
759.732 643.839
760.022 747.374
760.311 648.546
760.601 493.635
760.891 647.576
761.181 657.998
761.471 616.425
761.761 517.365
762.051 545.580
762.341 690.925
762.630 759.110
762.920 669.501
763.210 657.088
763.500 687.663
763.793 616.180
764.086 558.796
764.379 581.390
764.671 729.295
764.964 643.799
765.257 646.835
765.550 605.818
765.843 463.698
766.136 546.377
766.429 531.273
766.722 576.073
767.014 505.088
767.307 374.698
767.600 470.385
767.893 533.377
768.186 475.934
768.479 558.613
768.772 733.025
769.064 691.712
769.357 587.306
769.650 593.964
769.943 789.758
770.236 700.148
770.529 552.685
770.822 593.025
771.115 659.574
771.407 728.874
771.700 684.492
771.993 718.534
772.286 642.145
772.579 681.837
772.872 605.241
773.165 539.734
773.457 620.396
773.750 714.883
774.043 633.165
774.336 635.841
774.629 678.931
774.922 633.215
775.215 541.406
775.508 591.692
775.800 582.059
776.093 700.486
776.386 661.569
776.679 548.455
776.972 638.100
777.265 827.441
777.558 897.048
777.850 746.415
778.143 715.275
778.436 727.078
778.729 721.339
779.022 699.245
779.315 569.613
779.608 487.217
779.900 509.344
780.193 594.788
780.486 581.155
780.779 600.648
781.072 536.937
781.365 606.699
781.658 639.453
781.951 579.228
782.243 608.144
782.536 628.458
782.829 628.474
783.122 647.567
783.415 648.939
783.708 655.977
784.001 721.188
784.293 743.271
784.586 734.526
784.879 725.524
785.172 625.715
785.465 580.265
785.758 628.378
786.051 635.408
786.344 709.153
786.636 867.036
786.929 663.849
787.222 570.913
787.515 555.772
787.808 534.698
788.101 535.712
788.394 737.526
788.686 847.432
788.979 779.296
789.272 704.607
789.565 683.959
789.858 594.154
790.151 486.872
790.444 497.876
790.737 550.390
791.029 543.319
791.322 644.133
791.615 621.572
791.908 617.835
792.201 622.223
792.494 583.732
792.787 683.764
793.079 829.027
793.372 650.926
793.665 676.516
793.958 595.774
794.251 590.804
794.544 746.605
794.837 825.132
795.130 647.680
795.422 621.773
795.715 678.618
796.008 700.268
796.301 721.797
796.594 623.207
796.887 662.066
797.180 651.775
797.472 517.194
797.765 466.361
798.058 571.490
798.351 572.075
798.644 491.332
798.937 449.473
799.230 585.494
799.523 910.121
799.815 865.271
800.108 580.141
800.401 511.363
800.694 675.561
800.987 596.138
801.280 626.316
801.573 705.252
801.865 709.263
802.158 627.731
802.451 594.812
802.744 593.829
803.037 614.802
803.330 589.457
803.623 680.700
803.915 668.739
804.208 595.496
804.501 662.769
804.794 691.813
805.087 673.136
805.380 542.235
805.673 508.674
805.966 631.812
806.258 582.359
806.551 667.881
806.844 688.980
807.137 685.667
807.430 493.226
807.723 536.414
808.016 761.328
808.308 833.297
808.601 649.911
808.894 523.467
809.187 619.679
809.480 669.372
809.773 593.337
810.066 622.117
810.359 716.414
810.651 712.829
810.944 442.972
811.237 468.660
811.530 637.191
811.825 604.516
812.119 512.094
812.414 434.410
812.709 546.984
813.003 571.385
813.298 560.711
813.593 610.494
813.887 580.538
814.182 862.663
814.476 820.914
814.771 753.923
815.066 620.171
815.360 510.816
815.655 483.391
815.950 567.315
816.244 610.056
816.539 706.116
816.834 685.743
817.128 691.559
817.423 774.456
817.718 973.165
818.012 741.302
818.307 441.377
818.602 592.006
818.896 694.879
819.191 637.026
819.486 594.068
819.780 687.800
820.075 860.545
820.369 825.110
820.664 648.960
820.959 705.911
821.253 714.947
821.548 619.624
821.843 640.655
822.137 682.916
822.432 709.353
822.727 736.176
823.021 673.284
823.316 758.642
823.611 728.831
823.905 583.471
824.200 542.170
824.495 723.708
824.789 768.026
825.084 682.932
825.379 619.321
825.673 630.549
825.968 703.856
826.262 668.599
826.557 660.118
826.852 672.170
827.146 633.968
827.441 548.475
827.736 679.644
828.030 655.939
828.325 464.174
828.620 714.719
828.914 827.077
829.209 651.793
829.504 792.477
829.798 761.185
830.093 629.316
830.388 547.935
830.682 498.796
830.977 680.393
831.271 742.002
831.566 584.100
831.861 600.640
832.155 584.643
832.450 684.720
832.745 755.106
833.039 628.434
833.334 581.267
833.629 637.696
833.923 516.673
834.218 527.155
834.513 585.117
834.807 586.785
835.102 506.005
835.397 551.404
835.691 535.482
835.986 524.163
836.281 498.150
836.575 542.685
836.870 580.701
837.164 568.573
837.459 522.132
837.754 554.372
838.048 508.503
838.343 473.754
838.638 560.074
838.932 655.890
839.227 580.199
839.522 622.155
839.816 636.946
840.111 586.780
840.406 574.090
840.700 726.343
840.995 844.644
841.290 872.147
841.584 773.406
841.879 821.318
842.174 716.376
842.468 672.814
842.763 585.410
843.057 626.358
843.352 589.715
843.647 596.084
843.941 622.524
844.236 678.528
844.531 723.883
844.825 685.230
845.120 743.137
845.415 824.708
845.709 751.132
846.004 809.828
846.299 599.384
846.593 712.274
846.888 730.117
847.183 655.114
847.477 597.177
847.772 700.467
848.066 689.913
848.361 652.775
848.656 676.338
848.950 628.756
849.245 721.023
849.540 667.261
849.834 798.624
850.129 825.930
850.424 696.009
850.718 671.536
851.013 796.837
851.308 716.717
851.602 712.139
851.897 728.752
852.192 822.386
852.486 731.169
852.781 638.399
853.076 736.924
853.370 750.969
853.665 776.155
853.959 777.822
854.254 649.241
854.549 848.971
854.843 796.593
855.138 654.672
855.433 713.967
855.727 836.476
856.022 727.070
856.317 725.135
856.611 721.263
856.906 621.205
857.201 702.361
857.495 780.221
857.790 805.061
858.085 764.523
858.379 696.509
858.674 552.238
858.969 554.965
859.263 641.536
859.558 706.610
859.852 617.159
860.147 665.160
860.442 709.987
860.736 497.440
861.031 652.185
861.326 758.866
861.620 619.942
861.915 755.326
862.210 740.032
862.504 608.910
862.799 714.002
863.094 733.772
863.388 637.747
863.683 659.352
863.978 531.415
864.272 525.045
864.567 591.610
864.861 589.337
865.156 509.727
865.451 461.852
865.745 676.530
866.040 752.181
866.335 769.181
866.629 797.209
866.924 659.383
867.219 618.127
867.513 726.171
867.808 645.914
868.103 596.702
868.397 619.389
868.692 685.827
868.987 613.502
869.281 528.635
869.576 663.330
869.871 706.721
870.165 597.235
870.460 478.125
870.754 617.345
871.049 544.703
871.344 576.309
871.638 644.703
871.933 551.818
872.228 544.397
872.522 561.020
872.817 673.317
873.112 887.614
873.406 693.807
873.701 756.258
873.996 747.980
874.290 609.131
874.585 586.600
874.880 646.178
875.174 580.484
875.469 551.915
875.764 644.057
876.058 608.732
876.353 478.182
876.647 473.850
876.942 500.277
877.237 565.837
877.531 612.892
877.826 658.077
878.121 672.370
878.415 601.467
878.710 596.928
879.005 767.833
879.299 671.422
879.594 582.681
879.889 435.527
880.183 430.030
880.478 547.636
880.773 524.215
881.067 532.568
881.362 607.866
881.656 508.311
881.951 572.665
882.246 499.067
882.540 552.535
882.835 503.228
883.130 514.713
883.424 505.983
883.719 516.037
884.014 594.855
884.308 578.840
884.603 538.218
884.898 538.577
885.192 626.558
885.487 591.337
885.782 536.596
886.076 613.878
886.371 557.130
886.666 425.699
886.960 517.621
887.255 470.614
887.549 442.079
887.844 680.695
888.139 711.861
888.433 676.797
888.728 558.375
889.023 534.406
889.317 581.340
889.612 470.117
889.907 512.189
890.201 590.074
890.496 618.740
890.791 587.284
891.085 521.462
891.380 522.354
891.675 582.895
891.969 608.523
892.264 458.025
892.559 461.084
892.853 640.671
893.148 591.254
893.442 590.222
893.737 615.443
894.032 512.707
894.326 415.800
894.621 455.457
894.916 416.186
895.210 495.123
895.505 567.116
895.800 532.260
896.094 449.247
896.389 506.626
896.684 535.351
896.978 508.410
897.273 456.268
897.568 590.149
897.862 629.584
898.157 550.018
898.451 674.408
898.746 682.381
899.041 725.510
899.335 648.460
899.630 506.314
899.925 569.648
900.219 605.087
900.514 666.507
900.809 564.203
901.103 436.211
901.398 602.295
901.693 549.595
901.987 519.791
902.282 627.084
902.577 487.266
902.871 445.843
903.166 587.195
903.461 645.765
903.755 610.605
904.050 557.596
904.344 436.523
904.639 498.921
904.934 544.262
905.228 495.789
905.523 420.494
905.818 453.458
906.112 622.836
906.407 576.136
906.702 516.608
906.996 575.771
907.291 548.447
907.586 510.325
907.880 667.038
908.175 643.108
908.470 639.481
908.764 696.130
909.059 709.881
909.354 630.894
909.648 510.018
909.943 513.680
910.237 654.611
910.532 707.149
910.827 750.238
911.121 686.715
911.416 623.648
911.711 591.488
912.005 598.112
912.300 605.682
912.599 711.905
912.898 601.831
913.196 573.830
913.495 623.932
913.794 709.674
914.093 592.032
914.391 587.561
914.690 679.700
914.989 625.255
915.288 702.106
915.586 666.045
915.885 508.125
916.184 378.694
916.483 360.879
916.782 550.477
917.080 622.854
917.379 575.072
917.678 536.038
917.977 680.290
918.275 759.466
918.574 682.890
918.873 642.712
919.172 660.119
919.471 525.470
919.769 542.235
920.068 573.844
920.367 498.396
920.666 486.872
920.964 580.619
921.263 537.431
921.562 513.381
921.861 653.313
922.159 565.356
922.458 577.004
922.757 585.507
923.056 607.335
923.355 617.943
923.653 702.184
923.952 623.343
924.251 493.060
924.550 657.102
924.848 697.597
925.147 576.786
925.446 571.416
925.745 639.162
926.043 616.540
926.342 613.402
926.641 558.025
926.940 615.882
927.239 649.944
927.537 763.690
927.836 695.408
928.135 634.962
928.434 706.384
928.732 711.317
929.031 725.794
929.330 701.651
929.629 652.743
929.927 627.321
930.226 626.437
930.525 651.920
930.824 738.432
931.123 674.860
931.421 688.863
931.720 761.547
932.019 810.386
932.318 791.484
932.616 692.947
932.915 648.946
933.214 752.962
933.513 670.927
933.812 632.546
934.110 659.578
934.409 787.367
934.708 638.826
935.007 895.002
935.305 925.883
935.604 697.218
935.903 892.261
936.202 936.326
936.500 965.626
936.799 1034.437
937.098 933.848
937.397 885.306
937.696 791.606
937.994 760.381
938.293 873.885
938.592 762.609
938.891 813.535
939.189 824.952
939.488 953.275
939.787 1168.854
940.086 961.831
940.384 967.201
940.683 888.129
940.982 802.364
941.281 919.599
941.580 1259.638
941.878 1192.357
942.177 925.477
942.476 990.559
942.775 915.846
943.073 755.553
943.372 700.206
943.671 933.357
943.970 1079.881
944.268 914.447
944.567 772.773
944.866 859.043
945.165 876.780
945.464 884.092
945.762 736.737
946.061 964.770
946.360 1118.892
946.659 1144.181
946.957 1127.885
947.256 986.728
947.555 880.715
947.854 893.607
948.153 864.723
948.451 855.715
948.750 878.919
949.049 904.689
949.348 1100.984
949.646 960.118
949.945 890.035
950.244 1026.645
950.543 904.495
950.841 829.016
951.140 788.820
951.439 656.740
951.738 659.437
952.037 766.966
952.335 892.652
952.634 918.784
952.933 792.612
953.232 768.918
953.530 614.210
953.829 895.670
954.128 966.029
954.427 896.728
954.725 1036.791
955.024 926.237
955.323 932.877
955.622 775.365
955.921 670.180
956.219 771.915
956.518 735.874
956.817 787.586
957.116 786.915
957.414 755.840
957.713 656.057
958.012 596.455
958.311 592.523
958.610 802.539
958.908 837.364
959.207 816.517
959.506 794.534
959.805 830.705
960.103 843.392
960.402 759.951
960.701 656.549
961.000 688.475
961.298 697.718
961.597 871.300
961.896 759.017
962.195 707.089
962.494 787.717
962.792 729.488
963.091 653.928
963.390 650.683
963.689 671.180
963.987 786.875
964.286 864.290
964.585 867.415
964.884 740.958
965.182 605.363
965.481 935.677
965.780 1128.022
966.080 962.577
966.380 862.733
966.680 786.324
966.981 782.288
967.281 743.315
967.581 682.556
967.881 797.704
968.181 788.118
968.481 734.886
968.781 706.232
969.082 599.028
969.382 661.338
969.682 751.099
969.982 788.963
970.282 845.266
970.582 714.926
970.882 643.276
971.183 747.468
971.483 662.835
971.783 721.663
972.083 785.793
972.383 788.545
972.683 757.871
972.983 798.536
973.284 621.024
973.584 610.094
973.884 703.515
974.184 762.236
974.484 831.367
974.784 680.816
975.084 648.354
975.385 669.164
975.685 723.481
975.985 685.170
976.285 717.099
976.585 755.572
976.885 709.127
977.185 663.450
977.486 692.509
977.786 728.441
978.086 834.029
978.386 853.209
978.686 662.160
978.986 596.547
979.286 632.554
979.587 646.562
979.887 634.570
980.187 670.578
980.487 636.586
980.787 725.594
981.087 668.602
981.387 808.610
981.688 673.618
981.988 534.626
982.288 575.634
982.588 670.642
982.888 675.650
983.188 658.657
983.488 769.665
983.789 759.673
984.089 703.681
984.389 688.689
984.689 597.697
984.989 518.705
985.289 599.712
985.589 714.720
985.890 621.728
986.190 475.736
986.490 582.744
986.790 741.751
987.090 664.759
987.390 692.767
987.690 708.775
987.991 524.782
988.291 571.790
988.591 578.798
988.891 509.806
989.191 502.813
989.491 691.821
989.791 685.829
990.092 663.837
990.392 667.844
990.692 643.852
990.992 644.860
991.292 544.867
991.592 659.875
991.892 624.883
992.193 697.890
992.493 671.898
992.793 588.906
993.093 566.913
993.393 566.921
993.693 612.928
993.993 639.936
994.294 709.944
994.594 660.951
994.894 582.959
995.194 639.966
995.494 571.974
995.794 600.982
996.094 568.989
996.395 588.997
996.695 698.004
996.995 545.012
997.295 475.019
997.595 508.027
997.895 479.034
998.195 441.042
998.496 499.049
998.796 513.057
999.096 707.064
999.396 580.072
999.696 643.079
999.996 647.087
1000.296 773.094
1000.597 754.102
1000.897 645.109
1001.197 666.117
1001.497 811.124
1001.797 623.131
1002.097 538.139
1002.397 596.146
1002.698 616.154
1002.998 691.161
1003.298 666.168
1003.598 576.176
1003.898 565.183
1004.198 700.191
1004.498 766.198
1004.799 616.205
1005.099 657.213
1005.399 742.220
1005.699 764.227
1005.999 711.235
1006.299 615.242
1006.599 821.249
1006.900 839.257
1007.200 684.264
1007.500 672.271
1007.800 637.279
1008.100 561.286
1008.400 506.293
1008.700 520.300
1009.001 536.308
1009.301 578.315
1009.601 758.322
1009.901 817.329
1010.201 723.337
1010.501 680.344
1010.801 807.351
1011.102 594.358
1011.402 669.366
1011.702 595.373
1012.002 494.380
1012.302 658.387
1012.602 628.394
1012.902 600.401
1013.203 647.409
1013.503 706.416
1013.803 681.423
1014.103 501.430
1014.403 659.437
1014.703 549.444
1015.003 495.452
1015.304 674.459
1015.604 774.466
1015.904 562.473
1016.204 481.480
1016.504 543.487
1016.804 558.494
1017.104 567.501
1017.405 583.508
1017.705 572.515
1018.005 557.523
1018.305 554.530
1018.605 541.537
1018.905 451.544
1019.205 490.551
1019.506 787.558
1019.806 765.565
1020.106 646.572
1020.406 717.579
1020.706 672.586
1021.006 716.593
1021.306 779.600
1021.607 669.607
1021.907 801.614
1022.207 752.621
1022.507 584.628
1022.807 588.635
1023.107 607.642
1023.407 535.649
1023.708 547.656
1024.008 543.662
1024.308 618.669
1024.608 581.676
1024.908 470.683
1025.208 580.690
1025.508 804.697
1025.809 748.704
1026.109 597.711
1026.409 688.718
1026.709 689.725
1027.009 628.732
1027.309 670.738
1027.609 534.745
1027.910 537.752
1028.210 656.759
1028.510 742.766
1028.810 934.773
1029.110 821.779
1029.410 686.786
1029.710 793.793
1030.011 753.800
1030.311 724.807
1030.611 589.814
1030.911 621.820
1031.211 656.827
1031.511 568.834
1031.811 798.841
1032.112 809.847
1032.412 673.854
1032.712 503.861
1033.012 593.868
1033.312 749.874
1033.612 740.881
1033.912 685.888
1034.212 621.895
1034.513 545.901
1034.813 549.908
1035.113 695.915
1035.413 611.922
1035.713 659.928
1036.013 660.935
1036.313 581.942
1036.614 665.948
1036.914 614.955
1037.214 527.962
1037.514 614.968
1037.814 604.975
1038.114 635.982
1038.414 585.988
1038.715 679.995
1039.015 557.002
1039.315 459.008
1039.615 602.015
1039.915 615.021
1040.215 563.028
1040.515 592.035
1040.816 652.041
1041.116 634.048
1041.416 573.054
1041.716 525.061
1042.016 522.068
1042.316 669.074
1042.616 597.081
1042.917 513.087
1043.217 528.094
1043.517 604.100
1043.817 714.107
1044.117 680.113
1044.417 638.120
1044.717 576.126
1045.018 537.133
1045.318 650.139
1045.618 718.146
1045.918 633.152
1046.218 523.159
1046.518 559.165
1046.818 655.172
1047.119 564.178
1047.419 744.185
1047.719 676.191
1048.019 567.198
1048.319 592.204
1048.619 589.211
1048.919 579.217
1049.220 559.223
1049.520 688.230
1049.820 672.236
1050.120 579.243
1050.420 710.249
1050.720 666.256
1051.020 630.262
1051.321 671.268
1051.621 741.275
1051.921 648.281
1052.221 503.288
1052.521 476.294
1052.821 521.300
1053.121 582.307
1053.422 689.313
1053.722 793.319
1054.022 678.326
1054.322 776.332
1054.622 655.338
1054.922 546.345
1055.222 647.351
1055.523 647.357
1055.823 669.364
1056.123 709.370
1056.423 641.376
1056.723 710.382
1057.023 671.389
1057.323 510.395
1057.624 606.401
1057.924 676.408
1058.224 690.414
1058.524 602.420
1058.824 680.426
1059.124 648.433
1059.424 580.439
1059.725 638.445
1060.025 551.451
1060.325 563.458
1060.625 589.464
1060.925 583.470
1061.225 600.476
1061.525 714.482
1061.826 607.489
1062.126 635.495
1062.426 682.501
1062.726 746.507
1063.026 707.513
1063.326 884.520
1063.626 826.526
1063.927 742.532
1064.227 735.538
1064.527 568.544
1064.827 717.550
1065.127 621.556
1065.427 441.563
1065.727 518.569
1066.028 685.575
1066.328 659.581
1066.628 473.587
1066.928 494.593
1067.228 583.599
1067.528 548.605
1067.828 557.611
1068.129 511.618
1068.429 660.624
1068.729 751.630
1069.029 683.636
1069.329 582.642
1069.629 638.648
1069.929 707.654
1070.230 769.660
1070.530 647.666
1070.830 572.672
1071.130 665.678
1071.430 620.684
1071.730 681.690
1072.030 702.696
1072.331 560.702
1072.631 596.708
1072.931 656.714
1073.231 659.720
1073.531 638.726
1073.831 561.732
1074.131 635.738
1074.432 782.744
1074.732 638.750
1075.032 505.756
1075.332 516.762
1075.632 580.768
1075.932 518.774
1076.232 483.780
1076.533 513.786
1076.833 638.792
1077.133 622.798
1077.433 553.804
1077.733 536.809
1078.033 665.815
1078.333 606.821
1078.634 633.827
1078.934 664.833
1079.234 522.839
1079.534 734.845
1079.834 809.851
1080.134 723.857
1080.434 743.863
1080.735 682.868
1081.035 642.874
1081.335 522.880
1081.635 543.886
1081.935 586.892
1082.235 581.898
1082.535 603.903
1082.836 604.909
1083.136 584.915
1083.436 741.921
1083.736 749.927
1084.036 608.933
1084.336 531.938
1084.636 514.944
1084.937 692.950
1085.237 787.956
1085.537 675.962
1085.837 669.967
1086.137 611.973
1086.437 736.979
1086.737 657.985
1087.038 669.990
1087.338 796.996
1087.638 766.002
1087.938 521.008
1088.238 387.013
1088.538 581.019
1088.838 705.025
1089.139 685.031
1089.439 550.036
1089.739 670.042
1090.039 699.048
1090.339 682.054
1090.639 595.059
1090.939 699.065
1091.240 630.071
1091.540 583.076
1091.840 614.082
1092.140 709.088
1092.453 695.093
1092.766 604.099
1093.079 574.105
1093.392 588.110
1093.705 530.116
1094.018 604.122
1094.330 776.127
1094.643 718.133
1094.956 722.139
1095.269 611.144
1095.582 677.150
1095.895 586.155
1096.208 545.161
1096.521 601.167
1096.834 685.172
1097.147 666.178
1097.460 668.183
1097.773 726.189
1098.085 612.195
1098.398 562.200
1098.711 551.206
1099.024 505.211
1099.337 635.217
1099.650 770.223
1099.963 742.228
1100.276 561.234
1100.589 554.239
1100.902 648.245
1101.215 661.250
1101.528 726.256
1101.841 646.261
1102.153 697.267
1102.466 730.272
1102.779 523.278
1103.092 528.283
1103.405 615.289
1103.718 543.294
1104.031 510.300
1104.344 639.305
1104.657 659.311
1104.970 910.316
1105.283 699.322
1105.596 615.327
1105.909 616.333
1106.221 706.338
1106.534 693.344
1106.847 461.349
1107.160 395.355
1107.473 436.360
1107.786 569.366
1108.099 496.371
1108.412 552.376
1108.725 629.382
1109.038 532.387
1109.351 648.393
1109.664 661.398
1109.977 551.404
1110.289 570.409
1110.602 628.414
1110.915 638.420
1111.228 584.425
1111.541 520.431
1111.854 521.436
1112.167 442.441
1112.480 517.447
1112.793 555.452
1113.106 540.457
1113.419 673.463
1113.732 611.468
1114.044 504.473
1114.357 601.479
1114.670 633.484
1114.983 540.490
1115.296 530.495
1115.609 685.500
1115.922 693.505
1116.235 662.511
1116.548 649.516
1116.861 604.521
1117.174 569.527
1117.487 570.532
1117.800 790.537
1118.112 676.543
1118.425 569.548
1118.738 550.553
1119.051 562.559
1119.364 585.564
1119.677 653.569
1119.990 580.574
1120.303 655.580
1120.616 735.585
1120.929 593.590
1121.242 675.595
1121.555 719.601
1121.868 700.606
1122.180 631.611
1122.493 433.616
1122.806 421.622
1123.119 576.627
1123.432 673.632
1123.745 597.637
1124.058 511.642
1124.371 528.648
1124.684 673.653
1124.997 643.658
1125.310 593.663
1125.623 519.668
1125.935 464.674
1126.248 547.679
1126.561 639.684
1126.874 638.689
1127.187 746.694
1127.500 727.699
1127.813 638.705
1128.126 631.710
1128.439 662.715
1128.752 789.720
1129.065 599.725
1129.378 384.730
1129.691 546.735
1130.003 611.741
1130.316 544.746
1130.629 504.751
1130.942 631.756
1131.255 554.761
1131.568 515.766
1131.881 587.771
1132.194 674.776
1132.507 596.782
1132.820 537.787
1133.133 683.792
1133.446 554.797
1133.759 774.802
1134.071 1210.807
1134.384 849.812
1134.697 744.817
1135.010 829.822
1135.323 677.827
1135.636 513.832
1135.949 455.837
1136.262 513.842
1136.575 594.847
1136.888 629.852
1137.201 627.857
1137.514 591.862
1137.826 656.868
1138.139 579.873
1138.452 576.878
1138.765 855.883
1139.078 807.888
1139.391 756.893
1139.704 702.898
1140.017 718.903
1140.330 583.908
1140.643 507.913
1140.956 521.918
1141.269 596.923
1141.582 629.928
1141.894 563.932
1142.207 735.937
1142.520 641.942
1142.833 735.947
1143.146 605.952
1143.459 507.957
1143.772 576.962
1144.085 689.967
1144.398 618.972
1144.711 540.977
1145.024 485.982
1145.337 569.987
1145.650 657.992
1145.962 567.997
1146.275 578.002
1146.588 512.007
1146.901 633.011
1147.214 607.016
1147.527 520.021
1147.840 612.026
1148.153 624.031
1148.466 653.036
1148.779 625.041
1149.092 719.046
1149.405 611.051
1149.718 640.055
1150.030 707.060
1150.343 601.065
1150.656 503.070
1150.969 503.075
1151.282 720.080
1151.595 671.085
1151.908 563.089
1152.221 413.094
1152.534 459.099
1152.847 753.104
1153.160 698.109
1153.473 658.114
1153.785 668.118
1154.098 665.123
1154.411 704.128
1154.724 647.133
1155.037 744.138
1155.350 715.143
1155.663 649.147
1155.976 578.152
1156.289 650.157
1156.602 532.162
1156.915 448.166
1157.228 447.171
1157.541 592.176
1157.853 618.181
1158.166 645.186
1158.479 714.190
1158.792 639.195
1159.105 651.200
1159.418 656.205
1159.731 559.209
1160.044 593.214
1160.357 787.219
1160.670 747.224
1160.983 524.228
1161.296 652.233
1161.609 751.238
1161.921 648.242
1162.234 532.247
1162.547 440.252
1162.860 512.257
1163.173 510.261
1163.486 610.266
1163.799 644.271
1164.112 620.275
1164.425 580.280
1164.738 538.285
1165.051 513.289
1165.364 541.294
1165.676 607.299
1165.989 639.303
1166.302 608.308
1166.615 714.313
1166.928 660.317
1167.241 757.322
1167.554 732.327
1167.867 708.331
1168.180 646.336
1168.493 491.341
1168.806 572.345
1169.119 572.350
1169.432 664.355
1169.744 714.359
1170.057 662.364
1170.370 738.369
1170.683 684.373
1170.996 595.378
1171.309 596.382
1171.622 592.387
1171.935 589.392
1172.248 748.396
1172.561 725.401
1172.874 675.405
1173.187 705.410
1173.500 655.414
1173.812 680.419
1174.125 641.424
1174.438 632.428
1174.751 546.433
1175.064 535.437
1175.377 667.442
1175.690 584.446
1176.003 536.451
1176.316 596.456
1176.629 557.460
1176.942 555.465
1177.255 538.469
1177.567 489.474
1177.880 548.478
1178.193 657.483
1178.506 587.487
1178.819 694.492
1179.132 753.496
1179.445 514.501
1179.758 662.505
1180.071 690.510
1180.384 519.514
1180.697 596.519
1181.010 664.523
1181.323 787.528
1181.635 798.532
1181.948 703.537
1182.261 578.541
1182.574 496.546
1182.887 631.550
1183.200 782.555
1183.513 730.559
1183.826 652.564
1184.139 677.568
1184.452 630.573
1184.765 510.577
1185.078 449.582
1185.391 558.586
1185.703 526.590
1186.016 463.595
1186.329 551.599
1186.642 696.604
1186.955 750.608
1187.268 614.613
1187.581 656.617
1187.894 657.621
1188.207 674.626
1188.520 595.630
1188.833 582.635
1189.146 474.639
1189.459 457.643
1189.771 578.648
1190.084 649.652
1190.397 542.657
1190.710 652.661
1191.023 644.665
1191.336 560.670
1191.649 557.674
1191.962 610.679
1192.275 521.683
1192.588 594.687
1192.901 802.692
1193.214 647.696
1193.526 588.700
1193.839 683.705
1194.152 541.709
1194.465 622.713
1194.778 605.718
1195.091 632.722
1195.404 609.726
1195.717 597.731
1196.030 622.735
1196.343 551.739
1196.656 472.744
1196.969 560.748
1197.282 664.752
1197.594 656.757
1197.907 753.761
1198.220 737.765
1198.533 616.770
1198.846 580.774
1199.159 520.778
1199.472 569.783
1199.785 708.787
1200.098 535.791
1200.411 605.795
1200.724 624.800
1201.037 616.804
1201.350 490.808
1201.662 487.813
1201.975 628.817
1202.288 618.821
1202.601 221.825
