165.028 166.898
165.288 87.536
165.547 133.176
165.807 194.820
166.067 92.467
166.327 24.117
166.587 49.771
166.847 164.427
167.107 184.087
167.367 176.749
167.627 249.415
167.886 222.083
168.146 218.755
168.406 392.429
168.666 318.107
168.926 207.787
169.186 180.470
169.446 238.156
169.706 137.844
169.966 177.536
170.225 198.230
170.485 305.926
170.745 392.626
171.005 487.328
171.265 304.033
171.525 227.740
171.785 118.450
172.045 100.162
172.305 308.877
172.564 330.594
172.824 172.314
173.084 185.036
173.344 186.761
173.604 285.488
173.864 365.217
174.124 254.948
174.384 182.682
174.644 255.418
174.903 420.156
175.163 458.897
175.423 481.639
175.683 270.384
175.943 273.131
176.203 246.880
176.463 245.630
176.723 227.383
176.983 287.138
177.242 327.895
177.502 476.654
177.762 488.414
178.022 242.177
178.282 236.941
178.542 246.707
178.802 220.475
179.062 167.245
179.322 414.016
179.581 427.790
179.841 284.564
180.101 387.341
180.361 394.119
180.621 360.899
180.881 346.680
181.141 268.463
181.401 289.247
181.661 378.033
181.920 456.821
182.180 378.609
182.440 228.399
182.700 227.191
182.960 262.984
183.220 351.778
183.480 571.574
183.740 439.371
184.000 339.169
184.259 193.968
184.519 338.769
184.779 355.571
185.039 409.373
185.299 478.177
185.559 414.983
185.819 493.789
186.079 471.596
186.339 344.405
186.598 300.214
186.858 215.024
187.118 262.835
187.378 381.648
187.638 300.461
187.898 421.275
188.158 507.090
188.418 344.906
188.678 310.722
188.937 306.540
189.197 398.358
189.457 390.177
189.717 337.996
189.977 257.816
190.237 258.637
190.497 432.459
190.757 418.281
191.017 412.104
191.276 270.928
191.536 255.752
191.796 258.577
192.056 273.402
192.316 280.227
192.576 227.054
192.836 232.880
193.096 250.707
193.356 239.535
193.616 284.363
193.875 337.191
194.135 301.019
194.395 405.848
194.655 419.678
194.915 389.507
195.175 380.337
195.435 408.167
195.695 185.997
195.955 71.828
196.214 273.659
196.474 388.489
196.734 305.321
196.994 284.152
197.254 282.983
197.514 258.814
197.774 273.646
198.034 200.478
198.294 196.309
198.553 268.141
198.813 193.972
199.073 92.804
199.333 156.636
199.593 355.467
199.853 345.299
200.113 419.130
200.373 410.961
200.633 169.793
200.892 152.624
201.152 210.455
201.412 222.285
201.672 290.116
201.932 473.946
202.192 440.776
202.452 238.606
202.712 209.436
202.972 269.265
203.231 383.095
203.491 380.923
203.751 274.752
204.011 324.580
204.271 382.408
204.531 245.235
204.791 242.062
205.051 262.889
205.311 297.716
205.570 176.541
205.830 221.367
206.090 201.192
206.350 281.016
206.610 499.841
206.870 307.664
207.130 206.487
207.390 278.310
207.650 300.132
207.909 365.953
208.169 388.774
208.429 397.595
208.689 258.414
208.949 308.234
209.209 423.052
209.469 213.870
209.729 168.687
209.989 213.504
210.248 190.320
210.508 513.135
210.768 425.950
211.028 229.764
211.288 334.577
211.548 314.390
211.808 327.202
212.068 430.013
212.328 472.823
212.587 449.632
212.847 332.441
213.107 381.249
213.367 405.056
213.627 304.863
213.887 321.668
214.147 211.473
214.407 312.277
214.667 329.080
214.926 408.882
215.186 338.683
215.446 320.484
215.706 333.283
215.966 256.082
216.226 247.879
216.486 287.676
216.746 371.472
217.006 421.267
217.265 303.061
217.525 239.854
217.785 293.646
218.045 361.437
218.305 359.227
218.565 278.016
218.825 325.804
219.085 427.592
219.345 295.378
219.604 227.163
219.864 375.947
220.124 417.730
220.384 362.512
220.644 317.292
220.904 258.072
221.164 319.851
221.424 336.629
221.684 241.405
221.943 288.181
222.203 427.955
222.463 313.728
222.723 242.501
222.983 406.272
223.243 329.042
223.503 294.810
223.763 228.578
224.023 200.344
224.282 366.110
224.542 428.874
224.802 467.637
225.062 460.399
225.322 543.160
225.582 401.919
225.842 342.677
226.102 382.434
226.362 379.190
226.621 398.945
226.881 347.699
227.141 377.451
227.401 366.202
227.661 284.952
227.921 429.700
228.181 394.448
228.441 323.194
228.701 502.939
228.960 495.682
229.220 293.425
229.480 214.166
229.740 375.906
230.000 543.644
230.260 381.381
230.520 330.117
230.780 322.852
231.040 332.586
231.299 248.318
231.559 268.049
231.819 324.778
232.079 439.506
232.339 434.233
232.599 297.959
232.859 375.683
233.119 489.406
233.379 329.128
233.638 322.849
233.898 514.568
234.158 486.285
234.418 328.002
234.678 409.717
234.938 464.431
235.198 301.143
235.458 269.854
235.718 364.564
235.978 322.272
236.237 296.979
236.497 360.685
236.757 411.389
237.017 411.092
237.277 394.794
237.537 373.494
237.797 266.193
238.057 397.890
238.317 371.586
238.576 238.281
238.836 340.974
239.096 450.666
239.356 367.357
239.616 324.046
239.876 424.734
240.136 400.421
240.396 511.106
240.656 529.789
240.915 432.472
241.175 386.153
241.435 293.832
241.695 382.510
241.955 532.187
242.215 619.862
242.475 539.536
242.735 364.209
242.995 389.880
243.254 405.550
243.514 372.218
243.774 206.885
244.034 263.551
244.294 562.215
244.554 464.878
244.814 444.539
245.074 389.199
245.334 351.858
245.593 345.515
245.853 338.171
246.113 285.825
246.373 390.478
246.633 491.129
246.893 391.779
247.153 360.428
247.413 465.075
247.673 411.721
247.932 377.366
248.192 454.009
248.452 515.651
248.712 480.291
248.972 266.930
249.232 503.567
249.492 406.203
249.752 210.838
250.012 528.471
250.271 494.103
250.531 431.733
250.791 617.362
251.051 543.990
251.311 409.616
251.571 270.241
251.831 362.864
252.091 413.486
252.351 391.107
252.610 388.726
252.870 489.344
253.130 421.960
253.390 409.575
253.650 486.189
253.911 471.801
254.172 506.411
254.433 415.021
254.694 370.629
254.955 433.235
255.216 393.840
255.477 494.444
255.738 453.047
255.999 306.647
256.261 511.247
256.522 452.845
256.783 434.442
257.044 291.037
257.305 219.631
257.566 243.224
257.827 247.815
258.088 321.405
258.349 310.994
258.610 366.581
258.871 436.166
259.132 518.751
259.393 434.334
259.654 329.915
259.915 226.495
260.176 332.074
260.437 469.652
260.698 378.228
260.959 304.802
261.221 428.376
261.482 524.948
261.743 456.518
262.004 458.087
262.265 630.655
262.526 561.222
262.787 346.787
263.048 280.351
263.309 318.913
263.570 492.474
263.831 451.034
264.092 381.592
264.353 242.149
264.614 515.705
264.875 524.259
265.136 361.812
265.397 536.364
265.658 553.914
265.919 585.463
266.181 556.011
266.442 442.557
266.703 346.102
266.964 318.645
267.225 346.188
267.486 423.729
267.747 523.268
268.008 451.806
268.269 510.343
268.530 537.879
268.791 455.413
269.052 478.946
269.313 464.478
269.574 407.009
269.835 421.538
270.096 454.065
270.357 487.592
270.618 435.117
270.879 364.641
271.141 417.163
271.402 433.685
271.663 392.205
271.924 461.723
272.185 457.241
272.446 437.757
272.707 481.272
272.968 432.785
273.229 399.297
273.490 405.808
273.751 386.318
274.012 379.826
274.273 507.334
274.534 446.839
274.795 500.344
275.056 491.847
275.317 335.349
275.578 274.850
275.839 334.350
276.101 327.848
276.362 380.345
276.623 452.841
276.884 556.335
277.145 549.829
277.406 537.321
277.667 389.812
277.928 327.301
278.189 497.789
278.450 505.276
278.711 440.762
278.972 460.247
279.233 402.730
279.494 522.213
279.755 576.693
280.016 579.173
280.277 464.652
280.538 470.129
280.799 384.605
281.061 414.080
281.322 384.554
281.583 397.026
281.844 353.497
282.105 345.967
282.366 462.436
282.627 382.904
282.888 462.370
283.149 484.836
283.410 430.300
283.671 459.763
283.932 426.224
284.193 272.685
284.454 365.144
284.715 450.602
284.976 415.060
285.237 525.515
285.498 712.970
285.759 575.424
286.021 496.876
286.282 473.327
286.543 577.777
286.804 515.226
287.065 502.674
287.326 506.120
287.587 337.566
287.848 474.010
288.109 646.453
288.370 583.895
288.631 380.336
288.892 330.776
289.153 368.214
289.414 325.652
289.675 597.088
289.936 644.523
290.197 535.958
290.458 470.391
290.719 432.822
290.981 571.253
291.242 627.683
291.503 595.111
291.764 455.539
292.025 308.965
292.286 333.390
292.547 458.814
292.808 416.238
293.069 494.659
293.330 491.080
293.591 450.500
293.852 442.919
294.113 399.336
294.374 415.753
294.635 495.168
294.896 507.583
295.157 569.996
295.418 556.408
295.679 571.819
295.941 518.230
296.202 533.639
296.463 546.047
296.724 617.453
296.985 643.859
297.246 614.264
297.507 467.668
297.768 396.071
298.029 524.472
298.290 669.873
298.551 686.273
298.812 700.671
299.073 517.069
299.334 414.465
299.595 579.861
299.856 563.255
300.117 662.649
300.378 616.041
300.639 428.432
300.901 402.823
301.162 477.212
301.423 538.601
301.684 701.988
301.945 700.374
302.206 432.760
302.467 463.144
302.728 422.527
302.989 481.910
303.250 520.291
303.511 559.671
303.772 567.051
304.033 548.429
304.294 568.807
304.555 531.183
304.816 575.559
305.077 578.933
305.338 439.307
305.599 401.679
305.861 488.051
306.122 552.421
306.383 546.791
306.644 511.160
306.905 416.528
307.166 608.894
307.427 549.260
307.688 493.625
307.949 496.989
308.210 545.352
308.471 567.714
308.732 524.075
308.993 424.436
309.254 476.795
309.515 388.153
309.776 516.511
310.037 495.867
310.298 340.223
310.559 384.577
310.821 548.931
311.082 525.284
311.343 421.636
311.604 386.987
311.865 385.337
312.126 329.686
312.387 440.034
312.648 446.382
312.909 408.728
313.170 485.074
313.434 556.418
313.698 444.762
313.963 518.105
314.227 490.447
314.491 512.788
314.755 561.128
315.019 533.468
315.284 364.806
315.548 492.144
315.812 546.481
316.076 605.817
316.340 603.152
316.604 562.486
316.869 617.819
317.133 567.151
317.397 626.483
317.661 606.814
317.925 471.143
318.190 477.472
318.454 504.801
318.718 476.128
318.982 585.454
319.246 629.780
319.511 746.105
319.775 590.429
320.039 560.752
320.303 484.074
320.567 581.395
320.832 553.716
321.096 494.036
321.360 500.355
321.624 493.673
321.888 412.990
322.153 413.307
322.417 382.622
322.681 334.937
322.945 508.251
323.209 556.565
323.473 508.877
323.738 466.189
324.002 507.500
324.266 671.810
324.530 658.119
324.794 546.427
325.059 458.735
325.323 336.042
325.587 395.348
325.851 467.653
326.115 673.958
326.380 573.262
326.644 534.565
326.908 510.867
327.172 468.168
327.436 537.469
327.701 526.769
327.965 505.068
328.229 568.366
328.493 402.664
328.757 387.961
329.022 549.257
329.286 477.552
329.550 409.847
329.814 460.140
330.078 524.434
330.342 492.726
330.607 474.017
330.871 535.308
331.135 631.598
331.399 638.888
331.663 572.176
331.928 572.464
332.192 657.751
332.456 590.038
332.720 534.323
332.984 475.608
333.249 504.892
333.513 468.176
333.777 337.459
334.041 388.741
334.305 506.022
334.570 543.303
334.834 400.583
335.098 582.862
335.362 675.140
335.626 612.418
335.891 499.695
336.155 508.971
336.419 468.247
336.683 262.522
336.947 425.796
337.211 506.070
337.476 426.343
337.740 442.615
338.004 471.886
338.268 501.157
338.532 570.427
338.797 495.697
339.061 555.966
339.325 623.234
339.589 666.501
339.853 575.768
340.118 539.034
340.382 613.299
340.646 725.564
340.910 556.828
341.174 548.092
341.439 504.354
341.703 546.616
341.967 529.878
342.231 503.138
342.495 445.399
342.759 586.658
343.024 599.917
343.288 651.175
343.552 570.432
343.816 353.689
344.080 429.945
344.345 553.201
344.609 438.456
344.873 354.710
345.137 503.964
345.401 546.217
345.666 377.469
345.930 527.721
346.194 641.972
346.458 454.222
346.722 442.472
346.987 438.722
347.251 522.970
347.515 659.218
347.779 479.465
348.043 468.712
348.308 560.958
348.572 447.204
348.836 375.449
349.100 440.693
349.364 373.937
349.628 380.180
349.893 422.422
350.157 538.664
350.421 485.905
350.685 518.146
350.949 498.386
351.214 401.626
351.478 532.864
351.742 530.103
352.006 507.340
352.270 502.578
352.535 425.814
352.799 461.050
353.063 565.285
353.327 490.520
353.591 416.754
353.856 462.988
354.120 534.221
354.384 618.453
354.648 686.685
354.912 609.916
355.177 505.147
355.441 416.377
355.705 656.607
355.969 655.836
356.233 581.064
356.497 576.292
356.762 559.520
357.026 498.746
357.290 520.973
357.554 590.198
357.818 579.423
358.083 532.648
358.347 492.872
358.611 483.095
358.875 525.318
359.139 537.541
359.404 428.762
359.668 514.984
359.932 692.204
360.196 658.425
360.460 516.644
360.725 547.863
360.989 634.082
361.253 746.300
361.517 719.517
361.781 672.734
362.046 650.951
362.310 647.167
362.574 633.382
362.838 551.597
363.102 566.811
363.366 584.025
363.631 552.238
363.895 593.451
364.159 627.663
364.423 622.875
364.687 676.086
364.952 681.297
365.216 677.507
365.480 556.717
365.747 453.926
366.013 500.135
366.280 481.343
366.546 579.551
366.813 519.758
367.079 593.964
367.346 676.171
367.612 572.376
367.879 566.581
368.145 650.786
368.412 573.990
368.678 491.194
368.945 635.397
369.211 593.600
369.478 568.802
369.744 543.004
370.011 598.205
370.278 556.406
370.544 441.606
370.811 544.806
371.077 560.005
371.344 520.204
371.610 566.402
371.877 553.600
372.143 604.797
372.410 681.994
372.676 738.191
372.943 683.387
373.209 590.582
373.476 522.777
373.742 481.972
374.009 595.166
374.276 645.360
374.542 635.553
374.809 525.745
375.075 381.938
375.342 345.130
375.608 317.321
375.875 420.512
376.141 693.702
376.408 667.892
376.674 593.082
376.941 526.271
377.207 546.459
377.474 936.648
377.740 832.835
378.007 518.023
378.273 621.209
378.540 671.396
378.807 565.582
379.073 504.767
379.340 526.952
379.606 590.137
379.873 526.321
380.139 551.505
380.406 651.688
380.672 543.871
380.939 495.054
381.205 526.236
381.472 452.417
381.738 377.598
382.005 539.779
382.271 651.959
382.538 600.139
382.804 667.319
383.071 569.498
383.338 523.676
383.604 566.855
383.871 706.032
384.137 655.210
384.404 548.387
384.670 568.563
384.937 508.739
385.203 619.915
385.470 618.090
385.736 639.265
386.003 664.440
386.269 630.614
386.536 526.788
386.802 541.961
387.069 695.134
387.336 845.306
387.602 778.478
387.869 551.650
388.135 501.821
388.402 476.992
388.668 542.162
388.935 665.332
389.201 804.502
389.468 785.671
389.734 774.840
390.001 688.009
390.267 640.177
390.534 724.344
390.800 661.512
391.067 736.679
391.333 765.845
391.600 625.011
391.867 596.177
392.133 654.342
392.400 628.507
392.666 570.672
392.933 687.836
393.199 746.000
393.466 708.164
393.732 665.327
393.999 692.489
394.265 701.652
394.532 673.814
394.798 790.975
395.065 687.137
395.331 750.297
395.598 874.458
395.864 879.618
396.131 1031.778
396.398 1191.937
396.664 1356.096
396.931 1648.255
397.197 2108.413
397.464 2414.571
397.730 2914.729
397.997 3293.886
398.263 3558.043
398.530 3874.199
398.796 4191.355
399.063 4312.511
399.329 4397.667
399.596 4601.822
399.862 4627.976
400.129 4767.131
400.396 4817.285
400.662 4613.438
400.929 4630.592
401.195 4611.745
401.462 4705.897
401.728 4897.050
401.995 5038.201
402.261 5054.353
402.528 5246.504
402.794 5417.655
403.061 5696.806
403.327 5892.956
403.594 5726.106
403.860 5646.255
404.127 5783.404
404.393 5848.553
404.660 5886.702
404.931 5884.850
405.202 5869.998
405.473 5989.145
405.745 6237.293
406.016 6456.439
406.287 6351.586
406.558 6359.732
406.829 6479.878
407.100 6403.024
407.371 6671.169
407.642 6735.314
407.914 6699.458
408.185 6554.602
408.456 6560.746
408.727 6697.890
408.998 6802.033
409.269 6956.176
409.540 7055.319
409.811 6776.461
410.083 6767.603
410.354 6607.745
410.625 6424.886
410.896 6294.027
411.167 6246.168
411.438 6178.308
411.709 5785.448
411.981 5738.588
412.252 5279.728
412.523 4855.867
412.794 4824.006
413.065 4621.144
413.336 4212.282
413.607 4032.420
413.878 3835.558
414.150 3572.695
414.421 3278.832
414.692 3069.969
414.963 2832.105
415.234 2849.242
415.505 2715.377
415.776 2531.513
416.047 2299.648
416.319 2095.783
416.590 1881.918
416.861 1530.052
417.132 1551.186
417.403 1530.320
417.674 1376.453
417.945 1215.586
418.217 1148.719
418.488 1167.852
418.759 988.984
419.030 884.116
419.301 874.247
419.572 931.379
419.843 960.510
420.114 863.641
420.386 858.771
420.657 897.902
420.928 790.032
421.199 776.161
421.470 750.291
421.741 671.420
422.012 665.549
422.283 712.677
422.555 780.805
422.826 828.933
423.097 865.061
423.368 821.188
423.639 666.316
423.910 740.443
424.181 727.569
424.453 640.695
424.724 978.821
424.995 1028.947
425.266 846.073
425.537 804.198
425.808 941.323
426.079 970.448
426.350 924.572
426.622 865.696
426.893 985.820
427.164 919.944
427.435 881.067
427.706 923.190
427.977 939.313
428.248 894.436
428.519 973.558
428.791 883.680
429.062 978.802
429.333 846.923
429.604 862.044
429.875 984.165
430.146 986.286
430.417 933.406
430.689 898.527
430.960 802.647
431.231 804.766
431.502 1020.886
431.773 990.005
432.044 837.124
432.315 1006.243
432.586 956.361
432.858 919.479
433.129 728.597
433.400 774.715
433.671 819.832
433.942 729.949
434.213 623.066
434.484 651.183
434.755 755.299
435.027 631.415
435.298 743.531
435.569 761.647
435.840 664.762
436.116 688.877
436.391 783.992
436.667 755.107
436.942 852.222
437.218 920.336
437.493 896.450
437.769 899.563
438.045 804.677
438.320 770.790
438.596 803.903
438.871 754.016
439.147 728.128
439.422 671.241
439.698 607.353
439.974 598.465
440.249 786.576
440.525 823.687
440.800 629.799
441.076 706.909
441.351 851.020
441.627 888.131
441.903 828.241
442.178 619.351
442.454 630.460
442.729 845.570
443.005 713.679
443.281 794.788
443.556 914.897
443.832 791.005
444.107 714.114
444.383 730.222
444.658 707.330
444.934 634.438
445.210 807.545
445.485 836.652
445.761 870.759
446.036 793.866
446.312 904.972
446.587 873.079
446.863 644.185
447.139 702.291
447.414 707.396
447.690 751.502
447.965 793.607
448.241 742.712
448.516 743.817
448.792 752.922
449.068 775.026
449.343 791.130
449.619 693.234
449.894 762.338
450.170 756.441
450.445 903.544
450.721 976.648
450.997 734.750
451.272 841.853
451.548 803.956
451.823 744.058
452.099 838.160
452.375 795.262
452.650 750.363
452.926 839.465
453.201 909.566
453.477 1154.667
453.752 1023.767
454.028 892.868
454.304 913.968
454.579 1037.069
454.855 980.168
455.130 956.268
455.406 1072.368
455.681 980.467
455.957 859.566
456.233 873.665
456.508 902.764
456.784 934.862
457.059 923.961
457.335 1039.059
457.610 911.157
457.886 842.255
458.162 769.352
458.437 805.449
458.713 929.546
458.988 912.643
459.264 945.740
459.539 918.837
459.815 825.933
460.091 712.029
460.366 665.125
460.642 632.221
460.917 704.316
461.193 730.412
461.468 674.507
461.744 726.602
462.020 695.697
462.295 691.791
462.571 659.886
462.846 748.980
463.122 805.074
463.397 826.168
463.673 717.544
463.949 696.658
464.224 696.752
464.500 749.792
464.775 737.634
465.051 849.029
465.327 978.841
465.602 1133.645
465.878 1259.744
466.153 1140.814
466.429 1340.847
466.704 1582.115
466.980 1640.371
467.256 1891.462
467.531 1961.515
467.807 1875.395
468.082 1868.472
468.358 1910.736
468.633 1937.666
468.909 1913.661
469.185 1923.714
469.460 2030.368
469.736 2090.912
470.011 1876.500
470.287 1846.533
470.562 1926.959
470.838 1726.168
471.114 1796.688
471.389 1786.676
471.665 1742.060
471.940 1745.937
472.216 1589.144
472.491 1399.353
472.767 1368.407
473.043 1482.086
473.318 1567.368
473.594 1336.902
473.869 1243.742
474.145 1178.724
474.421 1150.328
474.696 1124.983
474.972 992.816
475.247 991.877
475.523 1070.384
475.798 1051.175
476.074 955.487
476.350 879.199
476.625 861.834
476.901 889.444
477.176 874.368
477.452 831.856
477.727 822.786
478.003 641.141
478.279 838.382
478.554 919.768
478.830 901.460
479.105 981.949
479.381 965.825
479.656 801.609
479.932 850.527
480.208 1006.633
480.483 1000.643
480.759 998.705
481.034 994.749
481.310 885.742
481.585 906.216
481.861 991.985
482.137 898.420
482.412 973.051
482.688 956.119
482.963 976.305
483.239 1039.536
483.514 885.309
483.790 916.620
484.066 1121.579
484.341 956.868
484.617 860.281
484.892 941.236
485.168 918.431
485.443 828.134
485.719 925.629
485.995 1054.824
486.270 987.455
486.546 858.973
486.821 775.966
487.097 744.897
487.373 880.335
487.648 1039.113
487.924 1001.787
488.199 849.603
488.475 675.810
488.750 705.934
489.026 849.981
489.302 831.412
489.577 790.477
489.853 803.491
490.128 984.762
490.404 959.413
490.679 771.621
490.955 981.109
491.231 1079.913
491.506 1015.487
491.782 893.149
492.057 810.158
492.333 887.532
492.608 846.511
492.884 916.057
493.160 775.231
493.435 818.982
493.711 949.448
493.986 907.456
494.262 876.067
494.537 811.435
494.813 908.478
495.089 762.096
495.364 763.152
495.640 873.245
495.915 888.053
496.191 1048.339
496.467 966.686
496.742 903.705
497.018 912.472
497.293 889.840
497.569 956.010
497.844 887.679
498.120 964.979
498.396 988.792
498.671 964.027
498.947 1072.342
499.222 1065.528
499.498 1035.815
499.773 1146.335
500.049 1237.427
500.325 1215.780
500.600 1357.284
500.876 1441.798
501.151 1664.421
501.427 1735.441
501.702 1821.680
501.978 1880.043
502.254 2013.811
502.529 1970.609
502.805 2139.835
503.080 2239.846
503.356 2097.879
503.631 2114.211
503.907 2170.182
504.183 2092.318
504.458 2149.069
504.734 2101.467
505.009 2107.604
505.285 1954.950
505.560 2001.578
505.836 1976.346
506.112 1894.433
506.387 1760.900
506.663 1707.622
506.938 1698.592
507.214 1609.683
507.490 1580.854
507.765 1527.865
508.041 1583.434
508.316 1559.285
508.592 1374.945
508.867 1357.533
509.143 1531.112
509.419 1374.396
509.694 1117.946
509.970 1047.804
510.245 994.723
510.521 1064.795
510.796 956.906
511.072 873.057
511.348 954.135
511.623 1010.034
511.899 1001.124
512.174 1008.141
512.450 974.469
512.725 935.844
513.001 845.785
513.277 781.647
513.552 924.437
513.828 900.982
514.103 910.012
514.379 1007.621
514.654 889.561
514.930 875.107
515.206 1241.339
515.481 1151.119
515.757 970.671
516.032 925.754
516.308 1086.118
516.583 1210.976
516.859 1124.941
517.135 1126.952
517.410 1216.175
517.686 1318.278
517.961 1312.510
518.237 1323.605
518.513 1326.913
518.788 1593.583
519.064 1733.425
519.339 1764.147
519.615 1746.096
519.890 1811.976
520.166 1918.191
520.442 2085.800
520.717 2074.311
520.993 2116.833
521.268 1926.213
521.544 1933.973
521.819 1916.869
522.095 1991.865
522.371 2192.316
522.646 2201.005
522.922 2266.006
523.197 2293.843
523.473 2409.411
523.748 2298.465
524.024 2163.596
524.300 2158.870
524.575 2130.221
524.851 2207.792
525.126 2256.409
525.402 2246.187
525.677 2363.949
525.953 2294.825
526.229 2205.973
526.504 2195.702
526.780 2366.701
527.055 2386.249
527.331 2450.422
527.606 2541.907
527.882 2484.987
528.158 2305.432
528.433 2405.884
528.709 2304.214
528.984 2248.610
529.260 2177.991
529.535 2175.956
529.811 2026.158
530.087 1958.893
530.362 1909.777
530.638 1926.283
530.913 1997.558
531.189 1902.052
531.465 1735.121
531.740 1653.762
532.016 1672.826
532.291 1604.218
532.567 1663.585
532.842 1585.153
533.118 1503.333
533.394 1575.723
533.669 1415.421
533.945 1290.963
534.220 1296.856
534.496 1381.914
534.771 1301.446
535.047 1344.723
535.323 1334.374
535.598 1308.737
535.874 1352.064
536.149 1373.969
536.425 1345.037
536.700 1392.059
536.976 1719.354
537.252 2152.893
537.527 2478.246
537.803 2877.123
538.078 3351.984
538.354 3644.075
538.629 3728.425
538.905 3853.481
539.181 4003.148
539.456 4035.748
539.732 4292.502
540.007 4515.656
540.283 4394.679
540.558 4292.667
540.834 4477.277
541.110 4689.685
541.385 4677.859
541.661 4662.072
541.936 4724.230
542.212 4686.623
542.488 4666.856
542.763 4712.500
543.039 4639.848
543.314 4654.783
543.590 4552.211
543.865 4609.862
544.141 4647.651
544.417 4484.845
544.692 4454.115
544.968 4605.112
545.243 4399.007
545.519 4059.042
545.794 4133.707
546.070 4195.390
546.348 3928.971
546.627 3646.789
546.905 3812.660
547.183 3863.730
547.461 3901.519
547.740 4112.098
548.018 4035.722
548.296 4113.196
548.575 4294.977
548.853 4481.722
549.131 4785.648
549.409 4929.762
549.688 5120.290
549.966 5354.469
550.244 5575.751
550.523 5503.874
550.801 5608.378
551.079 5724.543
551.357 5875.930
551.636 5917.606
551.914 5969.102
552.192 5964.222
552.471 6142.914
552.749 6259.925
553.027 6429.011
553.306 6657.745
553.584 7077.658
553.862 7164.076
554.140 7447.034
554.419 7706.299
554.697 8141.216
554.975 8473.809
555.254 8616.113
555.532 8442.709
555.810 8616.961
556.088 8546.675
556.367 8123.160
556.645 7663.946
556.923 7509.325
557.202 7252.319
557.480 7054.065
557.758 6728.163
558.036 6377.096
558.315 6149.890
558.593 6106.375
558.871 5824.720
559.150 5503.367
559.428 5225.902
559.706 4967.231
559.984 4793.565
560.263 4740.774
560.541 4482.417
560.819 4086.976
561.098 3816.663
561.376 3585.941
561.654 3157.142
561.932 2778.129
562.211 2644.116
562.489 2467.410
562.767 2194.455
563.046 1876.725
563.324 1711.822
563.602 1674.128
563.880 1590.034
564.159 1533.458
564.437 1537.786
564.715 1387.677
564.994 1166.993
565.272 1183.354
565.550 1077.759
565.828 1003.023
566.107 1061.551
566.385 1030.014
566.663 940.780
566.942 931.162
567.220 942.735
567.498 1074.456
567.776 939.886
568.055 828.392
568.333 910.168
568.611 937.015
568.890 826.270
569.168 798.953
569.446 866.436
569.725 852.955
570.003 705.174
570.281 683.657
570.559 768.808
570.838 776.373
571.116 860.504
571.394 877.990
571.673 930.293
571.951 861.337
572.229 754.586
572.507 776.744
572.786 820.345
573.064 835.794
573.342 764.758
573.621 647.270
573.899 708.777
574.177 943.889
574.455 851.992
574.734 691.421
575.012 789.313
575.290 765.644
575.569 790.949
575.847 849.669
576.125 786.906
576.403 655.110
576.682 764.943
576.960 825.607
577.243 825.823
577.527 725.202
577.810 573.522
578.093 592.869
578.377 667.207
578.660 632.665
578.944 600.100
579.227 657.768
579.510 785.321
579.794 699.834
580.077 652.603
580.360 683.056
580.644 660.938
580.927 649.710
581.210 712.377
581.494 673.003
581.777 719.142
582.061 668.109
582.344 649.875
582.627 567.166
582.911 619.054
583.194 620.712
583.477 744.508
583.761 809.421
584.044 809.464
584.327 779.346
584.611 706.461
584.894 690.520
585.178 643.609
585.461 675.620
585.744 772.565
586.028 670.380
586.311 732.422
586.594 819.465
586.878 662.507
587.161 661.549
587.444 696.591
587.728 694.633
588.011 754.675
588.295 604.716
588.578 646.112
588.861 812.987
589.145 706.841
589.428 705.589
589.711 531.924
589.995 558.407
590.278 750.257
590.562 689.048
590.845 639.450
591.128 856.418
591.412 812.547
591.695 730.482
591.978 873.507
592.262 823.471
592.545 584.582
592.828 699.976
593.112 592.639
593.395 542.829
593.679 531.372
593.962 728.624
594.245 739.879
594.529 666.288
594.812 566.262
595.095 486.268
595.379 670.050
595.662 778.111
595.945 701.907
596.229 556.409
596.512 602.871
596.796 688.741
597.079 745.524
597.362 854.475
597.646 864.549
597.929 705.340
598.212 693.812
598.496 726.460
598.779 776.127
599.062 829.473
599.346 692.296
599.629 650.232
599.913 666.378
600.196 734.397
600.479 782.925
600.763 737.430
601.046 623.923
601.329 685.599
601.613 764.609
601.896 685.985
602.179 749.200
602.463 739.414
602.746 816.073
603.030 851.474
603.313 803.571
603.596 653.462
603.880 762.663
604.163 794.073
604.446 766.888
604.730 714.036
605.013 806.329
605.296 832.622
605.580 735.695
605.863 820.943
606.147 695.612
606.430 657.452
606.713 810.466
606.997 741.757
607.280 909.365
607.563 826.232
607.847 768.765
608.130 802.628
608.414 854.717
608.697 830.292
608.980 807.635
609.264 928.071
609.547 842.968
609.830 839.086
610.114 830.308
610.397 753.948
610.680 849.137
610.964 893.975
611.247 877.345
611.531 798.752
611.814 680.044
612.097 740.924
612.381 904.939
612.664 1040.309
612.947 895.104
613.231 853.923
613.514 877.391
613.797 903.949
614.081 1011.058
614.364 1005.199
614.648 977.730
614.931 893.286
615.214 865.816
615.498 953.232
615.781 1013.261
616.064 1012.312
616.348 1063.528
616.631 1051.803
616.914 1103.953
617.198 1078.475
617.481 970.135
617.765 968.168
618.048 1043.197
618.331 998.809
618.615 904.969
618.898 988.996
619.181 985.079
619.465 965.316
619.748 901.058
620.031 836.639
620.315 817.681
620.598 844.321
620.882 947.478
621.165 1124.399
621.448 988.250
621.732 869.865
622.015 754.477
622.298 750.034
622.582 824.669
622.865 786.567
623.148 708.679
623.432 855.278
623.715 778.235
623.999 942.318
624.282 964.383
624.565 1017.666
624.849 819.511
625.132 688.133
625.415 960.345
625.699 1014.830
625.982 871.574
626.265 760.126
626.549 737.170
626.832 918.012
627.116 924.107
627.399 738.282
627.682 789.247
627.966 745.183
628.249 765.594
628.532 699.532
628.816 900.770
629.099 786.674
629.383 773.908
629.666 840.327
629.949 726.296
630.233 680.153
630.516 775.290
630.799 784.669
631.083 678.830
631.366 621.424
631.649 628.823
631.933 588.083
632.216 711.674
632.500 798.928
632.783 757.797
633.066 735.043
633.350 761.929
633.633 781.496
633.916 772.752
634.200 672.766
634.483 765.064
634.766 846.953
635.050 744.564
635.333 650.642
635.617 693.121
635.900 792.312
636.183 875.990
636.467 860.070
636.750 899.043
637.033 950.017
637.317 914.440
637.600 889.175
637.883 833.910
638.167 832.219
638.450 852.226
638.734 840.084
639.017 892.548
639.300 978.720
639.584 965.673
639.867 1102.279
640.150 1008.763
640.434 1017.212
640.717 1042.459
641.000 975.198
641.284 1036.910
641.567 926.590
641.851 969.707
642.134 1142.738
642.417 1099.644
642.701 1210.149
642.984 1242.692
643.267 1180.442
643.551 1040.022
643.834 1002.600
644.117 1085.023
644.401 1072.011
644.684 1115.152
644.968 1275.021
645.251 1239.145
645.534 1158.498
645.818 1141.641
646.101 1321.146
646.384 1462.959
646.668 1516.508
646.951 1543.767
647.235 1629.833
647.518 1641.140
647.801 1838.537
648.085 2001.158
648.368 2125.248
648.651 2131.855
648.935 2346.821
649.218 2571.897
649.501 2609.222
649.785 2716.021
650.068 3015.514
650.352 3210.080
650.635 3376.658
650.918 3497.194
651.202 3823.116
651.485 4255.075
651.768 4571.885
652.052 4729.889
652.335 5103.804
652.618 5402.211
652.902 5783.822
653.185 6269.973
653.469 6372.395
653.752 6449.013
654.035 6587.243
654.319 6808.258
654.602 6838.788
654.885 6825.781
655.169 6911.569
655.452 6891.739
655.735 6864.660
656.019 6881.134
656.302 6871.735
656.586 6990.152
656.869 7419.152
657.152 7415.011
657.436 7264.532
657.719 7437.866
658.002 7484.629
658.286 7282.117
658.569 6841.261
658.852 6717.683
659.136 6727.292
659.419 6613.615
659.703 6461.360
659.986 6345.653
660.269 6275.174
660.553 5978.176
660.836 5801.375
661.119 5909.128
661.403 5877.403
661.686 5781.931
661.969 5664.971
662.253 5470.218
662.536 5379.800
662.820 5411.512
663.103 5274.624
663.386 5309.135
663.670 5358.859
663.953 5162.817
664.236 5220.761
664.520 5097.182
664.803 5125.579
665.086 5195.319
665.370 5134.754
665.653 5164.164
665.937 5075.109
666.220 4872.298
666.503 4756.707
666.787 4657.344
667.070 4492.041
667.353 4415.849
667.637 4178.725
667.920 4131.086
668.204 3848.706
668.487 3654.431
668.770 3659.198
669.054 3149.043
669.337 2900.497
669.620 2758.832
669.904 2485.175
670.187 2329.734
670.470 2289.282
670.754 2025.023
671.037 1743.916
671.321 1533.786
671.604 1617.182
671.887 1569.735
672.171 1443.867
672.454 1373.910
672.737 1320.401
673.021 1188.449
673.304 1131.175
673.587 1259.539
673.871 1266.274
674.154 1245.220
674.438 1261.944
674.721 1243.471
675.004 1286.959
675.288 1229.373
675.571 1163.725
675.854 1079.303
676.138 1140.237
676.421 1182.720
676.704 1125.085
676.988 1182.775
677.271 1411.296
677.555 1361.076
677.838 1226.667
678.121 1217.162
678.405 1178.301
678.688 1280.813
678.971 1069.804
679.255 1154.893
679.538 1255.543
679.821 1256.607
680.105 1094.906
680.388 991.091
680.672 941.212
680.955 976.582
681.238 993.234
681.522 888.278
681.805 895.254
682.088 1057.890
682.372 1052.763
682.655 897.313
682.938 1007.987
683.222 1035.153
683.505 872.207
683.789 964.187
684.072 1008.101
684.355 937.138
684.639 910.024
684.922 850.552
685.205 893.376
685.489 1022.838
685.772 1051.101
686.056 1005.156
686.339 1036.563
686.622 889.331
686.906 830.902
687.189 963.496
687.472 1149.326
687.756 920.833
688.039 786.121
688.322 807.024
688.606 1114.983
688.889 1109.789
689.173 913.573
689.456 1038.860
689.739 1046.192
690.023 982.562
690.306 998.229
690.589 930.548
690.873 1022.217
691.156 1085.718
691.439 1043.080
691.723 976.508
692.006 1050.467
692.290 1001.531
692.573 1096.051
692.856 1155.981
693.140 1167.405
693.423 1101.004
693.706 1038.958
693.990 1034.766
694.273 1003.763
694.556 1176.126
694.840 1245.802
695.123 1129.870
695.407 1130.793
695.690 1014.174
695.973 1058.543
696.257 1136.777
696.540 1331.105
696.830 1275.291
697.120 1246.539
697.410 1318.178
697.699 1279.928
697.989 1465.116
698.279 1404.079
698.569 1310.451
698.859 1392.443
699.149 1436.654
699.439 1311.615
699.729 1215.403
700.018 1198.080
700.308 1342.652
700.598 1169.383
700.888 1027.631
701.178 1240.824
701.468 1243.646
701.758 1132.987
702.048 1195.234
702.337 1050.865
702.627 1208.202
702.917 1144.653
703.207 1032.603
703.497 1082.895
703.787 956.202
704.077 920.970
704.366 942.236
704.656 822.959
704.946 846.513
705.236 759.776
705.526 861.835
705.816 974.632
706.106 710.473
706.396 703.812
706.685 724.578
706.975 700.767
707.265 633.990
707.555 821.964
707.845 793.598
708.135 676.673
708.425 635.164
708.715 653.619
709.004 823.944
709.294 808.156
709.584 769.109
709.874 793.786
710.164 779.015
710.454 721.288
710.744 621.881
711.034 716.951
711.323 761.821
711.613 646.686
711.903 805.364
712.193 889.948
712.483 724.778
712.773 704.151
713.063 674.331
713.352 712.209
713.642 692.266
713.932 798.254
714.222 827.879
714.512 735.656
714.802 667.903
715.092 712.498
715.382 695.667
715.671 689.519
715.961 716.150
716.251 602.491
716.541 635.618
716.831 732.143
717.121 619.799
717.411 721.026
717.701 781.334
717.990 654.082
718.280 591.726
718.570 598.432
718.860 601.699
719.150 606.114
719.440 585.518
719.730 585.143
720.019 830.788
720.309 754.238
720.599 672.119
720.889 691.608
721.179 784.451
721.469 785.223
721.759 661.356
722.049 730.408
722.338 668.108
722.628 700.152
722.918 709.097
723.208 742.212
723.498 639.347
723.788 687.144
724.078 841.158
724.368 801.335
724.657 696.537
724.947 717.480
725.237 735.567
725.527 773.232
725.817 701.147
726.107 663.549
726.397 643.260
726.686 578.483
726.976 622.024
727.266 735.197
727.556 652.045
727.846 762.086
728.136 768.139
728.426 650.461
728.716 590.404
729.005 747.400
729.295 704.785
729.585 594.523
729.875 549.786
730.165 632.783
730.455 721.067
730.745 701.398
731.035 688.797
731.324 812.725
731.614 716.992
731.904 597.203
732.194 709.954
732.484 680.508
732.774 655.236
733.064 634.828
733.354 515.198
733.643 578.189
733.933 638.074
734.223 600.082
734.513 796.008
734.803 757.779
735.093 622.189
735.383 618.910
735.672 669.711
735.962 730.728
736.252 552.125
736.542 608.074
736.832 639.436
737.122 523.415
737.412 592.062
737.702 741.828
737.991 758.531
738.281 724.644
738.571 629.649
738.861 639.766
739.151 636.833
739.441 706.039
739.731 606.747
740.021 668.060
740.310 755.523
740.600 766.160
740.890 567.625
741.180 587.521
741.470 665.527
741.760 737.609
742.050 830.422
742.339 744.052
742.629 630.323
742.919 749.036
743.209 552.663
743.499 509.708
743.789 563.697
744.079 646.884
744.369 720.447
744.658 599.992
744.948 424.169
745.238 632.735
745.528 711.050
745.818 832.806
746.108 745.523
746.398 759.192
746.688 672.816
746.977 743.341
747.267 679.805
747.557 782.885
747.847 785.886
748.137 710.070
748.427 618.547
748.717 537.508
749.006 462.365
749.296 604.279
749.586 658.423
749.876 753.719
750.166 670.072
750.456 687.708
750.746 738.313
751.036 588.631
751.325 675.476
751.615 659.187
751.905 624.240
752.195 669.883
752.485 639.902
752.775 644.565
753.065 557.497
753.355 764.722
753.644 830.807
753.934 722.886
754.224 688.077
754.514 832.361
754.804 580.792
755.094 396.257
755.384 477.519
755.674 598.902
755.963 695.209
756.253 645.724
756.543 735.366
756.833 777.063
757.123 671.884
757.413 601.221
757.703 610.284
757.992 601.257
758.282 672.961
758.572 595.263
758.862 557.091
759.152 654.596
759.442 612.793
759.732 704.884
760.022 822.490
760.311 676.454
760.601 460.174
760.891 634.237
761.181 686.884
761.471 667.472
761.761 580.549
762.051 585.602
762.341 771.148
762.630 818.266
762.920 684.347
763.210 673.966
763.500 716.608
763.793 604.843
764.086 618.960
764.379 614.331
764.671 721.994
764.964 641.529
765.257 672.734
765.550 638.826
765.843 518.884
766.136 625.756
766.429 603.597
766.722 631.204
767.014 574.248
767.307 392.568
767.600 487.249
767.893 584.531
768.186 542.210
768.479 554.325
768.772 669.261
769.064 654.158
769.357 607.192
769.650 615.886
769.943 796.552
770.236 662.632
770.529 554.447
770.822 584.706
771.115 659.320
771.407 764.947
771.700 770.010
771.993 798.078
772.286 734.727
772.579 771.302
772.872 633.214
773.165 601.981
773.457 645.345
773.750 648.031
774.043 573.377
774.336 616.397
774.629 611.139
774.922 604.709
775.215 586.563
775.508 608.561
775.800 559.676
776.093 695.201
776.386 732.748
776.679 634.812
776.972 693.238
777.265 889.629
777.558 892.775
777.850 706.970
778.143 702.967
778.436 698.660
778.729 638.679
779.022 657.791
779.315 576.400
779.608 487.975
779.900 562.363
780.193 616.651
780.486 632.113
780.779 629.490
781.072 542.703
781.365 624.508
781.658 642.219
781.951 604.083
782.243 650.985
782.536 702.510
782.829 674.414
783.122 639.290
783.415 671.764
783.708 675.793
784.001 691.857
784.293 788.162
784.586 770.355
784.879 737.305
785.172 638.485
785.465 573.009
785.758 621.121
786.051 639.173
786.344 739.911
786.636 826.754
786.929 628.572
787.222 627.843
787.515 628.604
787.808 616.375
788.101 562.445
788.394 718.305
788.686 853.187
788.979 780.056
789.272 710.361
789.565 665.756
789.858 565.972
790.151 531.588
790.444 561.574
790.737 585.151
791.029 540.087
791.322 643.895
791.615 584.445
791.908 609.605
792.201 618.992
792.494 611.412
792.787 725.360
793.079 853.716
793.372 750.292
793.665 761.026
793.958 649.376
794.251 668.335
794.544 755.334
794.837 835.864
795.130 696.298
795.422 639.484
795.715 648.472
796.008 699.035
796.301 705.626
796.594 651.857
796.887 716.613
797.180 696.406
797.472 516.960
797.765 432.230
798.058 534.404
798.351 527.973
798.644 517.021
798.937 526.010
799.230 553.389
799.523 901.913
799.815 888.967
800.108 636.739
800.401 536.056
800.694 659.361
800.987 578.958
801.280 658.052
801.573 765.959
801.865 778.961
802.158 686.383
802.451 601.567
802.744 556.672
803.037 614.572
803.330 662.154
803.623 764.302
803.915 716.413
804.208 586.275
804.501 583.459
804.794 646.537
805.087 651.906
805.380 498.919
805.673 494.430
805.966 673.624
806.258 625.216
806.551 641.547
806.844 663.650
807.137 751.769
807.430 586.371
807.723 590.401
808.016 782.183
808.308 802.887
808.601 636.631
808.894 554.426
809.187 634.556
809.480 708.379
809.773 644.365
810.066 649.052
810.359 731.291
810.651 683.337
810.944 471.978
811.237 510.814
811.530 658.154
811.825 580.046
812.119 536.085
812.414 445.282
812.709 578.070
813.003 628.850
813.298 577.673
813.593 622.424
813.887 633.955
814.182 950.671
814.476 861.295
814.771 820.701
815.066 702.345
815.360 548.190
815.655 521.782
815.950 613.884
816.244 643.400
816.539 735.450
816.834 708.961
817.128 694.393
817.423 812.966
817.718 998.501
818.012 781.075
818.307 523.117
818.602 640.959
818.896 690.545
819.191 629.604
819.486 616.497
819.780 694.782
820.075 809.749
820.369 777.312
820.664 620.782
820.959 714.999
821.253 762.387
821.548 674.319
821.843 689.233
822.137 698.280
822.432 709.124
822.727 697.365
823.021 619.820
823.316 753.188
823.611 803.995
823.905 679.779
824.200 538.782
824.495 691.832
824.789 763.577
825.084 702.724
825.379 647.572
825.673 612.368
825.968 726.906
826.262 711.801
826.557 709.834
826.852 695.295
827.146 668.770
827.441 679.740
827.736 726.124
828.030 678.026
828.325 512.777
828.620 720.859
828.914 847.039
829.209 720.420
829.504 830.425
829.798 803.285
830.093 722.112
830.388 667.158
830.682 508.073
830.977 644.377
831.271 787.996
831.566 628.855
831.861 598.329
832.155 572.986
832.450 703.132
832.745 841.484
833.039 708.379
833.334 593.319
833.629 634.430
833.923 613.427
834.218 552.067
834.513 516.837
834.807 560.651
835.102 521.652
835.397 567.976
835.691 536.257
835.986 535.743
836.281 491.087
836.575 507.253
836.870 579.518
837.164 614.310
837.459 569.778
837.754 633.267
838.048 603.208
838.343 554.840
838.638 596.178
838.932 654.698
839.227 602.696
839.522 631.858
839.816 633.755
840.111 622.571
840.406 611.028
840.700 725.123
840.995 848.489
841.290 907.684
841.584 736.307
841.879 798.399
842.174 709.929
842.468 669.462
842.763 565.255
843.057 654.710
843.352 697.889
843.647 679.195
843.941 644.881
844.236 712.935
844.531 755.179
844.825 700.304
845.120 772.548
845.415 786.994
845.709 711.080
846.004 800.700
846.299 663.886
846.593 771.394
846.888 720.886
847.183 618.805
847.477 605.974
847.772 643.480
848.066 663.544
848.361 699.238
848.656 737.678
848.950 708.522
849.245 797.447
849.540 659.018
849.834 784.644
850.129 819.962
850.424 702.663
850.718 677.048
851.013 801.201
851.308 771.593
851.602 755.533
851.897 852.799
852.192 945.000
852.486 754.991
852.781 630.148
853.076 782.511
853.370 802.225
853.665 825.122
853.959 855.216
854.254 737.950
854.549 874.936
854.843 746.249
855.138 660.112
855.433 794.146
855.727 919.959
856.022 742.662
856.317 687.662
856.611 722.163
856.906 623.224
857.201 686.441
857.495 835.925
857.790 860.703
858.085 755.392
858.379 707.385
858.674 648.575
858.969 591.329
859.263 612.586
859.558 622.690
859.852 667.489
860.147 721.959
860.442 760.043
860.736 591.995
861.031 748.603
861.326 808.542
861.620 660.720
861.915 784.176
862.210 767.716
862.504 635.464
862.799 744.707
863.094 788.880
863.388 676.815
863.683 715.346
863.978 605.046
864.272 594.311
864.567 609.242
864.861 609.025
865.156 568.959
865.451 477.256
865.745 652.492
866.040 745.786
866.335 809.144
866.629 798.036
866.924 636.618
867.219 618.950
867.513 677.963
867.808 673.182
868.103 638.044
868.397 655.629
868.692 719.973
868.987 650.641
869.281 589.745
869.576 638.085
869.871 720.541
870.165 590.062
870.460 486.896
870.754 574.409
871.049 531.614
871.344 623.642
871.638 628.717
871.933 565.420
872.228 636.726
872.522 617.804
872.817 705.417
873.112 942.219
873.406 735.570
873.701 808.752
873.996 802.320
874.290 673.146
874.585 560.200
874.880 650.841
875.174 620.918
875.469 570.087
875.764 636.150
876.058 579.617
876.353 480.878
876.647 470.784
876.942 521.207
877.237 569.482
877.531 643.245
877.826 698.886
878.121 646.524
878.415 589.890
878.710 575.914
879.005 712.833
879.299 637.312
879.594 605.080
879.889 496.439
880.183 533.980
880.478 636.327
880.773 636.083
881.067 612.541
881.362 606.760
881.656 525.745
881.951 536.379
882.246 491.506
882.540 556.048
882.835 587.613
883.130 588.002
883.424 535.115
883.719 525.920
884.014 623.854
884.308 557.722
884.603 480.827
884.898 503.986
885.192 643.552
885.487 630.915
885.782 574.265
886.076 662.271
886.371 650.320
886.666 441.675
886.960 433.224
887.255 487.457
887.549 523.235
887.844 705.551
888.139 749.129
888.433 663.286
888.728 576.860
889.023 568.877
889.317 583.835
889.612 464.639
889.907 518.219
890.201 567.786
890.496 597.356
890.791 644.541
891.085 577.786
891.380 544.256
891.675 548.280
891.969 570.374
892.264 470.198
892.559 497.959
892.853 681.109
893.148 604.331
893.442 512.527
893.737 639.972
894.032 596.246
894.326 472.907
894.621 524.018
894.916 456.588
895.210 467.649
895.505 604.057
895.800 555.087
896.094 448.203
896.389 451.743
896.684 524.589
896.978 542.671
897.273 472.906
897.568 555.536
897.862 563.110
898.157 485.312
898.451 665.397
898.746 706.999
899.041 728.893
899.335 682.844
899.630 572.643
899.925 578.345
900.219 632.384
900.514 657.473
900.809 508.882
901.103 416.513
901.398 593.254
901.693 532.515
901.987 539.238
902.282 646.514
902.577 531.709
902.871 467.073
903.166 539.756
903.461 615.247
903.755 623.849
904.050 596.862
904.344 486.632
904.639 483.514
904.934 515.376
905.228 528.902
905.523 450.089
905.818 471.315
906.112 642.495
906.407 639.152
906.702 605.959
906.996 629.811
907.291 594.565
907.586 564.512
907.880 695.941
908.175 618.401
908.470 635.683
908.764 649.648
909.059 695.148
909.354 700.075
909.648 545.473
909.943 558.267
910.237 707.514
910.532 759.233
910.827 795.906
911.121 749.856
911.416 659.332
911.711 640.040
912.005 655.961
912.300 617.512
912.599 700.642
912.898 638.671
913.196 595.003
913.495 639.540
913.794 759.697
914.093 666.150
914.391 609.724
914.690 666.477
914.989 665.241
915.288 731.794
915.586 635.041
915.885 512.644
916.184 460.144
916.483 481.729
916.782 621.742
917.080 645.247
917.379 613.515
917.678 543.415
917.977 672.564
918.275 729.974
918.574 707.393
918.873 744.162
919.172 703.722
919.471 549.070
919.769 595.455
920.068 566.038
920.367 535.552
920.666 529.934
920.964 590.068
921.263 539.191
921.562 485.223
921.861 660.891
922.159 588.468
922.458 568.108
922.757 592.149
923.056 607.167
923.355 584.475
923.653 680.469
923.952 640.873
924.251 507.655
924.550 659.889
924.848 751.776
925.147 629.145
925.446 555.373
925.745 672.789
926.043 624.338
926.342 598.247
926.641 555.855
926.940 622.733
927.239 614.561
927.537 687.761
927.836 680.054
928.135 657.102
928.434 748.895
928.732 707.063
929.031 720.503
929.330 733.273
929.629 658.736
929.927 645.685
930.226 546.552
930.525 627.836
930.824 833.147
931.123 701.880
931.421 729.567
931.720 698.011
932.019 729.614
932.318 758.291
932.616 715.251
932.915 656.308
933.214 728.919
933.513 767.800
933.812 728.960
934.110 741.252
934.409 895.319
934.708 769.268
935.007 955.968
935.305 930.274
935.604 686.572
935.903 799.233
936.202 892.238
936.500 989.408
936.799 1136.300
937.098 1024.888
937.397 847.552
937.696 742.029
937.994 808.700
938.293 891.759
938.592 766.315
938.891 817.294
939.189 899.798
939.488 958.457
939.787 1145.373
940.086 998.998
940.384 957.222
940.683 904.775
940.982 831.875
941.281 980.531
941.580 1267.986
941.878 1154.656
942.177 923.792
942.476 1001.964
942.775 1007.846
943.073 790.555
943.372 716.095
943.671 991.768
943.970 1192.379
944.268 1040.123
944.567 866.101
944.866 931.904
945.165 933.476
945.464 793.343
945.762 672.640
946.061 919.737
946.360 1051.032
946.659 1108.132
946.957 1042.061
947.256 948.145
947.555 934.233
947.854 949.875
948.153 840.619
948.451 819.175
948.750 914.755
949.049 843.944
949.348 1039.118
949.646 963.985
949.945 912.820
950.244 1025.078
950.543 888.193
950.841 892.801
951.140 880.119
951.439 701.207
951.738 736.150
952.037 844.780
952.335 949.219
952.634 975.133
952.933 846.115
953.232 870.754
953.530 659.519
953.829 906.761
954.128 935.791
954.427 858.020
954.725 966.398
955.024 924.814
955.323 947.299
955.622 767.890
955.921 696.558
956.219 781.373
956.518 702.231
956.817 812.308
957.116 835.248
957.414 789.850
957.713 687.561
958.012 604.457
958.311 629.591
958.610 794.225
958.908 774.898
959.207 741.795
959.506 825.175
959.805 858.934
960.103 874.995
960.402 856.035
960.701 739.986
961.000 705.170
961.298 678.505
961.597 835.289
961.896 768.886
962.195 765.739
962.494 834.003
962.792 756.818
963.091 703.369
963.390 663.697
963.689 618.550
963.987 743.179
964.286 846.728
964.585 885.744
964.884 722.350
965.182 601.958
965.481 1004.327
965.780 1103.149
966.080 926.925
966.380 907.679
966.680 813.965
966.981 790.668
967.281 760.207
967.581 733.563
967.881 800.737
968.181 791.151
968.481 769.753
968.781 765.516
969.082 642.159
969.382 705.525
969.682 810.874
969.982 843.480
970.282 838.774
970.582 679.879
970.882 659.868
971.183 802.920
971.483 692.024
971.783 665.135
972.083 759.591
972.383 784.232
972.683 801.056
972.983 839.785
973.284 682.722
973.584 640.832
973.884 622.945
974.184 654.276
974.484 758.013
974.784 604.605
975.084 574.503
975.385 703.667
975.685 771.187
975.985 736.034
976.285 830.094
976.585 855.010
976.885 703.897
977.185 694.768
977.486 782.527
977.786 821.688
978.086 853.048
978.386 838.929
978.686 724.633
978.986 720.395
979.286 770.403
979.587 783.411
979.887 631.419
980.187 644.427
980.487 663.435
980.787 756.443
981.087 716.451
981.387 893.459
981.688 788.467
981.988 613.475
982.288 631.483
982.588 694.491
982.888 714.499
983.188 663.507
983.488 781.515
983.789 752.523
984.089 711.531
984.389 713.539
984.689 680.547
984.989 581.555
985.289 602.563
985.589 744.571
985.890 702.579
986.190 538.586
986.490 557.594
986.790 756.602
987.090 698.610
987.390 764.618
987.690 772.626
987.991 607.634
988.291 611.642
988.591 594.649
988.891 500.657
989.191 524.665
989.491 683.673
989.791 707.681
990.092 688.688
990.392 728.696
990.692 690.704
990.992 679.712
991.292 562.720
991.592 707.727
991.892 705.735
992.193 743.743
992.493 713.751
992.793 622.758
993.093 587.766
993.393 584.774
993.693 651.781
993.993 704.789
994.294 733.797
994.594 637.805
994.894 599.812
995.194 586.820
995.494 535.828
995.794 570.835
996.094 560.843
996.395 585.851
996.695 698.858
996.995 529.866
997.295 477.873
997.595 510.881
997.895 481.889
998.195 465.896
998.496 545.904
998.796 509.911
999.096 696.919
999.396 678.927
999.696 691.934
999.996 693.942
1000.296 718.949
1000.597 719.957
1000.897 659.964
1001.197 637.972
1001.497 805.979
1001.797 680.987
1002.097 560.994
1002.397 566.002
1002.698 647.009
1002.998 753.017
1003.298 657.024
1003.598 527.032
1003.898 508.039
1004.198 722.047
1004.498 762.054
1004.799 713.062
1005.099 774.069
1005.399 758.077
1005.699 744.084
1005.999 733.091
1006.299 655.099
1006.599 812.106
1006.900 829.114
1007.200 685.121
1007.500 618.128
1007.800 630.136
1008.100 605.143
1008.400 563.151
1008.700 567.158
1009.001 548.165
1009.301 566.173
1009.601 764.180
1009.901 797.187
1010.201 653.195
1010.501 639.202
1010.801 810.209
1011.102 619.217
1011.402 619.224
1011.702 512.231
1012.002 481.238
1012.302 726.246
1012.602 693.253
1012.902 586.260
1013.203 660.268
1013.503 707.275
1013.803 705.282
1014.103 558.289
1014.403 684.297
1014.703 616.304
1015.003 522.311
1015.304 695.318
1015.604 818.325
1015.904 576.333
1016.204 538.340
1016.504 604.347
1016.804 596.354
1017.104 562.361
1017.405 578.368
1017.705 562.376
1018.005 569.383
1018.305 604.390
1018.605 649.397
1018.905 545.404
1019.205 572.411
1019.506 850.418
1019.806 794.426
1020.106 660.433
1020.406 720.440
1020.706 709.447
1021.006 705.454
1021.306 847.461
1021.607 748.468
1021.907 772.475
1022.207 692.482
1022.507 578.489
1022.807 614.496
1023.107 611.503
1023.407 560.510
1023.708 562.517
1024.008 569.524
1024.308 656.531
1024.608 634.538
1024.908 500.545
1025.208 632.552
1025.508 830.559
1025.809 791.566
1026.109 612.573
1026.409 675.580
1026.709 685.587
1027.009 647.594
1027.309 679.601
1027.609 544.608
1027.910 601.615
1028.210 683.622
1028.510 739.629
1028.810 896.636
1029.110 809.643
1029.410 693.650
1029.710 815.657
1030.011 792.664
1030.311 813.670
1030.611 668.677
1030.911 649.684
1031.211 697.691
1031.511 616.698
1031.811 828.705
1032.112 812.712
1032.412 674.719
1032.712 478.725
1033.012 609.732
1033.312 758.739
1033.612 713.746
1033.912 678.753
1034.212 578.759
1034.513 537.766
1034.813 534.773
1035.113 685.780
1035.413 604.787
1035.713 625.793
1036.013 656.800
1036.313 604.807
1036.614 700.814
1036.914 649.821
1037.214 547.827
1037.514 679.834
1037.814 664.841
1038.114 613.847
1038.414 597.854
1038.715 691.861
1039.015 526.868
1039.315 436.874
1039.615 595.881
1039.915 595.888
1040.215 515.894
1040.515 561.901
1040.816 705.908
1041.116 718.914
1041.416 626.921
1041.716 523.928
1042.016 559.934
1042.316 699.941
1042.616 630.948
1042.917 519.954
1043.217 554.961
1043.517 598.968
1043.817 675.974
1044.117 710.981
1044.417 662.987
1044.717 594.994
1045.018 618.001
1045.318 702.007
1045.618 712.014
1045.918 620.020
1046.218 595.027
1046.518 623.033
1046.818 670.040
1047.119 549.047
1047.419 792.053
1047.719 750.060
1048.019 613.066
1048.319 637.073
1048.619 603.079
1048.919 658.086
1049.220 639.092
1049.520 737.099
1049.820 644.105
1050.120 527.112
1050.420 746.118
1050.720 688.125
1051.020 695.131
1051.321 747.138
1051.621 780.144
1051.921 638.151
1052.221 506.157
1052.521 457.164
1052.821 455.170
1053.121 643.176
1053.422 737.183
1053.722 782.189
1054.022 620.196
1054.322 738.202
1054.622 634.209
1054.922 563.215
1055.222 677.221
1055.523 640.228
1055.823 661.234
1056.123 695.240
1056.423 647.247
1056.723 748.253
1057.023 679.260
1057.323 525.266
1057.624 642.272
1057.924 721.279
1058.224 709.285
1058.524 625.291
1058.824 712.298
1059.124 689.304
1059.424 646.310
1059.725 695.317
1060.025 585.323
1060.325 626.329
1060.625 588.336
1060.925 586.342
1061.225 683.348
1061.525 824.354
1061.826 705.361
1062.126 709.367
1062.426 734.373
1062.726 723.379
1063.026 668.386
1063.326 884.392
1063.626 813.398
1063.927 692.404
1064.227 684.411
1064.527 613.417
1064.827 772.423
1065.127 667.429
1065.427 467.435
1065.727 541.442
1066.028 716.448
1066.328 726.454
1066.628 568.460
1066.928 565.466
1067.228 624.473
1067.528 592.479
1067.828 570.485
1068.129 507.491
1068.429 687.497
1068.729 807.503
1069.029 648.510
1069.329 500.516
1069.629 615.522
1069.929 768.528
1070.230 811.534
1070.530 713.540
1070.830 610.546
1071.130 698.552
1071.430 654.559
1071.730 638.565
1072.030 732.571
1072.331 594.577
1072.631 593.583
1072.931 712.589
1073.231 695.595
1073.531 639.601
1073.831 590.607
1074.131 713.613
1074.432 839.619
1074.732 692.625
1075.032 539.631
1075.332 547.637
1075.632 622.643
1075.932 580.649
1076.232 542.655
1076.533 579.661
1076.833 632.667
1077.133 644.673
1077.433 594.679
1077.733 593.685
1078.033 719.691
1078.333 721.697
1078.634 701.703
1078.934 707.709
1079.234 567.715
1079.534 726.721
1079.834 748.727
1080.134 654.733
1080.434 752.739
1080.735 691.745
1081.035 624.751
1081.335 490.757
1081.635 536.763
1081.935 586.769
1082.235 609.775
1082.535 607.781
1082.836 638.786
1083.136 613.792
1083.436 716.798
1083.736 745.804
1084.036 552.810
1084.336 546.816
1084.636 623.822
1084.937 710.828
1085.237 758.834
1085.537 719.839
1085.837 709.845
1086.137 620.851
1086.437 704.857
1086.737 615.863
1087.038 600.869
1087.338 758.874
1087.638 754.880
1087.938 600.886
1088.238 481.892
1088.538 552.898
1088.838 655.903
1089.139 753.909
1089.439 589.915
1089.739 712.921
1090.039 729.927
1090.339 750.932
1090.639 628.938
1090.939 679.944
1091.240 626.950
1091.540 639.955
1091.840 629.961
1092.140 695.967
1092.453 719.973
1092.766 644.978
1093.079 598.984
1093.392 650.990
1093.705 624.996
1094.018 635.001
1094.330 811.007
1094.643 683.013
1094.956 720.019
1095.269 672.024
1095.582 688.030
1095.895 588.036
1096.208 602.041
1096.521 668.047
1096.834 694.053
1097.147 653.058
1097.460 689.064
1097.773 721.070
1098.085 629.075
1098.398 549.081
1098.711 569.087
1099.024 556.092
1099.337 636.098
1099.650 752.103
1099.963 738.109
1100.276 609.115
1100.589 568.120
1100.902 664.126
1101.215 672.132
1101.528 706.137
1101.841 620.143
1102.153 714.148
1102.466 785.154
1102.779 561.160
1103.092 534.165
1103.405 656.171
1103.718 603.176
1104.031 558.182
1104.344 696.187
1104.657 707.193
1104.970 949.199
1105.283 756.204
1105.596 596.210
1105.909 610.215
1106.221 703.221
1106.534 665.226
1106.847 537.232
1107.160 470.237
1107.473 489.243
1107.786 589.248
1108.099 517.254
1108.412 573.259
1108.725 610.265
1109.038 575.270
1109.351 696.276
1109.664 692.281
1109.977 562.287
1110.289 621.292
1110.602 622.298
1110.915 633.303
1111.228 619.309
1111.541 591.314
1111.854 572.319
1112.167 499.325
1112.480 501.330
1112.793 534.336
1113.106 563.341
1113.419 663.347
1113.732 631.352
1114.044 532.357
1114.357 554.363
1114.670 622.368
1114.983 530.374
1115.296 540.379
1115.609 666.385
1115.922 653.390
1116.235 672.395
1116.548 641.401
1116.861 602.406
1117.174 572.411
1117.487 638.417
1117.800 833.422
1118.112 703.428
1118.425 582.433
1118.738 526.438
1119.051 518.444
1119.364 598.449
1119.677 693.454
1119.990 680.460
1120.303 685.465
1120.616 771.470
1120.929 700.476
1121.242 724.481
1121.555 674.486
1121.868 727.491
1122.180 669.497
1122.493 459.502
1122.806 434.507
1123.119 657.513
1123.432 681.518
1123.745 643.523
1124.058 595.529
1124.371 523.534
1124.684 658.539
1124.997 669.544
1125.310 597.550
1125.623 481.555
1125.935 489.560
1126.248 610.565
1126.561 645.571
1126.874 656.576
1127.187 716.581
1127.500 694.586
1127.813 650.591
1128.126 610.597
1128.439 625.602
1128.752 758.607
1129.065 546.612
1129.378 381.618
1129.691 530.623
1130.003 589.628
1130.316 533.633
1130.629 525.638
1130.942 633.643
1131.255 616.649
1131.568 501.654
1131.881 593.659
1132.194 682.664
1132.507 616.669
1132.820 577.674
1133.133 660.680
1133.446 560.685
1133.759 740.690
1134.071 1175.695
1134.384 879.700
1134.697 803.705
1135.010 856.710
1135.323 654.716
1135.636 535.721
1135.949 530.726
1136.262 523.731
1136.575 546.736
1136.888 595.741
1137.201 613.746
1137.514 617.751
1137.826 751.756
1138.139 645.761
1138.452 627.767
1138.765 843.772
1139.078 784.777
1139.391 713.782
1139.704 693.787
1140.017 705.792
1140.330 647.797
1140.643 584.802
1140.956 553.807
1141.269 611.812
1141.582 662.817
1141.894 603.822
1142.207 747.827
1142.520 676.832
1142.833 728.837
1143.146 595.842
1143.459 556.847
1143.772 651.852
1144.085 728.857
1144.398 615.862
1144.711 603.867
1145.024 541.872
1145.337 595.877
1145.650 679.882
1145.962 570.887
1146.275 593.892
1146.588 495.897
1146.901 639.902
1147.214 664.907
1147.527 565.912
1147.840 668.917
1148.153 625.922
1148.466 634.927
1148.779 634.932
1149.092 744.937
1149.405 630.942
1149.718 639.947
1150.030 708.952
1150.343 655.956
1150.656 572.961
1150.969 550.966
1151.282 744.971
1151.595 667.976
1151.908 571.981
1152.221 453.986
1152.534 521.991
1152.847 784.996
1153.160 723.001
1153.473 686.005
1153.785 706.010
1154.098 644.015
1154.411 742.020
1154.724 666.025
1155.037 735.030
1155.350 661.035
1155.663 658.040
1155.976 646.044
1156.289 698.049
1156.602 588.054
1156.915 468.059
1157.228 440.064
1157.541 593.069
1157.853 611.073
1158.166 605.078
1158.479 712.083
1158.792 719.088
1159.105 684.093
1159.418 619.098
1159.731 591.102
1160.044 581.107
1160.357 806.112
1160.670 776.117
1160.983 572.121
1161.296 648.126
1161.609 747.131
1161.921 651.136
1162.234 600.141
1162.547 486.145
1162.860 520.150
1163.173 496.155
1163.486 634.160
1163.799 698.164
1164.112 619.169
1164.425 596.174
1164.738 561.179
1165.051 511.183
1165.364 539.188
1165.676 616.193
1165.989 658.198
1166.302 627.202
1166.615 669.207
1166.928 676.212
1167.241 746.216
1167.554 759.221
1167.867 716.226
1168.180 613.231
1168.493 510.235
1168.806 588.240
1169.119 558.245
1169.432 666.249
1169.744 692.254
1170.057 607.259
1170.370 753.263
1170.683 767.268
1170.996 629.273
1171.309 606.277
1171.622 566.282
1171.935 641.287
1172.248 787.291
1172.561 751.296
1172.874 673.301
1173.187 663.305
1173.500 770.310
1173.812 763.315
1174.125 680.319
1174.438 652.324
1174.751 527.328
1175.064 536.333
1175.377 636.338
1175.690 582.342
1176.003 547.347
1176.316 613.352
1176.629 610.356
1176.942 587.361
1177.255 564.365
1177.567 492.370
1177.880 510.375
1178.193 652.379
1178.506 640.384
1178.819 721.388
1179.132 766.393
1179.445 595.397
1179.758 713.402
1180.071 681.407
1180.384 546.411
1180.697 626.416
1181.010 687.420
1181.323 791.425
1181.635 764.429
1181.948 733.434
1182.261 612.438
1182.574 537.443
1182.887 621.447
1183.200 765.452
1183.513 720.457
1183.826 652.461
1184.139 671.466
1184.452 606.470
1184.765 511.475
1185.078 473.479
1185.391 517.484
1185.703 512.488
1186.016 447.493
1186.329 533.497
1186.642 644.502
1186.955 706.506
1187.268 620.510
1187.581 640.515
1187.894 644.519
1188.207 697.524
1188.520 649.528
1188.833 645.533
1189.146 493.537
1189.459 449.542
1189.771 531.546
1190.084 671.551
1190.397 578.555
1190.710 623.560
1191.023 651.564
1191.336 629.568
1191.649 630.573
1191.962 688.577
1192.275 603.582
1192.588 647.586
1192.901 780.591
1193.214 587.595
1193.526 555.599
1193.839 641.604
1194.152 570.608
1194.465 713.613
1194.778 610.617
1195.091 591.621
1195.404 649.626
1195.717 690.630
1196.030 748.635
1196.343 648.639
1196.656 563.643
1196.969 559.648
1197.282 665.652
1197.594 693.656
1197.907 774.661
1198.220 731.665
1198.533 611.669
1198.846 575.674
1199.159 546.678
1199.472 577.683
1199.785 681.687
1200.098 560.691
1200.411 678.696
1200.724 665.700
1201.037 624.704
1201.350 528.709
1201.662 510.713
1201.975 631.717
1202.288 611.721
1202.601 194.726
