165.028 64.425
165.288 22.056
165.547 84.690
165.807 167.327
166.067 89.968
166.327 8.611
166.587 -22.742
166.847 81.907
167.107 137.560
167.367 178.216
167.627 167.874
167.886 172.536
168.146 142.201
168.406 287.868
168.666 305.538
168.926 198.212
169.186 152.888
169.446 157.566
169.706 67.248
169.966 132.932
170.225 166.619
170.485 197.309
170.745 285.001
171.005 371.696
171.265 167.393
171.525 186.093
171.785 133.796
172.045 93.501
172.305 233.208
172.564 148.918
172.824 19.630
173.084 220.345
173.344 180.062
173.604 207.782
173.864 290.503
174.124 208.227
174.384 197.953
174.644 262.682
174.903 314.412
175.163 382.145
175.423 347.880
175.683 166.617
175.943 281.356
176.203 232.097
176.463 184.840
176.723 136.585
176.983 153.333
177.242 238.082
177.502 387.832
177.762 399.585
178.022 199.340
178.282 176.096
178.542 148.855
178.802 172.615
179.062 155.377
179.322 352.140
179.581 383.905
179.841 240.672
180.101 308.441
180.361 298.211
180.621 227.982
180.881 197.756
181.141 205.530
181.401 250.307
181.661 324.084
181.920 380.864
182.180 257.644
182.440 162.426
182.700 151.210
182.960 181.994
183.220 247.781
183.480 460.568
183.740 325.357
184.000 240.146
184.259 127.938
184.519 236.730
184.779 223.523
185.039 265.318
185.299 351.114
185.559 365.911
185.819 382.709
186.079 351.508
186.339 276.308
186.598 244.109
186.858 177.911
187.118 160.713
187.378 296.517
187.638 305.322
187.898 393.128
188.158 456.934
188.418 275.742
188.678 207.550
188.937 264.359
189.197 336.168
189.457 354.979
189.717 301.790
189.977 161.602
190.237 155.414
190.497 350.228
190.757 310.041
191.017 274.856
191.276 178.671
191.536 199.486
191.796 217.303
192.056 184.119
192.316 254.936
192.576 218.754
192.836 163.572
193.096 174.391
193.356 182.210
193.616 229.029
193.875 242.849
194.135 236.669
194.395 337.489
194.655 354.310
194.915 342.131
195.175 275.952
195.435 354.774
195.695 145.595
195.955 45.417
196.214 275.239
196.474 416.062
196.734 298.884
196.994 292.707
197.254 290.530
197.514 207.352
197.774 218.175
198.034 173.998
198.294 137.821
198.553 188.644
198.813 212.468
199.073 81.291
199.333 99.114
199.593 295.937
199.853 306.760
200.113 392.582
200.373 424.405
200.633 176.228
200.892 129.050
201.152 152.873
201.412 184.695
201.672 303.517
201.932 472.339
202.192 408.160
202.452 199.982
202.712 145.803
202.972 179.624
203.231 322.444
203.491 325.264
203.751 300.084
204.011 329.904
204.271 377.723
204.531 180.542
204.791 119.361
205.051 154.179
205.311 281.997
205.570 228.814
205.830 201.631
206.090 182.448
206.350 308.264
206.610 425.079
206.870 234.894
207.130 181.709
207.390 273.523
207.650 243.337
207.909 281.150
208.169 342.962
208.429 294.774
208.689 129.585
208.949 262.396
209.209 365.206
209.469 167.016
209.729 130.825
209.989 182.633
210.248 98.440
210.508 397.247
210.768 386.054
211.028 269.859
211.288 391.664
211.548 334.468
211.808 285.272
212.068 412.074
212.328 432.876
212.587 378.677
212.847 283.478
213.107 306.278
213.367 309.076
213.627 346.874
213.887 337.672
214.147 205.468
214.407 275.264
214.667 272.058
214.926 372.852
215.186 323.645
215.446 332.437
215.706 251.229
215.966 208.019
216.226 256.809
216.486 275.597
216.746 276.385
217.006 311.171
217.265 268.957
217.525 172.742
217.785 240.526
218.045 343.309
218.305 317.091
218.565 270.872
218.825 321.652
219.085 413.431
219.345 202.209
219.604 126.986
219.864 301.762
220.124 298.537
220.384 276.310
220.644 310.083
220.904 233.855
221.164 260.626
221.424 240.395
221.684 224.164
221.943 230.931
222.203 303.698
222.463 236.463
222.723 154.227
222.983 258.990
223.243 211.752
223.503 316.513
223.763 279.273
224.023 204.032
224.282 308.789
224.542 339.545
224.802 367.301
225.062 354.055
225.322 412.807
225.582 326.559
225.842 334.310
226.102 413.059
226.362 322.807
226.621 323.554
226.881 184.300
227.141 230.044
227.401 318.787
227.661 274.529
227.921 448.270
228.181 382.010
228.441 291.748
228.701 424.486
228.960 422.222
229.220 266.956
229.480 251.690
229.740 376.422
230.000 466.153
230.260 328.883
230.520 292.611
230.780 303.338
231.040 306.064
231.299 296.789
231.559 292.512
231.819 287.234
232.079 352.955
232.339 327.674
232.599 180.393
232.859 273.109
233.119 410.825
233.379 335.539
233.638 351.252
233.898 512.964
234.158 445.674
234.418 255.383
234.678 351.091
234.938 412.797
235.198 227.502
235.458 228.206
235.718 366.908
235.978 335.610
236.237 360.309
236.497 367.008
236.757 398.705
237.017 367.400
237.277 316.095
237.537 333.788
237.797 294.479
238.057 413.170
238.317 315.859
238.576 177.546
238.836 277.232
239.096 394.917
239.356 343.601
239.616 296.283
239.876 308.964
240.136 309.643
240.396 413.321
240.656 492.998
240.915 381.673
241.175 325.347
241.435 249.019
241.695 356.691
241.955 485.360
242.215 565.029
242.475 467.696
242.735 343.361
242.995 423.026
243.254 396.689
243.514 327.350
243.774 152.010
244.034 291.669
244.294 563.326
244.554 398.982
244.814 391.637
245.074 369.290
245.334 350.942
245.593 373.592
245.853 350.241
246.113 274.889
246.373 403.535
246.633 422.180
246.893 286.823
247.153 315.465
247.413 460.106
247.673 385.745
247.932 363.383
248.192 403.019
248.452 458.654
248.712 416.288
248.972 295.920
249.232 530.551
249.492 376.180
249.752 203.809
250.012 458.435
250.271 408.061
250.531 427.684
250.791 615.307
251.051 563.928
251.311 424.548
251.571 184.166
251.831 268.783
252.091 322.399
252.351 327.013
252.610 369.626
252.870 481.237
253.130 378.847
253.390 313.456
253.650 399.063
253.911 432.669
254.172 426.273
254.433 341.876
254.694 349.478
254.955 398.078
255.216 304.677
255.477 464.275
255.738 453.871
255.999 307.466
256.261 471.059
256.522 459.651
256.783 442.242
257.044 314.831
257.305 214.419
257.566 214.005
257.827 192.590
258.088 274.174
258.349 271.757
258.610 363.338
258.871 468.917
259.132 504.496
259.393 388.072
259.654 270.648
259.915 208.222
260.176 312.795
260.437 438.367
260.698 402.937
260.959 322.505
261.221 439.073
261.482 501.639
261.743 435.204
262.004 393.767
262.265 541.329
262.526 491.890
262.787 313.449
263.048 299.007
263.309 327.563
263.570 455.119
263.831 415.673
264.092 369.225
264.353 253.777
264.614 526.326
264.875 499.875
265.136 367.422
265.397 503.968
265.658 578.513
265.919 596.056
266.181 541.598
266.442 428.139
266.703 321.678
266.964 247.216
267.225 263.753
267.486 327.288
267.747 433.822
268.008 488.355
268.269 529.886
268.530 485.416
268.791 439.945
269.052 433.473
269.313 410.999
269.574 442.524
269.835 470.047
270.096 445.570
270.357 478.091
270.618 409.611
270.879 302.129
271.141 383.646
271.402 347.162
271.663 270.677
271.924 384.190
272.185 414.702
272.446 445.213
272.707 451.722
272.968 338.231
273.229 345.738
273.490 368.243
273.751 336.748
274.012 318.251
274.273 425.753
274.534 400.253
274.795 428.753
275.056 460.251
275.317 329.748
275.578 278.243
275.839 340.738
276.101 283.231
276.362 266.723
276.623 375.214
276.884 486.703
277.145 506.191
277.406 488.678
277.667 329.164
277.928 252.648
278.189 508.132
278.450 517.614
278.711 420.095
278.972 422.574
279.233 375.053
279.494 494.530
279.755 586.006
280.016 583.481
280.277 414.954
280.538 467.427
280.799 361.898
281.061 403.368
281.322 399.837
281.583 387.304
281.844 314.771
282.105 304.236
282.366 427.700
282.627 388.163
282.888 499.624
283.149 550.085
283.410 405.544
283.671 406.002
283.932 377.459
284.193 194.915
284.454 271.370
284.715 389.823
284.976 352.275
285.237 474.727
285.498 675.177
285.759 558.625
286.021 503.073
286.282 405.520
286.543 500.965
286.804 476.409
287.065 480.852
287.326 499.294
287.587 367.735
287.848 490.175
288.109 602.613
288.370 502.051
288.631 274.487
288.892 280.922
289.153 351.357
289.414 344.789
289.675 585.221
289.936 650.652
290.197 532.082
290.458 450.510
290.719 422.938
290.981 528.364
291.242 589.789
291.503 603.213
291.764 424.636
292.025 254.058
292.286 283.479
292.547 381.899
292.808 388.318
293.069 461.735
293.330 488.152
293.591 532.567
293.852 476.981
294.113 440.395
294.374 396.807
294.635 450.218
294.896 499.628
295.157 557.037
295.418 568.445
295.679 521.852
295.941 485.258
296.202 476.663
296.463 485.067
296.724 525.469
296.985 556.871
297.246 516.272
297.507 383.671
297.768 342.070
298.029 508.467
298.290 644.864
298.551 623.259
298.812 632.654
299.073 440.047
299.334 311.440
299.595 464.831
299.856 494.222
300.117 601.611
300.378 567.999
300.639 410.387
300.901 417.773
301.162 471.158
301.423 469.543
301.684 651.926
301.945 669.309
302.206 432.690
302.467 459.070
302.728 422.450
302.989 477.828
303.250 533.206
303.511 634.582
303.772 594.958
304.033 540.332
304.294 521.706
304.555 453.078
304.816 529.450
305.077 554.820
305.338 405.190
305.599 376.559
305.861 495.927
306.122 559.293
306.383 460.659
306.644 487.024
306.905 381.388
307.166 549.751
307.427 534.113
307.688 464.474
307.949 432.835
308.210 463.194
308.471 470.552
308.732 428.910
308.993 299.266
309.254 363.622
309.515 332.976
309.776 478.330
310.037 478.683
310.298 303.035
310.559 371.386
310.821 571.736
311.082 533.085
311.343 401.433
311.604 353.781
311.865 319.127
312.126 349.473
312.387 400.817
312.648 422.161
312.909 428.504
313.170 447.846
313.434 514.187
313.698 432.527
313.963 535.867
314.227 445.205
314.491 340.543
314.755 403.880
315.019 467.216
315.284 351.551
315.548 489.885
315.812 528.218
316.076 570.550
316.340 567.882
316.604 552.213
316.869 577.542
317.133 499.871
317.397 590.200
317.661 580.527
317.925 498.853
318.190 513.179
318.454 480.504
318.718 389.828
318.982 554.151
319.246 609.473
319.511 718.794
319.775 594.115
320.039 556.435
320.303 511.754
320.567 528.072
320.832 528.389
321.096 455.706
321.360 470.021
321.624 462.336
321.888 388.650
322.153 385.963
322.417 348.276
322.681 336.588
322.945 456.898
323.209 536.208
323.473 486.518
323.738 380.826
324.002 433.134
324.266 576.441
324.530 537.747
324.794 470.052
325.059 458.356
325.323 374.660
325.587 428.963
325.851 459.265
326.115 616.567
326.380 543.867
326.644 529.167
326.908 543.466
327.172 444.765
327.436 482.062
327.701 513.359
327.965 490.655
328.229 467.950
328.493 344.245
328.757 388.538
329.022 531.831
329.286 395.124
329.550 396.415
329.814 505.706
330.078 529.996
330.342 468.285
330.607 428.574
330.871 548.862
331.135 649.149
331.399 598.435
331.663 457.721
331.928 492.006
332.192 549.290
332.456 538.573
332.720 558.856
332.984 453.138
333.249 460.419
333.513 487.700
333.777 420.980
334.041 394.259
334.305 432.537
334.570 491.815
334.834 393.092
335.098 600.368
335.362 642.644
335.626 560.919
335.891 456.193
336.155 450.467
336.419 458.739
336.683 314.012
336.947 450.283
337.211 481.554
337.476 387.824
337.740 424.093
338.004 446.362
338.268 466.630
338.532 556.897
338.797 492.164
339.061 500.430
339.325 640.695
339.589 692.960
339.853 538.224
340.118 458.487
340.382 555.750
340.646 651.012
340.910 479.273
341.174 494.534
341.439 465.794
341.703 434.053
341.967 437.312
342.231 490.570
342.495 396.827
342.759 552.084
343.024 545.340
343.288 612.596
343.552 559.851
343.816 324.105
344.080 381.358
344.345 467.611
344.609 359.864
344.873 350.115
345.137 501.366
345.401 595.617
345.666 426.866
345.930 532.116
346.194 601.364
346.458 384.612
346.722 413.859
346.987 445.106
347.251 529.352
347.515 681.597
347.779 482.842
348.043 413.086
348.308 475.330
348.572 405.573
348.836 352.815
349.100 407.057
349.364 381.298
349.628 339.539
349.893 400.779
350.157 500.018
350.421 473.257
350.685 485.495
350.949 467.733
351.214 362.970
351.478 426.206
351.742 456.442
352.006 465.677
352.270 458.912
352.535 406.146
352.799 402.379
353.063 492.612
353.327 401.845
353.591 362.076
353.856 399.308
354.120 455.538
354.384 569.768
354.648 643.998
354.912 589.227
355.177 474.455
355.441 401.683
355.705 662.910
355.969 693.137
356.233 580.363
356.497 521.588
356.762 497.813
357.026 489.038
357.290 489.262
357.554 504.485
357.818 510.708
358.083 455.930
358.347 423.152
358.611 464.373
358.875 471.593
359.139 474.813
359.404 411.033
359.668 544.252
359.932 668.470
360.196 631.688
360.460 501.906
360.725 530.122
360.989 614.339
361.253 662.555
361.517 664.770
361.781 635.985
362.046 560.199
362.310 614.412
362.574 612.626
362.838 501.838
363.102 538.050
363.366 598.262
363.631 435.473
363.895 408.684
364.159 573.894
364.423 574.103
364.687 597.312
364.952 618.521
365.216 643.729
365.480 613.936
365.747 455.143
366.013 491.350
366.280 481.556
366.546 572.761
366.813 495.966
367.079 549.171
367.346 660.375
367.612 617.579
367.879 590.782
368.145 644.984
368.412 543.186
368.678 459.388
368.945 545.589
369.211 514.789
369.478 520.990
369.744 458.189
370.011 520.388
370.278 498.587
370.544 437.785
370.811 521.983
371.077 561.180
371.344 516.377
371.610 553.573
371.877 561.769
372.143 632.964
372.410 674.159
372.676 705.354
372.943 654.548
373.209 557.741
373.476 445.934
373.742 468.127
374.009 551.319
374.276 541.511
374.542 490.702
374.809 435.892
375.075 381.083
375.342 383.273
375.608 409.462
375.875 404.651
376.141 610.839
376.408 589.027
376.674 557.215
376.941 552.402
377.207 499.589
377.474 852.775
377.740 797.961
378.007 478.146
378.273 558.331
378.540 667.515
378.807 544.699
379.073 432.883
379.340 393.066
379.606 483.249
379.873 431.431
380.139 523.613
380.406 598.795
380.672 551.976
380.939 524.156
381.205 470.336
381.472 340.249
381.738 314.427
382.005 487.604
382.271 543.781
382.538 521.958
382.804 702.135
383.071 628.311
383.338 574.486
383.604 537.661
383.871 593.836
384.137 631.010
384.404 563.184
384.670 586.358
384.937 518.531
385.203 567.704
385.470 572.876
385.736 636.048
386.003 607.219
386.269 593.390
386.536 539.561
386.802 539.731
387.069 557.901
387.336 706.071
387.602 731.240
387.869 465.408
388.135 399.577
388.402 385.745
388.668 450.912
388.935 623.079
389.201 710.246
389.468 634.412
389.734 666.578
390.001 643.744
390.267 496.909
390.534 606.074
390.800 679.238
391.067 708.402
391.333 641.566
391.600 498.729
391.867 528.892
392.133 547.055
392.400 504.217
392.666 446.379
392.933 613.540
393.199 688.701
393.466 574.862
393.732 535.022
393.999 603.182
394.265 583.342
394.532 533.501
394.798 649.660
395.065 602.818
395.331 640.976
395.598 659.134
395.864 652.291
396.131 666.448
396.398 697.605
396.664 677.761
396.931 771.917
397.197 944.073
397.464 952.228
397.730 1120.383
397.997 1193.537
398.263 1172.691
398.530 1234.845
398.796 1376.999
399.063 1409.152
399.329 1374.305
399.596 1548.457
399.862 1473.609
400.129 1514.761
400.396 1546.912
400.662 1358.063
400.929 1369.214
401.195 1426.364
401.462 1483.514
401.728 1564.664
401.995 1612.813
402.261 1493.962
402.528 1575.111
402.794 1729.259
403.061 1922.407
403.327 2068.555
403.594 1995.702
403.860 1971.849
404.127 2019.995
404.393 2164.142
404.660 2204.288
404.931 2254.433
405.202 2299.579
405.473 2262.724
405.745 2526.868
406.016 2789.013
406.287 2652.157
406.558 2662.300
406.829 2738.444
407.100 2645.587
407.371 2904.729
407.642 3013.872
407.914 2933.014
408.185 2836.156
408.456 2822.297
408.727 2942.438
408.998 2927.579
409.269 3064.719
409.540 3241.860
409.811 3020.999
410.083 2959.139
410.354 2887.278
410.625 2735.417
410.896 2811.556
411.167 2977.694
411.438 2846.832
411.709 2586.970
411.981 2720.107
412.252 2461.244
412.523 2244.381
412.794 2344.518
413.065 2304.654
413.336 2076.790
413.607 2072.925
413.878 1979.060
414.150 1815.195
414.421 1540.330
414.692 1410.464
414.963 1410.598
415.234 1578.732
415.505 1518.866
415.776 1475.999
416.047 1330.132
416.319 1200.264
416.590 1049.397
416.861 822.529
417.132 1000.660
417.403 1007.792
417.674 893.923
417.945 754.054
418.217 732.184
418.488 845.315
418.759 686.445
419.030 606.574
419.301 647.704
419.572 684.833
419.843 741.962
420.114 621.090
420.386 581.219
420.657 749.347
420.928 645.474
421.199 602.602
421.470 588.729
421.741 469.856
422.012 502.982
422.283 503.109
422.555 523.235
422.826 589.361
423.097 716.486
423.368 696.611
423.639 537.736
423.910 520.861
424.181 502.985
424.453 489.110
424.724 788.233
424.995 856.357
425.266 619.480
425.537 517.604
425.808 665.726
426.079 708.849
426.350 625.971
426.622 596.093
426.893 721.215
427.164 631.336
427.435 530.458
427.706 525.579
427.977 568.699
428.248 604.820
428.519 628.940
428.791 578.060
429.062 703.180
429.333 564.299
429.604 490.418
429.875 612.537
430.146 718.656
430.417 685.774
430.689 594.892
430.960 468.010
431.231 514.128
431.502 695.245
431.773 713.362
432.044 572.479
432.315 731.596
432.586 695.712
432.858 752.828
433.129 566.944
433.400 556.060
433.671 660.175
433.942 643.290
434.213 503.405
434.484 562.520
434.755 652.634
435.027 488.748
435.298 577.862
435.569 604.976
435.840 518.089
436.116 555.203
436.391 652.316
436.667 677.428
436.942 696.541
437.218 731.653
437.493 740.765
437.769 749.877
438.045 682.988
438.320 594.100
438.596 612.211
438.871 629.321
439.147 617.432
439.422 506.542
439.698 436.653
439.974 470.762
440.249 648.872
440.525 710.982
440.800 463.091
441.076 546.200
441.351 706.308
441.627 743.417
441.903 713.525
442.178 532.633
442.454 533.741
442.729 746.849
443.005 559.956
443.281 669.063
443.556 823.170
443.832 730.277
444.107 547.383
444.383 560.490
444.658 570.596
444.934 503.701
445.210 652.807
445.485 714.912
445.761 752.018
446.036 695.123
446.312 723.227
446.587 708.332
446.863 545.436
447.139 574.540
447.414 659.644
447.690 709.748
447.965 646.851
448.241 557.954
448.516 594.057
448.792 629.160
449.068 598.263
449.343 642.365
449.619 538.467
449.894 557.569
450.170 540.671
450.445 731.772
450.721 777.874
450.997 478.975
451.272 629.076
451.548 598.176
451.823 540.277
452.099 594.377
452.375 506.477
452.650 514.577
452.926 614.677
453.201 628.776
453.477 858.875
453.752 797.974
454.028 612.073
454.304 651.172
454.579 795.270
454.855 757.368
455.130 703.466
455.406 783.564
455.681 676.662
455.957 575.759
456.233 551.856
456.508 589.954
456.784 652.050
457.059 611.147
457.335 749.243
457.610 684.340
457.886 605.436
458.162 571.532
458.437 543.627
458.713 611.723
458.988 586.818
459.264 655.913
459.539 664.008
459.815 640.103
460.091 550.197
460.366 534.291
460.642 524.386
460.917 573.479
461.193 625.573
461.468 555.667
461.744 572.760
462.020 540.853
462.295 607.946
462.571 618.039
462.846 624.132
463.122 711.224
463.397 712.316
463.673 587.820
463.949 589.910
464.224 586.006
464.500 600.083
464.775 564.775
465.051 604.656
465.327 665.291
465.602 758.530
465.878 790.348
466.153 621.985
466.429 793.525
466.704 1024.360
466.980 945.499
467.256 982.588
467.531 1118.797
467.807 1093.955
468.082 1043.944
468.358 954.900
468.633 1040.195
468.909 936.870
469.185 837.398
469.460 963.078
469.736 998.376
470.011 847.407
470.287 863.746
470.562 945.212
470.838 796.910
471.114 848.308
471.389 858.497
471.665 816.986
471.940 922.152
472.216 911.106
472.491 728.732
472.767 776.212
473.043 949.727
473.318 1012.694
473.594 839.027
473.869 772.826
474.145 750.532
474.421 719.083
474.696 687.633
474.972 586.587
475.247 682.072
475.523 845.415
475.798 812.724
476.074 781.432
476.350 728.564
476.625 712.063
476.901 787.582
477.176 714.563
477.452 644.745
477.727 603.121
478.003 475.559
478.279 739.871
478.554 855.809
478.830 758.086
479.105 790.133
479.381 775.216
479.656 643.454
479.932 740.149
480.208 831.588
480.483 789.374
480.759 805.634
481.034 733.185
481.310 718.115
481.585 760.096
481.861 789.411
482.137 669.866
482.412 720.581
482.688 742.307
482.963 778.754
483.239 825.148
483.514 576.731
483.790 649.657
484.066 886.850
484.341 692.431
484.617 616.047
484.892 780.074
485.168 782.143
485.443 660.171
485.719 669.196
485.995 804.850
486.270 820.979
486.546 681.944
486.821 623.663
487.097 601.778
487.373 630.847
487.648 829.485
487.924 827.762
488.199 602.074
488.475 436.138
488.750 481.437
489.026 639.001
489.302 647.909
489.577 630.682
489.853 654.625
490.128 854.504
490.404 772.529
490.679 575.930
490.955 799.293
491.231 847.265
491.506 790.438
491.782 717.828
492.057 666.319
492.333 751.520
492.608 731.045
492.884 690.022
493.160 578.549
493.435 629.757
493.711 756.300
493.986 703.723
494.262 676.054
494.537 638.871
494.813 762.240
495.089 622.590
495.364 629.538
495.640 669.885
495.915 655.222
496.191 802.254
496.467 735.136
496.742 725.355
497.018 790.038
497.293 682.508
497.569 729.697
497.844 682.699
498.120 726.334
498.396 750.664
498.671 696.864
498.947 794.254
499.222 810.025
499.498 809.907
499.773 877.640
500.049 863.509
500.325 764.641
500.600 816.241
500.876 848.160
501.151 1060.564
501.427 1051.660
501.702 1097.009
501.978 1055.873
502.254 1079.219
502.529 998.726
502.805 1080.367
503.080 1172.252
503.356 1047.370
503.631 1030.316
503.907 985.913
504.183 1005.214
504.458 1138.887
504.734 1020.515
505.009 1108.553
505.285 1081.404
505.560 1050.046
505.836 981.340
506.112 994.568
506.387 918.726
506.663 891.576
506.938 863.334
507.214 837.113
507.490 890.881
507.765 928.396
508.041 973.873
508.316 998.159
508.592 823.003
508.867 869.527
509.143 1027.514
509.419 916.023
509.694 733.711
509.970 722.745
510.245 668.311
510.521 773.709
510.796 698.078
511.072 611.231
511.348 671.892
511.623 752.716
511.899 711.769
512.174 823.342
512.450 885.090
512.725 791.901
513.001 600.893
513.277 531.056
513.552 707.936
513.828 664.198
514.103 674.445
514.379 791.544
514.654 704.420
514.930 708.011
515.206 1006.692
515.481 884.086
515.757 699.263
516.032 638.955
516.308 772.535
516.583 856.721
516.859 760.665
517.135 792.859
517.410 889.533
517.686 923.608
517.961 864.389
518.237 867.623
518.513 762.422
518.788 1005.460
519.064 1097.208
519.339 997.846
519.615 931.306
519.890 1002.792
520.166 1065.470
520.442 1202.136
520.717 1258.982
520.993 1189.927
521.268 992.498
521.544 1052.230
521.819 1010.883
522.095 1126.094
522.371 1294.776
522.646 1222.927
522.922 1316.642
523.197 1283.176
523.473 1335.594
523.748 1277.279
524.024 1178.773
524.300 1094.620
524.575 1071.712
524.851 1186.602
525.126 1173.097
525.402 1171.406
525.677 1269.072
525.953 1251.663
526.229 1192.447
526.504 1200.344
526.780 1291.032
527.055 1213.855
527.331 1287.596
527.606 1341.568
527.882 1310.676
528.158 1188.425
528.433 1363.507
528.709 1284.869
528.984 1202.392
529.260 1191.299
529.535 1200.778
529.811 1064.427
530.087 994.347
530.362 1004.995
530.638 1134.979
530.913 1219.191
531.189 1151.891
531.465 1056.387
531.740 1017.850
532.016 1068.213
532.291 991.866
532.567 1055.860
532.842 1055.915
533.118 1005.589
533.394 1076.523
533.669 917.195
533.945 820.947
534.220 849.212
534.496 1000.046
534.771 945.520
535.047 953.327
535.323 905.485
535.598 891.973
535.874 949.540
536.149 965.186
536.425 908.455
536.700 914.381
536.976 1051.523
537.252 1405.897
537.527 1536.016
537.803 1737.446
538.078 1999.779
538.354 2149.293
538.629 2165.242
538.905 2212.541
539.181 2317.551
539.456 2385.652
539.732 2636.828
540.007 2638.856
540.283 2383.613
540.558 2452.390
540.834 2612.587
541.110 2674.633
541.385 2676.667
541.661 2728.206
541.936 2782.500
542.212 2652.722
542.488 2638.900
542.763 2700.401
543.039 2615.831
543.314 2586.123
543.590 2563.918
543.865 2716.900
544.141 2708.016
544.417 2666.361
544.692 2540.297
544.968 2645.612
545.243 2604.557
545.519 2346.810
545.794 2392.933
546.070 2462.568
546.348 2376.513
546.627 2193.289
546.905 2393.533
547.183 2343.151
547.461 2338.238
547.740 2478.310
548.018 2329.732
548.296 2354.282
548.575 2395.049
548.853 2313.670
549.131 2442.818
549.409 2592.232
549.688 2802.600
549.966 2876.064
550.244 2976.313
550.523 2994.227
550.801 2892.304
551.079 2845.972
551.357 2983.510
551.636 2990.494
551.914 2994.508
552.192 2877.201
552.471 2939.321
552.749 3041.954
553.027 3152.198
553.306 3233.711
553.584 3392.069
553.862 3404.503
554.140 3538.148
554.419 3594.402
554.697 3786.420
554.975 3932.471
555.254 4070.415
555.532 3807.700
555.810 3834.277
556.088 3871.649
556.367 3622.428
556.645 3478.874
556.923 3386.510
557.202 3316.211
557.480 3245.078
557.758 3120.737
558.036 3032.521
558.315 2882.457
558.593 2909.610
558.871 2751.864
559.150 2669.299
559.428 2574.105
559.706 2395.963
559.984 2361.843
560.263 2464.723
560.541 2286.782
560.819 2085.756
561.098 1992.368
561.376 1962.607
561.654 1673.230
561.932 1407.321
562.211 1375.845
562.489 1388.379
562.767 1282.486
563.046 1121.419
563.324 993.709
563.602 1101.338
563.880 968.848
564.159 966.974
564.437 1108.949
564.715 983.379
564.994 757.897
565.272 838.556
565.550 770.683
565.828 677.417
566.107 751.597
566.385 759.810
566.663 640.124
566.942 641.744
567.220 743.614
567.498 869.373
567.776 716.533
568.055 650.231
568.333 735.853
568.611 744.058
568.890 665.105
569.168 594.039
569.446 689.343
569.725 660.402
570.003 478.803
570.281 456.100
570.559 618.620
570.838 656.048
571.116 681.922
571.394 709.098
571.673 777.724
571.951 751.339
572.229 677.596
572.507 641.369
572.786 666.356
573.064 672.891
573.342 657.355
573.621 534.779
573.899 567.017
574.177 781.482
574.455 738.301
574.734 605.016
575.012 725.411
575.290 663.482
575.569 664.175
575.847 719.826
576.125 713.000
576.403 580.148
576.682 624.026
576.960 664.708
577.243 762.522
577.527 674.646
577.810 524.936
578.093 547.193
578.377 583.890
578.660 579.980
578.944 513.818
579.227 516.858
579.510 650.218
579.794 642.969
580.077 565.070
580.360 581.547
580.644 558.333
580.927 558.931
581.210 649.431
581.494 558.138
581.777 665.087
582.061 614.995
582.344 538.881
582.627 536.929
582.911 577.849
583.194 524.576
583.477 641.384
583.761 695.318
584.044 789.173
584.327 737.056
584.611 581.254
584.894 576.301
585.178 579.339
585.461 572.388
585.744 652.350
586.028 621.044
586.311 642.085
586.594 648.127
586.878 609.168
587.161 610.210
587.444 647.251
587.728 661.292
588.011 713.333
588.295 552.374
588.578 630.784
588.861 806.650
589.145 662.497
589.428 620.158
589.711 533.579
589.995 505.114
590.278 700.959
590.562 596.700
590.845 529.212
591.128 793.195
591.412 693.435
591.695 561.301
591.978 736.429
592.262 713.229
592.545 521.418
592.828 691.639
593.112 644.130
593.395 576.373
593.679 509.106
593.962 652.572
594.245 670.867
594.529 600.260
594.812 496.323
595.095 434.170
595.379 660.755
595.662 743.956
595.945 633.028
596.229 526.288
596.512 541.126
596.796 600.175
597.079 705.560
597.362 834.312
597.646 773.189
597.929 649.587
598.212 665.782
598.496 652.975
598.779 731.342
599.062 752.110
599.346 622.829
599.629 605.488
599.913 566.506
600.196 595.115
600.479 653.622
600.763 607.013
601.046 484.913
601.329 608.459
601.613 705.244
601.896 615.802
602.179 678.103
602.463 669.300
602.746 723.364
603.030 802.969
603.313 707.027
603.596 538.271
603.880 607.388
604.163 647.621
604.446 562.792
604.730 521.693
605.013 601.454
605.296 655.948
605.580 629.540
605.863 704.993
606.147 626.675
606.430 569.904
606.713 645.704
606.997 614.051
607.280 765.150
607.563 709.413
607.847 685.295
608.130 688.633
608.414 726.155
608.697 656.719
608.980 617.242
609.264 772.785
609.547 636.902
609.830 580.131
610.114 678.110
610.397 689.898
610.680 674.582
610.964 655.352
611.247 687.740
611.531 660.972
611.814 564.835
612.097 537.393
612.381 701.607
612.664 804.391
612.947 636.615
613.231 618.986
613.514 630.434
613.797 707.090
614.081 731.683
614.364 660.009
614.648 625.663
614.931 535.324
615.214 516.695
615.498 620.483
615.781 646.719
616.064 614.273
616.348 758.993
616.631 796.228
616.914 802.369
617.198 693.834
617.481 605.199
617.765 644.292
618.048 728.871
618.331 691.393
618.615 612.071
618.898 773.173
619.181 836.448
619.465 721.583
619.748 607.868
620.031 594.643
620.315 564.543
620.598 581.010
620.882 707.738
621.165 886.408
621.448 816.860
621.732 774.921
622.015 617.741
622.298 592.087
622.582 711.474
622.865 700.231
623.148 569.396
623.432 691.691
623.715 669.703
623.999 831.561
624.282 816.366
624.565 788.867
624.849 590.712
625.132 519.356
625.415 838.947
625.699 924.590
625.982 716.753
626.265 644.424
626.549 630.675
626.832 795.355
627.116 782.258
627.399 615.624
627.682 643.651
627.966 622.895
628.249 630.350
628.532 610.654
628.816 793.012
629.099 722.110
629.383 668.367
629.666 671.061
629.949 599.367
630.233 609.142
630.516 635.114
630.799 701.150
631.083 647.825
631.366 570.795
631.649 502.902
631.933 492.647
632.216 668.317
632.500 713.785
632.783 698.145
633.066 629.963
633.350 631.066
633.633 722.187
633.916 705.017
634.200 681.927
634.483 674.599
634.766 710.901
635.050 640.329
635.333 531.282
635.617 556.894
635.900 658.238
636.183 732.708
636.467 644.144
636.750 619.373
637.033 736.384
637.317 734.336
637.600 686.683
637.883 610.011
638.167 595.397
638.450 622.401
638.734 679.546
639.017 730.137
639.300 687.095
639.584 637.838
639.867 849.280
640.150 814.697
640.434 795.082
640.717 800.909
641.000 749.536
641.284 823.397
641.567 668.911
641.851 716.243
642.134 839.221
642.417 808.559
642.701 943.114
642.984 953.476
643.267 868.211
643.551 757.753
643.834 653.524
644.117 745.638
644.401 710.751
644.684 748.268
644.968 898.058
645.251 845.649
645.534 718.098
645.818 672.160
646.101 824.932
646.384 905.711
646.668 913.251
646.951 834.406
647.235 912.286
647.518 914.194
647.801 1113.470
648.085 1288.978
648.368 1275.180
648.651 1174.644
648.935 1291.762
649.218 1438.682
649.501 1390.113
649.785 1443.446
650.068 1671.669
650.352 1760.150
650.635 1751.444
650.918 1804.217
651.202 1944.105
651.485 2118.819
651.768 2241.583
652.052 2249.928
652.335 2293.413
652.618 2526.035
652.902 2767.046
653.185 3020.472
653.469 3026.371
653.752 3026.475
654.035 3074.153
654.319 3203.703
654.602 3284.605
654.885 3267.578
655.169 3309.915
655.452 3280.041
655.735 3295.998
656.019 3204.736
656.302 3193.639
656.586 3385.480
656.869 3563.665
657.152 3565.825
657.436 3447.961
657.719 3481.640
658.002 3540.644
658.286 3425.057
658.569 3291.626
658.852 3261.259
659.136 3330.854
659.419 3191.796
659.703 3022.281
659.986 3090.330
660.269 3056.972
660.553 2895.357
660.836 2873.028
661.119 2953.341
661.403 2926.797
661.686 2793.635
661.969 2719.400
662.253 2627.234
662.536 2662.831
662.820 2661.515
663.103 2654.443
663.386 2675.770
663.670 2616.974
663.953 2491.259
664.236 2647.813
664.520 2605.287
664.803 2536.420
665.086 2576.390
665.370 2585.107
665.653 2575.003
665.937 2539.103
666.220 2467.122
666.503 2473.235
666.787 2391.112
667.070 2291.325
667.353 2241.556
667.637 2079.835
667.920 2248.220
668.204 2071.996
668.487 1870.599
668.770 1936.686
669.054 1735.084
669.337 1587.033
669.620 1534.053
669.904 1403.190
670.187 1391.396
670.470 1449.985
670.754 1216.339
671.037 1009.242
671.321 945.930
671.604 990.891
671.887 1053.345
672.171 998.101
672.454 1017.557
672.737 1016.596
673.021 858.691
673.304 813.398
673.587 962.296
673.871 948.871
674.154 916.148
674.438 916.089
674.721 895.561
675.004 935.603
675.288 890.363
675.571 843.933
675.854 779.078
676.138 729.392
676.421 697.148
676.704 688.597
676.988 813.816
677.271 1019.229
677.555 972.740
677.838 903.480
678.121 892.242
678.405 827.864
678.688 901.389
678.971 705.153
679.255 792.316
679.538 936.533
679.821 877.431
680.105 731.951
680.388 716.401
680.672 693.264
680.955 680.816
681.238 725.255
681.522 647.604
681.805 666.341
682.088 792.756
682.372 840.533
682.655 705.737
682.938 839.375
683.222 880.111
683.505 771.339
683.789 840.330
684.072 831.997
684.355 814.453
684.639 811.347
684.922 724.734
685.205 698.664
685.489 804.118
685.772 847.826
686.056 847.693
686.339 879.099
686.622 686.267
686.906 648.714
687.189 765.650
687.472 951.479
687.756 813.912
688.039 660.299
688.322 626.921
688.606 901.477
688.889 896.283
689.173 714.680
689.456 841.010
689.739 881.745
690.023 787.003
690.306 804.755
690.589 783.109
690.873 880.134
691.156 888.484
691.439 794.856
691.723 661.686
692.006 775.942
692.290 770.196
692.573 876.379
692.856 925.364
693.140 893.265
693.423 834.393
693.706 719.221
693.990 697.075
694.273 735.636
694.556 911.372
694.840 952.578
695.123 784.263
695.407 821.661
695.690 804.545
695.973 788.904
696.257 823.131
696.540 953.996
696.830 874.930
697.120 847.205
697.410 917.201
697.699 816.797
697.989 1060.861
698.279 963.512
698.569 817.057
698.859 873.433
699.149 975.965
699.439 946.391
699.729 835.245
700.018 800.574
700.308 951.668
700.598 801.844
700.888 700.846
701.178 925.538
701.468 879.998
701.758 722.088
702.048 839.115
702.337 801.564
702.627 888.768
702.917 799.992
703.207 752.079
703.497 792.593
703.787 672.221
704.077 704.108
704.366 768.982
704.656 677.962
704.946 607.951
705.236 621.352
705.526 769.457
705.816 843.332
706.106 550.390
706.396 618.589
706.685 691.247
706.975 574.089
707.265 515.491
707.555 700.251
707.845 727.626
708.135 611.692
708.425 511.086
708.715 495.788
709.004 720.616
709.294 711.745
709.584 698.528
709.874 748.846
710.164 702.517
710.454 626.852
710.744 600.588
711.034 664.120
711.323 667.756
711.613 594.943
711.903 744.822
712.193 796.957
712.483 611.138
712.773 624.925
713.063 622.739
713.352 640.149
713.642 645.762
713.932 720.620
714.222 699.764
714.512 644.629
714.802 657.656
715.092 765.235
715.382 647.721
715.671 583.750
715.961 605.767
716.251 528.717
716.541 588.864
716.831 696.010
717.121 539.667
717.411 616.166
717.701 703.268
717.990 628.647
718.280 597.858
718.570 547.257
718.860 580.152
719.150 644.719
719.440 607.865
719.730 571.216
720.019 768.210
720.309 707.837
720.599 634.314
720.889 602.055
721.179 641.309
721.469 649.607
721.759 587.929
722.049 676.156
722.338 552.495
722.628 547.812
722.918 648.074
723.208 727.225
723.498 584.938
723.788 616.319
724.078 778.996
724.368 764.125
724.657 648.765
724.947 644.589
725.237 705.076
725.527 701.235
725.817 636.934
726.107 594.314
726.397 552.748
726.686 508.280
726.976 576.965
727.266 709.480
727.556 630.196
727.846 760.545
728.136 751.125
728.426 635.352
728.716 570.450
729.005 641.206
729.295 605.373
729.585 515.305
729.875 502.698
730.165 606.988
730.455 661.324
730.745 657.131
731.035 609.578
731.324 690.550
731.614 694.083
731.904 549.004
732.194 669.529
732.484 625.453
732.774 570.024
733.064 554.480
733.354 495.160
733.643 557.117
733.933 583.884
734.223 520.550
734.513 723.298
734.803 770.852
735.093 580.628
735.383 548.011
735.672 638.850
735.962 710.570
736.252 508.526
736.542 559.492
736.832 571.265
737.122 463.020
737.412 558.138
737.702 709.833
737.991 693.169
738.281 672.919
738.571 668.348
738.861 646.060
739.151 610.646
739.441 729.042
739.731 643.516
740.021 642.832
740.310 749.008
740.600 773.458
740.890 534.515
741.180 563.230
741.470 610.633
741.760 694.561
742.050 799.219
742.339 688.060
742.629 612.905
742.919 753.379
743.209 531.310
743.499 483.387
743.789 542.300
744.079 639.349
744.369 668.409
744.658 571.635
744.948 433.464
745.238 592.485
745.528 679.719
745.818 797.476
746.108 692.336
746.398 690.063
746.688 673.199
746.977 789.405
747.267 612.661
747.557 679.888
747.847 744.519
748.137 638.811
748.427 606.989
748.717 500.042
749.006 376.180
749.296 558.844
749.586 660.794
749.876 741.152
750.166 616.668
750.456 589.385
750.746 614.942
751.036 554.082
751.325 684.839
751.615 673.553
751.905 667.577
752.195 717.263
752.485 661.282
752.775 659.960
753.065 589.908
753.355 792.128
753.644 781.136
753.934 633.908
754.224 610.221
754.514 790.571
754.804 597.219
755.094 461.831
755.384 540.083
755.674 623.351
755.963 711.634
756.253 634.053
756.543 673.556
756.833 710.104
757.123 647.160
757.413 588.531
757.703 548.348
757.992 549.371
758.282 556.870
758.572 646.895
758.862 625.807
759.152 635.875
759.442 599.110
759.732 692.192
760.022 742.461
760.311 644.634
760.601 492.741
760.891 604.428
761.181 667.155
761.471 642.693
761.761 553.731
762.051 528.572
762.341 692.042
762.630 791.447
762.920 633.358
763.210 646.111
763.500 762.296
763.793 603.199
764.086 550.850
764.379 594.579
764.671 676.086
764.964 589.584
765.257 598.656
765.550 644.235
765.843 494.051
766.136 552.536
766.429 563.642
766.722 611.430
767.014 534.373
767.307 411.062
767.600 483.587
767.893 494.172
768.186 480.076
768.479 583.924
768.772 744.224
769.064 713.999
769.357 625.684
769.650 577.944
769.943 719.373
770.236 658.968
770.529 530.617
770.822 557.851
771.115 652.627
771.407 802.646
771.700 785.509
771.993 768.137
772.286 724.998
772.579 736.381
772.872 577.123
773.165 533.794
773.457 663.851
773.750 709.946
774.043 608.046
774.336 669.283
774.629 707.265
774.922 659.559
775.215 577.840
775.508 545.475
775.800 528.846
776.093 676.425
776.386 690.851
776.679 553.598
776.972 630.150
777.265 909.119
777.558 926.330
777.850 721.395
778.143 704.326
778.436 702.033
778.729 659.133
779.022 650.104
779.315 523.488
779.608 489.333
779.900 563.721
780.193 634.090
780.486 592.305
780.779 571.667
781.072 508.986
781.365 593.765
781.658 659.639
781.951 600.418
782.243 648.329
782.536 668.724
782.829 626.571
783.122 652.692
783.415 681.140
783.708 667.114
784.001 674.151
784.293 733.345
784.586 762.686
784.879 758.694
785.172 661.855
785.465 594.398
785.758 652.530
786.051 635.512
786.344 744.256
786.636 833.105
786.929 594.883
787.222 609.131
787.515 609.930
787.808 598.737
788.101 566.784
788.394 706.660
788.686 844.538
788.979 798.398
789.272 693.720
789.565 616.197
789.858 530.385
790.151 514.946
790.444 531.945
790.737 554.492
791.029 548.411
791.322 675.173
791.615 652.581
791.908 678.875
792.201 654.261
792.494 621.720
792.787 687.849
793.079 822.150
793.372 705.808
793.665 726.468
793.958 668.656
794.251 687.615
794.544 805.471
794.837 871.095
795.130 679.685
795.422 673.718
795.715 668.748
796.008 658.453
796.301 636.240
796.594 629.283
796.887 672.127
797.180 671.815
797.472 472.428
797.765 413.620
798.058 542.705
798.351 551.237
798.644 553.246
798.937 546.282
799.230 607.506
799.523 923.182
799.815 813.526
800.108 520.420
800.401 479.558
800.694 654.702
800.987 630.136
801.280 643.398
801.573 758.298
801.865 799.272
802.158 618.848
802.451 533.035
802.744 558.998
803.037 629.871
803.330 616.529
803.623 702.755
803.915 685.803
804.208 510.679
804.501 625.830
804.794 663.883
805.087 630.234
805.380 525.299
805.673 509.773
805.966 603.882
806.258 580.454
806.551 666.975
806.844 661.970
807.137 722.951
807.430 605.774
807.723 547.556
808.016 778.494
808.308 786.111
808.601 623.905
808.894 525.577
809.187 606.685
809.480 666.451
809.773 607.505
810.066 637.305
810.359 762.836
810.651 718.981
810.944 467.263
811.237 469.767
811.530 607.017
811.825 552.089
812.119 512.192
812.414 446.616
812.709 608.698
813.003 608.932
813.298 545.641
813.593 662.263
813.887 559.380
814.182 854.647
814.476 834.209
814.771 800.721
815.066 696.566
815.360 600.344
815.655 555.643
815.950 593.862
816.244 669.156
816.539 734.755
816.834 650.162
817.128 694.717
817.423 748.050
817.718 902.711
818.012 721.913
818.307 464.015
818.602 548.046
818.896 663.149
819.191 645.345
819.486 575.628
819.780 697.166
820.075 824.523
820.369 809.696
820.664 641.812
820.959 708.079
821.253 746.132
821.548 638.375
821.843 686.444
822.137 752.660
822.432 671.951
822.727 615.314
823.021 626.410
823.316 752.470
823.611 718.458
823.905 560.484
824.200 541.216
824.495 665.790
824.789 753.357
825.084 659.848
825.379 574.061
825.673 595.801
825.968 674.325
826.262 634.799
826.557 679.345
826.852 800.719
827.146 766.763
827.441 681.129
827.736 708.405
828.030 658.163
828.325 448.349
828.620 665.985
828.914 812.297
829.209 673.077
829.504 845.597
829.798 824.774
830.093 681.210
830.388 571.288
830.682 466.158
830.977 652.068
831.271 707.435
831.566 547.585
831.861 513.053
832.155 547.316
832.450 663.076
832.745 770.664
833.039 682.999
833.334 542.506
833.629 623.561
833.923 584.442
834.218 536.292
834.513 549.173
834.807 551.981
835.102 449.603
835.397 502.135
835.691 548.354
835.986 551.757
836.281 468.856
836.575 511.463
836.870 591.531
837.164 590.167
837.459 571.049
837.754 640.397
838.048 557.515
838.343 503.225
838.638 621.988
838.932 686.521
839.227 606.941
839.522 612.333
839.816 594.292
840.111 559.870
840.406 545.063
840.700 725.425
840.995 874.147
841.290 895.732
841.584 747.883
841.879 759.491
842.174 623.011
842.468 611.257
842.763 563.468
843.057 649.733
843.352 656.759
843.647 653.871
843.941 623.695
844.236 697.022
844.531 753.327
844.825 713.742
845.120 737.746
845.415 768.577
845.709 685.964
846.004 764.321
846.299 651.938
846.593 816.517
846.888 814.580
847.183 670.997
847.477 580.346
847.772 644.948
848.066 676.377
848.361 682.488
848.656 706.085
848.950 647.142
849.245 793.206
849.540 717.705
849.834 792.997
850.129 876.489
850.424 712.183
850.718 668.188
851.013 775.099
851.308 697.300
851.602 726.017
851.897 802.500
852.192 892.520
852.486 742.723
852.781 625.899
853.076 762.224
853.370 796.835
853.665 843.760
853.959 803.035
854.254 707.492
854.549 908.295
854.843 753.411
855.138 620.756
855.433 729.920
855.727 816.212
856.022 669.541
856.317 697.015
856.611 689.829
856.906 640.381
857.201 752.906
857.495 817.230
857.790 821.917
858.085 741.234
858.379 709.922
858.674 583.409
858.969 533.995
859.263 598.537
859.558 619.700
859.852 605.165
860.147 698.149
860.442 824.835
860.736 626.074
861.031 721.767
861.326 842.472
861.620 709.570
861.915 811.392
862.210 766.947
862.504 575.810
862.799 736.480
863.094 768.968
863.388 616.605
863.683 606.420
863.978 539.943
864.272 547.239
864.567 567.565
864.861 568.483
865.156 527.542
865.451 486.914
865.745 693.198
866.040 776.004
866.335 711.595
866.629 738.653
866.924 612.290
867.219 588.530
867.513 776.308
867.808 723.314
868.103 609.958
868.397 698.422
868.692 731.366
868.987 625.695
869.281 559.874
869.576 654.395
869.871 726.825
870.165 577.378
870.460 507.093
870.754 555.798
871.049 547.762
871.344 616.986
871.638 670.451
871.933 641.555
872.228 688.179
872.522 682.909
872.817 704.709
873.112 842.685
873.406 664.620
873.701 788.533
873.996 763.640
874.290 629.639
874.585 600.272
874.880 667.596
875.174 617.315
875.469 560.690
875.764 598.770
876.058 577.953
876.353 467.705
876.647 436.464
876.942 523.388
877.237 589.839
877.531 645.413
877.826 687.707
878.121 632.524
878.415 548.363
878.710 500.415
879.005 664.886
879.299 583.845
879.594 550.772
879.889 435.604
880.183 466.692
880.478 569.228
880.773 535.495
881.067 573.650
881.362 594.919
881.656 529.702
881.951 609.777
882.246 516.686
882.540 561.826
882.835 571.317
883.130 591.922
883.424 530.782
883.719 486.861
884.014 606.779
884.308 593.486
884.603 527.392
884.898 539.555
885.192 681.734
885.487 656.451
885.782 557.389
886.076 658.914
886.371 597.597
886.666 388.102
886.960 459.449
887.255 514.553
887.549 519.899
887.844 664.680
888.139 728.867
888.433 690.213
888.728 540.684
889.023 549.574
889.317 588.503
889.612 510.932
889.907 514.914
890.201 575.985
890.496 633.841
890.791 584.704
891.085 546.245
891.380 514.480
891.675 534.379
891.969 586.508
892.264 475.716
892.559 500.836
892.853 630.149
893.148 554.254
893.442 510.996
893.737 620.803
894.032 531.279
894.326 422.037
894.621 507.509
894.916 471.810
895.210 462.593
895.505 564.535
895.800 473.974
896.094 370.763
896.389 470.508
896.684 479.767
896.978 493.474
897.273 436.001
897.568 644.105
897.862 657.947
898.157 566.002
898.451 706.335
898.746 661.211
899.041 704.322
899.335 632.586
899.630 532.979
899.925 617.547
900.219 678.672
900.514 707.392
900.809 526.015
901.103 403.420
901.398 565.064
901.693 524.730
901.987 514.512
902.282 621.810
902.577 514.989
902.871 428.978
903.166 554.258
903.461 696.726
903.755 658.931
904.050 578.274
904.344 464.420
904.639 480.156
904.934 510.219
905.228 531.829
905.523 469.256
905.818 507.581
906.112 606.689
906.407 544.616
906.702 505.827
906.996 562.290
907.291 549.424
907.586 501.336
907.880 670.740
908.175 654.996
908.470 660.459
908.764 717.089
909.059 738.183
909.354 609.977
909.648 527.439
909.943 553.932
910.237 716.894
910.532 716.384
910.827 720.060
911.121 699.628
911.416 688.056
911.711 666.006
912.005 602.785
912.300 598.371
912.599 668.496
912.898 588.949
913.196 580.394
913.495 627.713
913.794 707.885
914.093 625.528
914.391 625.771
914.690 690.031
914.989 634.662
915.288 701.243
915.586 640.881
915.885 549.394
916.184 498.839
916.483 469.767
916.782 589.081
917.080 643.601
917.379 605.274
917.678 519.143
917.977 670.908
918.275 664.929
918.574 631.727
918.873 681.719
919.172 663.996
919.471 576.872
919.769 591.877
920.068 555.767
920.367 502.295
920.666 516.722
920.964 627.805
921.263 600.122
921.562 502.834
921.861 626.279
922.159 589.676
922.458 604.234
922.757 576.824
923.056 579.086
923.355 582.756
923.653 684.626
923.952 689.295
924.251 506.912
924.550 648.307
924.848 670.001
925.147 565.957
925.446 584.385
925.745 707.823
926.043 678.366
926.342 639.449
926.641 565.098
926.940 594.892
927.239 679.192
927.537 753.663
927.836 638.801
928.135 617.794
928.434 714.588
928.732 706.289
929.031 714.609
929.330 759.161
929.629 700.094
929.927 625.336
930.226 525.062
930.525 608.336
930.824 783.346
931.123 697.948
931.421 745.542
931.720 698.265
932.019 741.533
932.318 730.857
932.616 634.137
932.915 621.006
933.214 704.233
933.513 685.182
933.812 601.889
934.110 667.401
934.409 809.743
934.708 725.618
935.007 914.335
935.305 909.928
935.604 625.292
935.903 750.159
936.202 878.285
936.500 960.916
936.799 1009.007
937.098 916.673
937.397 834.081
937.696 714.481
937.994 706.832
938.293 821.005
938.592 765.317
938.891 765.884
939.189 796.897
939.488 902.019
939.787 1095.080
940.086 913.452
940.384 886.520
940.683 847.441
940.982 781.217
941.281 885.559
941.580 1116.677
941.878 1080.067
942.177 892.294
942.476 933.892
942.775 926.198
943.073 827.609
943.372 750.163
943.671 967.184
943.970 1078.519
944.268 989.220
944.567 807.963
944.866 832.829
945.165 854.984
945.464 799.523
945.762 719.422
946.061 990.883
946.360 1016.834
946.659 996.717
946.957 982.478
947.256 876.031
947.555 815.749
947.854 943.141
948.153 908.360
948.451 897.711
948.750 934.493
949.049 896.532
949.348 1032.585
949.646 843.046
949.945 871.184
950.244 1030.787
950.543 887.161
950.841 801.108
951.140 844.615
951.439 642.376
951.738 672.564
952.037 794.363
952.335 884.999
952.634 889.310
952.933 820.833
953.232 793.240
953.530 514.423
953.829 817.964
954.128 941.084
954.427 869.484
954.725 990.078
955.024 918.959
955.323 930.524
955.622 762.098
955.921 664.224
956.219 792.504
956.518 720.423
956.817 747.334
957.116 768.061
957.414 692.241
957.713 605.667
958.012 568.464
958.311 543.708
958.610 722.478
958.908 795.920
959.207 816.595
959.506 823.150
959.805 839.872
960.103 787.850
960.402 701.138
960.701 650.975
961.000 648.056
961.298 610.448
961.597 748.195
961.896 650.833
962.195 652.780
962.494 775.623
962.792 669.056
963.091 592.260
963.390 591.416
963.689 640.652
963.987 736.893
964.286 836.102
964.585 827.227
964.884 719.338
965.182 641.034
965.481 972.308
965.780 1067.943
966.080 935.767
966.380 840.249
966.680 757.518
966.981 701.162
967.281 701.808
967.581 611.199
967.881 707.156
968.181 754.073
968.481 693.555
968.781 704.180
969.082 574.810
969.382 658.240
969.682 742.757
969.982 780.620
970.282 835.842
970.582 665.313
970.882 649.628
971.183 776.918
971.483 668.145
971.783 622.567
972.083 719.195
972.383 792.767
972.683 746.587
972.983 777.900
973.284 709.752
973.584 670.924
973.884 675.748
974.184 686.328
974.484 697.414
974.784 561.665
975.084 552.208
975.385 611.127
975.685 717.438
975.985 650.543
976.285 666.198
976.585 674.337
976.885 633.052
977.185 582.298
977.486 628.745
977.786 676.731
978.086 716.032
978.386 682.740
978.686 584.448
978.986 535.611
979.286 604.619
979.587 633.627
979.887 527.635
980.187 522.643
980.487 514.651
980.787 566.659
981.087 548.667
981.387 789.675
981.688 653.683
981.988 508.690
982.288 594.698
982.588 684.706
982.888 707.714
983.188 611.722
983.488 688.730
983.789 728.737
984.089 715.745
984.389 617.753
984.689 568.761
984.989 568.769
985.289 617.776
985.589 792.784
985.890 664.792
986.190 499.800
986.490 514.808
986.790 695.815
987.090 678.823
987.390 673.831
987.690 697.838
987.991 589.846
988.291 608.854
988.591 577.862
988.891 450.869
989.191 470.877
989.491 653.885
989.791 630.892
990.092 559.900
990.392 615.908
990.692 655.915
990.992 645.923
991.292 521.931
991.592 665.938
991.892 665.946
992.193 734.953
992.493 748.961
992.793 612.969
993.093 584.976
993.393 566.984
993.693 606.991
993.993 680.999
994.294 736.007
994.594 637.014
994.894 573.022
995.194 611.029
995.494 577.037
995.794 567.044
996.094 543.052
996.395 579.059
996.695 702.067
996.995 526.074
997.295 445.082
997.595 498.089
997.895 510.097
998.195 464.104
998.496 494.112
998.796 488.119
999.096 718.127
999.396 643.134
999.696 638.141
999.996 698.149
1000.296 776.156
1000.597 780.164
1000.897 637.171
1001.197 596.179
1001.497 773.186
1001.797 623.193
1002.097 560.201
1002.397 669.208
1002.698 703.215
1002.998 738.223
1003.298 677.230
1003.598 571.238
1003.898 519.245
1004.198 702.252
1004.498 774.260
1004.799 635.267
1005.099 676.274
1005.399 728.281
1005.699 738.289
1005.999 720.296
1006.299 643.303
1006.599 832.311
1006.900 837.318
1007.200 623.325
1007.500 653.332
1007.800 707.340
1008.100 639.347
1008.400 546.354
1008.700 522.361
1009.001 535.369
1009.301 582.376
1009.601 769.383
1009.901 770.390
1010.201 696.398
1010.501 679.405
1010.801 838.412
1011.102 674.419
1011.402 668.426
1011.702 536.433
1012.002 533.441
1012.302 663.448
1012.602 620.455
1012.902 585.462
1013.203 662.469
1013.503 748.476
1013.803 744.483
1014.103 619.490
1014.403 696.498
1014.703 586.505
1015.003 512.512
1015.304 705.519
1015.604 774.526
1015.904 585.533
1016.204 549.540
1016.504 579.547
1016.804 620.554
1017.104 578.561
1017.405 556.568
1017.705 567.575
1018.005 568.582
1018.305 592.589
1018.605 577.596
1018.905 498.603
1019.205 533.610
1019.506 823.617
1019.806 832.624
1020.106 705.631
1020.406 709.638
1020.706 669.645
1021.006 691.652
1021.306 835.659
1021.607 724.666
1021.907 814.673
1022.207 773.680
1022.507 585.687
1022.807 650.694
1023.107 638.701
1023.407 561.708
1023.708 610.715
1024.008 558.722
1024.308 613.729
1024.608 640.735
1024.908 565.742
1025.208 668.749
1025.508 830.756
1025.809 756.763
1026.109 601.770
1026.409 704.777
1026.709 709.783
1027.009 648.790
1027.309 669.797
1027.609 551.804
1027.910 563.811
1028.210 663.818
1028.510 729.824
1028.810 948.831
1029.110 889.838
1029.410 724.845
1029.710 777.852
1030.011 788.858
1030.311 835.865
1030.611 652.872
1030.911 610.879
1031.211 689.885
1031.511 630.892
1031.811 774.899
1032.112 766.906
1032.412 671.912
1032.712 487.919
1033.012 547.926
1033.312 755.933
1033.612 714.939
1033.912 649.946
1034.212 573.953
1034.513 568.959
1034.813 570.966
1035.113 680.973
1035.413 573.979
1035.713 602.986
1036.013 685.993
1036.313 616.999
1036.614 718.006
1036.914 628.013
1037.214 515.019
1037.514 658.026
1037.814 629.032
1038.114 621.039
1038.414 614.046
1038.715 681.052
1039.015 540.059
1039.315 447.065
1039.615 585.072
1039.915 604.079
1040.215 560.085
1040.515 595.092
1040.816 665.098
1041.116 624.105
1041.416 547.111
1041.716 504.118
1042.016 530.125
1042.316 737.131
1042.616 666.138
1042.917 565.144
1043.217 541.151
1043.517 570.157
1043.817 668.164
1044.117 690.170
1044.417 676.177
1044.717 625.183
1045.018 644.190
1045.318 712.196
1045.618 698.203
1045.918 594.209
1046.218 492.215
1046.518 545.222
1046.818 617.228
1047.119 551.235
1047.419 799.241
1047.719 724.248
1048.019 621.254
1048.319 710.261
1048.619 636.267
1048.919 658.273
1049.220 607.280
1049.520 694.286
1049.820 622.292
1050.120 515.299
1050.420 751.305
1050.720 723.312
1051.020 667.318
1051.321 649.324
1051.621 720.331
1051.921 617.337
1052.221 518.343
1052.521 498.350
1052.821 494.356
1053.121 632.362
1053.422 774.369
1053.722 838.375
1054.022 674.381
1054.322 740.388
1054.622 610.394
1054.922 503.400
1055.222 615.407
1055.523 633.413
1055.823 686.419
1056.123 736.425
1056.423 639.432
1056.723 737.438
1057.023 641.444
1057.323 454.450
1057.624 544.457
1057.924 671.463
1058.224 709.469
1058.524 610.475
1058.824 646.482
1059.124 630.488
1059.424 599.494
1059.725 678.500
1060.025 565.506
1060.325 551.513
1060.625 544.519
1060.925 536.525
1061.225 579.531
1061.525 736.537
1061.826 622.543
1062.126 641.550
1062.426 705.556
1062.726 739.562
1063.026 725.568
1063.326 923.574
1063.626 819.580
1063.927 693.586
1064.227 646.593
1064.527 550.599
1064.827 685.605
1065.127 648.611
1065.427 509.617
1065.727 564.623
1066.028 738.629
1066.328 685.635
1066.628 477.641
1066.928 505.647
1067.228 586.654
1067.528 524.660
1067.828 538.666
1068.129 540.672
1068.429 693.678
1068.729 771.684
1069.029 671.690
1069.329 547.696
1069.629 652.702
1069.929 703.708
1070.230 758.714
1070.530 724.720
1070.830 633.726
1071.130 699.732
1071.430 622.738
1071.730 597.744
1072.030 696.750
1072.331 582.756
1072.631 620.762
1072.931 657.768
1073.231 669.774
1073.531 626.780
1073.831 561.786
1074.131 641.792
1074.432 720.798
1074.732 625.804
1075.032 517.809
1075.332 468.815
1075.632 562.821
1075.932 587.827
1076.232 570.833
1076.533 559.839
1076.833 636.845
1077.133 573.851
1077.433 577.857
1077.733 534.863
1078.033 620.869
1078.333 684.874
1078.634 691.880
1078.934 665.886
1079.234 583.892
1079.534 768.898
1079.834 802.904
1080.134 613.910
1080.434 708.915
1080.735 697.921
1081.035 647.927
1081.335 514.933
1081.635 499.939
1081.935 603.945
1082.235 624.950
1082.535 618.956
1082.836 608.962
1083.136 619.968
1083.436 762.974
1083.736 755.979
1084.036 606.985
1084.336 528.991
1084.636 605.997
1084.937 750.002
1085.237 760.008
1085.537 732.014
1085.837 685.020
1086.137 603.025
1086.437 728.031
1086.737 657.037
1087.038 608.043
1087.338 769.048
1087.638 768.054
1087.938 596.060
1088.238 479.066
1088.538 588.071
1088.838 704.077
1089.139 777.083
1089.439 626.088
1089.739 662.094
1090.039 695.100
1090.339 726.105
1090.639 611.111
1090.939 667.117
1091.240 592.122
1091.540 626.128
1091.840 628.134
1092.140 682.139
1092.453 725.145
1092.766 628.151
1093.079 536.156
1093.392 610.162
1093.705 593.168
1094.018 622.173
1094.330 823.179
1094.643 716.184
1094.956 741.190
1095.269 659.196
1095.582 621.201
1095.895 590.207
1096.208 535.212
1096.521 586.218
1096.834 642.224
1097.147 611.229
1097.460 667.235
1097.773 760.240
1098.085 613.246
1098.398 527.251
1098.711 544.257
1099.024 490.262
1099.337 622.268
1099.650 777.274
1099.963 753.279
1100.276 618.285
1100.589 603.290
1100.902 687.296
1101.215 650.301
1101.528 694.307
1101.841 610.312
1102.153 643.318
1102.466 722.323
1102.779 567.329
1103.092 544.334
1103.405 689.340
1103.718 629.345
1104.031 547.351
1104.344 647.356
1104.657 645.361
1104.970 901.367
1105.283 715.372
1105.596 571.378
1105.909 581.383
1106.221 684.389
1106.534 692.394
1106.847 509.400
1107.160 469.405
1107.473 464.410
1107.786 562.416
1108.099 508.421
1108.412 566.427
1108.725 671.432
1109.038 567.437
1109.351 631.443
1109.664 643.448
1109.977 489.454
1110.289 536.459
1110.602 559.464
1110.915 657.470
1111.228 626.475
1111.541 536.480
1111.854 504.486
1112.167 445.491
1112.480 481.497
1112.793 552.502
1113.106 625.507
1113.419 643.513
1113.732 605.518
1114.044 528.523
1114.357 630.528
1114.670 647.534
1114.983 645.539
1115.296 601.544
1115.609 644.550
1115.922 619.555
1116.235 655.560
1116.548 627.566
1116.861 595.571
1117.174 577.576
1117.487 602.581
1117.800 802.587
1118.112 647.592
1118.425 610.597
1118.738 564.603
1119.051 545.608
1119.364 565.613
1119.677 634.618
1119.990 632.624
1120.303 707.629
1120.616 798.634
1120.929 615.639
1121.242 644.644
1121.555 705.650
1121.868 736.655
1122.180 670.660
1122.493 462.665
1122.806 474.670
1123.119 635.676
1123.432 688.681
1123.745 641.686
1124.058 576.691
1124.371 520.696
1124.684 672.702
1124.997 706.707
1125.310 643.712
1125.623 546.717
1125.935 490.722
1126.248 604.727
1126.561 692.733
1126.874 640.738
1127.187 716.743
1127.500 743.748
1127.813 693.753
1128.126 684.758
1128.439 614.763
1128.752 745.768
1129.065 596.774
1129.378 439.779
1129.691 585.784
1130.003 639.789
1130.316 579.794
1130.629 535.799
1130.942 593.804
1131.255 579.809
1131.568 550.814
1131.881 595.819
1132.194 705.825
1132.507 663.830
1132.820 605.835
1133.133 674.840
1133.446 524.845
1133.759 771.850
1134.071 1211.855
1134.384 865.860
1134.697 805.865
1135.010 873.870
1135.323 702.875
1135.636 561.880
1135.949 529.885
1136.262 522.890
1136.575 519.895
1136.888 579.900
1137.201 600.905
1137.514 550.910
1137.826 654.915
1138.139 573.920
1138.452 584.925
1138.765 800.930
1139.078 799.935
1139.391 771.940
1139.704 626.945
1140.017 643.950
1140.330 598.955
1140.643 563.960
1140.956 567.965
1141.269 619.970
1141.582 656.975
1141.894 585.980
1142.207 711.985
1142.520 619.990
1142.833 715.995
1143.146 590.000
1143.459 491.004
1143.772 544.009
1144.085 625.014
1144.398 607.019
1144.711 606.024
1145.024 562.029
1145.337 626.034
1145.650 652.039
1145.962 624.044
1146.275 614.049
1146.588 526.054
1146.901 722.058
1147.214 703.063
1147.527 566.068
1147.840 637.073
1148.153 609.078
1148.466 623.083
1148.779 594.088
1149.092 706.092
1149.405 655.097
1149.718 712.102
1150.030 753.107
1150.343 637.112
1150.656 572.117
1150.969 592.121
1151.282 788.126
1151.595 688.131
1151.908 558.136
1152.221 444.141
1152.534 515.146
1152.847 741.150
1153.160 664.155
1153.473 708.160
1153.785 750.165
1154.098 659.170
1154.411 698.174
1154.724 649.179
1155.037 767.184
1155.350 660.189
1155.663 621.193
1155.976 576.198
1156.289 699.203
1156.602 584.208
1156.915 422.213
1157.228 428.217
1157.541 531.222
1157.853 566.227
1158.166 653.232
1158.479 708.236
1158.792 677.241
1159.105 708.246
1159.418 727.250
1159.731 684.255
1160.044 632.260
1160.357 820.265
1160.670 779.269
1160.983 511.274
1161.296 634.279
1161.609 747.283
1161.921 644.288
1162.234 569.293
1162.547 481.298
1162.860 514.302
1163.173 540.307
1163.486 627.312
1163.799 624.316
1164.112 615.321
1164.425 596.326
1164.738 512.330
1165.051 516.335
1165.364 571.340
1165.676 604.344
1165.989 628.349
1166.302 590.354
1166.615 685.358
1166.928 589.363
1167.241 673.367
1167.554 703.372
1167.867 659.377
1168.180 668.381
1168.493 562.386
1168.806 568.391
1169.119 587.395
1169.432 680.400
1169.744 718.404
1170.057 653.409
1170.370 737.414
1170.683 724.418
1170.996 581.423
1171.309 582.427
1171.622 595.432
1171.935 627.436
1172.248 770.441
1172.561 710.446
1172.874 671.450
1173.187 675.455
1173.500 697.459
1173.812 754.464
1174.125 740.468
1174.438 718.473
1174.751 554.477
1175.064 543.482
1175.377 668.487
1175.690 603.491
1176.003 580.496
1176.316 639.500
1176.629 672.505
1176.942 638.509
1177.255 571.514
1177.567 519.518
1177.880 550.523
1178.193 617.527
1178.506 566.532
1178.819 731.536
1179.132 760.541
1179.445 565.545
1179.758 734.550
1180.071 719.554
1180.384 564.559
1180.697 591.563
1181.010 676.568
1181.323 801.572
1181.635 769.577
1181.948 748.581
1182.261 648.585
1182.574 564.590
1182.887 644.594
1183.200 792.599
1183.513 784.603
1183.826 679.608
1184.139 646.612
1184.452 618.617
1184.765 582.621
1185.078 524.625
1185.391 564.630
1185.703 553.634
1186.016 458.639
1186.329 472.643
1186.642 552.648
1186.955 713.652
1187.268 631.656
1187.581 627.661
1187.894 636.665
1188.207 690.670
1188.520 638.674
1188.833 588.678
1189.146 453.683
1189.459 416.687
1189.771 517.691
1190.084 643.696
1190.397 544.700
1190.710 638.705
1191.023 702.709
1191.336 673.713
1191.649 614.718
1191.962 625.722
1192.275 559.726
1192.588 652.731
1192.901 819.735
1193.214 646.739
1193.526 617.744
1193.839 644.748
1194.152 563.752
1194.465 696.757
1194.778 636.761
1195.091 597.765
1195.404 594.770
1195.717 608.774
1196.030 618.778
1196.343 592.783
1196.656 514.787
1196.969 543.791
1197.282 633.795
1197.594 683.800
1197.907 784.804
1198.220 766.808
1198.533 616.813
1198.846 584.817
1199.159 577.821
1199.472 569.825
1199.785 663.830
1200.098 567.834
1200.411 699.838
1200.724 695.842
1201.037 608.847
1201.350 530.851
1201.662 480.855
1201.975 589.859
1202.288 611.864
1202.601 223.868
