165.028 164.558
165.288 70.176
165.547 134.798
165.807 256.423
166.067 122.051
166.327 -49.317
166.587 -20.683
166.847 133.954
167.107 182.594
167.367 201.238
167.627 229.884
167.886 176.533
168.146 154.185
168.406 343.839
168.666 305.497
168.926 214.157
169.186 204.820
169.446 195.486
169.706 38.155
169.966 143.826
170.225 227.500
170.485 296.176
170.745 341.855
171.005 442.537
171.265 271.221
171.525 232.907
171.785 146.596
172.045 182.288
172.305 324.982
172.564 258.678
172.824 122.377
173.084 261.078
173.344 181.782
173.604 204.487
173.864 292.195
174.124 222.905
174.384 186.618
174.644 260.332
174.903 435.049
175.163 456.767
175.423 430.488
175.683 231.211
175.943 305.936
176.203 240.663
176.463 182.392
176.723 147.123
176.983 232.856
177.242 296.590
177.502 421.327
177.762 422.065
178.022 172.806
178.282 182.548
178.542 222.291
178.802 218.037
179.062 174.784
179.322 394.533
179.581 416.284
179.841 261.036
180.101 334.790
180.361 314.545
180.621 320.302
180.881 312.061
181.141 271.821
181.401 291.582
181.661 373.345
181.920 467.109
182.180 297.875
182.440 214.642
182.700 234.411
182.960 214.180
183.220 253.951
183.480 476.724
183.740 341.497
184.000 267.272
184.259 165.048
184.519 260.825
184.779 278.604
185.039 349.383
185.299 461.164
185.559 436.945
185.819 370.728
186.079 404.512
186.339 336.296
186.598 306.082
186.858 190.869
187.118 214.656
187.378 366.445
187.638 352.234
187.898 493.025
188.158 505.816
188.418 299.608
188.678 187.400
188.937 302.194
189.197 371.988
189.457 331.783
189.717 303.579
189.977 199.375
190.237 198.172
190.497 384.970
190.757 361.768
191.017 300.567
191.276 269.366
191.536 278.166
191.796 244.967
192.056 213.768
192.316 253.570
192.576 278.372
192.836 226.174
193.096 264.977
193.356 273.780
193.616 284.584
193.875 273.388
194.135 263.192
194.395 418.997
194.655 398.802
194.915 353.607
195.175 322.413
195.435 417.219
195.695 220.025
195.955 41.831
196.214 235.638
196.474 367.444
196.734 278.251
196.994 279.058
197.254 282.865
197.514 255.672
197.774 281.479
198.034 207.287
198.294 179.094
198.553 252.901
198.813 218.709
199.073 67.516
199.333 161.323
199.593 302.131
199.853 307.938
200.113 378.745
200.373 406.552
200.633 223.359
200.892 194.166
201.152 187.972
201.412 216.779
201.672 289.585
201.932 432.391
202.192 414.197
202.452 253.003
202.712 241.808
202.972 275.613
203.231 396.418
203.491 329.223
203.751 326.027
204.011 388.831
204.271 437.635
204.531 209.438
204.791 148.241
205.051 180.044
205.311 249.846
205.570 203.648
205.830 203.449
206.090 201.250
206.350 313.050
206.610 522.850
206.870 294.650
207.130 192.449
207.390 301.247
207.650 299.045
207.909 328.843
208.169 376.640
208.429 371.436
208.689 170.232
208.949 291.027
209.209 436.822
209.469 264.616
209.729 211.410
209.989 289.202
210.248 153.995
210.508 398.786
210.768 401.577
211.028 281.367
211.288 339.157
211.548 306.945
211.808 318.733
212.068 412.521
212.328 462.307
212.587 459.093
212.847 359.878
213.107 402.663
213.367 330.446
213.627 325.229
213.887 298.011
214.147 185.792
214.407 323.573
214.667 341.352
214.926 340.131
215.186 257.909
215.446 311.686
215.706 254.462
215.966 249.237
216.226 206.012
216.486 219.785
216.746 315.558
217.006 354.330
217.265 279.100
217.525 224.870
217.785 313.639
218.045 370.407
218.305 312.174
218.565 246.940
218.825 295.705
219.085 430.469
219.345 273.233
219.604 201.995
219.864 326.756
220.124 379.516
220.384 335.275
220.644 273.033
220.904 201.790
221.164 230.546
221.424 263.301
221.684 226.055
221.943 278.808
222.203 349.560
222.463 270.310
222.723 166.060
222.983 311.808
223.243 249.556
223.503 300.302
223.763 223.047
224.023 227.791
224.282 387.534
224.542 363.276
224.802 379.017
225.062 356.757
225.322 474.495
225.582 405.232
225.842 325.969
226.102 348.704
226.362 313.437
226.621 375.170
226.881 271.901
227.141 290.632
227.401 394.361
227.661 338.089
227.921 433.816
228.181 319.541
228.441 364.265
228.701 517.989
228.960 486.710
229.220 288.431
229.480 222.151
229.740 384.869
230.000 447.586
230.260 304.302
230.520 295.016
230.780 309.729
231.040 332.441
231.299 319.152
231.559 351.862
231.819 372.570
232.079 453.277
232.339 410.983
232.599 233.687
232.859 334.390
233.119 389.092
233.379 221.793
233.638 296.492
233.898 481.190
234.158 430.887
234.418 326.583
234.678 415.277
234.938 468.970
235.198 288.661
235.458 232.351
235.718 367.040
235.978 329.728
236.237 269.414
236.497 297.099
236.757 408.783
237.017 381.466
237.277 358.147
237.537 343.826
237.797 287.505
238.057 358.182
238.317 332.858
238.576 248.532
238.836 336.205
239.096 422.877
239.356 363.548
239.616 341.217
239.876 381.884
240.136 368.551
240.396 409.216
240.656 473.880
240.915 420.542
241.175 370.203
241.435 245.863
241.695 333.521
241.955 533.178
242.215 619.834
242.475 471.488
242.735 277.141
242.995 373.793
243.254 396.443
243.514 316.092
243.774 183.739
244.034 302.385
244.294 569.030
244.554 430.673
244.814 407.315
245.074 317.956
245.334 299.595
245.593 328.233
245.853 339.870
246.113 311.505
246.373 400.139
246.633 510.772
246.893 428.403
247.153 416.032
247.413 462.661
247.673 451.288
247.932 386.914
248.192 423.538
248.452 471.161
248.712 424.782
248.972 286.403
249.232 475.021
249.492 359.639
249.752 251.255
250.012 412.870
250.271 383.483
250.531 440.095
250.791 598.706
251.051 534.315
251.311 324.923
251.571 226.529
251.831 335.134
252.091 409.738
252.351 382.341
252.610 361.942
252.870 427.542
253.130 357.140
253.390 333.737
253.650 391.332
253.911 403.927
254.172 449.520
254.433 385.111
254.694 311.701
254.955 378.290
255.216 298.878
255.477 440.464
255.738 454.049
255.999 349.632
256.261 511.214
256.522 487.795
256.783 431.374
257.044 278.952
257.305 222.529
257.566 257.104
257.827 184.678
258.088 269.251
258.349 236.822
258.610 306.392
258.871 363.960
259.132 431.528
259.393 345.094
259.654 267.658
259.915 185.221
260.176 272.783
260.437 399.344
260.698 340.903
260.959 307.461
261.221 422.018
261.482 502.573
261.743 425.127
262.004 407.679
262.265 564.231
262.526 540.781
262.787 323.329
263.048 308.876
263.309 344.422
263.570 466.967
263.831 390.511
264.092 349.053
264.353 248.593
264.614 553.133
264.875 508.671
265.136 324.208
265.397 523.743
265.658 564.277
265.919 559.810
266.181 521.342
266.442 389.872
266.703 374.401
266.964 368.929
267.225 348.455
267.486 361.980
267.747 467.504
268.008 560.027
268.269 625.548
268.530 531.068
268.791 434.587
269.052 458.104
269.313 435.621
269.574 429.135
269.835 421.649
270.096 419.161
270.357 457.672
270.618 389.182
270.879 299.691
271.141 416.198
271.402 407.704
271.663 380.209
271.924 465.712
272.185 463.215
272.446 429.716
272.707 408.216
272.968 363.714
273.229 340.211
273.490 313.707
273.751 306.202
274.012 370.696
274.273 454.188
274.534 384.679
274.795 401.169
275.056 444.658
275.317 357.145
275.578 247.631
275.839 348.116
276.101 282.600
276.362 294.082
276.623 380.564
276.884 496.044
277.145 444.523
277.406 370.000
277.667 281.477
277.928 279.952
278.189 524.426
278.450 485.899
278.711 437.371
278.972 461.841
279.233 377.310
279.494 503.778
279.755 641.245
280.016 570.711
280.277 407.176
280.538 457.639
280.799 346.101
281.061 324.562
281.322 360.022
281.583 362.481
281.844 352.938
282.105 356.394
282.366 430.850
282.627 374.304
282.888 497.756
283.149 529.208
283.410 426.659
283.671 455.108
283.932 401.556
284.193 247.003
284.454 318.449
284.715 376.894
284.976 354.338
285.237 494.780
285.498 763.222
285.759 619.662
286.021 490.101
286.282 435.539
286.543 478.976
286.804 497.412
287.065 507.846
287.326 514.280
287.587 372.712
287.848 422.144
288.109 532.574
288.370 520.003
288.631 322.431
288.892 317.858
289.153 382.284
289.414 317.708
289.675 577.132
289.936 689.555
290.197 561.976
290.458 462.396
290.719 414.816
290.981 558.234
291.242 640.651
291.503 565.067
291.764 371.482
292.025 246.896
292.286 376.308
292.547 477.720
292.808 387.131
293.069 483.541
293.330 517.949
293.591 447.357
293.852 422.763
294.113 437.168
294.374 456.573
294.635 480.976
294.896 493.378
295.157 526.780
295.418 506.180
295.679 530.579
295.941 488.977
296.202 496.374
296.463 493.770
296.724 569.165
296.985 570.559
297.246 517.952
297.507 375.344
297.768 350.735
298.029 443.125
298.290 626.514
298.551 677.902
298.812 696.289
299.073 520.675
299.334 408.060
299.595 508.444
299.856 521.827
300.117 631.209
300.378 547.590
300.639 339.970
300.901 363.349
301.162 491.727
301.423 576.104
301.684 710.480
301.945 728.855
302.206 484.229
302.467 463.602
302.728 393.974
302.989 478.345
303.250 547.716
303.511 591.085
303.772 595.453
304.033 533.821
304.294 511.187
304.555 464.552
304.816 524.917
305.077 564.280
305.338 402.643
305.599 418.005
305.861 514.366
306.122 569.725
306.383 476.084
306.644 444.442
306.905 356.799
307.166 555.155
307.427 496.510
307.688 448.865
307.949 434.218
308.210 468.570
308.471 527.922
308.732 487.273
308.993 381.622
309.254 401.971
309.515 337.319
309.776 459.666
310.037 503.012
310.298 351.357
310.559 349.701
310.821 498.045
311.082 556.387
311.343 464.729
311.604 396.070
311.865 331.409
312.126 355.748
312.387 412.087
312.648 443.424
312.909 432.760
313.170 469.096
313.434 503.430
313.698 455.764
313.963 510.097
314.227 493.429
314.491 456.760
314.755 496.090
315.019 497.420
315.284 311.748
315.548 450.076
315.812 545.403
316.076 607.729
316.340 562.054
316.604 523.379
316.869 581.702
317.133 540.025
317.397 536.347
317.661 529.668
317.925 498.988
318.190 507.307
318.454 448.626
318.718 417.944
318.982 547.261
319.246 623.577
319.511 717.892
319.775 552.207
320.039 522.520
320.303 509.833
320.567 564.145
320.832 552.456
321.096 492.767
321.360 523.076
321.624 507.385
321.888 444.693
322.153 443.001
322.417 379.307
322.681 353.613
322.945 453.918
323.209 484.222
323.473 498.525
323.738 500.828
324.002 483.129
324.266 626.430
324.530 632.731
324.794 546.030
325.059 455.329
325.323 354.627
325.587 411.924
325.851 403.220
326.115 608.516
326.380 566.811
326.644 549.105
326.908 580.398
327.172 459.691
327.436 434.983
327.701 487.274
327.965 500.564
328.229 563.854
328.493 374.143
328.757 408.431
329.022 523.718
329.286 389.005
329.550 411.291
329.814 484.576
330.078 471.861
330.342 423.144
330.607 388.428
330.871 456.710
331.135 594.991
331.399 607.272
331.663 472.552
331.928 466.832
332.192 560.111
332.456 536.389
332.720 572.666
332.984 478.943
333.249 523.219
333.513 504.494
333.777 374.768
334.041 341.042
334.305 454.315
334.570 538.588
334.834 434.859
335.098 588.130
335.362 637.401
335.626 577.670
335.891 489.939
336.155 524.208
336.419 517.475
336.683 361.742
336.947 450.008
337.211 477.274
337.476 386.539
337.740 433.803
338.004 501.067
338.268 533.330
338.532 522.592
338.797 461.853
339.061 620.114
339.325 710.375
339.589 698.634
339.853 542.893
340.118 470.152
340.382 583.409
340.646 653.666
340.910 445.922
341.174 423.178
341.439 431.433
341.703 466.688
341.967 426.941
342.231 412.195
342.495 409.447
342.759 565.699
343.024 594.950
343.288 682.201
343.552 613.451
343.816 360.700
344.080 431.949
344.345 558.197
344.609 416.444
344.873 307.691
345.137 489.937
345.401 572.183
345.666 322.428
345.930 469.672
346.194 599.916
346.458 471.159
346.722 475.402
346.987 461.644
347.251 560.885
347.515 661.126
347.779 488.366
348.043 424.605
348.308 482.844
348.572 383.083
348.836 336.321
349.100 362.558
349.364 312.794
349.628 393.030
349.893 447.266
350.157 520.500
350.421 505.735
350.685 517.968
350.949 489.201
351.214 375.434
351.478 432.666
351.742 445.897
352.006 476.128
352.270 484.358
352.535 389.587
352.799 417.817
353.063 484.045
353.327 413.273
353.591 444.500
353.856 515.727
354.120 504.953
354.384 555.179
354.648 645.404
354.912 566.629
355.177 418.852
355.441 422.076
355.705 652.299
355.969 636.521
356.233 533.743
356.497 549.964
356.762 535.185
357.026 485.405
357.290 499.625
357.554 477.844
357.818 462.062
358.083 475.280
358.347 448.498
358.611 496.715
358.875 534.931
359.139 489.147
359.404 448.362
359.668 563.577
359.932 638.791
360.196 603.005
360.460 448.218
360.725 467.431
360.989 601.643
361.253 708.855
361.517 641.066
361.781 592.276
362.046 598.487
362.310 633.696
362.574 601.905
362.838 500.114
363.102 508.322
363.366 601.529
363.631 527.737
363.895 503.943
364.159 614.149
364.423 584.355
364.687 610.560
364.952 628.764
365.216 602.968
365.480 526.172
365.747 429.375
366.013 483.578
366.280 458.780
366.546 601.981
366.813 530.182
367.079 571.383
367.346 641.583
367.612 540.783
367.879 580.982
368.145 604.181
368.412 485.379
368.678 429.577
368.945 555.774
369.211 530.971
369.478 562.167
369.744 543.363
370.011 520.558
370.278 508.753
370.544 476.947
370.811 543.141
371.077 577.335
371.344 535.528
371.610 547.720
371.877 541.912
372.143 618.104
372.410 673.295
372.676 711.486
372.943 677.676
373.209 590.866
373.476 502.055
373.742 438.244
374.009 576.433
374.276 565.621
374.542 584.808
374.809 536.995
375.075 367.182
375.342 395.368
375.608 432.554
375.875 425.739
376.141 630.924
376.408 605.108
376.674 590.292
376.941 530.476
377.207 498.659
377.474 919.842
377.740 778.024
378.007 460.206
378.273 547.387
378.540 632.568
378.807 546.749
379.073 448.929
379.340 473.108
379.606 518.288
379.873 474.466
380.139 532.645
380.406 579.823
380.672 523.000
380.939 461.177
381.205 426.354
381.472 388.530
381.738 343.706
382.005 507.882
382.271 572.057
382.538 552.231
382.804 662.406
383.071 573.580
383.338 565.753
383.604 568.926
383.871 658.099
384.137 706.271
384.404 571.442
384.670 510.614
384.937 492.785
385.203 593.955
385.470 529.126
385.736 576.295
386.003 549.465
386.269 545.634
386.536 557.802
386.802 522.971
387.069 613.138
387.336 768.306
387.602 775.473
387.869 492.639
388.135 410.806
388.402 403.972
388.668 496.137
388.935 589.302
389.201 725.467
389.468 713.631
389.734 680.795
390.001 644.959
390.267 577.122
390.534 604.285
390.800 650.447
391.067 709.609
391.333 641.771
391.600 524.932
391.867 581.093
392.133 605.253
392.400 517.414
392.666 455.573
392.933 622.733
393.199 681.892
393.466 560.051
393.732 570.209
393.999 630.367
394.265 634.525
394.532 576.682
394.798 618.839
395.065 557.995
395.331 644.151
395.598 676.307
395.864 701.463
396.131 775.618
396.398 864.772
396.664 887.927
396.931 1016.081
397.197 1204.234
397.464 1270.388
397.730 1585.541
397.997 1695.693
398.263 1738.846
398.530 1805.998
398.796 2079.149
399.063 2151.300
399.329 2172.451
399.596 2341.602
399.862 2287.752
400.129 2379.902
400.396 2389.051
400.662 2140.200
400.929 2173.349
401.195 2138.498
401.462 2251.646
401.728 2409.794
401.995 2552.941
402.261 2497.088
402.528 2538.235
402.794 2656.382
403.061 2761.528
403.327 3099.674
403.594 3055.819
403.860 2947.964
404.127 2955.109
404.393 3138.254
404.660 3161.398
404.931 3224.542
405.202 3328.685
405.473 3283.828
405.745 3514.971
406.016 3794.114
406.287 3667.256
406.558 3646.398
406.829 3837.540
407.100 3762.681
407.371 4010.822
407.642 4119.963
407.914 3985.103
408.185 3907.243
408.456 3950.383
408.727 4082.522
408.998 4086.661
409.269 4304.800
409.540 4430.938
409.811 4125.076
410.083 4057.214
410.354 4075.352
410.625 3888.489
410.896 3902.626
411.167 3937.763
411.438 3860.899
411.709 3631.035
411.981 3648.171
412.252 3359.306
412.523 3121.441
412.794 3203.576
413.065 3067.710
413.336 2658.845
413.607 2642.978
413.878 2556.112
414.150 2418.245
414.421 2170.378
414.692 1936.511
414.963 1876.644
415.234 2018.776
415.505 1857.908
415.776 1813.039
416.047 1727.170
416.319 1601.301
416.590 1332.432
416.861 1040.562
417.132 1148.692
417.403 1129.822
417.674 1010.952
417.945 920.081
418.217 880.210
418.488 880.339
418.759 712.467
419.030 684.595
419.301 735.723
419.572 744.851
419.843 709.978
420.114 685.105
420.386 663.232
420.657 832.358
420.928 726.484
421.199 606.610
421.470 603.736
421.741 497.861
422.012 568.986
422.283 619.111
422.555 637.235
422.826 717.360
423.097 782.484
423.368 716.607
423.639 494.731
423.910 614.854
424.181 604.977
424.453 500.100
424.724 806.222
424.995 838.344
425.266 661.466
425.537 616.587
425.808 737.709
426.079 748.830
426.350 654.951
426.622 670.071
426.893 746.191
427.164 650.311
427.435 621.431
427.706 630.551
427.977 641.670
428.248 611.789
428.519 654.907
428.791 603.026
429.062 729.144
429.333 606.262
429.604 543.380
429.875 707.497
430.146 789.614
430.417 738.731
430.689 697.848
430.960 556.965
431.231 577.081
431.502 775.197
431.773 758.312
432.044 647.428
432.315 808.543
432.586 794.658
432.858 774.773
433.129 611.887
433.400 600.001
433.671 663.115
433.942 609.229
434.213 483.343
434.484 542.456
434.755 662.569
435.027 439.682
435.298 512.794
435.569 642.906
435.840 608.018
436.116 581.130
436.391 629.242
436.667 718.353
436.942 701.464
437.218 705.575
437.493 750.686
437.769 788.796
438.045 664.906
438.320 656.016
438.596 715.126
438.871 625.235
439.147 612.345
439.422 532.454
439.698 465.562
439.974 498.671
440.249 651.779
440.525 706.887
440.800 495.995
441.076 605.103
441.351 760.210
441.627 796.317
441.903 695.424
442.178 519.531
442.454 534.638
442.729 748.744
443.005 611.850
443.281 703.956
443.556 850.061
443.832 697.167
444.107 543.272
444.383 588.377
444.658 624.482
444.934 452.586
445.210 593.691
445.485 718.795
445.761 780.899
446.036 751.002
446.312 752.106
446.587 756.209
446.863 543.312
447.139 554.415
447.414 632.517
447.690 718.620
447.965 756.722
448.241 633.824
448.516 612.925
448.792 601.027
449.068 601.128
449.343 648.229
449.619 562.330
449.894 611.431
450.170 621.531
450.445 769.632
450.721 764.732
450.997 491.832
451.272 640.931
451.548 632.031
451.823 636.130
452.099 697.229
452.375 560.328
452.650 562.426
452.926 666.525
453.201 731.623
453.477 953.721
453.752 793.819
454.028 615.917
454.304 675.014
454.579 820.111
454.855 784.208
455.130 785.305
455.406 889.402
455.681 798.498
455.957 691.594
456.233 664.690
456.508 695.786
456.784 734.882
457.059 680.977
457.335 847.073
457.610 743.168
457.886 658.263
458.162 586.357
458.437 591.452
458.713 703.546
458.988 666.640
459.264 707.734
459.539 768.828
459.815 722.921
460.091 582.015
460.366 600.108
460.642 535.201
460.917 526.293
461.193 600.386
461.468 611.478
461.744 593.571
462.020 551.663
462.295 627.755
462.571 620.846
462.846 614.938
463.122 744.029
463.397 744.120
463.673 620.590
463.949 632.669
464.224 610.782
464.500 714.768
464.775 660.573
465.051 683.296
465.327 767.985
465.602 854.134
465.878 872.060
466.153 756.508
466.429 948.162
466.704 1158.881
466.980 1095.288
467.256 1188.377
467.531 1262.728
467.807 1218.991
468.082 1222.085
468.358 1190.920
468.633 1253.832
468.909 1151.510
469.185 1043.208
469.460 1223.419
469.736 1297.247
470.011 1131.171
470.287 1138.168
470.562 1161.720
470.838 1036.844
471.114 1101.614
471.389 1070.388
471.665 1036.168
471.940 1119.287
472.216 1068.766
472.491 892.631
472.767 867.253
473.043 1005.270
473.318 1078.379
473.594 849.965
473.869 830.570
474.145 834.725
474.421 781.911
474.696 823.706
474.972 726.870
475.247 787.839
475.523 850.258
475.798 812.474
476.074 795.438
476.350 813.853
476.625 733.217
476.901 774.076
477.176 779.482
477.452 659.749
477.727 655.764
478.003 548.473
478.279 770.101
478.554 835.225
478.830 759.860
479.105 743.172
479.381 754.671
479.656 660.432
479.932 736.846
480.208 869.785
480.483 851.798
480.759 888.280
481.034 774.333
481.310 739.060
481.585 789.062
481.861 826.441
482.137 693.765
482.412 778.660
482.688 850.469
482.963 913.888
483.239 939.104
483.514 680.666
483.790 731.383
484.066 922.539
484.341 775.988
484.617 709.490
484.892 877.310
485.168 847.537
485.443 673.810
485.719 715.636
485.995 890.881
486.270 856.378
486.546 736.066
486.821 668.882
487.097 622.227
487.373 704.530
487.648 917.785
487.924 830.429
488.199 640.101
488.475 540.961
488.750 552.720
489.026 700.540
489.302 700.615
489.577 650.982
489.853 689.596
490.128 878.700
490.404 836.818
490.679 650.003
490.955 824.416
491.231 902.691
491.506 882.120
491.782 774.340
492.057 691.464
492.333 762.965
492.608 788.478
492.884 832.581
493.160 704.473
493.435 649.064
493.711 771.685
493.986 747.495
494.262 714.966
494.537 706.214
494.813 763.897
495.089 640.947
495.364 717.639
495.640 759.950
495.915 749.216
496.191 892.494
496.467 819.553
496.742 695.486
497.018 816.377
497.293 769.064
497.569 840.052
497.844 770.499
498.120 854.728
498.396 812.844
498.671 736.264
498.947 861.458
499.222 881.272
499.498 860.328
499.773 900.200
500.049 919.014
500.325 919.003
500.600 990.911
500.876 1053.034
501.151 1231.746
501.427 1194.900
501.702 1267.528
501.978 1334.934
502.254 1352.799
502.529 1222.735
502.805 1388.185
503.080 1455.178
503.356 1365.898
503.631 1356.236
503.907 1364.111
504.183 1221.468
504.458 1324.776
504.734 1289.127
505.009 1309.419
505.285 1276.400
505.560 1230.688
505.836 1251.233
506.112 1242.192
506.387 1141.046
506.663 1101.537
506.938 1048.016
507.214 1008.650
507.490 1094.567
507.765 1108.666
508.041 1102.679
508.316 1151.182
508.592 1011.972
508.867 973.797
509.143 1126.654
509.419 1098.579
509.694 960.032
509.970 829.707
510.245 725.009
510.521 836.349
510.796 802.612
511.072 705.774
511.348 745.309
511.623 819.153
511.899 768.067
512.174 873.625
512.450 916.473
512.725 781.617
513.001 613.413
513.277 587.127
513.552 791.564
513.828 772.314
514.103 750.927
514.379 902.618
514.654 784.762
514.930 792.124
515.206 1092.685
515.481 1009.332
515.757 748.847
516.032 704.144
516.308 825.878
516.583 943.182
516.859 841.114
517.135 849.939
517.410 938.727
517.686 982.519
517.961 969.946
518.237 975.885
518.513 945.014
518.788 1163.696
519.064 1256.104
519.339 1191.677
519.615 1179.003
519.890 1302.323
520.166 1309.798
520.442 1406.768
520.717 1430.888
520.993 1397.643
521.268 1239.475
521.544 1280.920
521.819 1192.062
522.095 1317.656
522.371 1494.782
522.646 1496.758
522.922 1576.800
523.197 1539.501
523.473 1557.224
523.748 1500.823
524.024 1393.703
524.300 1344.000
524.575 1316.305
524.851 1446.506
525.126 1550.343
525.402 1503.079
525.677 1527.060
525.953 1496.020
526.229 1445.407
526.504 1357.851
526.780 1549.726
527.055 1557.007
527.331 1558.977
527.606 1653.438
527.882 1595.453
528.158 1426.539
528.433 1604.957
528.709 1566.625
528.984 1522.535
529.260 1481.288
529.535 1449.181
529.811 1266.719
530.087 1216.278
530.362 1287.832
530.638 1334.771
530.913 1350.901
531.189 1369.635
531.465 1202.702
531.740 1152.711
532.016 1217.711
532.291 1226.470
532.567 1250.220
532.842 1187.290
533.118 1163.278
533.394 1264.463
533.669 1097.717
533.945 912.947
534.220 925.647
534.496 1099.923
534.771 1022.103
535.047 1011.447
535.323 1020.302
535.598 1037.897
535.874 1084.864
536.149 1058.608
536.425 1056.762
536.700 1094.977
536.976 1253.060
537.252 1534.030
537.527 1738.931
537.803 2152.541
538.078 2475.262
538.354 2600.193
538.629 2583.121
538.905 2727.859
539.181 2880.236
539.456 2963.130
539.732 3181.311
540.007 3215.915
540.283 3014.601
540.558 3033.396
540.834 3247.165
541.110 3301.919
541.385 3306.922
541.661 3381.233
541.936 3414.369
542.212 3321.261
542.488 3262.840
542.763 3295.598
543.039 3321.738
543.314 3329.727
543.590 3186.115
543.865 3236.813
544.141 3301.413
544.417 3324.306
544.692 3264.775
544.968 3376.049
545.243 3234.327
545.519 2968.009
545.794 2999.839
546.070 3085.378
546.348 2935.266
546.627 2662.022
546.905 2772.185
547.183 2793.543
547.461 2894.885
547.740 3036.942
548.018 2969.436
548.296 2936.746
548.575 3016.241
548.853 3179.152
549.131 3325.181
549.409 3380.465
549.688 3602.737
549.966 3659.335
550.244 3725.854
550.523 3706.354
550.801 3756.200
551.079 3850.458
551.357 3951.398
551.636 3858.610
551.914 3773.140
552.192 3813.623
552.471 3962.551
552.749 4076.960
553.027 4171.421
553.306 4384.674
553.584 4596.130
553.862 4618.186
554.140 4747.901
554.419 4909.317
554.697 5218.866
554.975 5458.426
555.254 5567.508
555.532 5369.736
555.810 5414.301
556.088 5390.173
556.367 5131.214
556.645 4873.352
556.923 4795.578
557.202 4614.094
557.480 4497.040
557.758 4179.438
558.036 4007.807
558.315 3983.637
558.593 3948.834
558.871 3725.260
559.150 3511.344
559.428 3444.295
559.706 3285.350
559.984 3100.758
560.263 3124.815
560.541 2956.189
560.819 2761.588
561.098 2604.400
561.376 2439.061
561.654 2146.799
561.932 1820.710
562.211 1863.367
562.489 1829.791
562.767 1666.852
563.046 1393.762
563.324 1217.806
563.602 1231.509
563.880 1105.611
564.159 1175.714
564.437 1235.034
564.715 1048.164
564.994 907.134
565.272 1016.583
565.550 886.219
565.828 764.273
566.107 896.854
566.385 875.566
566.663 711.622
566.942 745.972
567.220 790.204
567.498 948.700
567.776 791.052
568.055 667.057
568.333 741.139
568.611 803.305
568.890 660.767
569.168 610.928
569.446 709.146
569.725 710.156
570.003 578.799
570.281 577.468
570.559 663.585
570.838 689.440
571.116 765.733
571.394 791.939
571.673 792.750
571.951 720.748
572.229 679.043
572.507 702.098
572.786 678.505
573.064 659.735
573.342 672.436
573.621 546.962
573.899 627.005
574.177 802.465
574.455 753.439
574.734 670.070
575.012 732.735
575.290 661.018
575.569 718.571
575.847 768.387
576.125 700.716
576.403 596.339
576.682 639.249
576.960 739.074
577.243 835.830
577.527 676.105
577.810 525.408
578.093 575.278
578.377 587.327
578.660 575.512
578.944 580.495
579.227 566.835
579.510 665.556
579.794 658.322
580.077 620.051
580.360 612.772
580.644 589.589
580.927 588.229
581.210 650.895
581.494 565.580
581.777 618.791
582.061 590.565
582.344 530.378
582.627 510.479
582.911 594.270
583.194 520.054
583.477 652.830
583.761 680.816
584.044 731.756
584.327 733.527
584.611 652.650
584.894 648.695
585.178 607.777
585.461 632.793
585.744 688.778
586.028 602.508
586.311 617.549
586.594 678.590
586.878 626.631
587.161 602.672
587.444 616.713
587.728 644.753
588.011 731.794
588.295 605.835
588.578 625.250
588.861 773.142
589.145 663.956
589.428 636.633
589.711 531.037
589.995 583.493
590.278 754.363
590.562 615.157
590.845 536.660
591.128 793.650
591.412 761.753
591.695 622.694
591.978 690.974
592.262 649.746
592.545 515.888
592.828 663.149
593.112 624.641
593.395 565.856
593.679 526.487
593.962 675.929
594.245 709.126
594.529 618.618
594.812 484.841
595.095 428.646
595.379 657.228
595.662 736.448
595.945 664.256
596.229 563.437
596.512 508.895
596.796 586.742
597.079 666.397
597.362 763.465
597.646 750.878
597.929 646.070
598.212 682.030
598.496 674.163
598.779 774.226
599.062 829.545
599.346 668.675
599.629 600.006
599.913 560.043
600.196 629.046
600.479 634.370
600.763 657.692
601.046 555.158
601.329 619.718
601.613 670.276
601.896 631.965
602.179 729.613
602.463 667.764
602.746 692.358
603.030 783.751
603.313 721.193
603.596 515.145
603.880 595.069
604.163 675.497
604.446 619.044
604.730 532.890
605.013 659.607
605.296 697.507
605.580 622.127
605.863 680.929
606.147 576.166
606.430 522.333
606.713 657.866
606.997 652.669
607.280 809.601
607.563 691.241
607.847 636.837
608.130 690.030
608.414 767.669
608.697 720.737
608.980 669.569
609.264 744.770
609.547 646.133
609.830 680.448
610.114 730.435
610.397 685.416
610.680 668.146
610.964 734.197
611.247 711.683
611.531 642.741
611.814 561.323
612.097 587.855
612.381 756.921
612.664 882.331
612.947 691.983
613.231 658.651
613.514 642.634
613.797 699.643
614.081 732.094
614.364 670.242
614.648 653.577
614.931 634.948
615.214 662.487
615.498 716.270
615.781 780.986
616.064 710.154
616.348 775.149
616.631 842.942
616.914 880.532
617.198 800.645
617.481 736.640
617.765 755.152
618.048 811.213
618.331 737.209
618.615 648.051
618.898 789.389
619.181 836.853
619.465 737.814
619.748 694.326
620.031 706.929
620.315 665.047
620.598 741.137
620.882 791.559
621.165 929.557
621.448 855.037
621.732 762.390
622.015 627.100
622.298 618.414
622.582 705.891
622.865 685.650
623.148 652.717
623.432 713.116
623.715 665.102
623.999 846.008
624.282 784.642
624.565 797.320
624.849 650.472
625.132 560.083
625.415 894.794
625.699 968.384
625.982 812.010
626.265 715.607
626.549 677.543
626.832 849.294
627.116 830.135
627.399 599.865
627.682 582.560
627.966 599.126
628.249 643.827
628.532 623.113
628.816 850.581
629.099 725.513
629.383 614.709
629.666 628.498
629.949 579.840
630.233 578.719
630.516 712.808
630.799 745.060
631.083 577.207
631.366 550.512
631.649 552.306
631.933 523.393
632.216 619.918
632.500 681.059
632.783 714.058
633.066 646.814
633.350 707.771
633.633 761.173
633.916 678.468
634.200 619.979
634.483 706.580
634.766 793.411
635.050 699.746
635.333 562.097
635.617 604.744
635.900 719.267
636.183 739.696
636.467 739.971
636.750 748.982
637.033 721.653
637.317 707.416
637.600 695.502
637.883 723.986
638.167 707.388
638.450 718.265
638.734 702.376
639.017 716.450
639.300 771.722
639.584 732.676
639.867 863.668
640.150 837.504
640.434 853.435
640.717 854.535
641.000 798.489
641.284 881.695
641.567 781.519
641.851 839.846
642.134 950.893
642.417 878.070
642.701 975.272
642.984 985.604
643.267 959.388
643.551 850.802
643.834 793.520
644.117 811.532
644.401 819.818
644.684 908.881
644.968 1059.912
645.251 963.261
645.534 856.347
645.818 879.827
646.101 1030.916
646.384 1062.868
646.668 1098.577
646.951 1064.802
647.235 1148.537
647.518 1131.648
647.801 1301.788
648.085 1461.157
648.368 1543.385
648.651 1491.721
648.935 1583.070
649.218 1771.421
649.501 1789.141
649.785 1869.405
650.068 2127.676
650.352 2203.367
650.635 2285.818
650.918 2326.797
651.202 2526.995
651.485 2814.323
651.768 2981.474
652.052 3054.852
652.335 3303.313
652.618 3490.055
652.902 3793.307
653.185 4089.091
653.469 4074.984
653.752 4111.047
654.035 4172.563
654.319 4400.553
654.602 4481.247
654.885 4374.585
655.169 4427.165
655.452 4344.372
655.735 4365.524
656.019 4417.184
656.302 4457.679
656.586 4652.039
656.869 4896.024
657.152 4844.741
657.436 4700.583
657.719 4833.106
658.002 4855.838
658.286 4675.923
658.569 4511.846
658.852 4406.504
659.136 4435.784
659.419 4330.228
659.703 4174.927
659.986 4238.914
660.269 4254.688
660.553 3986.164
660.836 3970.949
661.119 3986.220
661.403 3964.835
661.686 3806.201
661.969 3737.053
662.253 3648.934
662.536 3569.693
662.820 3663.900
663.103 3531.068
663.386 3486.470
663.670 3586.904
663.953 3482.504
664.236 3562.048
664.520 3438.469
664.803 3381.758
665.086 3393.545
665.370 3438.551
665.653 3502.408
665.937 3451.220
666.220 3326.501
666.503 3308.273
666.787 3207.894
667.070 3049.807
667.353 3012.233
667.637 2871.262
667.920 2807.394
668.204 2617.617
668.487 2477.257
668.770 2573.493
669.054 2202.848
669.337 2006.344
669.620 1945.208
669.904 1833.275
670.187 1700.614
670.470 1651.356
670.754 1454.444
671.037 1283.621
671.321 1166.912
671.604 1237.662
671.887 1195.967
672.171 1140.722
672.454 1129.357
672.737 1059.977
673.021 950.322
673.304 942.084
673.587 1103.301
673.871 1047.985
674.154 1010.952
674.438 1061.349
674.721 1008.960
675.004 976.074
675.288 900.998
675.571 847.369
675.854 796.932
676.138 864.790
676.421 851.261
676.704 810.845
676.988 969.993
677.271 1120.815
677.555 1065.123
677.838 1002.068
678.121 995.893
678.405 935.870
678.688 963.846
678.971 787.449
679.255 956.562
679.538 1074.845
679.821 999.145
680.105 882.867
680.388 864.202
680.672 819.388
680.955 801.742
681.238 747.452
681.522 690.568
681.805 748.020
682.088 902.475
682.372 958.708
682.655 825.079
682.938 869.990
683.222 892.980
683.505 749.738
683.789 842.763
684.072 810.396
684.355 763.646
684.639 805.426
684.922 792.925
685.205 811.740
685.489 898.404
685.772 873.245
686.056 853.263
686.339 923.373
686.622 757.587
686.906 705.420
687.189 820.268
687.472 991.484
687.756 831.976
688.039 653.329
688.322 589.680
688.606 900.770
688.889 895.576
689.173 732.762
689.456 878.925
689.739 905.046
690.023 853.032
690.306 862.442
690.589 802.193
690.873 876.305
691.156 915.872
691.439 801.433
691.723 725.495
692.006 870.025
692.290 863.043
692.573 936.938
692.856 998.233
693.140 1013.801
693.423 951.700
693.706 814.886
693.990 847.352
694.273 778.319
694.556 1019.026
694.840 1117.331
695.123 932.317
695.407 936.538
695.690 834.736
695.973 849.023
696.257 931.592
696.540 1083.949
696.830 986.251
697.120 978.052
697.410 1040.727
697.699 983.273
697.989 1186.182
698.279 1097.166
698.569 986.434
698.859 1048.958
699.149 1090.803
699.439 1040.683
699.729 963.114
700.018 932.525
700.308 983.585
700.598 851.091
700.888 818.031
701.178 1077.122
701.468 1005.059
701.758 856.140
702.048 923.266
702.337 842.321
702.627 971.825
702.917 920.384
703.207 815.834
703.497 863.326
703.787 794.139
704.077 819.105
704.366 892.784
704.656 740.456
704.946 685.257
705.236 632.647
705.526 770.760
705.816 851.621
706.106 623.476
706.396 673.674
706.685 704.459
706.975 638.940
707.265 571.293
707.555 748.219
707.845 699.186
708.135 566.403
708.425 514.350
708.715 594.010
709.004 825.658
709.294 764.415
709.584 706.716
709.874 752.102
710.164 730.428
710.454 647.901
710.744 640.372
711.034 694.003
711.323 658.209
711.613 580.474
711.903 701.852
712.193 783.486
712.483 653.714
712.773 671.434
713.063 608.312
713.352 625.750
713.642 684.177
713.932 762.862
714.222 685.448
714.512 612.818
714.802 621.122
715.092 701.569
715.382 591.915
715.671 608.168
715.961 642.662
716.251 566.574
716.541 656.521
716.831 687.641
717.121 539.950
717.411 737.023
717.701 803.071
717.990 673.905
718.280 589.543
718.570 564.730
718.860 559.440
719.150 564.770
719.440 565.205
719.730 592.508
720.019 807.612
720.309 716.712
720.599 615.490
720.889 599.463
721.179 644.459
721.469 699.694
721.759 621.765
722.049 662.054
722.338 564.279
722.628 599.004
722.918 635.877
723.208 733.273
723.498 567.908
723.788 617.560
724.078 788.899
724.368 740.295
724.657 643.262
724.947 627.509
725.237 676.397
725.527 780.663
725.817 662.283
726.107 629.408
726.397 582.039
726.686 509.525
726.976 582.078
727.266 692.349
727.556 611.130
727.846 721.132
728.136 712.717
728.426 617.218
728.716 559.098
729.005 691.869
729.295 580.455
729.585 475.776
729.875 508.788
730.165 569.436
730.455 639.291
730.745 664.202
731.035 638.008
731.324 736.545
731.614 713.775
731.904 572.602
732.194 637.733
732.484 652.964
732.774 615.045
733.064 577.127
733.354 448.741
733.643 544.708
733.933 583.182
734.223 578.328
734.513 763.532
734.803 802.345
735.093 633.584
735.383 600.042
735.672 640.100
735.962 675.618
736.252 497.068
736.542 554.868
736.832 581.332
737.122 495.646
737.412 589.782
737.702 704.217
737.991 705.217
738.281 617.144
738.571 584.140
738.861 591.215
739.151 620.761
739.441 725.381
739.731 600.522
740.021 614.532
740.310 753.224
740.600 758.922
740.890 522.963
741.180 558.565
741.470 615.839
741.760 668.178
742.050 782.708
742.339 717.015
742.629 613.176
742.919 760.573
743.209 550.354
743.499 532.124
743.789 523.758
744.079 554.470
744.369 616.255
744.658 559.021
744.948 400.070
745.238 638.344
745.528 678.997
745.818 801.713
746.108 674.747
746.398 590.033
746.688 613.885
746.977 793.645
747.267 664.567
747.557 688.109
747.847 723.912
748.137 641.069
748.427 595.316
748.717 479.393
749.006 381.422
749.296 544.171
749.586 586.434
749.876 679.665
750.166 529.285
750.456 602.613
750.746 662.115
751.036 548.360
751.325 681.113
751.615 653.839
751.905 647.863
752.195 664.529
752.485 657.547
752.775 632.198
753.065 534.118
753.355 744.346
753.644 762.382
753.934 676.343
754.224 632.553
754.514 777.784
754.804 558.366
755.094 456.077
755.384 515.272
755.674 540.366
755.963 669.772
756.253 650.382
756.543 675.825
756.833 704.337
757.123 708.668
757.413 595.830
757.703 535.546
757.992 525.514
758.282 578.217
758.572 606.956
758.862 528.582
759.152 616.037
759.442 642.544
759.732 700.494
760.022 750.763
760.311 616.727
760.601 473.887
760.891 631.852
761.181 736.762
761.471 659.050
761.761 530.829
762.051 533.868
762.341 739.586
762.630 805.806
762.920 627.576
763.210 614.113
763.500 671.920
763.793 565.191
764.086 588.370
764.379 591.820
764.671 736.706
764.964 643.162
765.257 675.372
765.550 674.735
765.843 489.268
766.136 606.221
766.429 578.012
766.722 590.539
767.014 533.624
767.307 389.163
767.600 439.533
767.893 502.493
768.186 511.582
768.479 567.043
768.772 661.818
769.064 687.037
769.357 607.812
769.650 566.103
769.943 767.966
770.236 709.574
770.529 615.549
770.822 587.340
771.115 625.663
771.407 754.464
771.700 749.436
771.993 745.159
772.286 669.752
772.579 714.456
772.872 557.215
773.165 495.740
773.457 640.918
773.750 693.044
774.043 594.171
774.336 573.576
774.629 652.073
774.922 665.865
775.215 589.192
775.508 574.930
775.800 550.223
776.093 651.499
776.386 661.926
776.679 574.996
776.972 606.231
777.265 862.038
777.558 910.482
777.850 721.644
778.143 660.354
778.436 659.022
778.729 661.391
779.022 688.543
779.315 569.966
779.608 452.395
779.900 493.617
780.193 568.005
780.486 579.499
780.779 560.880
781.072 492.197
781.365 657.201
781.658 644.824
781.951 530.382
782.243 615.508
782.536 707.121
782.829 675.009
783.122 648.920
783.415 656.309
783.708 617.208
784.001 634.275
784.293 736.598
784.586 783.972
784.879 736.893
785.172 628.063
785.465 534.520
785.758 624.716
786.051 680.844
786.344 716.498
786.636 839.353
786.929 663.192
787.222 647.487
787.515 602.163
787.808 621.954
788.101 575.017
788.394 687.919
788.686 833.789
788.979 784.638
789.272 761.892
789.565 660.349
789.858 567.550
790.151 494.206
790.444 487.228
790.737 569.731
791.029 553.639
791.322 635.491
791.615 594.992
791.908 666.126
792.201 611.584
792.494 562.136
792.787 715.974
793.079 872.237
793.372 767.797
793.665 741.659
793.958 660.916
794.251 637.003
794.544 713.077
794.837 854.381
795.130 743.729
795.422 681.929
795.715 673.968
796.008 638.728
796.301 644.442
796.594 607.605
796.887 648.456
797.180 679.028
797.472 488.614
797.765 397.901
798.058 551.902
798.351 557.453
798.644 527.557
798.937 503.644
799.230 561.922
799.523 923.414
799.815 820.737
800.108 550.562
800.401 486.769
800.694 644.954
800.987 533.658
801.280 609.664
801.573 723.564
801.865 747.555
802.158 687.942
802.451 637.058
802.744 600.147
803.037 588.185
803.330 604.771
803.623 703.983
803.915 676.053
804.208 585.834
804.501 630.065
804.794 606.055
805.087 612.464
805.380 475.429
805.673 457.951
805.966 651.158
806.258 616.755
806.551 647.125
806.844 635.091
807.137 736.246
807.430 569.859
807.723 544.773
808.016 735.550
808.308 775.274
808.601 585.981
808.894 548.945
809.187 645.182
809.480 688.813
809.773 595.672
810.066 600.310
810.359 666.387
810.651 707.101
810.944 461.442
811.237 442.750
811.530 669.807
811.825 626.054
812.119 492.238
812.414 436.752
812.709 554.379
813.003 641.548
813.298 558.002
813.593 608.792
813.887 620.336
814.182 859.945
814.476 764.386
814.771 775.568
815.066 694.759
815.360 541.628
815.655 523.349
815.950 567.640
816.244 645.985
816.539 755.370
816.834 679.951
817.128 680.659
817.423 743.180
817.718 923.388
818.012 725.217
818.307 490.882
818.602 607.699
818.896 670.563
819.191 618.851
819.486 576.885
819.780 702.543
820.075 886.670
820.369 843.016
820.664 656.533
820.959 709.342
821.253 750.506
821.548 660.364
821.843 726.132
822.137 746.651
822.432 699.263
822.727 659.339
823.021 624.550
823.316 755.834
823.611 771.043
823.905 649.905
824.200 570.919
824.495 653.362
824.789 683.967
825.084 698.012
825.379 611.210
825.673 650.940
825.968 732.756
826.262 686.936
826.557 733.773
826.852 719.208
827.146 695.868
827.441 663.331
827.736 716.066
828.030 672.208
828.325 494.226
828.620 681.076
828.914 790.210
829.209 613.984
829.504 781.139
829.798 782.674
830.093 623.298
830.388 570.458
830.682 470.609
830.977 638.610
831.271 704.509
831.566 562.454
831.861 608.266
832.155 606.790
832.450 712.987
832.745 776.039
833.039 648.275
833.334 529.432
833.629 596.339
833.923 586.677
834.218 581.732
834.513 575.412
834.807 540.228
835.102 490.448
835.397 539.857
835.691 505.298
835.986 539.195
836.281 540.562
836.575 548.852
836.870 561.464
837.164 562.026
837.459 522.427
837.754 587.869
838.048 585.118
838.343 509.308
838.638 564.295
838.932 620.718
839.227 594.316
839.522 636.327
839.816 592.512
840.111 569.080
840.406 564.350
840.700 689.309
840.995 831.762
841.290 830.572
841.584 668.179
841.879 744.227
842.174 670.995
842.468 662.676
842.763 508.073
843.057 610.800
843.352 643.165
843.647 641.272
843.941 679.832
844.236 726.468
844.531 722.031
844.825 661.509
845.120 724.801
845.415 806.291
845.709 704.998
846.004 783.460
846.299 657.749
846.593 780.913
846.888 736.072
847.183 626.133
847.477 559.134
847.772 607.724
848.066 675.474
848.361 732.836
848.656 700.618
848.950 663.376
849.245 795.728
849.540 649.289
849.834 808.123
850.129 840.027
850.424 674.530
850.718 662.675
851.013 791.425
851.308 780.197
851.602 768.730
851.897 813.091
852.192 858.310
852.486 709.737
852.781 629.568
853.076 760.166
853.370 769.607
853.665 799.369
853.959 807.832
854.254 675.796
854.549 858.411
854.843 774.142
855.138 635.725
855.433 736.943
855.727 836.802
856.022 695.757
856.317 659.996
856.611 696.812
856.906 612.549
857.201 732.951
857.495 884.569
857.790 828.845
858.085 695.800
858.379 693.496
858.674 578.082
858.969 520.913
859.263 629.697
859.558 668.378
859.852 524.065
860.147 657.797
860.442 820.681
860.736 567.467
861.031 679.638
861.326 809.065
861.620 731.359
861.915 801.918
862.210 822.954
862.504 631.697
862.799 744.154
863.094 823.434
863.388 662.463
863.683 605.569
863.978 588.674
864.272 614.815
864.567 600.300
864.861 581.254
865.156 586.141
865.451 517.295
865.745 662.313
866.040 738.023
866.335 745.783
866.629 794.411
866.924 667.875
867.219 623.531
867.513 748.929
867.808 647.216
868.103 609.143
868.397 680.401
868.692 696.209
868.987 569.383
869.281 521.879
869.576 652.587
869.871 713.006
870.165 576.574
870.460 490.354
870.754 577.860
871.049 522.161
871.344 658.762
871.638 691.373
871.933 582.633
872.228 575.180
872.522 524.946
872.817 678.479
873.112 894.733
873.406 711.637
873.701 750.673
873.996 735.590
874.290 671.655
874.585 570.362
874.880 660.993
875.174 618.467
875.469 574.402
875.764 657.835
876.058 605.139
876.353 472.687
876.647 469.309
876.942 547.564
877.237 611.075
877.531 642.733
877.826 644.991
878.121 614.645
878.415 564.689
878.710 560.254
879.005 666.011
879.299 607.587
879.594 565.062
879.889 437.662
880.183 433.099
880.478 554.438
880.773 556.214
881.067 569.167
881.362 582.071
881.656 512.268
881.951 539.582
882.246 441.144
882.540 531.585
882.835 561.380
883.130 544.345
883.424 496.156
883.719 492.517
884.014 631.563
884.308 558.138
884.603 451.268
884.898 469.979
885.192 587.053
885.487 609.646
885.782 524.224
886.076 630.305
886.371 625.593
886.666 381.095
886.960 457.824
887.255 529.044
887.549 498.618
887.844 674.677
888.139 726.359
888.433 668.136
888.728 566.604
889.023 546.187
889.317 607.284
889.612 468.581
889.907 491.184
890.201 604.468
890.496 641.962
890.791 614.019
891.085 554.351
891.380 567.600
891.675 559.277
891.969 594.622
892.264 495.262
892.559 464.844
892.853 611.777
893.148 552.651
893.442 511.158
893.737 603.328
894.032 516.462
894.326 418.674
894.621 508.551
894.916 449.926
895.210 505.926
895.505 603.566
895.800 547.522
896.094 440.651
896.389 475.965
896.684 499.362
896.978 500.696
897.273 454.729
897.568 581.545
897.862 612.130
898.157 526.375
898.451 643.664
898.746 606.505
899.041 683.224
899.335 635.404
899.630 526.933
899.925 542.419
900.219 631.888
900.514 692.468
900.809 542.190
901.103 443.545
901.398 613.181
901.693 535.576
901.987 519.129
902.282 629.984
902.577 516.934
902.871 415.769
903.166 507.139
903.461 604.029
903.755 618.877
904.050 599.940
904.344 430.469
904.639 470.451
904.934 515.766
905.228 477.134
905.523 417.117
905.818 476.210
906.112 636.579
906.407 604.344
906.702 527.688
906.996 585.938
907.291 560.474
907.586 470.700
907.880 650.012
908.175 605.157
908.470 620.620
908.764 668.204
909.059 716.487
909.354 632.949
909.648 554.997
909.943 578.751
910.237 701.502
910.532 729.378
910.827 744.053
911.121 708.964
911.416 605.497
911.711 609.183
912.005 654.513
912.300 630.821
912.599 669.584
912.898 567.835
913.196 615.807
913.495 655.704
913.794 733.140
914.093 650.760
914.391 637.096
914.690 690.194
914.989 684.312
915.288 777.899
915.586 670.016
915.885 484.014
916.184 435.213
916.483 494.321
916.782 595.823
917.080 621.208
917.379 612.029
917.678 531.560
917.977 629.484
918.275 662.255
918.574 637.584
918.873 663.839
919.172 628.004
919.471 563.728
919.769 582.509
920.068 498.626
920.367 465.139
920.666 496.715
920.964 594.317
921.263 540.558
921.562 538.715
921.861 660.327
922.159 584.023
922.458 616.040
922.757 619.792
923.056 560.699
923.355 569.212
923.653 644.637
923.952 598.018
924.251 490.348
924.550 655.372
924.848 693.885
925.147 541.349
925.446 563.721
925.745 722.903
926.043 684.511
926.342 633.625
926.641 544.268
926.940 602.084
927.239 607.934
927.537 703.329
927.836 657.191
928.135 653.463
928.434 747.280
928.732 704.421
929.031 685.099
929.330 718.309
929.629 708.490
929.927 663.615
930.226 591.490
930.525 650.092
930.824 736.598
931.123 612.350
931.421 680.729
931.720 709.002
932.019 718.382
932.318 709.737
932.616 688.921
932.915 664.290
933.214 685.977
933.513 736.619
933.812 686.596
934.110 746.126
934.409 861.212
934.708 743.824
935.007 942.837
935.305 896.373
935.604 683.557
935.903 792.658
936.202 872.552
936.500 950.324
936.799 1044.446
937.098 939.073
937.397 849.308
937.696 784.311
937.994 761.960
938.293 861.271
938.592 739.389
938.891 756.819
939.189 821.248
939.488 907.648
939.787 1096.674
940.086 937.226
940.384 861.680
940.683 801.259
940.982 738.958
941.281 813.247
941.580 1119.774
941.878 1158.113
942.177 921.475
942.476 881.730
942.775 914.725
943.073 783.797
943.372 753.335
943.671 1015.812
943.970 1131.468
944.268 973.354
944.567 761.418
944.866 816.986
945.165 840.624
945.464 783.702
945.762 645.638
946.061 895.742
946.360 999.802
946.659 1022.738
946.957 971.298
947.256 958.648
947.555 847.096
947.854 893.935
948.153 824.318
948.451 794.585
948.750 919.461
949.049 877.497
949.348 1016.368
949.646 895.038
949.945 861.930
950.244 1006.714
950.543 916.868
950.841 803.989
951.140 781.168
951.439 625.505
951.738 685.812
952.037 777.667
952.335 867.142
952.634 865.094
952.933 754.542
953.232 781.965
953.530 604.385
953.829 882.155
954.128 1012.623
954.427 883.347
954.725 926.235
955.024 883.572
955.323 903.922
955.622 791.418
955.921 690.986
956.219 738.414
956.518 675.213
956.817 734.475
957.116 752.864
957.414 793.843
957.713 686.839
958.012 559.293
958.311 508.969
958.610 757.506
958.908 806.483
959.207 832.832
959.506 807.349
959.805 770.734
960.103 822.082
960.402 789.652
960.701 624.035
961.000 620.111
961.298 672.214
961.597 785.325
961.896 722.437
962.195 729.536
962.494 810.089
962.792 729.735
963.091 666.303
963.390 650.929
963.689 674.703
963.987 743.593
964.286 852.576
964.585 864.394
964.884 746.623
965.182 586.186
965.481 925.164
965.780 1105.704
966.080 964.967
966.380 855.454
966.680 766.241
966.981 681.029
967.281 678.520
967.581 657.207
967.881 751.032
968.181 762.768
968.481 690.535
968.781 668.251
969.082 569.694
969.382 651.012
969.682 730.301
969.982 796.556
970.282 830.731
970.582 670.762
970.882 605.810
971.183 747.699
971.483 665.162
971.783 637.341
972.083 744.355
972.383 768.005
972.683 740.554
972.983 807.044
973.284 721.250
973.584 691.680
973.884 731.576
974.184 708.046
974.484 753.242
974.784 593.682
975.084 562.600
975.385 606.186
975.685 743.051
975.985 691.515
976.285 703.050
976.585 679.573
976.885 586.506
977.185 583.468
977.486 650.176
977.786 639.322
978.086 727.285
978.386 741.420
978.686 621.975
978.986 571.763
979.286 602.771
979.587 666.779
979.887 553.787
980.187 529.794
980.487 529.802
980.787 684.810
981.087 628.818
981.387 775.826
981.688 656.833
981.988 529.841
982.288 491.849
982.588 586.857
982.888 664.864
983.188 590.872
983.488 676.880
983.789 685.888
984.089 676.895
984.389 647.903
984.689 601.911
984.989 525.918
985.289 562.926
985.589 734.934
985.890 659.941
986.190 506.949
986.490 582.957
986.790 752.964
987.090 675.972
987.390 697.980
987.690 761.987
987.991 547.995
988.291 559.003
988.591 594.010
988.891 490.018
989.191 538.025
989.491 691.033
989.791 640.040
990.092 635.048
990.392 669.056
990.692 649.063
990.992 679.071
991.292 544.078
991.592 654.086
991.892 653.093
992.193 723.101
992.493 681.108
992.793 578.116
993.093 572.123
993.393 548.131
993.693 589.138
993.993 691.146
994.294 720.153
994.594 615.161
994.894 594.168
995.194 615.176
995.494 508.183
995.794 573.191
996.094 607.198
996.395 645.205
996.695 713.213
996.995 541.220
997.295 476.228
997.595 556.235
997.895 488.242
998.195 423.250
998.496 530.257
998.796 549.265
999.096 735.272
999.396 635.279
999.696 666.287
999.996 709.294
1000.296 775.301
1000.597 741.309
1000.897 618.316
1001.197 641.323
1001.497 769.331
1001.797 580.338
1002.097 494.345
1002.397 573.352
1002.698 611.360
1002.998 715.367
1003.298 644.374
1003.598 549.381
1003.898 510.389
1004.198 662.396
1004.498 716.403
1004.799 670.410
1005.099 727.418
1005.399 722.425
1005.699 751.432
1005.999 696.439
1006.299 592.447
1006.599 870.454
1006.900 832.461
1007.200 649.468
1007.500 688.475
1007.800 612.482
1008.100 531.490
1008.400 568.497
1008.700 575.504
1009.001 546.511
1009.301 600.518
1009.601 790.525
1009.901 823.532
1010.201 664.539
1010.501 612.547
1010.801 760.554
1011.102 631.561
1011.402 653.568
1011.702 553.575
1012.002 479.582
1012.302 641.589
1012.602 672.596
1012.902 664.603
1013.203 674.610
1013.503 771.617
1013.803 723.624
1014.103 563.631
1014.403 623.638
1014.703 586.645
1015.003 550.652
1015.304 692.659
1015.604 765.666
1015.904 564.673
1016.204 528.680
1016.504 570.687
1016.804 608.694
1017.104 582.701
1017.405 550.708
1017.705 547.715
1018.005 552.722
1018.305 574.729
1018.605 609.736
1018.905 504.743
1019.205 511.750
1019.506 838.757
1019.806 816.764
1020.106 699.771
1020.406 676.777
1020.706 658.784
1021.006 687.791
1021.306 855.798
1021.607 701.805
1021.907 756.812
1022.207 681.819
1022.507 508.826
1022.807 521.832
1023.107 599.839
1023.407 576.846
1023.708 606.853
1024.008 582.860
1024.308 618.866
1024.608 596.873
1024.908 536.880
1025.208 600.887
1025.508 791.894
1025.809 714.900
1026.109 549.907
1026.409 640.914
1026.709 700.921
1027.009 661.928
1027.309 667.934
1027.609 551.941
1027.910 550.948
1028.210 665.954
1028.510 760.961
1028.810 901.968
1029.110 828.975
1029.410 722.981
1029.710 804.988
1030.011 754.995
1030.311 775.001
1030.611 671.008
1030.911 673.015
1031.211 723.021
1031.511 611.028
1031.811 775.035
1032.112 779.041
1032.412 609.048
1032.712 481.055
1033.012 586.061
1033.312 735.068
1033.612 623.075
1033.912 588.081
1034.212 581.088
1034.513 553.094
1034.813 546.101
1035.113 635.108
1035.413 525.114
1035.713 558.121
1036.013 631.127
1036.313 609.134
1036.614 678.140
1036.914 636.147
1037.214 502.154
1037.514 636.160
1037.814 616.167
1038.114 606.173
1038.414 605.180
1038.715 733.186
1039.015 605.193
1039.315 439.199
1039.615 585.206
1039.915 574.212
1040.215 509.219
1040.515 587.225
1040.816 700.232
1041.116 685.238
1041.416 631.245
1041.716 538.251
1042.016 515.258
1042.316 698.264
1042.616 632.271
1042.917 507.277
1043.217 549.283
1043.517 599.290
1043.817 687.296
1044.117 662.303
1044.417 656.309
1044.717 604.315
1045.018 562.322
1045.318 675.328
1045.618 704.335
1045.918 623.341
1046.218 487.347
1046.518 539.354
1046.818 659.360
1047.119 611.367
1047.419 781.373
1047.719 679.379
1048.019 605.386
1048.319 676.392
1048.619 617.398
1048.919 631.405
1049.220 542.411
1049.520 649.417
1049.820 645.424
1050.120 526.430
1050.420 733.436
1050.720 693.442
1051.020 618.449
1051.321 635.455
1051.621 748.461
1051.921 673.468
1052.221 531.474
1052.521 481.480
1052.821 481.486
1053.121 592.493
1053.422 687.499
1053.722 704.505
1054.022 560.511
1054.322 693.518
1054.622 635.524
1054.922 556.530
1055.222 634.536
1055.523 687.542
1055.823 693.549
1056.123 703.555
1056.423 622.561
1056.723 707.567
1057.023 646.573
1057.323 472.579
1057.624 599.586
1057.924 675.592
1058.224 680.598
1058.524 610.604
1058.824 705.610
1059.124 659.616
1059.424 546.623
1059.725 665.629
1060.025 580.635
1060.325 583.641
1060.625 614.647
1060.925 602.653
1061.225 603.659
1061.525 737.665
1061.826 639.671
1062.126 616.677
1062.426 665.684
1062.726 709.690
1063.026 699.696
1063.326 825.702
1063.626 783.708
1063.927 681.714
1064.227 676.720
1064.527 590.726
1064.827 767.732
1065.127 653.738
1065.427 450.744
1065.727 513.750
1066.028 674.756
1066.328 725.762
1066.628 549.768
1066.928 519.774
1067.228 563.780
1067.528 583.786
1067.828 548.792
1068.129 482.798
1068.429 669.804
1068.729 764.810
1069.029 611.816
1069.329 521.822
1069.629 638.828
1069.929 703.834
1070.230 775.840
1070.530 721.846
1070.830 592.852
1071.130 689.858
1071.430 625.864
1071.730 648.869
1072.030 735.875
1072.331 584.881
1072.631 599.887
1072.931 687.893
1073.231 729.899
1073.531 629.905
1073.831 581.911
1074.131 687.917
1074.432 803.922
1074.732 698.928
1075.032 554.934
1075.332 540.940
1075.632 599.946
1075.932 564.952
1076.232 544.958
1076.533 533.963
1076.833 629.969
1077.133 573.975
1077.433 529.981
1077.733 610.987
1078.033 755.993
1078.333 704.998
1078.634 668.004
1078.934 712.010
1079.234 579.016
1079.534 705.022
1079.834 791.027
1080.134 690.033
1080.434 696.039
1080.735 605.045
1081.035 608.050
1081.335 504.056
1081.635 521.062
1081.935 537.068
1082.235 526.073
1082.535 530.079
1082.836 616.085
1083.136 648.091
1083.436 735.096
1083.736 700.102
1084.036 597.108
1084.336 595.113
1084.636 604.119
1084.937 716.125
1085.237 763.130
1085.537 688.136
1085.837 679.142
1086.137 582.148
1086.437 703.153
1086.737 643.159
1087.038 631.165
1087.338 758.170
1087.638 746.176
1087.938 529.181
1088.238 412.187
1088.538 549.193
1088.838 654.198
1089.139 697.204
1089.439 566.210
1089.739 677.215
1090.039 709.221
1090.339 784.227
1090.639 592.232
1090.939 652.238
1091.240 564.243
1091.540 602.249
1091.840 620.254
1092.140 704.260
1092.453 671.266
1092.766 582.271
1093.079 548.277
1093.392 586.282
1093.705 567.288
1094.018 601.293
1094.330 753.299
1094.643 708.305
1094.956 730.310
1095.269 630.316
1095.582 689.321
1095.895 585.327
1096.208 576.332
1096.521 620.338
1096.834 631.343
1097.147 592.349
1097.460 645.354
1097.773 728.360
1098.085 639.365
1098.398 575.371
1098.711 559.376
1099.024 511.382
1099.337 640.387
1099.650 727.393
1099.963 696.398
1100.276 524.403
1100.589 527.409
1100.902 578.414
1101.215 630.420
1101.528 764.425
1101.841 685.431
1102.153 665.436
1102.466 723.442
1102.779 546.447
1103.092 504.452
1103.405 605.458
1103.718 565.463
1104.031 508.469
1104.344 627.474
1104.657 632.479
1104.970 932.485
1105.283 695.490
1105.596 538.496
1105.909 576.501
1106.221 614.506
1106.534 603.512
1106.847 527.517
1107.160 473.522
1107.473 493.528
1107.786 593.533
1108.099 490.538
1108.412 557.544
1108.725 625.549
1109.038 523.554
1109.351 625.560
1109.664 648.565
1109.977 521.570
1110.289 552.576
1110.602 580.581
1110.915 598.586
1111.228 583.592
1111.541 538.597
1111.854 530.602
1112.167 450.608
1112.480 516.613
1112.793 577.618
1113.106 598.623
1113.419 650.629
1113.732 583.634
1114.044 478.639
1114.357 549.644
1114.670 568.650
1114.983 508.655
1115.296 525.660
1115.609 624.665
1115.922 628.671
1116.235 628.676
1116.548 642.681
1116.861 610.686
1117.174 561.692
1117.487 592.697
1117.800 796.702
1118.112 672.707
1118.425 568.712
1118.738 538.718
1119.051 518.723
1119.364 585.728
1119.677 627.733
1119.990 605.738
1120.303 634.743
1120.616 722.749
1120.929 629.754
1121.242 691.759
1121.555 656.764
1121.868 657.769
1122.180 632.774
1122.493 440.780
1122.806 512.785
1123.119 669.790
1123.432 641.795
1123.745 584.800
1124.058 551.805
1124.371 538.810
1124.684 684.815
1124.997 631.820
1125.310 610.826
1125.623 527.831
1125.935 467.836
1126.248 559.841
1126.561 639.846
1126.874 601.851
1127.187 746.856
1127.500 748.861
1127.813 639.866
1128.126 660.871
1128.439 660.876
1128.752 778.881
1129.065 594.887
1129.378 382.892
1129.691 531.897
1130.003 630.902
1130.316 606.907
1130.629 518.912
1130.942 619.917
1131.255 630.922
1131.568 543.927
1131.881 592.932
1132.194 649.937
1132.507 611.942
1132.820 642.947
1133.133 704.952
1133.446 553.957
1133.759 738.962
1134.071 1197.967
1134.384 870.972
1134.697 772.977
1135.010 858.982
1135.323 632.987
1135.636 475.992
1135.949 485.997
1136.262 514.002
1136.575 573.007
1136.888 568.012
1137.201 570.016
1137.514 577.021
1137.826 654.026
1138.139 553.031
1138.452 589.036
1138.765 811.041
1139.078 797.046
1139.391 760.051
1139.704 714.056
1140.017 708.061
1140.330 565.066
1140.643 520.071
1140.956 555.076
1141.269 562.080
1141.582 612.085
1141.894 570.090
1142.207 751.095
1142.520 667.100
1142.833 687.105
1143.146 593.110
1143.459 502.115
1143.772 570.119
1144.085 660.124
1144.398 539.129
1144.711 511.134
1145.024 567.139
1145.337 625.144
1145.650 650.148
1145.962 529.153
1146.275 559.158
1146.588 489.163
1146.901 675.168
1147.214 686.173
1147.527 573.177
1147.840 578.182
1148.153 495.187
1148.466 585.192
1148.779 615.197
1149.092 726.201
1149.405 595.206
1149.718 619.211
1150.030 683.216
1150.343 633.221
1150.656 513.225
1150.969 537.230
1151.282 790.235
1151.595 704.240
1151.908 581.244
1152.221 459.249
1152.534 538.254
1152.847 785.259
1153.160 712.263
1153.473 720.268
1153.785 707.273
1154.098 647.278
1154.411 753.282
1154.724 655.287
1155.037 732.292
1155.350 690.297
1155.663 703.301
1155.976 582.306
1156.289 645.311
1156.602 590.315
1156.915 487.320
1157.228 476.325
1157.541 564.329
1157.853 585.334
1158.166 685.339
1158.479 710.344
1158.792 643.348
1159.105 645.353
1159.418 644.358
1159.731 633.362
1160.044 631.367
1160.357 826.372
1160.670 743.376
1160.983 528.381
1161.296 631.385
1161.609 739.390
1161.921 611.395
1162.234 529.399
1162.547 397.404
1162.860 457.409
1163.173 513.413
1163.486 603.418
1163.799 621.423
1164.112 581.427
1164.425 597.432
1164.738 548.436
1165.051 491.441
1165.364 576.446
1165.676 607.450
1165.989 630.455
1166.302 557.459
1166.615 702.464
1166.928 731.468
1167.241 742.473
1167.554 714.478
1167.867 655.482
1168.180 601.487
1168.493 496.491
1168.806 569.496
1169.119 552.500
1169.432 675.505
1169.744 673.510
1170.057 640.514
1170.370 720.519
1170.683 708.523
1170.996 584.528
1171.309 588.532
1171.622 540.537
1171.935 519.541
1172.248 760.546
1172.561 753.550
1172.874 658.555
1173.187 676.559
1173.500 706.564
1173.812 710.568
1174.125 650.573
1174.438 648.577
1174.751 528.582
1175.064 564.586
1175.377 715.591
1175.690 594.595
1176.003 546.600
1176.316 556.604
1176.629 572.609
1176.942 577.613
1177.255 544.618
1177.567 446.622
1177.880 545.626
1178.193 632.631
1178.506 578.635
1178.819 670.640
1179.132 723.644
1179.445 544.649
1179.758 693.653
1180.071 730.658
1180.384 555.662
1180.697 617.666
1181.010 653.671
1181.323 752.675
1181.635 789.680
1181.948 698.684
1182.261 575.688
1182.574 534.693
1182.887 654.697
1183.200 797.702
1183.513 763.706
1183.826 701.710
1184.139 686.715
1184.452 663.719
1184.765 625.724
1185.078 521.728
1185.391 584.732
1185.703 557.737
1186.016 461.741
1186.329 484.745
1186.642 591.750
1186.955 710.754
1187.268 597.758
1187.581 619.763
1187.894 633.767
1188.207 681.771
1188.520 605.776
1188.833 586.780
1189.146 509.784
1189.459 416.789
1189.771 534.793
1190.084 681.797
1190.397 530.802
1190.710 613.806
1191.023 666.810
1191.336 628.815
1191.649 581.819
1191.962 639.823
1192.275 531.828
1192.588 613.832
1192.901 733.836
1193.214 535.840
1193.526 532.845
1193.839 686.849
1194.152 585.853
1194.465 690.858
1194.778 582.862
1195.091 616.866
1195.404 582.870
1195.717 580.875
1196.030 704.879
1196.343 617.883
1196.656 516.887
1196.969 590.892
1197.282 685.896
1197.594 648.900
1197.907 743.904
1198.220 738.909
1198.533 582.913
1198.846 580.917
1199.159 586.921
1199.472 612.925
1199.785 708.930
1200.098 582.934
1200.411 673.938
1200.724 618.942
1201.037 517.947
1201.350 489.951
1201.662 528.955
1201.975 607.959
1202.288 645.963
1202.601 227.967
