165.028 227.870
165.288 185.535
165.547 247.203
165.807 296.874
166.067 230.549
166.327 160.227
166.587 154.909
166.847 338.593
167.107 335.281
167.367 308.972
167.627 313.666
167.886 249.363
168.146 261.064
168.406 489.767
168.666 479.474
168.926 392.183
169.186 381.895
169.446 374.611
169.706 170.329
169.966 266.050
170.225 328.774
170.485 394.501
170.745 426.230
171.005 568.962
171.265 399.697
171.525 335.435
171.785 277.175
172.045 282.918
172.305 429.664
172.564 333.412
172.824 208.163
173.084 356.916
173.344 321.671
173.604 388.430
173.864 472.190
174.124 452.953
174.384 409.718
174.644 520.486
174.903 664.256
175.163 622.028
175.423 585.802
175.683 340.579
175.943 448.358
176.203 457.139
176.463 342.922
176.723 334.707
176.983 400.495
177.242 415.284
177.502 545.075
177.762 602.869
178.022 424.664
178.282 406.461
178.542 367.260
178.802 322.061
179.062 328.864
179.322 636.668
179.581 623.475
179.841 428.283
180.101 479.093
180.361 476.904
180.621 404.718
180.881 404.532
181.141 453.349
181.401 446.167
181.661 516.987
181.920 624.808
182.180 504.630
182.440 382.454
182.700 342.280
182.960 389.107
183.220 458.935
183.480 651.765
183.740 554.596
184.000 474.429
184.259 333.262
184.519 438.097
184.779 408.933
185.039 487.771
185.299 644.609
185.559 659.449
185.819 645.290
186.079 622.132
186.339 531.975
186.598 466.819
186.858 344.664
187.118 349.511
187.378 504.358
187.638 519.206
187.898 635.055
188.158 642.905
188.418 457.755
188.678 437.607
188.937 491.460
189.197 487.313
189.457 507.167
189.717 442.022
189.977 292.877
190.237 339.734
190.497 551.591
190.757 524.448
191.017 500.306
191.276 421.165
191.536 428.025
191.796 396.885
192.056 397.745
192.316 439.607
192.576 397.468
192.836 347.330
193.096 379.193
193.356 362.056
193.616 431.919
193.875 409.783
194.135 374.647
194.395 510.512
194.655 559.377
194.915 480.242
195.175 433.107
195.435 507.973
195.695 269.839
195.955 135.705
196.214 322.572
196.474 489.438
196.734 417.305
196.994 430.172
197.254 402.039
197.514 323.906
197.774 337.773
198.034 273.641
198.294 271.508
198.553 395.375
198.813 374.243
199.073 225.110
199.333 234.977
199.593 424.845
199.853 412.712
200.113 484.579
200.373 487.446
200.633 247.313
200.892 255.180
201.152 243.046
201.412 220.913
201.672 390.779
201.932 577.645
202.192 478.511
202.452 318.376
202.712 303.242
202.972 358.107
203.231 403.971
203.491 321.836
203.751 371.700
204.011 400.564
204.271 479.427
204.531 295.290
204.791 267.153
205.051 320.015
205.311 370.877
205.570 305.738
205.830 318.599
206.090 270.460
206.350 391.320
206.610 568.179
206.870 342.038
207.130 241.896
207.390 289.754
207.650 275.612
207.909 358.468
208.169 421.325
208.429 395.180
208.689 230.035
208.949 341.890
209.209 441.743
209.469 236.596
209.729 185.449
209.989 275.301
210.248 210.152
210.508 527.002
210.768 505.852
211.028 329.701
211.288 419.549
211.548 389.396
211.808 351.243
212.068 501.089
212.328 543.934
212.587 494.778
212.847 364.622
213.107 447.464
213.367 470.306
213.627 383.147
213.887 374.987
214.147 221.827
214.407 341.665
214.667 373.502
214.926 416.339
215.186 390.175
215.446 378.010
215.706 299.843
215.966 297.676
216.226 327.508
216.486 311.339
216.746 354.169
217.006 359.998
217.265 314.827
217.525 218.654
217.785 310.480
218.045 433.305
218.305 341.129
218.565 303.952
218.825 419.774
219.085 523.595
219.345 338.414
219.604 252.233
219.864 382.051
220.124 412.868
220.384 423.683
220.644 452.497
220.904 352.311
221.164 385.123
221.424 329.934
221.684 261.744
221.943 325.553
222.203 471.360
222.463 367.167
222.723 273.972
222.983 383.776
223.243 343.579
223.503 362.381
223.763 373.182
224.023 292.981
224.282 435.779
224.542 481.576
224.802 436.372
225.062 478.167
225.322 595.960
225.582 480.752
225.842 409.543
226.102 409.333
226.362 448.121
226.621 454.908
226.881 381.694
227.141 446.479
227.401 472.262
227.661 360.044
227.921 539.825
228.181 432.604
228.441 398.382
228.701 593.159
228.960 538.935
229.220 328.709
229.480 282.482
229.740 471.254
230.000 576.024
230.260 393.793
230.520 333.561
230.780 337.327
231.040 379.092
231.299 363.855
231.559 396.618
231.819 366.379
232.079 444.138
232.339 475.896
232.599 313.653
232.859 431.409
233.119 516.163
233.379 337.915
233.638 387.667
233.898 458.417
234.158 452.165
234.418 345.913
234.678 417.658
234.938 473.403
235.198 367.146
235.458 300.887
235.718 393.627
235.978 401.366
236.237 396.104
236.497 411.840
236.757 532.574
237.017 523.307
237.277 381.039
237.537 363.769
237.797 356.498
238.057 444.226
238.317 401.952
238.576 304.676
238.836 376.399
239.096 464.121
239.356 395.841
239.616 390.560
239.876 449.278
240.136 430.994
240.396 523.708
240.656 618.421
240.915 523.133
241.175 406.843
241.435 343.552
241.695 452.259
241.955 519.965
242.215 580.669
242.475 529.372
242.735 380.074
242.995 482.774
243.254 530.472
243.514 430.169
243.774 249.865
244.034 313.559
244.294 610.252
244.554 520.943
244.814 471.633
245.074 391.321
245.334 361.008
245.593 438.693
245.853 451.377
246.113 354.060
246.373 440.741
246.633 475.420
246.893 425.098
247.153 468.775
247.413 548.450
247.673 512.123
247.932 441.796
248.192 504.466
248.452 602.136
248.712 479.803
248.972 323.470
249.232 500.134
249.492 392.798
249.752 295.460
250.012 427.120
250.271 401.779
250.531 457.437
250.791 701.093
251.051 660.747
251.311 467.400
251.571 299.052
251.831 413.702
252.091 496.351
252.351 415.998
252.610 396.644
252.870 541.288
253.130 467.931
253.390 424.572
253.650 488.212
253.911 541.851
254.172 556.487
254.433 461.123
254.694 361.757
254.955 486.390
255.216 459.021
255.477 562.651
255.738 451.279
255.999 368.906
256.261 613.531
256.522 616.155
256.783 533.777
257.044 338.398
257.305 257.018
257.566 229.636
257.827 236.252
258.088 380.868
258.349 391.481
258.610 411.094
258.871 502.704
259.132 600.314
259.393 435.922
259.654 366.528
259.915 332.133
260.176 371.737
260.437 483.339
260.698 445.940
260.959 374.540
261.221 496.137
261.482 573.734
261.743 476.329
262.004 474.923
262.265 649.515
262.526 640.106
262.787 488.695
263.048 408.283
263.309 405.870
263.570 507.455
263.831 463.039
264.092 419.621
264.353 253.202
264.614 557.782
264.875 561.360
265.136 405.936
265.397 650.512
265.658 757.086
265.919 704.658
266.181 612.229
266.442 467.799
266.703 390.367
266.964 338.934
267.225 351.500
267.486 431.064
267.747 529.627
268.008 549.188
268.269 592.748
268.530 608.307
268.791 553.864
269.052 538.420
269.313 519.975
269.574 505.528
269.835 488.080
270.096 498.630
270.357 530.179
270.618 496.727
270.879 417.273
271.141 468.818
271.402 472.362
271.663 403.904
271.924 493.445
272.185 544.985
272.446 520.523
272.707 499.060
272.968 499.595
273.229 411.130
273.490 377.663
273.751 383.194
274.012 435.724
274.273 552.253
274.534 541.781
274.795 551.307
275.056 551.832
275.317 385.356
275.578 358.878
275.839 476.399
276.101 449.919
276.362 419.437
276.623 398.954
276.884 497.470
277.145 555.985
277.406 557.498
277.667 453.010
277.928 418.520
278.189 660.029
278.450 609.538
278.711 535.044
278.972 570.550
279.233 468.054
279.494 556.557
279.755 677.058
280.016 676.559
280.277 588.058
280.538 589.556
280.799 436.052
281.061 454.547
281.322 466.041
281.583 460.534
281.844 407.026
282.105 439.516
282.366 531.005
282.627 511.493
282.888 555.979
283.149 570.464
283.410 498.948
283.671 545.431
283.932 508.913
284.193 367.393
284.454 455.872
284.715 578.350
284.976 558.827
285.237 629.302
285.498 845.776
285.759 753.249
286.021 650.721
286.282 598.192
286.543 675.661
286.804 612.129
287.065 608.596
287.326 641.062
287.587 513.526
287.848 584.990
288.109 703.452
288.370 675.913
288.631 465.373
288.892 399.831
289.153 429.289
289.414 431.745
289.675 646.200
289.936 731.654
290.197 676.107
290.458 600.559
290.719 470.009
290.981 601.458
291.242 733.906
291.503 635.353
291.764 508.799
292.025 370.244
292.286 378.687
292.547 514.130
292.808 524.571
293.069 604.011
293.330 580.450
293.591 617.888
293.852 564.324
294.113 516.760
294.374 560.194
294.635 569.627
294.896 662.060
295.157 679.491
295.418 662.921
295.679 680.349
295.941 615.777
296.202 659.204
296.463 629.629
296.724 660.054
296.985 714.477
297.246 646.899
297.507 502.320
297.768 502.740
298.029 653.159
298.290 776.577
298.551 824.994
298.812 812.410
299.073 586.824
299.334 477.238
299.595 670.650
299.856 654.062
300.117 759.472
300.378 666.881
300.639 498.289
300.901 484.697
301.162 579.103
301.423 631.508
301.684 777.912
301.945 841.315
302.206 643.717
302.467 617.118
302.728 529.517
302.989 572.916
303.250 622.314
303.511 700.711
303.772 683.106
304.033 654.501
304.294 642.895
304.555 591.287
304.816 630.679
305.077 637.069
305.338 513.459
305.599 449.848
305.861 504.235
306.122 677.622
306.383 624.007
306.644 558.392
306.905 483.775
307.166 705.158
307.427 669.540
307.688 561.920
307.949 562.300
308.210 566.678
308.471 589.056
308.732 565.433
308.993 446.808
309.254 535.183
309.515 470.557
309.776 561.930
310.037 552.301
310.298 435.672
310.559 506.042
310.821 582.411
311.082 546.779
311.343 473.146
311.604 432.512
311.865 435.877
312.126 429.241
312.387 509.604
312.648 532.967
312.909 532.328
313.170 550.689
313.434 596.048
313.698 524.407
313.963 590.764
314.227 497.121
314.491 544.477
314.755 560.832
315.019 559.185
315.284 434.539
315.548 545.891
315.812 529.242
316.076 647.592
316.340 619.942
316.604 523.290
316.869 595.638
317.133 618.984
317.397 682.330
317.661 689.675
317.925 623.019
318.190 574.362
318.454 496.704
318.718 437.046
318.982 598.386
319.246 674.726
319.511 776.065
319.775 575.402
320.039 573.739
320.303 621.075
320.567 660.411
320.832 591.745
321.096 567.079
321.360 517.411
321.624 506.743
321.888 479.074
322.153 480.404
322.417 448.733
322.681 367.062
322.945 517.389
323.209 543.716
323.473 547.042
323.738 517.367
324.002 516.691
324.266 722.015
324.530 673.337
324.794 542.659
325.059 505.980
325.323 473.300
325.587 487.619
325.851 479.938
326.115 623.255
326.380 588.572
326.644 566.888
326.908 559.203
327.172 492.517
327.436 531.831
327.701 583.144
327.965 543.456
328.229 579.767
328.493 408.077
328.757 404.387
329.022 554.696
329.286 467.004
329.550 486.311
329.814 530.617
330.078 581.923
330.342 564.228
330.607 557.532
330.871 596.835
331.135 726.138
331.399 679.439
331.663 535.740
331.928 544.041
332.192 582.340
332.456 559.639
332.720 606.937
332.984 597.234
333.249 553.530
333.513 506.826
333.777 422.121
334.041 408.415
334.305 523.709
334.570 585.001
334.834 477.293
335.098 630.584
335.362 671.875
335.626 604.164
335.891 489.453
336.155 502.742
336.419 510.029
336.683 394.316
336.947 546.602
337.211 531.887
337.476 463.172
337.740 558.456
338.004 562.739
338.268 486.021
338.532 535.303
338.797 504.584
339.061 613.865
339.325 678.144
339.589 734.423
339.853 585.701
340.118 497.979
340.382 655.255
340.646 735.532
340.910 503.807
341.174 507.082
341.439 516.356
341.703 557.629
341.967 520.902
342.231 478.174
342.495 487.445
342.759 639.715
343.024 624.985
343.288 662.255
343.552 579.523
343.816 401.791
344.080 482.058
344.345 537.325
344.609 450.591
344.873 382.856
345.137 556.120
345.401 678.384
345.666 434.647
345.930 556.910
346.194 658.172
346.458 508.433
346.722 457.694
346.987 435.954
347.251 566.213
347.515 775.471
347.779 592.729
348.043 513.987
348.308 576.243
348.572 453.500
348.836 308.755
349.100 406.010
349.364 428.264
349.628 456.517
349.893 491.770
350.157 584.023
350.421 554.274
350.685 597.525
350.949 535.776
351.214 395.025
351.478 474.274
351.742 545.523
352.006 552.771
352.270 496.018
352.535 429.265
352.799 469.511
353.063 606.756
353.327 516.001
353.591 396.245
353.856 489.489
354.120 553.732
354.384 641.974
354.648 742.216
354.912 696.458
355.177 573.698
355.441 491.938
355.705 683.178
355.969 741.417
356.233 635.655
356.497 579.892
356.762 582.130
357.026 527.366
357.290 554.602
357.554 588.837
357.818 624.072
358.083 576.306
358.347 543.540
358.611 548.773
358.875 584.005
359.139 558.237
359.404 460.469
359.668 533.699
359.932 688.930
360.196 746.159
360.460 579.388
360.725 574.617
360.989 650.845
361.253 773.072
361.517 662.299
361.781 679.525
362.046 685.751
362.310 704.976
362.574 722.201
362.838 592.425
363.102 584.649
363.366 626.872
363.631 548.094
363.895 546.316
364.159 675.537
364.423 633.758
364.687 688.978
364.952 714.198
365.216 738.417
365.480 655.636
365.747 529.854
366.013 562.072
366.280 550.289
366.546 672.506
366.813 611.722
367.079 653.937
367.346 679.152
367.612 613.367
367.879 680.581
368.145 774.794
368.412 601.007
368.678 518.219
368.945 613.431
369.211 606.643
369.478 618.854
369.744 563.064
370.011 585.274
370.278 573.483
370.544 518.692
370.811 592.900
371.077 598.108
371.344 504.316
371.610 603.523
371.877 601.729
372.143 630.935
372.410 720.140
372.676 821.345
372.943 757.549
373.209 641.753
373.476 560.957
373.742 512.160
374.009 601.362
374.276 625.564
374.542 655.766
374.809 533.967
375.075 435.167
375.342 466.367
375.608 531.567
375.875 557.766
376.141 716.964
376.408 709.162
376.674 644.360
376.941 556.557
377.207 578.754
377.474 1009.950
377.740 864.146
378.007 523.341
378.273 652.536
378.540 774.731
378.807 608.925
379.073 481.118
379.340 587.311
379.606 638.504
379.873 638.696
380.139 667.887
380.406 682.079
380.672 647.269
380.939 580.460
381.205 578.650
381.472 501.839
381.738 455.028
382.005 557.216
382.271 634.404
382.538 667.592
382.804 814.779
383.071 688.966
383.338 655.152
383.604 676.338
383.871 732.524
384.137 721.709
384.404 616.893
384.670 638.077
384.937 586.261
385.203 667.444
385.470 668.627
385.736 711.809
386.003 652.991
386.269 667.173
386.536 657.354
386.802 690.535
387.069 854.715
387.336 984.895
387.602 961.074
387.869 743.253
388.135 682.432
388.402 634.610
388.668 720.788
388.935 865.965
389.201 1018.142
389.468 929.319
389.734 909.495
390.001 836.671
390.267 843.846
390.534 961.021
390.800 939.195
391.067 981.369
391.333 993.543
391.600 857.716
391.867 861.889
392.133 870.062
392.400 781.234
392.666 706.405
392.933 970.577
393.199 1098.748
393.466 977.918
393.732 877.088
393.999 976.258
394.265 1010.427
394.532 922.596
394.798 1077.765
395.065 1075.933
395.331 1172.101
395.598 1345.268
395.864 1630.435
396.131 2024.602
396.398 2491.768
396.664 3157.934
396.931 4024.099
397.197 5421.264
397.464 6968.429
397.730 8720.593
397.997 9960.757
398.263 11106.921
398.530 12244.084
398.796 13511.247
399.063 14434.409
399.329 15021.571
399.596 15481.733
399.862 15760.895
400.129 16100.056
400.396 16170.216
400.662 16020.376
400.929 16191.536
401.195 16421.696
401.462 16743.855
401.728 17307.014
401.995 17922.172
402.261 18323.330
402.528 18887.488
402.794 19895.645
403.061 20677.802
403.327 21206.959
403.594 21854.115
403.860 22294.271
404.127 22538.427
404.393 22782.582
404.660 22901.737
404.931 23425.892
405.202 24311.046
405.473 24960.200
405.745 26231.353
406.016 27259.506
406.287 27637.659
406.558 27920.812
406.829 28302.964
407.100 28679.116
407.371 29417.267
407.642 29771.418
407.914 30090.569
408.185 30293.719
408.456 30638.869
408.727 31288.019
408.998 31532.169
409.269 31836.318
409.540 31625.466
409.811 30903.615
410.083 30771.763
410.354 30592.911
410.625 30197.058
410.896 29613.205
411.167 28860.352
411.438 28144.498
411.709 27065.645
411.981 26243.790
412.252 24619.936
412.523 23082.081
412.794 21851.226
413.065 20152.370
413.336 18576.514
413.607 17644.658
413.878 16579.802
414.150 15538.945
414.421 14538.088
414.692 13362.231
414.963 12437.373
415.234 11761.515
415.505 10870.656
415.776 9868.798
416.047 8881.939
416.319 7787.079
416.590 6685.220
416.861 5802.360
417.132 5421.500
417.403 4748.639
417.674 4016.778
417.945 3439.917
418.217 3035.056
418.488 2806.194
418.759 2418.332
419.030 2051.470
419.301 1910.607
419.572 1851.744
419.843 1790.881
420.114 1562.017
420.386 1494.153
420.657 1592.289
420.928 1375.425
421.199 1199.560
421.470 1139.695
421.741 1072.829
422.012 1105.964
422.283 1123.098
422.555 1093.232
422.826 1172.365
423.097 1298.498
423.368 1179.631
423.639 1030.764
423.910 1151.896
424.181 1117.028
424.453 1024.160
424.724 1267.291
424.995 1348.423
425.266 1177.554
425.537 1222.684
425.808 1444.814
426.079 1527.945
426.350 1517.074
426.622 1439.204
426.893 1609.333
427.164 1552.462
427.435 1461.591
427.706 1470.719
427.977 1522.847
428.248 1502.975
428.519 1625.102
428.791 1612.230
429.062 1695.357
429.333 1565.483
429.604 1503.610
429.875 1563.736
430.146 1616.862
430.417 1567.988
430.689 1574.113
430.960 1477.238
431.231 1481.363
431.502 1672.487
431.773 1555.612
432.044 1334.736
432.315 1575.859
432.586 1447.983
432.858 1301.106
433.129 1153.229
433.400 1177.352
433.671 1189.474
433.942 1066.596
434.213 935.718
434.484 983.840
434.755 1100.961
435.027 911.083
435.298 969.204
435.569 1042.324
435.840 933.445
436.116 906.565
436.391 953.685
436.667 982.804
436.942 1055.923
437.218 1130.043
437.493 1107.161
437.769 1167.280
438.045 1058.398
438.320 1007.517
438.596 1026.634
438.871 985.752
439.147 994.869
439.422 975.986
439.698 945.103
439.974 955.220
440.249 1107.336
440.525 1127.452
440.800 883.568
441.076 981.684
441.351 1170.799
441.627 1205.914
441.903 1164.029
442.178 1011.144
442.454 958.258
442.729 1159.373
443.005 1027.487
443.281 1064.600
443.556 1184.714
443.832 1105.827
444.107 934.940
444.383 1009.053
444.658 1100.165
444.934 937.278
445.210 1071.390
445.485 1147.501
445.761 1219.613
446.036 1169.724
446.312 1230.836
446.587 1207.946
446.863 1041.057
447.139 1112.168
447.414 1149.278
447.690 1181.388
447.965 1214.498
448.241 1235.607
448.516 1250.716
448.792 1267.825
449.068 1336.934
449.343 1368.043
449.619 1272.151
449.894 1354.259
450.170 1454.367
450.445 1699.475
450.721 1684.583
450.997 1483.690
451.272 1666.797
451.548 1660.904
451.823 1659.010
452.099 1856.117
452.375 1788.223
452.650 1795.329
452.926 1863.435
453.201 1848.540
453.477 2147.646
453.752 2062.751
454.028 1886.856
454.304 1935.960
454.579 2059.065
454.855 1999.169
455.130 1971.273
455.406 2102.377
455.681 1957.480
455.957 1793.584
456.233 1775.687
456.508 1764.790
456.784 1797.893
457.059 1708.995
457.335 1793.097
457.610 1631.200
457.886 1536.302
458.162 1490.403
458.437 1411.505
458.713 1548.606
458.988 1478.707
459.264 1443.808
459.539 1461.909
459.815 1396.009
460.091 1246.109
460.366 1174.210
460.642 1060.309
460.917 1035.409
461.193 1119.509
461.468 1032.608
461.744 984.707
462.020 949.806
462.295 988.904
462.571 990.003
462.846 1061.101
463.122 1154.199
463.397 1181.297
463.673 1067.328
463.949 1084.408
464.224 1164.425
464.500 1280.406
464.775 1310.784
465.051 1562.755
465.327 2034.942
465.602 2460.153
465.878 2788.381
466.153 2916.432
466.429 3333.028
466.704 3739.977
466.980 3959.552
467.256 4318.647
467.531 4701.443
467.807 5154.145
468.082 5336.605
468.358 5408.434
468.633 5552.329
468.909 5541.380
469.185 5625.435
469.460 5718.714
469.736 5791.032
470.011 5471.892
470.287 5423.221
470.562 5425.176
470.838 5227.918
471.114 5184.808
471.389 5021.265
471.665 4902.067
471.940 4899.024
472.216 4706.810
472.491 4290.192
472.767 4084.697
473.043 3962.071
473.318 3853.644
473.594 3501.813
473.869 3166.709
474.145 2961.308
474.421 2709.111
474.696 2400.963
474.972 2107.165
475.247 1964.655
475.523 1903.682
475.798 1780.332
476.074 1603.457
476.350 1545.503
476.625 1529.840
476.901 1494.252
477.176 1491.803
477.452 1392.715
477.727 1324.646
478.003 1199.405
478.279 1450.511
478.554 1539.015
478.830 1505.064
479.105 1548.798
479.381 1492.549
479.656 1401.359
479.932 1512.489
480.208 1625.419
480.483 1627.907
480.759 1652.261
481.034 1567.851
481.310 1515.413
481.585 1539.662
481.861 1578.055
482.137 1431.537
482.412 1503.623
482.688 1567.959
482.963 1619.631
483.239 1618.093
483.514 1375.693
483.790 1476.026
484.066 1734.376
484.341 1555.084
484.617 1446.938
484.892 1520.759
485.168 1585.519
485.443 1428.956
485.719 1527.449
485.995 1604.858
486.270 1496.313
486.546 1486.511
486.821 1431.202
487.097 1300.127
487.373 1326.539
487.648 1524.796
487.924 1565.659
488.199 1366.756
488.475 1165.461
488.750 1216.197
489.026 1452.995
489.302 1386.343
489.577 1306.632
489.853 1352.445
490.128 1525.883
490.404 1452.062
490.679 1346.466
490.955 1572.990
491.231 1634.652
491.506 1586.428
491.782 1512.644
492.057 1391.868
492.333 1499.578
492.608 1458.560
492.884 1476.250
493.160 1368.696
493.435 1405.770
493.711 1542.122
493.986 1490.738
494.262 1480.512
494.537 1423.726
494.813 1482.119
495.089 1296.029
495.364 1416.931
495.640 1528.009
495.915 1427.889
496.191 1666.997
496.467 1590.883
496.742 1446.131
497.018 1476.703
497.293 1440.254
497.569 1552.425
497.844 1473.397
498.120 1540.800
498.396 1644.131
498.671 1649.812
498.947 1877.295
499.222 1940.867
499.498 2020.486
499.773 2202.651
500.049 2460.359
500.325 2577.660
500.600 2843.890
500.876 3135.101
501.151 3553.702
501.427 3801.321
501.702 4193.156
501.978 4524.889
502.254 4899.637
502.529 5081.905
502.805 5525.164
503.080 5713.268
503.356 5792.771
503.631 5824.959
503.907 5881.359
504.183 5899.652
504.458 5950.334
504.734 5937.314
505.009 6117.367
505.285 6005.212
505.560 5829.345
505.836 5756.371
506.112 5577.295
506.387 5358.745
506.663 5249.254
506.938 5137.092
507.214 5072.453
507.490 4894.675
507.765 4643.592
508.041 4451.939
508.316 4252.213
508.592 3826.802
508.867 3526.243
509.143 3470.509
509.419 3144.952
509.694 2771.613
509.970 2562.055
510.245 2344.784
510.521 2314.510
510.796 2090.490
511.072 1950.700
511.348 1918.964
511.623 1851.237
511.899 1751.352
512.174 1793.376
512.450 1785.714
512.725 1729.235
513.001 1529.374
513.277 1398.225
513.552 1546.716
513.828 1529.926
514.103 1500.900
514.379 1617.833
514.654 1507.432
514.930 1496.679
515.206 1853.472
515.481 1818.210
515.757 1679.553
516.032 1758.211
516.308 1986.289
516.583 2150.270
516.859 2203.598
517.135 2320.508
517.410 2499.737
517.686 2783.573
517.961 2976.058
518.237 3177.915
518.513 3389.639
518.788 3928.012
519.064 4265.087
519.339 4511.785
519.615 4836.644
519.890 5255.380
520.166 5602.019
520.442 6024.025
520.717 6303.203
520.993 6460.591
521.268 6405.350
521.544 6703.777
521.819 6749.558
522.095 6973.469
522.371 7175.858
522.646 7142.363
522.922 7306.082
523.197 7422.045
523.473 7519.310
523.748 7438.032
524.024 7475.415
524.300 7575.955
524.575 7560.705
524.851 7548.326
525.126 7741.936
525.402 7811.606
525.677 7813.581
525.953 7744.987
526.229 7644.665
526.504 7604.194
526.780 7769.069
527.055 7727.760
527.331 7738.347
527.606 7861.720
527.882 7989.185
528.158 7875.250
528.433 8104.437
528.709 7995.092
528.984 7775.383
529.260 7654.818
529.535 7555.306
529.811 7277.748
530.087 7080.074
530.362 7059.016
530.638 7073.456
530.913 6975.296
531.189 6783.247
531.465 6423.268
531.740 6168.663
532.016 6004.476
532.291 5758.887
532.567 5499.758
532.842 5296.328
533.118 5139.546
533.394 5001.876
533.669 4603.106
533.945 4235.460
534.220 4052.640
534.496 4015.749
534.771 3710.754
535.047 3536.872
535.323 3441.752
535.598 3471.623
535.874 3574.681
536.149 3550.863
536.425 3615.061
536.700 3914.532
536.976 4621.285
537.252 5736.772
537.527 6923.212
537.803 8558.829
538.078 10239.869
538.354 11353.005
538.629 12250.064
538.905 13315.082
539.181 14399.587
539.456 15388.797
539.732 16612.338
540.007 17490.974
540.283 17905.548
540.558 18591.779
540.834 19616.746
541.110 20575.830
541.385 21132.323
541.661 21709.607
541.936 22144.461
542.212 22353.635
542.488 22449.827
542.763 22728.377
543.039 22839.275
543.314 23011.951
543.590 23155.018
543.865 23263.317
544.141 22979.361
544.417 22289.249
544.692 21643.823
544.968 21265.528
545.243 20982.547
545.519 20319.264
545.794 19926.993
546.070 19576.154
546.348 18797.678
546.627 18213.442
546.905 18163.958
547.183 17979.974
547.461 17809.225
547.740 17803.322
548.018 17883.698
548.296 17975.229
548.575 18483.724
548.853 19181.892
549.131 20132.294
549.409 20765.154
549.688 21661.042
549.966 22526.175
550.244 23215.714
550.523 23580.271
550.801 24223.315
551.079 24766.174
551.357 25271.668
551.636 25559.991
551.914 25855.784
552.192 25920.926
552.471 26428.305
552.749 26853.129
553.027 27355.295
553.306 28150.475
553.584 29116.113
553.862 30163.203
554.140 31173.078
554.419 32010.036
554.697 33347.992
554.975 34575.688
555.254 35457.875
555.532 35797.323
555.810 36071.718
556.088 36033.655
556.367 35807.806
556.645 35136.838
556.923 34641.752
557.202 34022.132
557.480 33397.889
557.758 32564.382
558.036 31644.937
558.315 30568.230
558.593 29819.975
558.871 29011.700
559.150 27901.582
559.428 26638.213
559.706 25608.928
559.984 24283.100
560.263 23117.014
560.541 21706.828
560.819 20204.668
561.098 18833.170
561.376 17348.604
561.654 15400.576
561.932 13474.157
562.211 12041.018
562.489 10789.386
562.767 9465.260
563.046 8296.688
563.324 7422.171
563.602 6784.777
563.880 5935.703
564.159 5414.638
564.437 5034.615
564.715 4468.477
564.994 4085.607
565.272 3840.934
565.550 3349.283
565.828 3083.831
566.107 3040.654
566.385 2840.011
566.663 2524.473
566.942 2396.302
567.220 2357.924
567.498 2359.277
567.776 2146.825
568.055 2010.333
568.333 1965.188
568.611 1954.571
568.890 1782.171
569.168 1665.002
569.446 1648.300
569.725 1629.023
570.003 1391.389
570.281 1301.872
570.559 1432.480
570.838 1400.999
571.116 1423.721
571.394 1420.861
571.673 1380.578
571.951 1294.586
572.229 1232.497
572.507 1272.614
572.786 1209.696
573.064 1186.577
573.342 1166.176
573.621 1009.473
573.899 1091.470
574.177 1295.707
574.455 1232.504
574.734 1056.652
575.012 1069.418
575.290 1029.376
575.569 1045.137
575.847 1122.754
576.125 1091.396
576.403 936.326
576.682 966.791
576.960 1041.648
577.243 1141.062
577.527 1018.094
577.810 814.199
578.093 851.536
578.377 927.375
578.660 968.923
578.944 967.980
579.227 915.487
579.510 951.128
579.794 949.140
580.077 910.584
580.360 898.636
580.644 925.392
580.927 890.572
581.210 923.421
581.494 860.564
581.777 911.494
582.061 866.630
582.344 814.698
582.627 760.904
582.911 828.746
583.194 755.765
583.477 917.486
583.761 970.425
584.044 984.442
584.327 912.543
584.611 850.649
584.894 833.711
585.178 796.792
585.461 798.834
585.744 887.789
586.028 837.721
586.311 854.765
586.594 918.809
586.878 805.853
587.161 777.897
587.444 849.941
587.728 851.985
588.011 889.028
588.295 775.072
588.578 832.283
588.861 964.195
589.145 809.202
589.428 789.035
589.711 726.289
589.995 754.577
590.278 861.514
590.562 808.418
590.845 742.718
591.128 955.593
591.412 869.807
591.695 789.800
591.978 900.831
592.262 826.848
592.545 624.843
592.828 785.190
593.112 737.590
593.395 658.868
593.679 638.334
593.962 802.718
594.245 814.897
594.529 688.571
594.812 581.566
595.095 577.211
595.379 818.410
595.662 853.063
595.945 763.876
596.229 726.453
596.512 741.887
596.796 829.879
597.079 893.455
597.362 988.545
597.646 968.815
597.929 808.619
598.212 799.955
598.496 881.024
598.779 1002.603
599.062 1068.784
599.346 918.775
599.629 836.055
599.913 803.745
600.196 860.928
600.479 972.325
600.763 939.825
601.046 825.923
601.329 908.468
601.613 1013.810
601.896 973.535
602.179 1057.097
602.463 996.233
602.746 1093.522
603.030 1173.129
603.313 1115.099
603.596 898.259
603.880 1002.320
604.163 1073.927
604.446 1023.943
604.730 925.059
605.013 1016.169
605.296 1177.830
605.580 1090.700
605.863 1135.792
606.147 1032.011
606.430 986.016
606.713 1107.399
606.997 1053.674
607.280 1238.592
607.563 1176.008
607.847 1061.504
608.130 1125.326
608.414 1217.218
608.697 1171.268
608.980 1128.379
609.264 1218.739
609.547 1135.311
609.830 1151.020
610.114 1187.296
610.397 1166.766
610.680 1194.038
610.964 1264.064
611.247 1318.023
611.531 1278.137
611.814 1170.226
612.097 1194.797
612.381 1347.585
612.664 1550.122
612.947 1453.005
613.231 1434.397
613.514 1473.171
613.797 1615.645
614.081 1680.515
614.364 1705.110
614.648 1715.952
614.931 1773.946
615.214 1794.612
615.498 1919.324
615.781 1995.069
616.064 1991.168
616.348 2087.662
616.631 2139.017
616.914 2248.168
617.198 2204.114
617.481 2028.782
617.765 2021.943
618.048 2082.219
618.331 2053.627
618.615 1894.626
618.898 2017.192
619.181 2002.406
619.465 1933.206
619.748 1783.886
620.031 1668.856
620.315 1631.894
620.598 1716.883
620.882 1758.346
621.165 1840.647
621.448 1699.530
621.732 1559.964
622.015 1403.781
622.298 1312.897
622.582 1350.172
622.865 1291.616
623.148 1163.780
623.432 1281.261
623.715 1215.231
623.999 1347.093
624.282 1257.116
624.565 1290.868
624.849 1155.089
625.132 964.914
625.415 1257.288
625.699 1285.838
625.982 1073.967
626.265 1007.418
626.549 1068.052
626.832 1177.179
627.116 1131.760
627.399 928.765
627.682 959.186
627.966 987.460
628.249 993.544
628.532 936.299
628.816 1119.010
629.099 1048.785
629.383 1015.738
629.666 1011.746
629.949 955.968
630.233 942.174
630.516 990.943
630.799 986.050
631.083 899.340
631.366 906.462
631.649 855.882
631.933 793.373
632.216 979.579
632.500 1077.997
632.783 1128.288
633.066 1066.057
633.350 993.435
633.633 1062.007
633.916 1079.109
634.200 1041.522
634.483 1060.671
634.766 1129.298
635.050 1139.437
635.333 1029.917
635.617 1114.412
635.900 1229.867
636.183 1339.209
636.467 1337.029
636.750 1382.651
637.033 1533.626
637.317 1604.588
637.600 1645.405
637.883 1653.281
638.167 1705.232
638.450 1770.422
638.734 1759.217
639.017 1844.454
639.300 1946.545
639.584 1956.916
639.867 2171.166
640.150 2111.327
640.434 2207.710
640.717 2218.761
641.000 2196.362
641.284 2265.552
641.567 2163.866
641.851 2209.342
642.134 2380.952
642.417 2424.552
642.701 2644.811
642.984 2699.379
643.267 2679.184
643.551 2580.899
643.834 2620.837
644.117 2689.574
644.401 2738.048
644.684 2867.413
644.968 3132.922
645.251 3193.803
645.534 3252.932
645.818 3381.480
646.101 3687.971
646.384 4046.687
646.668 4384.745
646.951 4705.901
647.235 5220.692
647.518 5682.188
647.801 6373.948
648.085 6911.654
648.368 7496.187
648.651 8065.766
648.935 8914.319
649.218 9779.697
649.501 10447.756
649.785 11110.264
650.068 12088.804
650.352 12908.558
650.635 13792.244
650.918 14751.396
651.202 16006.885
651.485 17235.791
651.768 18794.029
652.052 20324.451
652.335 22036.658
652.618 23668.653
652.902 25340.156
653.185 26758.147
653.469 27825.776
653.752 28491.321
654.035 29318.025
654.319 30029.763
654.602 30801.393
654.885 31377.355
655.169 31840.557
655.452 32097.163
655.735 32404.890
656.019 32652.903
656.302 33175.929
656.586 33482.392
656.869 34152.870
657.152 34598.096
657.436 35019.025
657.719 34883.260
658.002 34606.448
658.286 33891.939
658.569 33034.499
658.852 32049.726
659.136 30764.579
659.419 29573.746
659.703 28831.644
659.986 28299.695
660.269 28154.862
660.553 27811.239
660.836 27933.220
661.119 27804.185
661.403 27638.847
661.686 27311.676
661.969 27003.465
662.253 26617.313
662.536 26534.009
662.820 26290.563
663.103 26165.846
663.386 25992.447
663.670 26000.591
663.953 25783.008
664.236 25990.517
664.520 25920.638
664.803 25927.760
665.086 25814.502
665.370 25860.949
665.653 25627.949
665.937 25348.696
666.220 24776.718
666.503 24123.603
666.787 23101.320
667.070 21763.140
667.353 20475.568
667.637 18693.699
667.920 16874.255
668.204 14956.302
668.487 13185.222
668.770 11775.052
669.054 10090.764
669.337 8754.494
669.620 7722.922
669.904 6794.516
670.187 6196.986
670.470 5769.665
670.754 5106.428
671.037 4532.033
671.321 4145.410
671.604 4081.170
671.887 3848.938
672.171 3448.762
672.454 3277.575
672.737 3160.344
673.021 3072.332
673.304 3045.741
673.587 3084.784
673.871 3051.036
674.154 3137.202
674.438 3283.312
674.721 3364.533
675.004 3576.871
675.288 3756.940
675.571 3910.168
675.854 3973.018
676.138 3938.998
676.421 3955.475
676.704 3958.557
676.988 3923.540
677.271 3914.192
677.555 3578.040
677.838 3252.319
678.121 2957.665
678.405 2745.390
678.688 2795.108
678.971 2527.076
679.255 2489.759
679.538 2585.223
679.821 2613.259
680.105 2395.856
680.388 2227.659
680.672 2204.015
680.955 2180.135
681.238 2092.941
681.522 2028.423
681.805 2021.241
682.088 2001.455
682.372 1966.030
682.655 1871.033
682.938 1940.998
683.222 1855.431
683.505 1751.859
683.789 1865.785
684.072 1779.083
684.355 1751.157
684.639 1757.448
684.922 1609.250
685.205 1585.269
685.489 1714.733
685.772 1669.530
686.056 1660.843
686.339 1714.218
686.622 1503.986
686.906 1514.452
687.189 1702.370
687.472 1925.779
687.756 1770.514
688.039 1639.821
688.322 1581.393
688.606 1858.038
688.889 1930.090
689.173 1934.292
689.456 2030.353
689.739 2139.983
690.023 2123.179
690.306 2164.916
690.589 2148.105
690.873 2296.780
691.156 2372.770
691.439 2295.793
691.723 2281.251
692.006 2430.529
692.290 2473.319
692.573 2540.352
692.856 2629.414
693.140 2687.471
693.423 2631.920
693.706 2552.808
693.990 2544.452
694.273 2505.692
694.556 2682.699
694.840 2786.515
695.123 2713.415
695.407 2719.928
695.690 2634.022
695.973 2705.836
696.257 2876.092
696.540 3225.011
696.830 3361.496
697.120 3546.516
697.410 3669.184
697.699 3788.523
697.989 4205.773
698.279 4093.189
698.569 3949.676
698.859 4092.119
699.149 4059.236
699.439 3910.069
699.729 3781.614
700.018 3809.190
700.308 3897.075
700.598 3808.415
700.888 3651.504
701.178 3861.020
701.468 3683.700
701.758 3505.727
702.048 3479.977
702.337 3290.396
702.627 3378.633
702.917 3132.442
703.207 2881.444
703.497 2739.736
703.787 2469.670
704.077 2319.262
704.366 2213.223
704.656 1932.191
704.946 1731.418
705.236 1657.784
705.526 1688.090
705.816 1672.145
706.106 1322.546
706.396 1323.244
706.685 1336.208
706.975 1166.420
707.265 1109.622
707.555 1287.619
707.845 1164.178
708.135 1018.513
708.425 979.944
708.715 967.089
709.004 1120.306
709.294 1100.567
709.584 1058.971
709.874 1117.180
710.164 1076.769
710.454 1004.809
710.744 964.354
711.034 1018.653
711.323 999.938
711.613 928.110
711.903 1031.449
712.193 1152.416
712.483 985.280
712.773 989.236
713.063 984.373
713.352 975.611
713.642 929.738
713.932 1041.117
714.222 1033.270
714.512 928.201
714.802 899.432
715.092 946.935
715.382 827.137
715.671 840.041
715.961 901.065
716.251 819.198
716.541 870.405
716.831 946.513
717.121 854.646
717.411 961.166
717.701 1050.183
717.990 911.449
718.280 806.577
718.570 817.105
718.860 787.721
719.150 825.744
719.440 843.107
719.730 846.799
720.019 1053.073
720.309 969.096
720.599 885.067
720.889 814.055
721.179 860.010
721.469 944.188
721.759 871.289
722.049 914.455
722.338 802.300
722.628 781.768
722.918 791.596
723.208 920.062
723.498 779.699
723.788 783.358
724.078 1016.295
724.368 1001.883
724.657 940.245
724.947 926.708
725.237 927.624
725.527 1001.969
725.817 867.948
726.107 779.578
726.397 765.092
726.686 733.199
726.976 806.721
727.266 885.078
727.556 760.341
727.846 879.200
728.136 896.746
728.426 766.722
728.716 728.952
729.005 814.244
729.295 780.350
729.585 659.556
729.875 660.237
730.165 754.011
730.455 783.130
730.745 805.270
731.035 797.524
731.324 863.299
731.614 829.604
731.904 740.052
732.194 780.889
732.484 772.914
732.774 766.125
733.064 749.609
733.354 671.808
733.643 743.063
733.933 728.715
734.223 663.433
734.513 863.258
734.803 904.121
735.093 792.922
735.383 755.631
735.672 815.221
735.962 898.050
736.252 697.779
736.542 721.694
736.832 698.207
737.122 603.814
737.412 706.776
737.702 809.551
737.991 833.123
738.281 790.534
738.571 718.069
738.861 687.022
739.151 735.271
739.441 822.080
739.731 684.440
740.021 723.248
740.310 817.670
740.600 855.022
740.890 662.224
741.180 734.628
741.470 779.070
741.760 824.500
742.050 965.685
742.339 856.834
742.629 722.334
742.919 910.287
743.209 721.660
743.499 656.123
743.789 711.248
744.079 794.436
744.369 813.452
744.658 715.977
744.948 538.060
745.238 702.141
745.528 792.349
745.818 860.616
746.108 811.032
746.398 852.572
746.688 870.467
746.977 914.181
747.267 726.514
747.557 845.546
747.847 900.238
748.137 804.636
748.427 770.825
748.717 632.170
749.006 533.053
749.296 720.855
749.586 774.883
749.876 869.300
750.166 756.770
750.456 722.648
750.746 815.206
751.036 701.453
751.325 838.199
751.615 795.099
751.905 762.152
752.195 821.933
752.485 772.953
752.775 764.737
753.065 680.672
753.355 861.873
753.644 856.887
753.934 746.033
754.224 725.244
754.514 865.550
754.804 639.024
755.094 508.652
755.384 603.957
755.674 725.340
755.963 805.600
756.253 743.175
756.543 821.687
756.833 862.553
757.123 828.574
757.413 762.089
757.703 666.631
757.992 632.479
758.282 710.176
758.572 702.869
758.862 597.360
759.152 686.826
759.442 670.091
759.732 801.437
760.022 891.908
760.311 733.871
760.601 581.978
760.891 751.011
761.181 839.722
761.471 752.054
761.761 621.914
762.051 608.841
762.341 766.195
762.630 811.296
762.920 704.567
763.210 723.441
763.500 810.345
763.793 724.764
764.086 725.790
764.379 664.716
764.671 755.278
764.964 676.825
765.257 692.940
765.550 718.549
765.843 583.487
766.136 661.127
766.429 675.258
766.722 684.667
767.014 603.513
767.307 512.498
767.600 572.939
767.893 579.584
768.186 540.287
768.479 685.467
768.772 817.542
769.064 801.431
769.357 730.149
769.650 668.403
769.943 833.911
770.236 773.506
770.529 606.965
770.822 676.540
771.115 765.267
771.407 826.603
771.700 875.057
771.993 873.938
772.286 752.994
772.579 793.583
772.872 708.924
773.165 648.458
773.457 670.653
773.750 679.420
774.043 610.821
774.336 624.587
774.629 707.015
774.922 739.028
775.215 650.246
775.508 684.201
775.800 636.247
776.093 733.582
776.386 687.590
776.679 631.905
776.972 717.522
777.265 937.076
777.558 1021.664
777.850 781.459
778.143 721.175
778.436 749.081
778.729 709.150
779.022 717.207
779.315 637.828
779.608 559.453
779.900 668.013
780.193 692.151
780.486 692.478
780.779 672.743
781.072 598.940
781.365 662.748
781.658 678.490
781.951 652.403
782.243 730.271
782.536 761.875
782.829 758.880
783.122 767.934
783.415 750.129
783.708 731.089
784.001 745.148
784.293 769.238
784.586 800.548
784.879 822.609
785.172 715.697
785.465 630.258
785.758 705.425
786.051 774.581
786.344 839.048
786.636 946.011
786.929 728.811
787.222 670.109
787.515 650.766
787.808 655.477
788.101 646.502
788.394 825.340
788.686 970.212
788.979 897.199
789.272 826.389
789.565 727.777
789.858 630.987
790.151 572.693
790.444 612.669
790.737 655.299
791.029 600.115
791.322 710.910
791.615 705.232
791.908 731.633
792.201 691.997
792.494 655.431
792.787 744.436
793.079 871.815
793.372 792.277
793.665 780.122
793.958 668.474
794.251 707.373
794.544 849.115
794.837 859.948
795.130 727.362
795.422 732.363
795.715 722.410
796.008 761.071
796.301 756.583
796.594 683.890
796.887 751.635
797.180 766.358
797.472 566.973
797.765 486.231
798.058 589.348
798.351 589.952
798.644 583.986
798.937 564.062
799.230 630.249
799.523 1030.694
799.815 971.886
800.108 642.889
800.401 590.063
800.694 728.393
800.987 667.862
801.280 744.137
801.573 846.051
801.865 829.084
802.158 752.424
802.451 694.555
802.744 663.633
803.037 704.567
803.330 677.314
803.623 765.476
803.915 728.566
804.208 599.439
804.501 712.767
804.794 742.813
805.087 693.086
805.380 554.210
805.673 569.687
805.966 690.823
806.258 639.427
806.551 777.273
806.844 784.316
807.137 767.030
807.430 604.628
807.723 608.660
808.016 839.599
808.308 879.533
808.601 707.100
808.894 621.013
809.187 658.915
809.480 702.533
809.773 658.626
810.066 742.805
810.359 795.935
810.651 741.048
810.944 537.696
811.237 537.245
811.530 710.822
811.825 641.859
812.119 525.182
812.414 521.161
812.709 672.208
813.003 695.851
813.298 605.173
813.593 686.455
813.887 675.654
814.182 923.490
814.476 820.889
814.771 835.118
815.066 796.140
815.360 659.168
815.655 583.980
815.950 684.284
816.244 720.922
816.539 819.247
816.834 750.964
817.128 763.990
817.423 830.505
817.718 984.397
818.012 760.775
818.307 504.887
818.602 622.730
818.896 716.427
819.191 685.318
819.486 658.938
819.780 749.582
820.075 931.743
820.369 929.549
820.664 727.627
820.959 752.487
821.253 789.552
821.548 734.645
821.843 800.568
822.137 815.968
822.432 806.225
822.727 729.917
823.021 695.204
823.316 840.146
823.611 796.894
823.905 690.502
824.200 630.593
824.495 760.630
824.789 811.279
825.084 813.600
825.379 713.208
825.673 698.137
825.968 763.121
826.262 732.165
826.557 746.205
826.852 780.459
827.146 797.460
827.441 741.486
827.736 798.552
828.030 766.472
828.325 538.497
828.620 780.551
828.914 844.094
829.209 714.308
829.504 855.060
829.798 843.741
830.093 716.014
830.388 674.803
830.682 570.621
830.977 741.465
831.271 820.805
831.566 705.460
831.861 660.161
832.155 654.312
832.450 791.369
832.745 839.666
833.039 737.400
833.334 617.080
833.629 656.015
833.923 613.669
834.218 655.825
834.513 664.224
834.807 620.712
835.102 561.534
835.397 575.125
835.691 580.743
835.986 560.540
836.281 521.688
836.575 588.706
836.870 611.984
837.164 609.663
837.459 556.346
837.754 654.016
838.048 640.632
838.343 583.487
838.638 643.527
838.932 687.456
839.227 640.455
839.522 661.838
839.816 677.742
840.111 633.822
840.406 617.305
840.700 809.131
840.995 918.725
841.290 928.372
841.584 811.363
841.879 837.878
842.174 744.462
842.468 668.684
842.763 606.447
843.057 721.648
843.352 702.413
843.647 713.659
843.941 689.245
844.236 699.147
844.531 805.462
844.825 849.222
845.120 834.305
845.415 779.564
845.709 743.449
846.004 817.677
846.299 676.456
846.593 854.556
846.888 835.919
847.183 740.862
847.477 741.713
847.772 803.827
848.066 784.301
848.361 689.291
848.656 654.745
848.950 725.971
849.245 923.613
849.540 790.905
849.834 867.427
850.129 882.198
850.424 759.231
850.718 760.119
851.013 841.743
851.308 731.721
851.602 725.996
851.897 816.289
852.192 975.165
852.486 787.379
852.781 693.464
853.076 858.428
853.370 842.586
853.665 825.439
853.959 807.587
854.254 708.619
854.549 890.059
854.843 826.293
855.138 764.737
855.433 856.751
855.727 928.194
856.022 755.409
856.317 721.839
856.611 765.273
856.906 672.924
857.201 740.569
857.495 841.835
857.790 861.021
858.085 793.570
858.379 740.998
858.674 662.210
858.969 628.231
859.263 699.091
859.558 695.694
859.852 700.772
860.147 766.135
860.442 868.555
860.736 653.312
861.031 832.522
861.326 917.316
861.620 706.341
861.915 832.929
862.210 873.179
862.504 710.724
862.799 794.060
863.094 829.618
863.388 707.912
863.683 722.021
863.978 677.087
864.272 632.517
864.567 701.892
864.861 648.079
865.156 581.781
865.451 572.259
865.745 778.190
866.040 840.006
866.335 767.227
866.629 852.870
866.924 705.644
867.219 659.176
867.513 735.472
867.808 684.679
868.103 685.969
868.397 707.555
868.692 740.481
868.987 666.083
869.281 654.373
869.576 730.574
869.871 788.914
870.165 660.157
870.460 525.049
870.754 595.588
871.049 556.720
871.344 666.521
871.638 739.584
871.933 624.838
872.228 676.400
872.522 683.924
872.817 726.269
873.112 961.114
873.406 807.093
873.701 846.129
873.996 803.598
874.290 666.641
874.585 637.203
874.880 724.860
875.174 650.235
875.469 687.299
875.764 711.744
876.058 575.100
876.353 491.738
876.647 561.386
876.942 615.561
877.237 612.848
877.531 630.189
877.826 751.621
878.121 723.823
878.415 650.022
878.710 606.520
879.005 714.081
879.299 647.040
879.594 600.678
879.889 477.004
880.183 441.411
880.478 604.823
880.773 603.705
881.067 580.223
881.362 641.480
881.656 551.069
881.951 566.310
882.246 496.423
882.540 582.155
882.835 604.458
883.130 658.091
883.424 637.063
883.719 572.838
884.014 680.671
884.308 677.330
884.603 583.760
884.898 540.517
885.192 629.397
885.487 595.984
885.782 540.329
886.076 674.260
886.371 623.688
886.666 500.269
886.960 531.193
887.255 510.137
887.549 550.344
887.844 725.510
888.139 771.709
888.433 687.606
888.728 568.277
889.023 600.259
889.317 645.304
889.612 579.198
889.907 567.191
890.201 630.033
890.496 640.980
890.791 601.555
891.085 553.373
891.380 569.270
891.675 621.019
891.969 684.633
892.264 557.724
892.559 546.761
892.853 675.233
893.148 557.855
893.442 528.688
893.737 681.722
894.032 650.294
894.326 534.885
894.621 505.820
894.916 498.340
895.210 585.135
895.505 655.600
895.800 599.603
896.094 517.354
896.389 587.972
896.684 596.452
896.978 536.800
897.273 525.381
897.568 653.902
897.862 649.185
898.157 589.071
898.451 691.372
898.746 697.576
899.041 733.633
899.335 653.927
899.630 587.140
899.925 625.602
900.219 669.899
900.514 716.351
900.809 578.592
901.103 433.702
901.398 654.849
901.693 598.727
901.987 558.272
902.282 686.013
902.577 551.653
902.871 444.219
903.166 631.066
903.461 720.032
903.755 663.491
904.050 600.768
904.344 489.648
904.639 528.681
904.934 556.993
905.228 584.983
905.523 501.814
905.818 521.191
906.112 673.453
906.407 602.476
906.702 526.722
906.996 585.876
907.291 593.989
907.586 588.393
907.880 750.769
908.175 672.371
908.470 668.744
908.764 717.192
909.059 754.681
909.354 665.739
909.648 563.160
909.943 572.303
910.237 706.022
910.532 751.322
910.827 802.661
911.121 750.196
911.416 707.467
911.711 708.396
912.005 741.938
912.300 674.129
912.599 761.116
912.898 649.192
913.196 589.784
913.495 676.992
913.794 761.903
914.093 693.425
914.391 651.934
914.690 723.731
914.989 663.725
915.288 715.354
915.586 636.327
915.885 542.023
916.184 505.526
916.483 483.022
916.782 618.338
917.080 693.536
917.379 716.509
917.678 652.161
917.977 728.689
918.275 763.447
918.574 744.757
918.873 717.933
919.172 684.105
919.471 615.023
919.769 647.297
920.068 619.890
920.367 564.627
920.666 598.507
920.964 729.861
921.263 633.975
921.562 558.954
921.861 656.424
922.159 612.120
922.458 658.687
922.757 688.829
923.056 698.366
923.355 654.394
923.653 721.985
923.952 743.517
924.251 578.904
924.550 740.076
924.848 795.639
925.147 705.845
925.446 670.840
925.745 754.689
926.043 770.147
926.342 663.574
926.641 579.247
926.940 684.310
927.239 753.790
927.537 820.482
927.836 769.521
928.135 780.220
928.434 885.475
928.732 799.303
929.031 756.732
929.330 784.961
929.629 742.391
929.927 740.841
930.226 711.560
930.525 752.990
930.824 835.648
931.123 774.473
931.421 837.952
931.720 781.854
932.019 844.566
932.318 843.914
932.616 784.203
932.915 760.189
933.214 819.376
933.513 788.958
933.812 788.676
934.110 811.387
934.409 911.375
934.708 846.299
935.007 1040.230
935.305 1029.247
935.604 836.867
935.903 975.972
936.202 995.922
936.500 1065.434
936.799 1180.536
937.098 1164.724
937.397 1077.097
937.696 950.140
937.994 926.718
938.293 1039.573
938.592 877.960
938.891 938.526
939.189 1012.947
939.488 1102.254
939.787 1327.876
940.086 1196.242
940.384 1136.068
940.683 1046.000
940.982 959.937
941.281 1079.268
941.580 1375.872
941.878 1320.957
942.177 1147.256
942.476 1215.085
942.775 1110.941
943.073 935.069
943.372 842.803
943.671 1083.286
943.970 1251.553
944.268 1178.360
944.567 1017.294
944.866 1037.776
945.165 1090.289
945.464 1062.566
945.762 937.398
946.061 1164.561
946.360 1270.339
946.659 1276.354
946.957 1179.607
947.256 1092.207
947.555 1026.765
947.854 1110.074
948.153 1053.289
948.451 1037.641
948.750 1074.841
949.049 1053.603
949.348 1199.971
949.646 1044.943
949.945 951.282
950.244 1188.943
950.543 1105.919
950.841 992.033
951.140 1006.677
951.439 851.568
951.738 876.209
952.037 1035.191
952.335 1063.317
952.634 1060.514
952.933 931.061
953.232 887.881
953.530 762.462
953.829 1051.589
954.128 1114.050
954.427 1010.106
954.725 1178.749
955.024 1125.341
955.323 1102.512
955.622 911.616
955.921 826.305
956.219 966.453
956.518 910.632
956.817 964.659
957.116 1009.724
957.414 888.238
957.713 778.445
958.012 744.145
958.311 730.213
958.610 929.456
958.908 966.864
959.207 970.504
959.506 1016.311
959.805 1017.384
960.103 1003.753
960.402 1001.490
960.701 863.643
961.000 754.031
961.298 787.617
961.597 951.121
961.896 872.054
962.195 879.433
962.494 976.082
962.792 891.515
963.091 850.491
963.390 779.565
963.689 801.545
963.987 943.876
964.286 1021.121
964.585 1044.004
964.884 919.142
965.182 799.846
965.481 1147.813
965.780 1312.003
966.080 1220.950
966.380 1002.677
966.680 868.985
966.981 902.254
967.281 921.662
967.581 871.565
967.881 916.350
968.181 956.871
968.481 889.123
968.781 894.440
969.082 785.186
969.382 798.923
969.682 887.054
969.982 958.567
970.282 1013.297
970.582 812.489
970.882 758.768
971.183 919.865
971.483 844.487
971.783 856.627
972.083 960.060
972.383 977.847
972.683 905.753
972.983 981.039
973.284 888.342
973.584 819.465
973.884 872.896
974.184 861.106
974.484 945.079
974.784 791.094
975.084 763.299
975.385 826.454
975.685 923.381
975.985 896.703
976.285 896.817
976.585 940.839
976.885 906.390
977.185 885.079
977.486 910.650
977.786 926.721
978.086 1016.981
978.386 998.826
978.686 822.066
978.986 808.853
979.286 889.862
979.587 917.870
979.887 839.879
980.187 838.887
980.487 799.895
980.787 915.904
981.087 853.912
981.387 1012.921
981.688 881.929
981.988 727.937
982.288 774.946
982.588 830.954
982.888 847.962
983.188 833.971
983.488 881.979
983.789 878.987
984.089 838.995
984.389 801.004
984.689 723.012
984.989 694.020
985.289 756.029
985.589 913.037
985.890 779.045
986.190 602.053
986.490 670.061
986.790 794.070
987.090 723.078
987.390 762.086
987.690 817.094
987.991 664.102
988.291 661.111
988.591 721.119
988.891 613.127
989.191 624.135
989.491 771.143
989.791 729.151
990.092 749.160
990.392 782.168
990.692 727.176
990.992 703.184
991.292 604.192
991.592 761.200
991.892 792.208
992.193 806.216
992.493 775.224
992.793 634.232
993.093 659.241
993.393 662.249
993.693 686.257
993.993 760.265
994.294 823.273
994.594 715.281
994.894 665.289
995.194 694.297
995.494 621.305
995.794 638.313
996.094 592.321
996.395 642.329
996.695 733.337
996.995 573.345
997.295 504.353
997.595 598.360
997.895 578.368
998.195 487.376
998.496 530.384
998.796 516.392
999.096 770.400
999.396 740.408
999.696 734.416
999.996 716.424
1000.296 795.432
1000.597 759.440
1000.897 637.447
1001.197 657.455
1001.497 807.463
1001.797 654.471
1002.097 578.479
1002.397 648.487
1002.698 681.494
1002.998 749.502
1003.298 720.510
1003.598 577.518
1003.898 515.526
1004.198 658.533
1004.498 728.541
1004.799 678.549
1005.099 717.557
1005.399 777.564
1005.699 809.572
1005.999 765.580
1006.299 676.588
1006.599 850.595
1006.900 848.603
1007.200 673.611
1007.500 712.619
1007.800 741.626
1008.100 620.634
1008.400 549.642
1008.700 618.649
1009.001 625.657
1009.301 570.665
1009.601 781.672
1009.901 800.680
1010.201 733.688
1010.501 715.695
1010.801 821.703
1011.102 666.710
1011.402 712.718
1011.702 637.726
1012.002 549.733
1012.302 695.741
1012.602 708.748
1012.902 663.756
1013.203 684.764
1013.503 728.771
1013.803 721.779
1014.103 562.786
1014.403 683.794
1014.703 601.801
1015.003 534.809
1015.304 757.816
1015.604 793.824
1015.904 549.831
1016.204 561.839
1016.504 597.846
1016.804 645.854
1017.104 655.861
1017.405 613.869
1017.705 574.876
1018.005 569.884
1018.305 558.891
1018.605 586.899
1018.905 497.906
1019.205 528.914
1019.506 846.921
1019.806 844.928
1020.106 709.936
1020.406 674.943
1020.706 623.951
1021.006 659.958
1021.306 823.965
1021.607 696.973
1021.907 795.980
1022.207 772.987
1022.507 617.995
1022.807 619.002
1023.107 638.010
1023.407 605.017
1023.708 646.024
1024.008 601.032
1024.308 600.039
1024.608 636.046
1024.908 534.053
1025.208 657.061
1025.508 870.068
1025.809 843.075
1026.109 636.083
1026.409 755.090
1026.709 759.097
1027.009 664.104
1027.309 747.112
1027.609 647.119
1027.910 647.126
1028.210 740.133
1028.510 810.141
1028.810 949.148
1029.110 866.155
1029.410 728.162
1029.710 787.169
1030.011 796.177
1030.311 833.184
1030.611 666.191
1030.911 686.198
1031.211 718.205
1031.511 648.213
1031.811 858.220
1032.112 839.227
1032.412 710.234
1032.712 579.241
1033.012 642.248
1033.312 861.255
1033.612 836.262
1033.912 711.270
1034.212 593.277
1034.513 567.284
1034.813 542.291
1035.113 695.298
1035.413 604.305
1035.713 650.312
1036.013 709.319
1036.313 711.326
1036.614 792.333
1036.914 663.340
1037.214 568.347
1037.514 694.354
1037.814 610.361
1038.114 641.368
1038.414 679.375
1038.715 729.382
1039.015 595.389
1039.315 520.396
1039.615 685.403
1039.915 653.410
1040.215 612.417
1040.515 634.424
1040.816 716.431
1041.116 683.438
1041.416 611.445
1041.716 582.452
1042.016 574.459
1042.316 751.466
1042.616 707.473
1042.917 606.480
1043.217 589.487
1043.517 642.494
1043.817 771.501
1044.117 731.507
1044.417 669.514
1044.717 626.521
1045.018 658.528
1045.318 829.535
1045.618 838.542
1045.918 642.549
1046.218 562.556
1046.518 636.562
1046.818 731.569
1047.119 590.576
1047.419 809.583
1047.719 703.590
1048.019 624.597
1048.319 714.603
1048.619 668.610
1048.919 748.617
1049.220 737.624
1049.520 784.631
1049.820 661.637
1050.120 532.644
1050.420 766.651
1050.720 782.658
1051.020 776.664
1051.321 788.671
1051.621 835.678
1051.921 678.685
1052.221 559.691
1052.521 566.698
1052.821 569.705
1053.121 725.711
1053.422 848.718
1053.722 858.725
1054.022 721.732
1054.322 837.738
1054.622 742.745
1054.922 634.752
1055.222 773.758
1055.523 710.765
1055.823 701.772
1056.123 748.778
1056.423 679.785
1056.723 804.792
1057.023 738.798
1057.323 574.805
1057.624 652.811
1057.924 748.818
1058.224 785.825
1058.524 670.831
1058.824 738.838
1059.124 727.845
1059.424 662.851
1059.725 736.858
1060.025 693.864
1060.325 685.871
1060.625 625.877
1060.925 640.884
1061.225 668.891
1061.525 787.897
1061.826 699.904
1062.126 740.910
1062.426 771.917
1062.726 805.923
1063.026 764.930
1063.326 957.936
1063.626 871.943
1063.927 751.949
1064.227 734.956
1064.527 633.962
1064.827 852.969
1065.127 792.975
1065.427 562.982
1065.727 600.988
1066.028 806.995
1066.328 762.001
1066.628 570.008
1066.928 583.014
1067.228 649.020
1067.528 622.027
1067.828 631.033
1068.129 568.040
1068.429 717.046
1068.729 831.053
1069.029 695.059
1069.329 574.065
1069.629 702.072
1069.929 790.078
1070.230 804.085
1070.530 774.091
1070.830 722.097
1071.130 807.104
1071.430 799.110
1071.730 844.116
1072.030 815.123
1072.331 681.129
1072.631 693.135
1072.931 728.142
1073.231 803.148
1073.531 770.154
1073.831 735.161
1074.131 799.167
1074.432 911.173
1074.732 769.180
1075.032 582.186
1075.332 579.192
1075.632 707.199
1075.932 699.205
1076.232 670.211
1076.533 689.217
1076.833 728.224
1077.133 665.230
1077.433 647.236
1077.733 610.242
1078.033 775.249
1078.333 766.255
1078.634 753.261
1078.934 812.267
1079.234 669.274
1079.534 790.280
1079.834 841.286
1080.134 766.292
1080.434 813.298
1080.735 783.305
1081.035 747.311
1081.335 594.317
1081.635 656.323
1081.935 686.329
1082.235 645.335
1082.535 668.342
1082.836 704.348
1083.136 686.354
1083.436 820.360
1083.736 818.366
1084.036 657.372
1084.336 615.378
1084.636 710.385
1084.937 839.391
1085.237 837.397
1085.537 726.403
1085.837 771.409
1086.137 708.415
1086.437 765.421
1086.737 688.427
1087.038 702.433
1087.338 831.439
1087.638 785.446
1087.938 627.452
1088.238 489.458
1088.538 673.464
1088.838 829.470
1089.139 784.476
1089.439 637.482
1089.739 789.488
1090.039 781.494
1090.339 794.500
1090.639 701.506
1090.939 768.512
1091.240 631.518
1091.540 657.524
1091.840 738.530
1092.140 742.536
1092.453 712.542
1092.766 633.548
1093.079 616.554
1093.392 686.560
1093.705 683.566
1094.018 714.572
1094.330 843.578
1094.643 772.584
1094.956 798.590
1095.269 717.596
1095.582 738.602
1095.895 626.608
1096.208 594.613
1096.521 657.619
1096.834 725.625
1097.147 692.631
1097.460 733.637
1097.773 809.643
1098.085 664.649
1098.398 571.655
1098.711 602.661
1099.024 562.667
1099.337 705.673
1099.650 821.678
1099.963 783.684
1100.276 656.690
1100.589 602.696
1100.902 655.702
1101.215 690.708
1101.528 774.714
1101.841 717.719
1102.153 698.725
1102.466 768.731
1102.779 592.737
1103.092 573.743
1103.405 731.748
1103.718 653.754
1104.031 594.760
1104.344 674.766
1104.657 675.772
1104.970 954.777
1105.283 738.783
1105.596 599.789
1105.909 616.795
1106.221 688.801
1106.534 718.806
1106.847 570.812
1107.160 477.818
1107.473 520.824
1107.786 640.829
1108.099 517.835
1108.412 602.841
1108.725 750.847
1109.038 624.852
1109.351 746.858
1109.664 737.864
1109.977 555.869
1110.289 644.875
1110.602 630.881
1110.915 643.887
1111.228 630.892
1111.541 541.898
1111.854 596.904
1112.167 578.909
1112.480 591.915
1112.793 639.921
1113.106 641.926
1113.419 703.932
1113.732 694.938
1114.044 590.943
1114.357 629.949
1114.670 662.955
1114.983 621.960
1115.296 600.966
1115.609 664.971
1115.922 667.977
1116.235 701.983
1116.548 711.988
1116.861 619.994
1117.174 611.000
1117.487 625.005
1117.800 855.011
1118.112 674.016
1118.425 560.022
1118.738 553.027
1119.051 551.033
1119.364 579.039
1119.677 636.044
1119.990 625.050
1120.303 690.055
1120.616 760.061
1120.929 633.066
1121.242 676.072
1121.555 719.078
1121.868 788.083
1122.180 697.089
1122.493 455.094
1122.806 445.100
1123.119 606.105
1123.432 679.111
1123.745 674.116
1124.058 604.122
1124.371 600.127
1124.684 724.133
1124.997 663.138
1125.310 608.144
1125.623 550.149
1125.935 523.155
1126.248 639.160
1126.561 684.166
1126.874 657.171
1127.187 799.176
1127.500 745.182
1127.813 691.187
1128.126 661.193
1128.439 682.198
1128.752 841.204
1129.065 643.209
1129.378 414.214
1129.691 607.220
1130.003 691.225
1130.316 612.231
1130.629 503.236
1130.942 648.242
1131.255 617.247
1131.568 475.252
1131.881 552.258
1132.194 705.263
1132.507 653.268
1132.820 603.274
1133.133 718.279
1133.446 593.285
1133.759 775.290
1134.071 1248.295
1134.384 897.301
1134.697 786.306
1135.010 861.311
1135.323 709.317
1135.636 565.322
1135.949 504.327
1136.262 595.333
1136.575 625.338
1136.888 636.343
1137.201 604.349
1137.514 588.354
1137.826 637.359
1138.139 607.365
1138.452 632.370
1138.765 830.375
1139.078 898.380
1139.391 823.386
1139.704 705.391
1140.017 716.396
1140.330 627.402
1140.643 555.407
1140.956 600.412
1141.269 648.417
1141.582 712.423
1141.894 616.428
1142.207 767.433
1142.520 672.438
1142.833 766.444
1143.146 673.449
1143.459 566.454
1143.772 632.459
1144.085 735.464
1144.398 677.470
1144.711 614.475
1145.024 586.480
1145.337 659.485
1145.650 699.491
1145.962 641.496
1146.275 625.501
1146.588 527.506
1146.901 734.511
1147.214 692.516
1147.527 588.522
1147.840 701.527
1148.153 655.532
1148.466 623.537
1148.779 635.542
1149.092 737.547
1149.405 628.553
1149.718 696.558
1150.030 729.563
1150.343 638.568
1150.656 544.573
1150.969 602.578
1151.282 804.583
1151.595 698.588
1151.908 631.594
1152.221 470.599
1152.534 542.604
1152.847 821.609
1153.160 710.614
1153.473 748.619
1153.785 717.624
1154.098 653.629
1154.411 732.634
1154.724 671.639
1155.037 776.645
1155.350 698.650
1155.663 687.655
1155.976 591.660
1156.289 664.665
1156.602 554.670
1156.915 469.675
1157.228 492.680
1157.541 537.685
1157.853 564.690
1158.166 623.695
1158.479 700.700
1158.792 657.705
1159.105 668.710
1159.418 702.715
1159.731 593.720
1160.044 584.725
1160.357 762.730
1160.670 733.735
1160.983 543.740
1161.296 661.745
1161.609 767.750
1161.921 659.755
1162.234 613.760
1162.547 484.765
1162.860 529.770
1163.173 533.775
1163.486 618.780
1163.799 697.785
1164.112 620.790
1164.425 586.795
1164.738 565.800
1165.051 536.805
1165.364 572.810
1165.676 684.815
1165.989 706.820
1166.302 625.824
1166.615 726.829
1166.928 666.834
1167.241 746.839
1167.554 724.844
1167.867 734.849
1168.180 690.854
1168.493 562.859
1168.806 650.864
1169.119 611.869
1169.432 715.873
1169.744 683.878
1170.057 660.883
1170.370 766.888
1170.683 737.893
1170.996 618.898
1171.309 622.903
1171.622 626.908
1171.935 646.912
1172.248 819.917
1172.561 818.922
1172.874 695.927
1173.187 729.932
1173.500 777.937
1173.812 745.942
1174.125 714.946
1174.438 757.951
1174.751 618.956
1175.064 628.961
1175.377 734.966
1175.690 655.970
1176.003 572.975
1176.316 627.980
1176.629 664.985
1176.942 607.990
1177.255 617.994
1177.567 534.999
1177.880 569.004
1178.193 673.009
1178.506 621.014
1178.819 735.018
1179.132 768.023
1179.445 593.028
1179.758 719.033
1180.071 714.037
1180.384 600.042
1180.697 658.047
1181.010 704.052
1181.323 816.056
1181.635 837.061
1181.948 790.066
1182.261 697.071
1182.574 588.075
1182.887 625.080
1183.200 795.085
1183.513 775.090
1183.826 652.094
1184.139 643.099
1184.452 630.104
1184.765 531.108
1185.078 494.113
1185.391 616.118
1185.703 574.122
1186.016 496.127
1186.329 523.132
1186.642 585.136
1186.955 724.141
1187.268 625.146
1187.581 653.150
1187.894 625.155
1188.207 663.160
1188.520 580.164
1188.833 586.169
1189.146 518.174
1189.459 480.178
1189.771 624.183
1190.084 699.188
1190.397 580.192
1190.710 667.197
1191.023 711.202
1191.336 702.206
1191.649 654.211
1191.962 693.215
1192.275 605.220
1192.588 664.225
1192.901 809.229
1193.214 641.234
1193.526 623.239
1193.839 723.243
1194.152 561.248
1194.465 697.252
1194.778 680.257
1195.091 674.261
1195.404 624.266
1195.717 616.271
1196.030 669.275
1196.343 613.280
1196.656 577.284
1196.969 604.289
1197.282 639.293
1197.594 684.298
1197.907 868.303
1198.220 830.307
1198.533 709.312
1198.846 658.316
1199.159 577.321
1199.472 598.325
1199.785 659.330
1200.098 553.334
1200.411 632.339
1200.724 608.343
1201.037 606.348
1201.350 481.352
1201.662 508.357
1201.975 623.361
1202.288 650.366
1202.601 245.370
