165.028 212.529
165.288 157.175
165.547 138.825
165.807 220.477
166.067 147.133
166.327 95.793
166.587 113.455
166.847 183.120
167.107 236.789
167.367 280.461
167.627 299.135
167.886 239.813
168.146 271.494
168.406 499.177
168.666 406.864
168.926 296.554
169.186 276.246
169.446 268.941
169.706 176.639
169.966 198.340
170.225 257.044
170.485 334.750
170.745 387.459
171.005 516.171
171.265 362.885
171.525 310.602
171.785 189.322
172.045 194.044
172.305 342.769
172.564 274.496
172.824 160.226
173.084 310.958
173.344 264.692
173.604 280.429
173.864 376.168
174.124 302.910
174.384 262.654
174.644 339.400
174.903 478.148
175.163 464.899
175.423 453.652
175.683 300.406
175.943 363.163
176.203 292.923
176.463 246.684
176.723 208.447
176.983 276.212
177.242 295.979
177.502 446.749
177.762 502.520
178.022 277.293
178.282 272.068
178.542 299.844
178.802 299.623
179.062 275.403
179.322 524.185
179.581 523.969
179.841 345.754
180.101 435.542
180.361 443.330
180.621 366.121
180.881 343.913
181.141 331.706
181.401 315.502
181.661 354.298
181.920 443.096
182.180 325.896
182.440 268.697
182.700 263.500
182.960 290.303
183.220 364.109
183.480 587.915
183.740 450.723
184.000 372.532
184.259 230.342
184.519 387.154
184.779 414.967
185.039 413.781
185.299 492.596
185.559 460.412
185.819 462.229
186.079 483.048
186.339 417.867
186.598 385.688
186.858 221.509
187.118 250.332
187.378 410.155
187.638 391.979
187.898 495.804
188.158 560.631
188.418 400.458
188.678 346.285
188.937 398.114
189.197 460.943
189.457 484.773
189.717 436.604
189.977 307.436
190.237 354.268
190.497 512.101
190.757 440.935
191.017 371.769
191.276 319.604
191.536 356.439
191.796 328.275
192.056 329.112
192.316 367.949
192.576 318.786
192.836 238.624
193.096 312.463
193.356 295.301
193.616 311.141
193.875 312.980
194.135 257.820
194.395 440.661
194.655 465.501
194.915 397.342
195.175 337.183
195.435 469.025
195.695 303.867
195.955 107.709
196.214 273.551
196.474 455.393
196.734 418.236
196.994 341.078
197.254 366.921
197.514 329.764
197.774 360.607
198.034 265.450
198.294 220.293
198.553 280.136
198.813 289.979
199.073 139.822
199.333 170.665
199.593 332.508
199.853 380.351
200.113 444.194
200.373 437.037
200.633 229.879
200.892 220.722
201.152 223.564
201.412 212.406
201.672 319.248
201.932 496.090
202.192 432.931
202.452 246.773
202.712 194.614
202.972 289.455
203.231 427.295
203.491 424.135
203.751 384.975
204.011 361.815
204.271 414.654
204.531 248.493
204.791 220.331
205.051 243.169
205.311 314.007
205.570 260.844
205.830 254.681
206.090 228.518
206.350 317.353
206.610 503.189
206.870 303.024
207.130 215.858
207.390 280.692
207.650 289.525
207.909 285.358
208.169 322.190
208.429 378.022
208.689 168.853
208.949 235.684
209.209 382.513
209.469 189.343
209.729 173.171
209.989 220.999
210.248 126.826
210.508 432.653
210.768 404.479
211.028 275.304
211.288 310.128
211.548 320.952
211.808 352.775
212.068 458.597
212.328 456.418
212.587 480.239
212.847 370.059
213.107 392.878
213.367 345.696
213.627 318.514
213.887 328.330
214.147 199.146
214.407 244.961
214.667 248.775
214.926 344.588
215.186 315.401
215.446 377.212
215.706 289.022
215.966 286.832
216.226 308.641
216.486 281.448
216.746 313.255
217.006 392.061
217.265 324.866
217.525 292.670
217.785 353.473
218.045 419.275
218.305 309.076
218.565 259.876
218.825 316.675
219.085 444.472
219.345 289.269
219.604 228.065
219.864 357.860
220.124 392.654
220.384 358.446
220.644 345.238
220.904 263.029
221.164 267.818
221.424 315.606
221.684 294.394
221.943 293.180
222.203 351.965
222.463 278.749
222.723 204.531
222.983 334.313
223.243 286.094
223.503 345.873
223.763 285.651
224.023 285.428
224.282 402.204
224.542 436.979
224.802 422.752
225.062 369.525
225.322 501.296
225.582 414.066
225.842 367.834
226.102 389.602
226.362 338.368
226.621 389.133
226.881 314.897
227.141 327.660
227.401 391.421
227.661 313.181
227.921 485.940
228.181 388.698
228.441 305.454
228.701 477.209
228.960 498.963
229.220 326.716
229.480 294.467
229.740 471.217
230.000 492.966
230.260 348.713
230.520 285.459
230.780 277.204
231.040 304.948
231.299 284.690
231.559 309.431
231.819 312.170
232.079 415.909
232.339 415.646
232.599 220.381
232.859 351.116
233.119 467.849
233.379 333.580
233.638 342.310
233.898 455.039
234.158 486.767
234.418 320.493
234.678 429.218
234.938 447.942
235.198 280.664
235.458 249.385
235.718 348.104
235.978 331.822
236.237 380.539
236.497 381.254
236.757 398.968
237.017 380.681
237.277 370.392
237.537 345.102
237.797 257.810
238.057 405.517
238.317 376.223
238.576 228.927
238.836 264.630
239.096 362.332
239.356 314.032
239.616 338.731
239.876 422.428
240.136 400.124
240.396 529.818
240.656 573.512
240.915 426.203
241.175 349.894
241.435 288.582
241.695 412.270
241.955 537.956
242.215 619.641
242.475 544.324
242.735 429.006
242.995 474.686
243.254 465.365
243.514 402.043
243.774 265.719
244.034 287.393
244.294 527.067
244.554 452.739
244.814 406.409
245.074 353.078
245.334 355.746
245.593 383.412
245.853 396.077
246.113 288.740
246.373 421.402
246.633 504.062
246.893 384.721
247.153 405.379
247.413 510.035
247.673 482.690
247.932 376.343
248.192 429.995
248.452 481.646
248.712 400.295
248.972 288.942
249.232 513.589
249.492 392.233
249.752 272.877
250.012 471.519
250.271 419.159
250.531 477.798
250.791 635.436
251.051 554.072
251.311 402.707
251.571 224.340
251.831 354.972
252.091 422.603
252.351 335.232
252.610 317.860
252.870 432.486
253.130 378.111
253.390 351.734
253.650 417.356
253.911 425.977
254.172 464.596
254.433 369.213
254.694 372.830
254.955 445.445
255.216 362.058
255.477 464.670
255.738 471.281
255.999 399.890
256.261 500.498
256.522 489.104
256.783 464.709
257.044 308.313
257.305 282.915
257.566 287.516
257.827 265.115
258.088 376.713
258.349 334.310
258.610 366.905
258.871 425.499
259.132 512.091
259.393 415.682
259.654 278.271
259.915 261.860
260.176 352.446
260.437 406.032
260.698 356.616
260.959 327.198
261.221 470.779
261.482 514.359
261.743 405.938
262.004 402.515
262.265 544.090
262.526 557.665
262.787 430.238
263.048 387.809
263.309 356.379
263.570 481.948
263.831 382.515
264.092 367.081
264.353 299.646
264.614 564.209
264.875 473.771
265.136 356.332
265.397 564.891
265.658 652.449
265.919 666.005
266.181 591.561
266.442 402.114
266.703 346.667
266.964 368.218
267.225 359.768
267.486 338.316
267.747 438.863
268.008 524.409
268.269 510.953
268.530 495.496
268.791 500.038
269.052 522.578
269.313 517.117
269.574 425.655
269.835 446.191
270.096 470.726
270.357 495.260
270.618 443.792
270.879 396.323
271.141 441.853
271.402 442.381
271.663 358.908
271.924 489.434
272.185 500.959
272.446 423.482
272.707 405.004
272.968 365.524
273.229 370.044
273.490 402.562
273.751 394.078
274.012 417.594
274.273 517.108
274.534 426.621
274.795 417.132
275.056 505.642
275.317 387.151
275.578 291.659
275.839 409.166
276.101 389.671
276.362 362.175
276.623 421.677
276.884 536.178
277.145 496.679
277.406 469.177
277.667 360.675
277.928 341.171
278.189 527.666
278.450 477.160
278.711 445.653
278.972 531.144
279.233 467.634
279.494 522.123
279.755 625.610
280.016 627.097
280.277 441.582
280.538 516.066
280.799 383.548
281.061 408.030
281.322 455.510
281.583 463.989
281.844 358.466
282.105 367.943
282.366 510.418
282.627 464.892
282.888 514.365
283.149 492.837
283.410 486.307
283.671 499.777
283.932 404.245
284.193 320.712
284.454 439.177
284.715 490.642
284.976 452.105
285.237 591.567
285.498 824.028
285.759 631.488
286.021 551.946
286.282 499.404
286.543 524.860
286.804 510.315
287.065 579.769
287.326 618.222
287.587 425.673
287.848 527.124
288.109 614.573
288.370 520.021
288.631 345.468
288.892 343.914
289.153 419.358
289.414 342.802
289.675 567.244
289.936 661.685
290.197 589.125
290.458 512.564
290.719 428.002
290.981 567.439
291.242 625.874
291.503 591.309
291.764 452.742
292.025 297.174
292.286 352.605
292.547 523.035
292.808 467.464
293.069 479.892
293.330 518.319
293.591 502.744
293.852 466.169
294.113 454.592
294.374 482.014
294.635 520.435
294.896 518.855
295.157 502.274
295.418 519.692
295.679 540.109
295.941 545.525
296.202 575.939
296.463 505.353
296.724 614.766
296.985 646.177
297.246 608.587
297.507 451.997
297.768 405.405
298.029 554.812
298.290 699.218
298.551 714.623
298.812 679.027
299.073 530.430
299.334 445.832
299.595 528.233
299.856 582.633
300.117 679.032
300.378 591.430
300.639 415.827
300.901 402.222
301.162 486.617
301.423 544.011
301.684 722.404
301.945 757.795
302.206 566.186
302.467 538.576
302.728 451.964
302.989 526.352
303.250 539.738
303.511 604.124
303.772 608.509
304.033 587.892
304.294 575.275
304.555 483.656
304.816 536.037
305.077 574.417
305.338 473.795
305.599 472.173
305.861 525.550
306.122 584.926
306.383 518.300
306.644 546.674
306.905 439.047
307.166 593.419
307.427 600.790
307.688 538.160
307.949 484.529
308.210 501.897
308.471 524.264
308.732 498.630
308.993 408.995
309.254 476.359
309.515 384.722
309.776 535.085
310.037 543.446
310.298 393.807
310.559 446.166
310.821 556.525
311.082 542.882
311.343 407.239
311.604 339.595
311.865 364.950
312.126 326.304
312.387 439.657
312.648 486.009
312.909 445.360
313.170 525.710
313.434 578.060
313.698 465.408
313.963 530.756
314.227 459.103
314.491 490.449
314.755 565.793
315.019 527.137
315.284 357.481
315.548 450.823
315.812 472.164
316.076 615.505
316.340 613.844
316.604 586.183
316.869 612.521
317.133 520.858
317.397 586.194
317.661 664.529
317.925 550.864
318.190 472.197
318.454 467.530
318.718 438.862
318.982 609.193
319.246 710.523
319.511 772.852
319.775 533.180
320.039 530.508
320.303 527.834
320.567 554.160
320.832 568.485
321.096 533.810
321.360 528.133
321.624 486.455
321.888 419.777
322.153 411.098
322.417 378.418
322.681 324.737
322.945 509.056
323.209 556.373
323.473 500.690
323.738 490.006
324.002 471.321
324.266 575.635
324.530 593.949
324.794 501.262
325.059 393.573
325.323 404.885
325.587 511.195
325.851 482.504
326.115 686.813
326.380 604.121
326.644 561.428
326.908 587.734
327.172 506.040
327.436 532.345
327.701 518.649
327.965 487.952
328.229 570.255
328.493 420.556
328.757 433.857
329.022 583.157
329.286 475.457
329.550 436.755
329.814 436.053
330.078 493.350
330.342 459.646
330.607 469.942
330.871 538.237
331.135 642.531
331.399 650.824
331.663 528.117
331.928 520.409
332.192 594.700
332.456 518.990
332.720 570.280
332.984 479.568
333.249 466.857
333.513 478.144
333.777 437.431
334.041 438.716
334.305 496.002
334.570 494.286
334.834 366.570
335.098 524.853
335.362 630.135
335.626 507.417
335.891 419.698
336.155 531.978
336.419 521.257
336.683 385.536
336.947 455.814
337.211 534.091
337.476 455.368
337.740 470.644
338.004 471.919
338.268 442.194
338.532 549.468
338.797 529.741
339.061 557.013
339.325 638.285
339.589 644.556
339.853 564.827
340.118 543.096
340.382 577.365
340.646 639.634
340.910 480.901
341.174 458.168
341.439 467.435
341.703 535.700
341.967 491.965
342.231 459.230
342.495 439.493
342.759 532.756
343.024 479.019
343.288 601.280
343.552 534.541
343.816 362.802
344.080 432.062
344.345 494.321
344.609 371.579
344.873 300.837
345.137 465.094
345.401 555.350
345.666 398.606
345.930 566.861
346.194 632.116
346.458 514.370
346.722 488.623
346.987 434.876
347.251 528.128
347.515 677.379
347.779 503.630
348.043 441.880
348.308 457.130
348.572 390.378
348.836 349.627
349.100 406.874
349.364 399.121
349.628 381.368
349.893 453.614
350.157 548.859
350.421 513.103
350.685 512.347
350.949 482.591
351.214 423.833
351.478 481.076
351.742 473.317
352.006 463.558
352.270 471.799
352.535 401.038
352.799 433.277
353.063 506.516
353.327 419.754
353.591 362.991
353.856 436.228
354.120 521.464
354.384 578.700
354.648 660.935
354.912 610.170
355.177 540.403
355.441 453.637
355.705 643.870
355.969 638.102
356.233 618.333
356.497 603.564
356.762 535.795
357.026 439.025
357.290 475.254
357.554 547.483
357.818 572.711
358.083 527.939
358.347 528.166
358.611 516.392
358.875 525.618
359.139 522.844
359.404 461.068
359.668 607.293
359.932 743.516
360.196 702.740
360.460 532.962
360.725 538.184
360.989 625.406
361.253 743.627
361.517 731.848
361.781 658.067
362.046 648.287
362.310 682.506
362.574 661.724
362.838 517.942
363.102 518.159
363.366 559.376
363.631 522.592
363.895 536.808
364.159 674.023
364.423 610.238
364.687 608.452
364.952 731.665
365.216 776.878
365.480 629.091
365.747 471.303
366.013 502.515
366.280 466.726
366.546 573.936
366.813 530.146
367.079 562.356
367.346 600.565
367.612 594.773
367.879 620.981
368.145 591.189
368.412 480.396
368.678 488.602
368.945 599.808
369.211 540.013
369.478 534.218
369.744 529.423
370.011 542.627
370.278 505.830
370.544 483.033
370.811 529.236
371.077 528.438
371.344 524.640
371.610 525.841
371.877 544.041
372.143 615.241
372.410 653.441
372.676 750.640
372.943 717.839
373.209 627.037
373.476 497.235
373.742 426.432
374.009 606.629
374.276 644.825
374.542 547.021
374.809 463.216
375.075 385.411
375.342 332.606
375.608 370.800
375.875 424.993
376.141 693.186
376.408 641.379
376.674 548.571
376.941 517.762
377.207 537.954
377.474 893.144
377.740 806.335
378.007 536.525
378.273 638.714
378.540 711.903
378.807 582.091
379.073 478.280
379.340 476.467
379.606 535.654
379.873 569.841
380.139 593.027
380.406 620.213
380.672 583.399
380.939 542.584
381.205 518.768
381.472 415.952
381.738 362.136
382.005 551.319
382.271 613.502
382.538 583.684
382.804 705.866
383.071 607.048
383.338 597.229
383.604 559.409
383.871 642.590
384.137 648.769
384.404 579.949
384.670 603.128
384.937 561.306
385.203 652.484
385.470 602.662
385.736 657.839
386.003 597.016
386.269 585.193
386.536 505.369
386.802 512.544
387.069 695.720
387.336 839.895
387.602 762.069
387.869 525.243
388.135 514.417
388.402 492.590
388.668 538.763
388.935 670.935
389.201 812.107
389.468 730.278
389.734 710.450
390.001 672.620
390.267 558.791
390.534 689.961
390.800 658.130
391.067 730.300
391.333 751.468
391.600 646.637
391.867 622.805
392.133 587.973
392.400 515.140
392.666 460.307
392.933 689.473
393.199 793.639
393.466 621.805
393.732 522.970
393.999 692.135
394.265 658.300
394.532 584.464
394.798 683.628
395.065 633.791
395.331 763.954
395.598 827.117
395.864 845.279
396.131 961.441
396.398 1100.603
396.664 1299.764
396.931 1535.925
397.197 1909.086
397.464 2315.246
397.730 2902.405
397.997 3256.565
398.263 3483.724
398.530 3644.882
398.796 4006.041
399.063 4212.199
399.329 4328.356
399.596 4534.513
399.862 4584.670
400.129 4593.827
400.396 4540.983
400.662 4309.139
400.929 4461.294
401.195 4626.449
401.462 4719.604
401.728 4935.758
401.995 5263.912
402.261 5529.066
402.528 5877.219
402.794 6204.372
403.061 6600.525
403.327 7094.677
403.594 7256.829
403.860 7406.980
404.127 7655.132
404.393 8059.283
404.660 8367.433
404.931 8671.583
405.202 8981.733
405.473 9332.883
405.745 10122.032
406.016 10818.181
406.287 10862.329
406.558 11033.478
406.829 11404.625
407.100 11590.773
407.371 11938.920
407.642 12060.067
407.914 12124.214
408.185 12229.360
408.456 12529.506
408.727 12860.651
408.998 12714.796
409.269 12917.941
409.540 12992.086
409.811 12710.230
410.083 12719.374
410.354 12607.518
410.625 12385.661
410.896 12163.804
411.167 11989.947
411.438 11655.089
411.709 11146.231
411.981 10835.373
412.252 9932.514
412.523 9341.655
412.794 8917.796
413.065 8368.936
413.336 7584.077
413.607 7265.216
413.878 6839.356
414.150 6324.495
414.421 5806.634
414.692 5502.773
414.963 5112.911
415.234 4919.049
415.505 4508.187
415.776 4250.324
416.047 3900.461
416.319 3495.598
416.590 3037.734
416.861 2482.870
417.132 2400.006
417.403 2217.142
417.674 1909.277
417.945 1617.412
418.217 1445.547
418.488 1467.681
418.759 1244.815
419.030 1133.949
419.301 1061.083
419.572 1053.216
419.843 1016.349
420.114 895.481
420.386 878.614
420.657 979.746
420.928 888.877
421.199 848.009
421.470 809.140
421.741 675.271
422.012 684.401
422.283 688.532
422.555 709.662
422.826 784.792
423.097 876.921
423.368 827.050
423.639 641.179
423.910 715.308
424.181 708.436
424.453 642.564
424.724 885.692
424.995 945.819
425.266 761.947
425.537 690.074
425.808 801.200
426.079 900.327
426.350 807.453
426.622 776.579
426.893 862.704
427.164 806.830
427.435 687.955
427.706 693.079
427.977 728.204
428.248 681.328
428.519 767.452
428.791 718.576
429.062 791.699
429.333 676.822
429.604 654.945
429.875 772.068
430.146 825.190
430.417 783.312
430.689 732.434
430.960 660.556
431.231 684.677
431.502 828.798
431.773 874.919
432.044 761.040
432.315 894.160
432.586 849.280
432.858 839.400
433.129 638.519
433.400 636.639
433.671 743.758
433.942 691.876
434.213 543.995
434.484 590.113
434.755 670.231
435.027 541.349
435.298 652.466
435.569 716.584
435.840 594.701
436.116 644.817
436.391 738.934
436.667 741.050
436.942 801.166
437.218 793.282
437.493 798.397
437.769 813.513
438.045 718.628
438.320 743.743
438.596 734.857
438.871 718.971
439.147 660.086
439.422 596.199
439.698 543.313
439.974 541.426
440.249 742.539
440.525 740.652
440.800 494.765
441.076 572.877
441.351 764.989
441.627 901.101
441.903 808.213
442.178 625.325
442.454 682.436
442.729 864.547
443.005 654.657
443.281 782.768
443.556 881.878
443.832 768.988
444.107 651.098
444.383 680.208
444.658 696.317
444.934 580.426
445.210 720.535
445.485 858.644
445.761 879.752
446.036 837.861
446.312 853.969
446.587 825.076
446.863 638.184
447.139 734.291
447.414 766.399
447.690 794.505
447.965 818.612
448.241 696.719
448.516 737.825
448.792 787.931
449.068 765.037
449.343 820.142
449.619 763.248
449.894 792.353
450.170 828.458
450.445 992.562
450.721 1026.667
450.997 783.771
451.272 925.875
451.548 805.979
451.823 810.083
452.099 988.186
452.375 901.289
452.650 859.392
452.926 952.495
453.201 977.598
453.477 1178.700
453.752 1081.802
454.028 897.904
454.304 986.006
454.579 1090.107
454.855 963.209
455.130 926.310
455.406 1121.411
455.681 1042.511
455.957 978.612
456.233 929.712
456.508 869.812
456.784 842.912
457.059 846.012
457.335 1049.111
457.610 929.210
457.886 843.310
458.162 757.408
458.437 768.507
458.713 857.606
458.988 841.704
459.264 854.802
459.539 851.900
459.815 771.997
460.091 760.095
460.366 712.192
460.642 629.289
460.917 675.386
461.193 726.483
461.468 627.579
461.744 614.676
462.020 663.772
462.295 734.868
462.571 698.963
462.846 716.059
463.122 873.154
463.397 881.249
463.673 742.602
463.949 701.737
464.224 687.846
464.500 756.871
464.775 703.722
465.051 838.140
465.327 969.940
465.602 1202.598
465.878 1313.783
466.153 1178.833
466.429 1404.878
466.704 1678.020
466.980 1739.469
467.256 1866.561
467.531 2027.681
467.807 2035.817
468.082 2055.950
468.358 2058.988
468.633 2166.688
468.909 2062.362
469.185 1982.114
469.460 2077.761
469.736 2196.763
470.011 1947.106
470.287 1917.069
470.562 1989.574
470.838 1836.274
471.114 1933.169
471.389 1822.148
471.665 1767.459
471.940 1827.030
472.216 1747.161
472.491 1551.453
472.767 1521.677
473.043 1598.846
473.318 1655.731
473.594 1462.031
473.869 1330.343
474.145 1215.478
474.421 1188.101
474.696 1126.135
474.972 991.933
475.247 957.355
475.523 1040.990
475.798 1038.063
476.074 993.306
476.350 961.826
476.625 876.248
476.901 921.188
477.176 929.503
477.452 865.573
477.727 887.023
478.003 756.127
478.279 957.434
478.554 1051.016
478.830 1060.311
479.105 1054.183
479.381 1008.575
479.656 862.616
479.932 925.658
480.208 1051.324
480.483 1090.791
480.759 1067.620
481.034 982.788
481.310 949.539
481.585 982.991
481.861 989.124
482.137 882.471
482.412 956.114
482.688 1030.582
482.963 1058.719
483.239 1122.871
483.514 901.510
483.790 945.790
484.066 1219.652
484.341 1033.886
484.617 937.224
484.892 1073.748
485.168 1056.914
485.443 919.761
485.719 998.370
485.995 1067.898
486.270 1068.902
486.546 940.260
486.821 837.471
487.097 835.897
487.373 940.675
487.648 1164.295
487.924 1126.847
488.199 892.027
488.475 753.598
488.750 803.179
489.026 975.782
489.302 910.109
489.577 852.431
489.853 926.110
490.128 1130.889
490.404 1081.914
490.679 905.865
490.955 1086.874
491.231 1148.534
491.506 1117.445
491.782 960.927
492.057 944.407
492.333 1011.019
492.608 965.106
492.884 1032.696
493.160 904.592
493.435 874.088
493.711 1051.614
493.986 1025.194
494.262 1004.705
494.537 981.250
494.813 1026.449
495.089 894.919
495.364 948.039
495.640 979.547
495.915 929.523
496.191 1129.262
496.467 1078.232
496.742 1039.882
497.018 1090.381
497.293 987.789
497.569 1058.997
497.844 1032.455
498.120 1085.004
498.396 1125.921
498.671 1076.467
498.947 1168.894
499.222 1186.034
499.498 1190.273
499.773 1289.849
500.049 1356.302
500.325 1333.777
500.600 1476.518
500.876 1512.103
501.151 1698.760
501.427 1842.105
501.702 1972.673
501.978 2075.258
502.254 2178.202
502.529 2178.095
502.805 2356.595
503.080 2479.003
503.356 2400.850
503.631 2377.085
503.907 2449.783
504.183 2404.309
504.458 2420.575
504.734 2379.777
505.009 2401.082
505.285 2360.062
505.560 2352.692
505.836 2297.452
506.112 2273.232
506.387 2121.482
506.663 2036.495
506.938 2052.744
507.214 2031.581
507.490 1998.287
507.765 1855.069
508.041 1828.903
508.316 1855.210
508.592 1696.457
508.867 1629.428
509.143 1650.975
509.419 1516.371
509.694 1302.767
509.970 1272.745
510.245 1192.188
510.521 1205.064
510.796 1136.995
511.072 1084.116
511.348 1044.136
511.623 1041.213
511.899 994.438
512.174 1085.871
512.450 1129.504
512.725 1046.237
513.001 893.632
513.277 807.665
513.552 1027.479
513.828 1020.588
514.103 1000.929
514.379 1129.201
514.654 966.610
514.930 971.653
515.206 1338.772
515.481 1281.919
515.757 1104.154
516.032 1083.569
516.308 1253.392
516.583 1338.087
516.859 1353.071
517.135 1430.058
517.410 1488.567
517.686 1639.262
517.961 1654.874
518.237 1742.901
518.513 1781.216
518.788 2113.211
519.064 2309.966
519.339 2400.183
519.615 2485.767
519.890 2669.545
520.166 2825.995
520.442 3149.612
520.717 3209.346
520.993 3206.720
521.268 3120.923
521.544 3195.094
521.819 3259.141
522.095 3402.907
522.371 3537.769
522.646 3497.561
522.922 3585.267
523.197 3558.507
523.473 3634.588
523.748 3578.189
524.024 3488.297
524.300 3522.806
524.575 3498.943
524.851 3632.973
525.126 3582.715
525.402 3642.662
525.677 3787.219
525.953 3724.384
526.229 3601.116
526.504 3488.831
526.780 3514.235
527.055 3549.236
527.331 3665.084
527.606 3751.987
527.882 3631.708
528.158 3575.858
528.433 3779.517
528.709 3722.954
528.984 3680.785
529.260 3709.076
529.535 3628.722
529.811 3356.926
530.087 3267.199
530.362 3283.892
530.638 3430.934
530.913 3388.428
531.189 3226.699
531.465 3060.733
531.740 2935.246
532.016 2942.977
532.291 2855.994
532.567 2795.695
532.842 2740.520
533.118 2571.557
533.394 2593.529
533.669 2353.495
533.945 2153.163
534.220 2066.645
534.496 2152.453
534.771 2016.206
535.047 1992.864
535.323 1927.485
535.598 1989.075
535.874 2055.528
536.149 1999.920
536.425 1949.096
536.700 2157.567
536.976 2454.992
537.252 3027.624
537.527 3614.152
537.803 4403.010
538.078 5123.226
538.354 5781.099
538.629 6297.672
538.905 6932.571
539.181 7586.340
539.456 8145.568
539.732 8899.963
540.007 9402.487
540.283 9670.727
540.558 10013.654
540.834 10533.025
541.110 10937.568
541.385 11231.683
541.661 11477.283
541.936 11787.029
542.212 11790.057
542.488 11866.425
542.763 12044.875
543.039 12167.990
543.314 12277.172
543.590 12311.266
543.865 12220.953
544.141 12048.218
544.417 11814.906
544.692 11440.581
544.968 11260.894
545.243 10974.925
545.519 10611.548
545.794 10379.606
546.070 10181.847
546.348 9882.580
546.627 9492.094
546.905 9504.578
547.183 9369.568
547.461 9272.303
547.740 9321.016
548.018 9179.241
548.296 9148.332
548.575 9319.189
548.853 9543.671
549.131 9978.680
549.409 10367.643
549.688 10550.235
549.966 10657.431
550.244 11179.309
550.523 11302.078
550.801 11515.692
551.079 11645.798
551.357 11818.946
551.636 11882.418
551.914 11969.487
552.192 11952.773
552.471 12177.852
552.749 12431.740
553.027 12658.729
553.306 12747.611
553.584 13230.455
553.862 13427.726
554.140 13737.207
554.419 14169.959
554.697 14617.610
554.975 14986.919
555.254 15325.203
555.532 15195.053
555.810 15208.571
556.088 15394.193
556.367 15032.023
556.645 14886.127
556.923 14780.145
557.202 14653.100
557.480 14411.739
557.758 13999.168
558.036 13527.830
558.315 13101.881
558.593 12735.037
558.871 12306.238
559.150 11828.400
559.428 11374.946
559.706 10724.149
559.984 10148.208
560.263 9749.849
560.541 9171.938
560.819 8597.971
561.098 7918.984
561.376 7403.647
561.654 6464.271
561.932 5642.822
562.211 5169.011
562.489 4690.673
562.767 4153.589
563.046 3624.484
563.324 3301.475
563.602 3170.208
563.880 2750.705
564.159 2554.975
564.437 2489.293
564.715 2151.997
564.994 1872.773
565.272 1854.585
565.550 1695.615
565.828 1503.431
566.107 1528.881
566.385 1481.913
566.663 1315.469
566.942 1262.985
567.220 1299.534
567.498 1401.791
567.776 1249.914
568.055 1175.921
568.333 1172.121
568.611 1188.876
568.890 1105.106
569.168 954.776
569.446 984.729
569.725 978.012
570.003 772.260
570.281 686.979
570.559 898.823
570.838 952.013
571.116 932.632
571.394 934.616
571.673 952.056
571.951 881.181
572.229 885.110
572.507 885.043
572.786 901.513
573.064 813.829
573.342 784.662
573.621 661.360
573.899 725.795
574.177 980.455
574.455 878.819
574.734 717.297
575.012 779.964
575.290 740.616
575.569 770.799
575.847 830.481
576.125 833.470
576.403 714.490
576.682 750.635
576.960 773.834
577.243 827.250
577.527 719.735
577.810 597.612
578.093 633.749
578.377 694.334
578.660 699.319
578.944 680.589
579.227 639.406
579.510 741.174
579.794 708.223
580.077 639.181
580.360 720.216
580.644 670.330
580.927 610.404
581.210 677.048
581.494 642.584
581.777 702.685
582.061 708.409
582.344 584.533
582.627 539.711
582.911 593.593
583.194 591.235
583.477 747.965
583.761 734.036
584.044 818.910
584.327 833.757
584.611 665.968
584.894 650.027
585.178 647.073
585.461 653.110
585.744 713.093
586.028 666.849
586.311 747.892
586.594 780.935
586.878 638.978
587.161 634.020
587.444 718.063
587.728 723.105
588.011 726.148
588.295 588.190
588.578 664.568
588.861 757.517
589.145 656.317
589.428 701.060
589.711 564.401
589.995 542.900
590.278 749.735
590.562 686.527
590.845 616.952
591.128 846.916
591.412 771.110
591.695 663.030
591.978 793.149
592.262 740.036
592.545 580.077
592.828 712.434
593.112 619.043
593.395 587.180
593.679 604.564
593.962 757.992
594.245 667.726
594.529 577.219
594.812 499.151
595.095 470.833
595.379 667.555
595.662 701.062
595.945 628.907
596.229 568.799
596.512 568.703
596.796 637.691
597.079 704.426
597.362 889.615
597.646 864.047
597.929 670.219
598.212 693.312
598.496 704.221
598.779 769.705
599.062 871.423
599.346 702.657
599.629 609.301
599.913 601.843
600.196 655.084
600.479 712.549
600.763 717.231
601.046 623.430
601.329 624.083
601.613 726.753
601.896 695.326
602.179 735.939
602.463 658.374
602.746 779.238
603.030 912.871
603.313 805.046
603.596 615.683
603.880 729.823
604.163 748.489
604.446 672.377
604.730 552.925
605.013 656.140
605.296 779.249
605.580 701.912
605.863 776.386
606.147 704.925
606.430 667.744
606.713 759.105
606.997 721.688
607.280 877.575
607.563 766.066
607.847 699.861
608.130 748.281
608.414 766.177
608.697 726.097
608.980 746.434
609.264 810.928
609.547 694.598
609.830 670.149
610.114 723.075
610.397 728.988
610.680 798.762
610.964 808.208
611.247 804.323
611.531 709.957
611.814 613.821
612.097 632.503
612.381 868.194
612.664 1000.584
612.947 761.169
613.231 715.082
613.514 763.954
613.797 857.311
614.081 907.445
614.364 895.693
614.648 822.055
614.931 766.099
615.214 768.100
615.498 877.052
615.781 950.786
616.064 894.719
616.348 978.416
616.631 1009.958
616.914 1056.243
617.198 997.221
617.481 920.409
617.765 896.698
618.048 983.502
618.331 948.987
618.615 931.185
618.898 1058.691
619.181 1035.011
619.465 947.049
619.748 845.205
620.031 807.463
620.315 767.664
620.598 819.056
620.882 936.092
621.165 1092.127
621.448 984.806
621.732 943.035
622.015 772.921
622.298 693.739
622.582 791.273
622.865 771.120
623.148 722.204
623.432 805.766
623.715 727.723
623.999 950.883
624.282 940.829
624.565 974.950
624.849 782.832
625.132 671.542
625.415 960.891
625.699 1058.767
625.982 866.067
626.265 776.853
626.549 779.133
626.832 891.289
627.116 913.546
627.399 678.227
627.682 704.112
627.966 708.472
628.249 682.643
628.532 630.735
628.816 813.054
629.099 753.155
629.383 732.415
629.666 746.969
629.949 671.066
630.233 698.592
630.516 762.951
630.799 820.822
631.083 707.973
631.366 621.967
631.649 651.913
631.933 637.596
632.216 812.701
632.500 805.308
632.783 780.665
633.066 722.014
633.350 767.296
633.633 836.085
633.916 796.363
634.200 750.001
634.483 796.249
634.766 837.934
635.050 800.333
635.333 722.533
635.617 706.947
635.900 802.320
636.183 889.764
636.467 861.544
636.750 886.364
637.033 940.168
637.317 863.227
637.600 898.161
637.883 943.357
638.167 941.565
638.450 973.539
638.734 955.779
639.017 982.963
639.300 1032.619
639.584 1027.941
639.867 1236.577
640.150 1174.867
640.434 1203.896
640.717 1209.343
641.000 1154.232
641.284 1206.599
641.567 1102.986
641.851 1198.062
642.134 1340.651
642.417 1318.867
642.701 1441.739
642.984 1476.870
643.267 1378.541
643.551 1256.848
643.834 1247.746
644.117 1378.629
644.401 1301.225
644.684 1390.289
644.968 1581.662
645.251 1544.560
645.534 1494.871
645.818 1531.485
646.101 1744.220
646.384 1956.456
646.668 2091.696
646.951 2175.293
647.235 2341.840
647.518 2471.569
647.801 2773.289
648.085 3045.831
648.368 3194.400
648.651 3351.383
648.935 3720.247
649.218 4094.099
649.501 4289.315
649.785 4562.141
650.068 5031.155
650.352 5319.221
650.635 5687.226
650.918 6044.575
651.202 6621.580
651.485 7226.188
651.768 7751.146
652.052 8345.316
652.335 8910.474
652.618 9462.998
652.902 10115.476
653.185 10898.419
653.469 11274.504
653.752 11499.919
654.035 11702.374
654.319 12135.676
654.602 12313.970
654.885 12527.921
655.169 12836.507
655.452 12923.813
655.735 13096.466
656.019 13121.559
656.302 13240.480
656.586 13555.047
656.869 13985.741
657.152 14141.053
657.436 14375.678
657.719 14364.013
658.002 14349.000
658.286 14136.250
658.569 13420.382
658.852 12888.496
659.136 12599.975
659.419 12012.187
659.703 11598.003
659.986 11571.636
660.269 11426.339
660.553 11168.821
660.836 11130.232
661.119 11191.237
661.403 11111.208
661.686 11093.830
661.969 11068.427
662.253 10809.240
662.536 10646.667
662.820 10538.894
663.103 10354.338
663.386 10406.091
663.670 10462.915
663.953 10307.148
664.236 10384.489
664.520 10231.529
664.803 10274.111
665.086 10271.838
665.370 10505.171
665.653 10442.383
665.937 10313.043
666.220 9968.244
666.503 9662.998
666.787 9378.037
667.070 9049.565
667.353 8488.618
667.637 7798.000
667.920 7226.020
668.204 6385.436
668.487 5673.358
668.770 5211.750
669.054 4532.552
669.337 4049.943
669.620 3706.444
669.904 3261.761
670.187 2935.858
670.470 2809.290
670.754 2481.767
671.037 2209.774
671.321 1999.169
671.604 2023.736
671.887 1987.964
672.171 1871.308
672.454 1811.140
672.737 1717.543
673.021 1596.256
673.304 1525.027
673.587 1719.100
673.871 1703.118
674.154 1693.488
674.438 1755.894
674.721 1771.338
675.004 1798.908
675.288 1795.849
675.571 1892.474
675.854 1825.560
676.138 1790.356
676.421 1843.831
676.704 1789.978
676.988 1835.630
677.271 1967.719
677.555 1770.195
677.838 1589.250
678.121 1520.487
678.405 1399.439
678.688 1407.747
678.971 1183.517
679.255 1347.445
679.538 1492.700
679.821 1484.429
680.105 1344.772
680.388 1175.536
680.672 1176.785
680.955 1211.116
681.238 1204.079
681.522 1132.168
681.805 1112.796
682.088 1211.664
682.372 1204.613
682.655 1124.477
682.938 1228.889
683.222 1154.803
683.505 1074.532
683.789 1140.389
684.072 1074.585
684.355 1074.534
684.639 1089.175
684.922 1045.360
685.205 1005.721
685.489 1121.614
685.772 1090.420
686.056 1058.114
686.339 1136.593
686.622 994.371
686.906 924.461
687.189 1074.800
687.472 1253.323
687.756 1090.416
688.039 996.591
688.322 987.223
688.606 1221.069
688.889 1167.860
689.173 1060.370
689.456 1207.578
689.739 1201.341
690.023 1143.806
690.306 1186.585
690.589 1182.250
690.873 1267.414
691.156 1274.723
691.439 1228.964
691.723 1174.879
692.006 1312.587
692.290 1341.069
692.573 1405.122
692.856 1383.583
693.140 1360.810
693.423 1374.955
693.706 1277.960
693.990 1365.311
694.273 1386.653
694.556 1503.926
694.840 1525.676
695.123 1386.729
695.407 1429.698
695.690 1394.853
695.973 1397.347
696.257 1456.695
696.540 1717.567
696.830 1661.355
697.120 1663.436
697.410 1826.024
697.699 1830.329
697.989 2060.036
698.279 1934.994
698.569 1777.298
698.859 1840.847
699.149 1941.402
699.439 1844.448
699.729 1767.080
700.018 1751.799
700.308 1881.535
700.598 1783.700
700.888 1690.888
701.178 1854.678
701.468 1732.131
701.758 1594.635
702.048 1635.281
702.337 1570.224
702.627 1684.133
702.917 1565.085
703.207 1411.906
703.497 1385.358
703.787 1207.105
704.077 1216.391
704.366 1263.169
704.656 1110.471
704.946 1026.163
705.236 925.261
705.526 1062.085
705.816 1184.862
706.106 824.781
706.396 801.074
706.685 853.328
706.975 789.796
707.265 739.690
707.555 898.084
707.845 847.764
708.135 736.786
708.425 668.418
708.715 683.939
709.004 902.653
709.294 845.364
709.584 798.354
709.874 877.272
710.164 823.054
710.454 733.794
710.744 728.156
711.034 810.300
711.323 810.696
711.613 713.277
711.903 885.656
712.193 925.009
712.483 739.191
712.773 743.146
713.063 683.810
713.352 730.484
713.642 774.044
713.932 844.750
714.222 807.100
714.512 746.998
714.802 734.434
715.092 805.192
715.382 643.114
715.671 617.763
715.961 694.629
716.251 621.432
716.541 679.566
716.831 765.472
717.121 707.683
717.411 810.655
717.701 846.083
717.990 735.099
718.280 664.948
718.570 663.059
718.860 637.638
719.150 666.921
719.440 648.176
719.730 577.182
720.019 825.698
720.309 774.932
720.599 712.870
720.889 665.451
721.179 751.596
721.469 776.283
721.759 675.418
722.049 706.120
722.338 609.304
722.628 644.117
722.918 694.383
723.208 817.855
723.498 672.683
723.788 705.112
724.078 890.888
724.368 831.875
724.657 702.000
724.947 713.305
725.237 754.554
725.527 758.436
725.817 657.435
726.107 644.857
726.397 605.225
726.686 562.692
726.976 630.411
727.266 736.814
727.556 632.386
727.846 748.217
728.136 777.494
728.426 665.649
728.716 583.305
729.005 761.620
729.295 718.035
729.585 565.081
729.875 566.913
730.165 638.288
730.455 739.181
730.745 746.715
731.035 666.153
731.324 759.881
731.614 729.300
731.904 632.847
732.194 747.541
732.484 726.887
732.774 678.269
733.064 691.908
733.354 534.340
733.643 553.485
733.933 603.648
734.223 586.124
734.513 764.506
734.803 816.979
735.093 692.121
735.383 642.036
735.672 672.329
735.962 724.545
736.252 537.151
736.542 611.680
736.832 608.762
737.122 512.319
737.412 621.163
737.702 744.461
737.991 697.376
738.281 653.536
738.571 625.409
738.861 602.053
739.151 582.388
739.441 703.762
739.731 606.437
740.021 650.016
740.310 762.116
740.600 753.016
740.890 541.700
741.180 591.160
741.470 661.269
741.760 752.107
742.050 868.613
742.339 722.971
742.629 623.090
742.919 814.009
743.209 608.679
743.499 521.269
743.789 585.171
744.079 710.933
744.369 755.748
744.658 649.238
744.948 462.476
745.238 610.624
745.528 664.162
745.818 776.943
746.108 748.192
746.398 735.052
746.688 644.704
746.977 796.659
747.267 655.666
747.557 702.062
747.847 788.562
748.137 709.764
748.427 630.181
748.717 498.358
749.006 400.369
749.296 607.958
749.586 693.939
749.876 736.482
750.166 611.003
750.456 641.541
750.746 660.164
751.036 581.341
751.325 746.031
751.615 744.797
751.905 693.867
752.195 728.579
752.485 646.598
752.775 620.237
753.065 590.226
753.355 799.454
753.644 796.470
753.934 665.353
754.224 692.789
754.514 860.170
754.804 629.637
755.094 509.295
755.384 595.572
755.674 671.819
755.963 741.046
756.253 678.555
756.543 691.935
756.833 757.666
757.123 760.940
757.413 666.246
757.703 614.004
757.992 607.992
758.282 607.400
758.572 594.963
758.862 567.846
759.152 670.377
759.442 587.393
759.732 700.565
760.022 808.121
760.311 654.023
760.601 532.310
760.891 783.838
761.181 764.978
761.471 665.162
761.761 547.018
762.051 583.290
762.341 727.591
762.630 802.863
762.920 667.937
763.210 669.637
763.500 719.333
763.793 615.625
764.086 683.115
764.379 644.217
764.671 749.868
764.964 644.253
765.257 667.409
765.550 680.870
765.843 524.638
766.136 609.333
766.429 639.593
766.722 654.072
767.014 572.949
767.307 436.585
767.600 482.927
767.893 524.763
768.186 494.539
768.479 597.379
768.772 760.703
769.064 717.374
769.357 600.859
769.650 614.587
769.943 772.092
770.236 664.356
770.529 553.148
770.822 584.415
771.115 704.393
771.407 801.993
771.700 752.565
771.993 819.000
772.286 742.509
772.579 756.899
772.872 635.949
773.165 577.499
773.457 680.339
773.750 677.006
774.043 621.524
774.336 621.159
774.629 697.545
774.922 702.303
775.215 565.085
775.508 613.309
775.800 617.740
776.093 701.964
776.386 686.185
776.679 604.315
776.972 662.741
777.265 879.273
777.558 919.653
777.850 746.887
778.143 698.663
778.436 691.334
778.729 644.425
779.022 679.618
779.315 610.288
779.608 532.918
779.900 587.206
780.193 608.329
780.486 617.775
780.779 609.148
781.072 533.404
781.365 694.437
781.658 694.147
781.951 600.791
782.243 662.730
782.536 744.398
782.829 706.262
783.122 680.175
783.415 693.551
783.708 693.568
784.001 737.717
784.293 784.875
784.586 751.039
784.879 783.119
785.172 748.318
785.465 605.798
785.758 664.932
786.051 702.023
786.344 777.635
786.636 858.510
786.929 702.370
787.222 635.591
787.515 567.268
787.808 593.124
788.101 567.166
788.394 698.051
788.686 815.949
788.979 779.782
789.272 732.066
789.565 711.391
789.858 616.597
790.151 560.286
790.444 525.337
790.737 577.878
791.029 583.727
791.322 705.499
791.615 633.027
791.908 657.285
792.201 659.639
792.494 610.144
792.787 711.146
793.079 871.392
793.372 721.138
793.665 719.878
793.958 677.023
794.251 690.000
794.544 809.846
794.837 887.439
795.130 780.775
795.422 732.934
795.715 703.040
796.008 700.763
796.301 704.363
796.594 645.613
796.887 737.263
797.180 724.055
797.472 525.666
797.765 476.828
798.058 572.982
798.351 567.587
798.644 555.638
798.937 508.794
799.230 579.020
799.523 936.542
799.815 908.642
800.108 627.500
800.401 533.797
800.694 712.988
800.987 617.577
801.280 677.767
801.573 781.678
801.865 798.677
802.158 652.186
802.451 584.337
802.744 594.333
803.037 604.328
803.330 591.960
803.623 745.077
803.915 745.092
804.208 600.997
804.501 698.311
804.794 774.403
805.087 730.643
805.380 558.776
805.673 513.187
805.966 642.331
806.258 625.956
806.551 693.493
806.844 695.516
807.137 706.281
807.430 530.888
807.723 530.903
808.016 766.862
808.308 787.534
808.601 635.366
808.894 564.224
809.187 591.998
809.480 734.275
809.773 700.386
810.066 647.785
810.359 704.848
810.651 720.412
810.944 518.088
811.237 525.689
811.530 647.803
811.825 587.866
812.119 516.652
812.414 467.222
812.709 609.123
813.003 674.136
813.298 633.025
813.593 654.586
813.887 612.440
814.182 905.786
814.476 796.061
814.771 794.045
815.066 694.964
815.360 595.695
815.655 599.775
815.950 633.970
816.244 682.815
816.539 759.655
816.834 704.624
817.128 738.011
817.423 745.429
817.718 914.397
818.012 775.686
818.307 492.120
818.602 612.011
818.896 707.739
819.191 635.511
819.486 688.328
819.780 777.941
820.075 848.705
820.369 842.202
820.664 682.633
820.959 725.091
821.253 782.852
821.548 767.322
821.843 781.392
822.137 803.009
822.432 739.072
822.727 667.907
823.021 621.646
823.316 765.466
823.611 810.016
823.905 687.911
824.200 563.783
824.495 731.654
824.789 783.356
825.084 686.655
825.379 607.225
825.673 623.721
825.968 713.945
826.262 685.055
826.557 713.821
826.852 741.741
827.146 771.479
827.441 716.593
827.736 761.955
828.030 746.839
828.325 507.207
828.620 649.472
828.914 794.704
829.209 673.549
829.504 826.982
829.798 800.908
830.093 639.399
830.388 604.530
830.682 543.716
830.977 659.909
831.271 727.864
831.566 593.034
831.861 609.556
832.155 631.983
832.450 780.519
832.745 867.005
833.039 704.017
833.334 616.587
833.629 629.102
833.923 572.777
834.218 558.857
834.513 632.709
834.807 633.191
835.102 519.429
835.397 576.621
835.691 537.002
835.986 552.204
836.281 515.336
836.575 560.833
836.870 599.790
837.164 644.377
837.459 596.886
837.754 617.407
838.048 615.693
838.343 556.564
838.638 624.401
838.932 663.328
839.227 607.395
839.522 631.620
839.816 624.570
840.111 589.331
840.406 580.667
840.700 717.818
840.995 907.070
841.290 945.234
841.584 706.350
841.879 739.330
842.174 707.605
842.468 653.539
842.763 591.238
843.057 703.135
843.352 706.138
843.647 717.403
843.941 725.271
844.236 731.077
844.531 752.748
844.825 688.023
845.120 730.575
845.415 769.093
845.709 689.801
846.004 790.426
846.299 664.739
846.593 842.799
846.888 807.235
847.183 685.056
847.477 665.528
847.772 722.668
848.066 737.140
848.361 710.360
848.656 714.606
848.950 663.682
849.245 745.692
849.540 720.535
849.834 866.850
850.129 874.740
850.424 656.471
850.718 669.884
851.013 790.588
851.308 721.957
851.602 719.675
851.897 816.858
852.192 899.957
852.486 770.762
852.781 650.501
853.076 753.608
853.370 744.751
853.665 797.397
853.959 825.272
854.254 676.112
854.549 935.038
854.843 825.713
855.138 660.984
855.433 765.573
855.727 899.336
856.022 697.204
856.317 730.291
856.611 742.174
856.906 620.722
857.201 759.053
857.495 893.834
857.790 852.626
858.085 818.611
858.379 809.240
858.674 617.245
858.969 568.902
859.263 654.323
859.558 643.364
859.852 613.392
860.147 734.867
860.442 807.881
860.736 606.998
861.031 735.327
861.326 828.903
861.620 709.019
861.915 837.753
862.210 828.632
862.504 651.282
862.799 748.731
863.094 786.512
863.388 687.191
863.683 658.903
863.978 603.753
864.272 605.653
864.567 621.597
864.861 622.402
865.156 547.869
865.451 494.712
865.745 706.145
866.040 769.290
866.335 764.629
866.629 845.130
866.924 729.721
867.219 642.262
867.513 753.322
867.808 652.609
868.103 602.357
868.397 614.917
868.692 655.101
868.987 612.071
869.281 564.396
869.576 738.062
869.871 773.371
870.165 620.747
870.460 471.735
870.754 526.474
871.049 581.989
871.344 694.710
871.638 705.497
871.933 622.345
872.228 678.831
872.522 642.145
872.817 724.771
873.112 942.982
873.406 759.746
873.701 806.586
873.996 784.579
874.290 677.796
874.585 592.025
874.880 672.937
875.174 643.916
875.469 570.841
875.764 643.661
876.058 651.730
876.353 516.176
876.647 488.825
876.942 580.498
877.237 624.776
877.531 661.166
877.826 727.277
878.121 712.856
878.415 602.979
878.710 516.049
879.005 705.066
879.299 683.290
879.594 631.216
879.889 471.799
880.183 472.800
880.478 604.319
880.773 598.532
881.067 578.788
881.362 627.024
881.656 545.007
881.951 578.772
882.246 522.701
882.540 555.849
882.835 582.820
883.130 585.050
883.424 546.823
883.719 531.208
884.014 684.734
884.308 593.046
884.603 527.861
884.898 557.234
885.192 642.455
885.487 619.882
885.782 558.757
886.076 671.072
886.371 611.528
886.666 410.990
886.960 482.316
887.255 451.456
887.549 472.107
887.844 670.508
888.139 730.222
888.433 628.399
888.728 545.588
889.023 528.724
889.317 604.924
889.612 520.252
889.907 523.342
890.201 569.369
890.496 617.505
890.791 610.785
891.085 580.247
891.380 544.070
891.675 563.111
891.969 657.644
892.264 530.805
892.559 574.493
892.853 691.514
893.148 552.071
893.442 521.152
893.737 633.614
894.032 590.775
894.326 550.256
894.621 544.098
894.916 453.758
895.210 531.782
895.505 627.724
895.800 525.725
896.094 449.784
896.389 514.224
896.684 528.822
896.978 521.304
897.273 462.112
897.568 595.105
897.862 635.429
898.157 539.947
898.451 643.090
898.746 658.143
899.041 715.423
899.335 667.603
899.630 582.211
899.925 577.276
900.219 646.373
900.514 724.726
900.809 537.168
901.103 401.232
901.398 620.602
901.693 576.855
901.987 531.033
902.282 628.521
902.577 483.354
902.871 437.478
903.166 585.960
903.461 658.814
903.755 595.069
904.050 576.965
904.344 449.644
904.639 518.308
904.934 548.406
905.228 530.517
905.523 511.222
905.818 580.140
906.112 690.059
906.407 609.184
906.702 511.742
906.996 557.360
907.291 538.119
907.586 502.734
907.880 705.748
908.175 691.853
908.470 688.226
908.764 694.877
909.059 701.339
909.354 682.555
909.648 530.676
909.943 475.891
910.237 660.669
910.532 725.134
910.827 780.139
911.121 747.836
911.416 647.198
911.711 619.634
912.005 578.428
912.300 594.264
912.599 723.583
912.898 653.287
913.196 620.791
913.495 653.268
913.794 723.265
914.093 658.536
914.391 621.631
914.690 659.761
914.989 602.497
915.288 737.205
915.586 665.695
915.885 548.038
916.184 507.800
916.483 532.199
916.782 637.532
917.080 636.602
917.379 558.714
917.678 494.217
917.977 660.089
918.275 718.434
918.574 693.923
918.873 699.339
919.172 635.979
919.471 532.723
919.769 596.220
920.068 605.009
920.367 617.660
920.666 530.705
920.964 621.610
921.263 544.782
921.562 506.268
921.861 657.796
922.159 602.826
922.458 598.956
922.757 598.768
923.056 628.460
923.355 598.974
923.653 701.824
923.952 708.528
924.251 548.802
924.550 703.046
924.848 732.808
925.147 574.442
925.446 545.259
925.745 623.888
926.043 634.105
926.342 574.077
926.641 548.660
926.940 613.511
927.239 638.511
927.537 713.828
927.836 705.161
928.135 720.800
928.434 756.828
928.732 734.417
929.031 737.705
929.330 772.049
929.629 650.316
929.927 621.799
930.226 570.162
930.525 634.913
930.824 735.970
931.123 693.311
931.421 844.669
931.720 762.222
932.019 769.707
932.318 786.841
932.616 688.279
932.915 628.084
933.214 741.727
933.513 709.794
933.812 654.106
934.110 783.076
934.409 917.402
934.708 755.540
935.007 960.282
935.305 1014.820
935.604 756.037
935.903 846.013
936.202 883.709
936.500 1002.369
936.799 1110.553
937.098 996.294
937.397 952.446
937.696 835.460
937.994 796.964
938.293 847.587
938.592 793.518
938.891 863.462
939.189 875.416
939.488 873.067
939.787 1060.299
940.086 957.186
940.384 962.531
940.683 908.729
940.982 834.442
941.281 910.562
941.580 1183.311
941.878 1171.677
942.177 992.985
942.476 1032.259
942.775 1011.964
943.073 900.412
943.372 803.797
943.671 979.764
943.970 1171.607
944.268 1057.419
944.567 770.799
944.866 895.081
945.165 931.744
945.464 880.662
945.762 818.959
946.061 1045.191
946.360 1080.980
946.659 1132.221
946.957 1104.564
947.256 994.756
947.555 1006.106
947.854 1038.597
948.153 923.224
948.451 860.816
948.750 938.077
949.049 872.576
949.348 1104.618
949.646 936.486
949.945 815.141
950.244 966.800
950.543 952.289
950.841 853.889
951.140 802.951
951.439 764.040
951.738 784.150
952.037 877.051
952.335 972.208
952.634 974.897
952.933 884.244
953.232 898.581
953.530 647.910
953.829 900.258
954.128 1036.939
954.427 931.085
954.725 983.414
955.024 962.627
955.323 994.580
955.622 855.047
955.921 732.569
956.219 817.342
956.518 764.140
956.817 837.004
957.116 866.985
957.414 783.740
957.713 676.784
958.012 651.028
958.311 645.678
958.610 803.306
958.908 818.518
959.207 845.945
959.506 891.179
959.805 870.093
960.103 853.224
960.402 834.313
960.701 711.534
961.000 623.978
961.298 658.147
961.597 784.696
961.896 753.060
962.195 773.308
962.494 810.575
962.792 761.021
963.091 709.787
963.390 650.313
963.689 621.633
963.987 717.957
964.286 874.795
964.585 911.664
964.884 773.133
965.182 662.176
965.481 1052.522
965.780 1138.404
966.080 939.637
966.380 847.337
966.680 791.315
966.981 737.060
967.281 793.067
967.581 761.093
967.881 838.927
968.181 899.703
968.481 801.412
968.781 781.251
969.082 662.035
969.382 729.626
969.682 810.688
969.982 842.242
970.282 876.562
970.582 721.976
970.882 658.636
971.183 805.883
971.483 745.298
971.783 717.143
972.083 800.033
972.383 833.894
972.683 800.875
972.983 834.427
973.284 721.716
973.584 722.011
973.884 750.599
974.184 751.632
974.484 814.534
974.784 641.425
975.084 579.442
975.385 636.211
975.685 771.009
975.985 721.571
976.285 721.863
976.585 796.906
976.885 698.644
977.185 670.226
977.486 677.995
977.786 692.578
978.086 841.773
978.386 841.781
978.686 650.721
978.986 664.222
979.286 711.230
979.587 750.238
979.887 616.246
980.187 608.254
980.487 603.262
980.787 664.271
981.087 686.279
981.387 807.287
981.688 694.295
981.988 582.303
982.288 633.311
982.588 661.319
982.888 670.327
983.188 693.335
983.488 808.344
983.789 791.352
984.089 757.360
984.389 713.368
984.689 674.376
984.989 583.384
985.289 647.392
985.589 828.400
985.890 716.408
986.190 556.416
986.490 569.424
986.790 687.432
987.090 655.440
987.390 665.448
987.690 705.456
987.991 643.464
988.291 660.472
988.591 643.480
988.891 583.488
989.191 549.495
989.491 678.503
989.791 678.511
990.092 704.519
990.392 774.527
990.692 718.535
990.992 683.543
991.292 573.551
991.592 681.559
991.892 716.566
992.193 721.574
992.493 684.582
992.793 659.590
993.093 662.598
993.393 605.606
993.693 639.614
993.993 714.621
994.294 787.629
994.594 647.637
994.894 639.645
995.194 640.652
995.494 515.660
995.794 589.668
996.094 612.676
996.395 632.684
996.695 690.691
996.995 569.699
997.295 456.707
997.595 513.714
997.895 498.722
998.195 442.730
998.496 507.738
998.796 515.745
999.096 782.753
999.396 715.761
999.696 695.768
999.996 717.776
1000.296 846.784
1000.597 845.791
1000.897 669.799
1001.197 649.807
1001.497 833.814
1001.797 606.822
1002.097 514.829
1002.397 671.837
1002.698 640.845
1002.998 700.852
1003.298 688.860
1003.598 573.867
1003.898 550.875
1004.198 716.883
1004.498 829.890
1004.799 738.898
1005.099 729.905
1005.399 777.913
1005.699 829.920
1005.999 759.928
1006.299 627.935
1006.599 825.943
1006.900 818.950
1007.200 651.958
1007.500 690.965
1007.800 702.973
1008.100 614.980
1008.400 561.988
1008.700 546.995
1009.001 527.003
1009.301 569.010
1009.601 802.018
1009.901 867.025
1010.201 713.032
1010.501 680.040
1010.801 815.047
1011.102 658.055
1011.402 703.062
1011.702 558.069
1012.002 512.077
1012.302 688.084
1012.602 654.092
1012.902 586.099
1013.203 635.106
1013.503 702.114
1013.803 709.121
1014.103 563.128
1014.403 644.136
1014.703 618.143
1015.003 583.150
1015.304 762.158
1015.604 820.165
1015.904 586.172
1016.204 530.179
1016.504 592.187
1016.804 612.194
1017.104 610.201
1017.405 576.209
1017.705 560.216
1018.005 593.223
1018.305 639.230
1018.605 606.238
1018.905 497.245
1019.205 529.252
1019.506 875.259
1019.806 880.266
1020.106 730.274
1020.406 726.281
1020.706 713.288
1021.006 706.295
1021.306 772.302
1021.607 664.310
1021.907 780.317
1022.207 757.324
1022.507 601.331
1022.807 616.338
1023.107 622.345
1023.407 594.352
1023.708 607.360
1024.008 552.367
1024.308 603.374
1024.608 638.381
1024.908 548.388
1025.208 697.395
1025.508 878.402
1025.809 769.409
1026.109 604.416
1026.409 676.423
1026.709 694.431
1027.009 670.438
1027.309 714.445
1027.609 610.452
1027.910 546.459
1028.210 656.466
1028.510 803.473
1028.810 966.480
1029.110 821.487
1029.410 670.494
1029.710 849.501
1030.011 826.508
1030.311 788.515
1030.611 692.522
1030.911 679.529
1031.211 699.536
1031.511 602.543
1031.811 753.550
1032.112 776.557
1032.412 667.563
1032.712 551.570
1033.012 674.577
1033.312 877.584
1033.612 797.591
1033.912 641.598
1034.212 625.605
1034.513 582.612
1034.813 573.619
1035.113 643.626
1035.413 517.633
1035.713 620.639
1036.013 705.646
1036.313 671.653
1036.614 777.660
1036.914 706.667
1037.214 532.674
1037.514 607.681
1037.814 607.687
1038.114 622.694
1038.414 603.701
1038.715 683.708
1039.015 581.715
1039.315 484.721
1039.615 614.728
1039.915 609.735
1040.215 581.742
1040.515 612.749
1040.816 704.755
1041.116 708.762
1041.416 624.769
1041.716 518.776
1042.016 517.782
1042.316 716.789
1042.616 635.796
1042.917 581.803
1043.217 598.809
1043.517 623.816
1043.817 727.823
1044.117 690.829
1044.417 675.836
1044.717 642.843
1045.018 589.849
1045.318 715.856
1045.618 770.863
1045.918 636.869
1046.218 519.876
1046.518 589.883
1046.818 648.889
1047.119 560.896
1047.419 756.903
1047.719 732.909
1048.019 619.916
1048.319 691.923
1048.619 645.929
1048.919 615.936
1049.220 588.942
1049.520 694.949
1049.820 643.956
1050.120 581.962
1050.420 777.969
1050.720 716.975
1051.020 683.982
1051.321 760.988
1051.621 801.995
1051.921 661.002
1052.221 527.008
1052.521 513.015
1052.821 516.021
1053.121 671.028
1053.422 762.034
1053.722 803.041
1054.022 702.047
1054.322 799.054
1054.622 658.060
1054.922 574.067
1055.222 722.073
1055.523 744.080
1055.823 733.086
1056.123 794.093
1056.423 722.099
1056.723 783.105
1057.023 654.112
1057.323 468.118
1057.624 619.125
1057.924 714.131
1058.224 713.138
1058.524 651.144
1058.824 673.151
1059.124 668.157
1059.424 622.163
1059.725 694.170
1060.025 606.176
1060.325 627.183
1060.625 639.189
1060.925 593.195
1061.225 606.202
1061.525 778.208
1061.826 645.214
1062.126 685.221
1062.426 739.227
1062.726 750.233
1063.026 725.240
1063.326 904.246
1063.626 838.252
1063.927 693.259
1064.227 686.265
1064.527 589.271
1064.827 747.278
1065.127 692.284
1065.427 505.290
1065.727 567.297
1066.028 741.303
1066.328 765.309
1066.628 550.315
1066.928 541.322
1067.228 589.328
1067.528 608.334
1067.828 630.340
1068.129 558.347
1068.429 663.353
1068.729 774.359
1069.029 643.365
1069.329 525.372
1069.629 696.378
1069.929 813.384
1070.230 839.390
1070.530 731.396
1070.830 651.403
1071.130 731.409
1071.430 674.415
1071.730 735.421
1072.030 786.427
1072.331 604.434
1072.631 602.440
1072.931 722.446
1073.231 742.452
1073.531 721.458
1073.831 637.464
1074.131 738.470
1074.432 800.477
1074.732 667.483
1075.032 560.489
1075.332 536.495
1075.632 622.501
1075.932 588.507
1076.232 538.513
1076.533 582.519
1076.833 715.525
1077.133 698.531
1077.433 626.538
1077.733 575.544
1078.033 723.550
1078.333 734.556
1078.634 696.562
1078.934 729.568
1079.234 613.574
1079.534 783.580
1079.834 863.586
1080.134 727.592
1080.434 744.598
1080.735 711.604
1081.035 675.610
1081.335 504.616
1081.635 562.622
1081.935 677.628
1082.235 650.634
1082.535 635.640
1082.836 684.646
1083.136 654.652
1083.436 777.658
1083.736 771.664
1084.036 612.670
1084.336 590.676
1084.636 647.682
1084.937 772.688
1085.237 821.694
1085.537 714.700
1085.837 692.706
1086.137 647.712
1086.437 706.718
1086.737 678.723
1087.038 719.729
1087.338 794.735
1087.638 722.741
1087.938 553.747
1088.238 453.753
1088.538 638.759
1088.838 741.765
1089.139 736.771
1089.439 629.776
1089.739 770.782
1090.039 739.788
1090.339 752.794
1090.639 630.800
1090.939 655.806
1091.240 555.812
1091.540 587.817
1091.840 576.823
1092.140 701.829
1092.453 736.835
1092.766 603.841
1093.079 575.847
1093.392 682.852
1093.705 656.858
1094.018 662.864
1094.330 814.870
1094.643 714.876
1094.956 836.881
1095.269 676.887
1095.582 704.893
1095.895 650.899
1096.208 564.904
1096.521 609.910
1096.834 674.916
1097.147 636.922
1097.460 709.927
1097.773 750.933
1098.085 575.939
1098.398 518.945
1098.711 564.950
1099.024 492.956
1099.337 635.962
1099.650 738.967
1099.963 707.973
1100.276 624.979
1100.589 577.985
1100.902 646.990
1101.215 699.996
1101.528 712.002
1101.841 587.007
1102.153 708.013
1102.466 761.019
1102.779 571.024
1103.092 594.030
1103.405 640.036
1103.718 572.041
1104.031 539.047
1104.344 631.053
1104.657 639.058
1104.970 960.064
1105.283 763.069
1105.596 601.075
1105.909 586.081
1106.221 691.086
1106.534 692.092
1106.847 548.097
1107.160 504.103
1107.473 433.109
1107.786 507.114
1108.099 522.120
1108.412 641.125
1108.725 727.131
1109.038 587.137
1109.351 602.142
1109.664 601.148
1109.977 599.153
1110.289 639.159
1110.602 590.164
1110.915 602.170
1111.228 612.175
1111.541 618.181
1111.854 569.186
1112.167 470.192
1112.480 502.197
1112.793 615.203
1113.106 592.208
1113.419 648.214
1113.732 671.219
1114.044 551.225
1114.357 644.230
1114.670 692.236
1114.983 571.241
1115.296 543.247
1115.609 671.252
1115.922 658.258
1116.235 644.263
1116.548 652.269
1116.861 615.274
1117.174 573.280
1117.487 605.285
1117.800 772.291
1118.112 650.296
1118.425 572.301
1118.738 580.307
1119.051 579.312
1119.364 576.318
1119.677 668.323
1119.990 697.328
1120.303 715.334
1120.616 763.339
1120.929 661.345
1121.242 721.350
1121.555 698.355
1121.868 665.361
1122.180 624.366
1122.493 446.372
1122.806 509.377
1123.119 711.382
1123.432 732.388
1123.745 634.393
1124.058 520.398
1124.371 537.404
1124.684 726.409
1124.997 686.414
1125.310 624.420
1125.623 580.425
1125.935 507.430
1126.248 565.436
1126.561 675.441
1126.874 659.446
1127.187 711.452
1127.500 705.457
1127.813 651.462
1128.126 621.467
1128.439 665.473
1128.752 786.478
1129.065 592.483
1129.378 404.489
1129.691 570.494
1130.003 640.499
1130.316 616.504
1130.629 559.510
1130.942 571.515
1131.255 576.520
1131.568 562.525
1131.881 628.531
1132.194 681.536
1132.507 658.541
1132.820 622.546
1133.133 745.551
1133.446 569.557
1133.759 741.562
1134.071 1174.567
1134.384 828.572
1134.697 774.578
1135.010 851.583
1135.323 677.588
1135.636 567.593
1135.949 588.598
1136.262 562.603
1136.575 529.609
1136.888 576.614
1137.201 610.619
1137.514 565.624
1137.826 695.629
1138.139 615.634
1138.452 643.640
1138.765 836.645
1139.078 773.650
1139.391 744.655
1139.704 722.660
1140.017 716.665
1140.330 602.670
1140.643 562.676
1140.956 573.681
1141.269 633.686
1141.582 643.691
1141.894 584.696
1142.207 718.701
1142.520 618.706
1142.833 722.711
1143.146 650.716
1143.459 562.721
1143.772 623.726
1144.085 734.732
1144.398 607.737
1144.711 587.742
1145.024 585.747
1145.337 581.752
1145.650 598.757
1145.962 535.762
1146.275 646.767
1146.588 509.772
1146.901 656.777
1147.214 652.782
1147.527 577.787
1147.840 686.792
1148.153 582.797
1148.466 581.802
1148.779 636.807
1149.092 745.812
1149.405 629.817
1149.718 685.822
1150.030 740.827
1150.343 667.832
1150.656 562.837
1150.969 551.842
1151.282 752.847
1151.595 671.852
1151.908 571.857
1152.221 458.862
1152.534 559.867
1152.847 811.872
1153.160 690.877
1153.473 685.882
1153.785 724.887
1154.098 664.892
1154.411 795.897
1154.724 702.902
1155.037 738.907
1155.350 667.911
1155.663 663.916
1155.976 588.921
1156.289 694.926
1156.602 625.931
1156.915 478.936
1157.228 480.941
1157.541 601.946
1157.853 620.951
1158.166 683.956
1158.479 746.960
1158.792 732.965
1159.105 667.970
1159.418 665.975
1159.731 656.980
1160.044 627.985
1160.357 749.990
1160.670 721.995
1160.983 496.999
1161.296 622.004
1161.609 772.009
1161.921 654.014
1162.234 600.019
1162.547 495.024
1162.860 540.029
1163.173 545.033
1163.486 605.038
1163.799 629.043
1164.112 615.048
1164.425 617.053
1164.738 560.057
1165.051 522.062
1165.364 598.067
1165.676 660.072
1165.989 695.077
1166.302 617.081
1166.615 738.086
1166.928 683.091
1167.241 709.096
1167.554 758.101
1167.867 746.105
1168.180 661.110
1168.493 545.115
1168.806 632.120
1169.119 657.124
1169.432 716.129
1169.744 630.134
1170.057 627.139
1170.370 770.143
1170.683 703.148
1170.996 613.153
1171.309 613.158
1171.622 553.162
1171.935 590.167
1172.248 820.172
1172.561 730.176
1172.874 652.181
1173.187 681.186
1173.500 658.191
1173.812 729.195
1174.125 687.200
1174.438 727.205
1174.751 583.209
1175.064 604.214
1175.377 696.219
1175.690 605.223
1176.003 595.228
1176.316 593.233
1176.629 622.237
1176.942 556.242
1177.255 522.247
1177.567 460.251
1177.880 498.256
1178.193 634.261
1178.506 585.265
1178.819 722.270
1179.132 766.275
1179.445 585.279
1179.758 739.284
1180.071 755.288
1180.384 601.293
1180.697 650.298
1181.010 679.302
1181.323 793.307
1181.635 776.312
1181.948 665.316
1182.261 562.321
1182.574 547.325
1182.887 570.330
1183.200 746.334
1183.513 737.339
1183.826 573.344
1184.139 636.348
1184.452 647.353
1184.765 562.357
1185.078 498.362
1185.391 578.366
1185.703 543.371
1186.016 469.376
1186.329 498.380
1186.642 605.385
1186.955 772.389
1187.268 658.394
1187.581 676.398
1187.894 676.403
1188.207 675.407
1188.520 624.412
1188.833 590.416
1189.146 519.421
1189.459 498.425
1189.771 585.430
1190.084 704.435
1190.397 598.439
1190.710 643.444
1191.023 680.448
1191.336 718.453
1191.649 649.457
1191.962 591.462
1192.275 519.466
1192.588 656.470
1192.901 800.475
1193.214 629.479
1193.526 620.484
1193.839 691.488
1194.152 577.493
1194.465 694.497
1194.778 648.502
1195.091 652.506
1195.404 599.511
1195.717 617.515
1196.030 718.520
1196.343 584.524
1196.656 537.528
1196.969 574.533
1197.282 613.537
1197.594 634.542
1197.907 787.546
1198.220 732.551
1198.533 612.555
1198.846 590.559
1199.159 547.564
1199.472 544.568
1199.785 648.573
1200.098 567.577
1200.411 708.581
1200.724 704.586
1201.037 643.590
1201.350 543.595
1201.662 492.599
1201.975 636.603
1202.288 639.608
1202.601 237.612
