165.028 163.475
165.288 86.135
165.547 213.797
165.807 212.463
166.067 140.133
166.327 80.805
166.587 31.481
166.847 179.160
167.107 188.842
167.367 211.527
167.627 238.216
167.886 177.907
168.146 178.602
168.406 419.300
168.666 363.000
168.926 231.704
169.186 230.410
169.446 207.120
169.706 129.832
169.966 224.547
170.225 251.265
170.485 309.986
170.745 337.709
171.005 439.435
171.265 263.164
171.525 223.896
171.785 174.630
172.045 172.367
172.305 330.106
172.564 296.848
172.824 162.593
173.084 297.340
173.344 238.089
173.604 271.841
173.864 348.595
174.124 285.352
174.384 246.111
174.644 365.872
174.903 494.636
175.163 517.402
175.423 512.170
175.683 237.940
175.943 355.713
176.203 313.487
176.463 254.264
176.723 230.042
176.983 277.823
177.242 310.606
177.502 473.391
177.762 498.178
178.022 239.966
178.282 260.757
178.542 269.550
178.802 225.344
179.062 230.140
179.322 476.938
179.581 458.738
179.841 280.539
180.101 353.342
180.361 394.147
180.621 338.954
180.881 336.762
181.141 350.572
181.401 326.383
181.661 362.196
181.920 463.010
182.180 350.826
182.440 233.643
182.700 164.462
182.960 188.282
183.220 329.104
183.480 553.927
183.740 408.751
184.000 310.577
184.259 242.404
184.519 322.232
184.779 264.061
185.039 348.891
185.299 500.723
185.559 400.556
185.819 389.390
186.079 412.225
186.339 310.061
186.598 268.898
186.858 224.736
187.118 246.576
187.378 395.416
187.638 393.257
187.898 452.099
188.158 491.942
188.418 362.785
188.678 282.630
188.937 327.476
189.197 390.322
189.457 423.169
189.717 353.017
189.977 250.865
190.237 290.714
190.497 449.564
190.757 385.415
191.017 338.266
191.276 267.118
191.536 317.970
191.796 284.823
192.056 263.677
192.316 348.531
192.576 266.385
192.836 213.240
193.096 272.096
193.356 315.952
193.616 318.808
193.875 308.665
194.135 270.522
194.395 440.379
194.655 485.237
194.915 413.095
195.175 362.953
195.435 480.812
195.695 238.671
195.955 20.530
196.214 221.389
196.474 366.249
196.734 343.108
196.994 358.968
197.254 339.828
197.514 310.688
197.774 273.548
198.034 218.408
198.294 272.268
198.553 280.128
198.813 260.989
199.073 134.849
199.333 151.709
199.593 357.569
199.853 360.429
200.113 475.289
200.373 438.149
200.633 213.009
200.892 171.869
201.152 196.728
201.412 214.587
201.672 322.446
201.932 529.305
202.192 477.164
202.452 265.022
202.712 258.881
202.972 274.738
203.231 350.596
203.491 305.453
203.751 300.310
204.011 338.167
204.271 388.023
204.531 272.879
204.791 239.735
205.051 245.590
205.311 338.445
205.570 237.299
205.830 196.153
206.090 142.006
206.350 256.859
206.610 448.711
206.870 244.563
207.130 240.415
207.390 325.265
207.650 295.116
207.909 302.965
208.169 373.815
208.429 313.663
208.689 175.511
208.949 243.358
209.209 337.205
209.469 204.051
209.729 203.897
209.989 249.741
210.248 168.585
210.508 443.429
210.768 420.271
211.028 306.113
211.288 320.954
211.548 274.795
211.808 361.635
212.068 456.474
212.328 445.312
212.587 432.149
212.847 314.986
213.107 379.821
213.367 377.656
213.627 285.490
213.887 234.323
214.147 161.156
214.407 250.987
214.667 315.818
214.926 392.648
215.186 336.476
215.446 396.304
215.706 320.131
215.966 261.957
216.226 287.783
216.486 263.607
216.746 350.430
217.006 365.252
217.265 273.073
217.525 247.894
217.785 259.713
218.045 337.531
218.305 275.348
218.565 251.165
218.825 292.980
219.085 433.794
219.345 279.607
219.604 188.419
219.864 317.230
220.124 387.040
220.384 364.849
220.644 294.656
220.904 185.463
221.164 249.269
221.424 294.073
221.684 217.876
221.943 259.678
222.203 403.479
222.463 347.279
222.723 232.078
222.983 329.875
223.243 279.672
223.503 349.467
223.763 256.261
224.023 232.054
224.282 387.846
224.542 361.636
224.802 349.425
225.062 369.213
225.322 489.000
225.582 437.786
225.842 370.570
226.102 364.353
226.362 337.135
226.621 369.916
226.881 294.695
227.141 345.473
227.401 415.250
227.661 283.026
227.921 446.800
228.181 397.573
228.441 372.345
228.701 513.115
228.960 512.884
229.220 281.652
229.480 254.419
229.740 441.184
230.000 520.948
230.260 365.711
230.520 309.472
230.780 290.232
231.040 341.991
231.299 302.748
231.559 344.504
231.819 369.259
232.079 426.012
232.339 381.764
232.599 220.514
232.859 335.264
233.119 448.012
233.379 289.758
233.638 330.503
233.898 458.247
234.158 450.989
234.418 317.730
234.678 382.470
234.938 473.208
235.198 299.945
235.458 260.681
235.718 330.415
235.978 338.147
236.237 373.879
236.497 388.609
236.757 403.337
237.017 361.064
237.277 371.790
237.537 398.514
237.797 268.237
238.057 398.959
238.317 342.679
238.576 244.397
238.836 322.114
239.096 416.830
239.356 423.544
239.616 411.257
239.876 413.969
240.136 388.679
240.396 495.388
240.656 521.095
240.915 426.801
241.175 331.505
241.435 271.208
241.695 411.909
241.955 540.609
242.215 581.308
242.475 540.005
242.735 381.701
242.995 419.395
243.254 449.088
243.514 336.779
243.774 155.469
244.034 265.157
244.294 538.844
244.554 464.530
244.814 418.214
245.074 414.897
245.334 398.578
245.593 420.258
245.853 365.936
246.113 303.613
246.373 415.288
246.633 488.962
246.893 449.634
247.153 452.305
247.413 498.975
247.673 478.643
247.932 385.310
248.192 386.975
248.452 503.639
248.712 486.301
248.972 294.962
249.232 440.621
249.492 369.279
249.752 264.935
250.012 500.590
250.271 466.244
250.531 472.896
250.791 619.547
251.051 571.196
251.311 408.843
251.571 270.490
251.831 388.134
252.091 469.778
252.351 397.420
252.610 370.060
252.870 434.699
253.130 389.337
253.390 353.973
253.650 445.607
253.911 478.241
254.172 529.872
254.433 438.503
254.694 384.131
254.955 470.759
255.216 353.385
255.477 467.009
255.738 456.632
255.999 353.254
256.261 534.874
256.522 514.493
256.783 466.110
257.044 309.726
257.305 235.340
257.566 252.953
257.827 229.565
258.088 309.175
258.349 320.784
258.610 412.391
258.871 484.997
259.132 527.601
259.393 420.204
259.654 304.806
259.915 266.406
260.176 343.005
260.437 404.602
260.698 384.198
260.959 345.792
261.221 425.385
261.482 469.977
261.743 487.567
262.004 485.156
262.265 624.743
262.526 588.329
262.787 418.914
263.048 363.497
263.309 342.078
263.570 500.659
263.831 437.238
264.092 394.815
264.353 241.391
264.614 488.966
264.875 470.540
265.136 368.111
265.397 577.682
265.658 621.251
265.919 627.819
266.181 572.385
266.442 402.951
266.703 308.514
266.964 335.076
267.225 380.637
267.486 394.197
267.747 410.755
268.008 453.312
268.269 540.867
268.530 525.421
268.791 491.974
269.052 526.525
269.313 492.075
269.574 464.624
269.835 523.171
270.096 520.717
270.357 499.262
270.618 400.805
270.879 318.347
271.141 394.887
271.402 445.426
271.663 401.964
271.924 446.501
272.185 443.036
272.446 398.570
272.707 378.102
272.968 353.633
273.229 353.163
273.490 430.692
273.751 372.219
274.012 371.745
274.273 548.269
274.534 474.793
274.795 476.315
275.056 501.835
275.317 327.355
275.578 289.873
275.839 388.389
276.101 323.905
276.362 337.419
276.623 409.932
276.884 520.443
277.145 552.953
277.406 531.462
277.667 398.970
277.928 362.476
278.189 567.981
278.450 533.485
278.711 431.988
278.972 466.489
279.233 389.989
279.494 442.488
279.755 562.985
280.016 605.482
280.277 442.977
280.538 478.470
280.799 395.963
281.061 392.454
281.322 404.944
281.583 392.432
281.844 303.920
282.105 370.406
282.366 533.891
282.627 491.375
282.888 516.857
283.149 555.339
283.410 460.819
283.671 464.297
283.932 435.775
284.193 319.251
284.454 414.727
284.715 493.201
284.976 473.673
285.237 574.145
285.498 725.615
285.759 594.084
286.021 558.552
286.282 484.019
286.543 523.484
286.804 551.949
287.065 519.412
287.326 525.874
287.587 336.334
287.848 489.794
288.109 639.252
288.370 564.709
288.631 376.165
288.892 332.620
289.153 423.074
289.414 364.527
289.675 542.978
289.936 647.428
290.197 597.877
290.458 531.325
290.719 399.772
290.981 556.217
291.242 662.662
291.503 634.105
291.764 487.547
292.025 344.988
292.286 381.428
292.547 477.867
292.808 421.304
293.069 494.741
293.330 519.176
293.591 524.610
293.852 494.043
294.113 449.475
294.374 446.906
294.635 491.336
294.896 490.764
295.157 527.192
295.418 561.618
295.679 544.043
295.941 556.468
296.202 548.891
296.463 525.313
296.724 527.734
296.985 525.153
297.246 554.572
297.507 413.990
297.768 379.406
298.029 540.822
298.290 643.236
298.551 648.650
298.812 725.062
299.073 517.473
299.334 405.883
299.595 525.292
299.856 528.700
300.117 603.107
300.378 604.513
300.639 414.918
300.901 386.322
301.162 501.725
301.423 545.126
301.684 711.527
301.945 714.927
302.206 486.325
302.467 505.723
302.728 444.119
302.989 546.515
303.250 550.909
303.511 599.303
303.772 623.695
304.033 541.087
304.294 539.477
304.555 552.866
304.816 593.255
305.077 557.642
305.338 416.029
305.599 391.414
305.861 474.798
306.122 607.182
306.383 586.564
306.644 545.945
306.905 451.326
307.166 617.705
307.427 576.084
307.688 514.461
307.949 481.838
308.210 542.213
308.471 544.588
308.732 451.961
308.993 400.334
309.254 464.705
309.515 370.076
309.776 471.446
310.037 485.814
310.298 348.182
310.559 431.549
310.821 596.915
311.082 597.280
311.343 446.644
311.604 425.007
311.865 408.369
312.126 385.730
312.387 440.090
312.648 428.450
312.909 445.808
313.170 479.166
313.434 565.522
313.698 453.878
313.963 514.232
314.227 444.586
314.491 450.939
314.755 520.291
315.019 491.642
315.284 356.992
315.548 533.341
315.812 521.690
316.076 606.037
316.340 588.384
316.604 526.729
316.869 595.074
317.133 571.418
317.397 597.761
317.661 587.103
317.925 466.444
318.190 473.784
318.454 487.124
318.718 414.462
318.982 589.800
319.246 680.137
319.511 785.473
319.775 583.808
320.039 507.142
320.303 496.475
320.567 608.808
320.832 588.139
321.096 484.470
321.360 531.800
321.624 541.129
321.888 434.457
322.153 474.785
322.417 418.111
322.681 331.437
322.945 479.762
323.209 553.086
323.473 504.409
323.738 502.731
324.002 547.053
324.266 680.374
324.530 591.694
324.794 449.013
325.059 414.331
325.323 401.648
325.587 450.965
325.851 454.281
326.115 664.596
326.380 591.910
326.644 577.223
326.908 527.536
327.172 453.848
327.436 538.159
327.701 540.469
327.965 492.778
328.229 540.087
328.493 420.395
328.757 421.702
329.022 541.008
329.286 438.313
329.550 416.618
329.814 442.922
330.078 477.225
330.342 404.527
330.607 466.829
330.871 633.130
331.135 704.430
331.399 630.729
331.663 514.028
331.928 516.325
332.192 577.622
332.456 527.919
332.720 567.214
332.984 492.509
333.249 561.803
333.513 524.096
333.777 442.388
334.041 415.680
334.305 462.971
334.570 539.261
334.834 429.551
335.098 582.840
335.362 663.128
335.626 575.415
335.891 467.702
336.155 457.988
336.419 471.273
336.683 325.557
336.947 466.841
337.211 506.124
337.476 412.406
337.740 450.688
338.004 499.968
338.268 491.249
338.532 510.528
338.797 474.807
339.061 578.085
339.325 694.362
339.589 753.639
339.853 616.915
340.118 488.190
340.382 578.464
340.646 637.738
340.910 509.011
341.174 510.284
341.439 485.555
341.703 513.826
341.967 529.097
342.231 551.367
342.495 500.636
342.759 635.904
343.024 586.172
343.288 654.439
343.552 606.705
343.816 363.971
344.080 461.236
344.345 563.500
344.609 401.764
344.873 332.027
345.137 465.289
345.401 549.551
345.666 378.812
345.930 534.072
346.194 654.332
346.458 486.591
346.722 459.849
346.987 463.107
347.251 559.364
347.515 748.621
347.779 523.877
348.043 469.132
348.308 496.386
348.572 392.640
348.836 309.894
349.100 430.146
349.364 447.398
349.628 364.650
349.893 482.901
350.157 567.151
350.421 483.400
350.685 514.649
350.949 455.898
351.214 378.145
351.478 450.392
351.742 452.639
352.006 503.885
352.270 502.130
352.535 409.375
352.799 415.619
353.063 565.862
353.327 536.105
353.591 424.347
353.856 465.589
354.120 538.830
354.384 595.070
354.648 670.310
354.912 637.549
355.177 512.788
355.441 435.026
355.705 638.264
355.969 621.500
356.233 548.737
356.497 555.972
356.762 568.208
357.026 528.442
357.290 516.676
357.554 543.910
357.818 516.142
358.083 514.375
358.347 587.606
358.611 555.837
358.875 584.068
359.139 560.298
359.404 455.527
359.668 547.756
359.932 687.985
360.196 668.212
360.460 536.440
360.725 585.666
360.989 653.892
361.253 750.118
361.517 644.343
361.781 644.567
362.046 663.791
362.310 672.014
362.574 630.237
362.838 505.459
363.102 552.681
363.366 585.902
363.631 473.123
363.895 522.343
364.159 630.562
364.423 612.781
364.687 680.000
364.952 702.218
365.216 694.435
365.480 628.652
365.747 474.869
366.013 518.084
366.280 549.300
366.546 620.515
366.813 476.729
367.079 523.943
367.346 642.156
367.612 551.369
367.879 504.581
368.145 638.792
368.412 531.004
368.678 488.214
368.945 649.424
369.211 632.634
369.478 595.843
369.744 569.052
370.011 592.260
370.278 559.468
370.544 496.675
370.811 550.881
371.077 589.088
371.344 536.293
371.610 540.498
371.877 586.703
372.143 628.907
372.410 674.111
372.676 750.314
372.943 695.517
373.209 634.719
373.476 535.921
373.742 465.122
374.009 618.323
374.276 626.523
374.542 556.723
374.809 425.922
375.075 360.121
375.342 345.320
375.608 334.517
375.875 409.715
376.141 713.912
376.408 696.108
376.674 638.304
376.941 565.500
377.207 560.695
377.474 935.890
377.740 821.084
378.007 505.278
378.273 601.471
378.540 700.664
378.807 568.856
379.073 530.048
379.340 517.239
379.606 527.430
379.873 539.621
380.139 580.811
380.406 616.001
380.672 564.190
380.939 483.378
381.205 488.567
381.472 453.755
381.738 414.942
382.005 578.129
382.271 616.315
382.538 585.502
382.804 705.687
383.071 566.872
383.338 520.057
383.604 562.241
383.871 661.425
384.137 717.609
384.404 611.792
384.670 616.974
384.937 590.157
385.203 589.338
385.470 546.520
385.736 613.701
386.003 573.881
386.269 597.061
386.536 548.241
386.802 521.420
387.069 668.599
387.336 783.777
387.602 714.955
387.869 486.133
388.135 458.310
388.402 424.486
388.668 502.663
388.935 659.839
389.201 831.014
389.468 748.189
389.734 743.364
390.001 707.538
390.267 590.712
390.534 654.885
390.800 670.059
391.067 674.231
391.333 674.403
391.600 551.575
391.867 551.747
392.133 620.918
392.400 540.088
392.666 435.259
392.933 667.429
393.199 742.598
393.466 561.767
393.732 541.936
393.999 668.104
394.265 670.272
394.532 574.440
394.798 664.607
395.065 597.774
395.331 662.940
395.598 697.106
395.864 743.272
396.131 800.437
396.398 865.602
396.664 979.766
396.931 1130.930
397.197 1375.094
397.464 1511.257
397.730 1904.420
397.997 2088.583
398.263 2143.745
398.530 2325.907
398.796 2498.069
399.063 2511.230
399.329 2495.390
399.596 2696.551
399.862 2613.711
400.129 2663.871
400.396 2753.030
400.662 2549.189
400.929 2587.347
401.195 2646.506
401.462 2768.663
401.728 2888.821
401.995 3212.978
402.261 3393.135
402.528 3603.291
402.794 3804.447
403.061 4208.603
403.327 4709.758
403.594 4943.914
403.860 5008.068
404.127 5218.222
404.393 5586.376
404.660 5781.530
404.931 6152.683
405.202 6528.836
405.473 6868.989
405.745 7392.141
406.016 7919.293
406.287 8055.445
406.558 8102.596
406.829 8492.747
407.100 8531.897
407.371 8958.047
407.642 9150.197
407.914 8962.347
408.185 8941.496
408.456 9078.645
408.727 9353.793
408.998 9492.942
409.269 9626.089
409.540 9643.237
409.811 9372.384
410.083 9272.531
410.354 9149.677
410.625 8756.824
410.896 8698.970
411.167 8755.115
411.438 8399.260
411.709 7975.405
411.981 7813.550
412.252 7225.694
412.523 6702.838
412.794 6506.982
413.065 6232.125
413.336 5563.268
413.607 5277.411
413.878 5059.553
414.150 4677.695
414.421 4296.837
414.692 3958.978
414.963 3694.119
415.234 3589.260
415.505 3312.401
415.776 3137.541
416.047 2913.681
416.319 2642.820
416.590 2311.959
416.861 1910.098
417.132 1859.237
417.403 1753.375
417.674 1574.513
417.945 1322.651
418.217 1175.788
418.488 1273.926
418.759 1000.062
419.030 865.199
419.301 920.335
419.572 962.471
419.843 891.607
420.114 751.742
420.386 745.877
420.657 853.012
420.928 778.146
421.199 748.280
421.470 708.414
421.741 591.548
422.012 626.681
422.283 640.814
422.555 603.946
422.826 680.079
423.097 839.211
423.368 774.343
423.639 612.474
423.910 679.605
424.181 666.736
424.453 607.867
424.724 848.997
424.995 892.128
425.266 728.257
425.537 641.387
425.808 734.516
426.079 784.645
426.350 718.774
426.622 659.902
426.893 766.030
427.164 704.158
427.435 648.286
427.706 618.413
427.977 608.540
428.248 623.667
428.519 680.793
428.791 605.920
429.062 707.046
429.333 572.171
429.604 516.297
429.875 653.422
430.146 760.547
430.417 713.671
430.689 679.796
430.960 568.920
431.231 587.044
431.502 767.167
431.773 767.290
432.044 687.413
432.315 851.536
432.586 762.659
432.858 798.781
433.129 626.903
433.400 621.024
433.671 674.146
433.942 674.267
434.213 540.388
434.484 584.509
434.755 652.629
435.027 508.749
435.298 570.869
435.569 659.989
435.840 614.108
436.116 625.227
436.391 685.346
436.667 702.465
436.942 756.583
437.218 755.701
437.493 752.819
437.769 774.937
438.045 693.054
438.320 638.171
438.596 700.288
438.871 656.405
439.147 635.521
439.422 558.637
439.698 462.753
439.974 515.869
440.249 726.984
440.525 746.099
440.800 550.214
441.076 631.329
441.351 805.443
441.627 895.558
441.903 800.672
442.178 517.785
442.454 558.899
442.729 773.012
443.005 615.125
443.281 755.238
443.556 899.350
443.832 756.463
444.107 571.575
444.383 616.687
444.658 604.798
444.934 537.910
445.210 719.021
445.485 778.132
445.761 841.242
446.036 756.353
446.312 784.463
446.587 808.573
446.863 559.683
447.139 594.792
447.414 662.902
447.690 690.011
447.965 751.119
448.241 721.228
448.516 785.336
448.792 717.445
449.068 650.553
449.343 712.660
449.619 659.768
449.894 679.875
450.170 678.982
450.445 875.089
450.721 920.196
450.997 662.302
451.272 807.408
451.548 716.514
451.823 704.620
452.099 829.725
452.375 712.831
452.650 638.936
452.926 722.041
453.201 813.145
453.477 1103.250
453.752 1000.354
454.028 819.458
454.304 853.562
454.579 921.665
454.855 866.769
455.130 868.872
455.406 1011.975
455.681 929.078
455.957 767.180
456.233 717.283
456.508 780.385
456.784 799.487
457.059 799.588
457.335 930.690
457.610 786.791
457.886 761.892
458.162 679.993
458.437 663.094
458.713 760.194
458.988 763.294
459.264 791.394
459.539 815.494
459.815 731.594
460.091 615.693
460.366 601.793
460.642 604.892
460.917 673.991
461.193 690.089
461.468 630.188
461.744 606.286
462.020 603.384
462.295 641.482
462.571 618.580
462.846 662.677
463.122 776.774
463.397 795.871
463.673 680.288
463.949 691.374
464.224 666.495
464.500 731.526
464.775 705.354
465.051 767.914
465.327 803.742
465.602 921.797
465.878 985.750
466.153 913.005
466.429 1161.765
466.704 1378.265
466.980 1334.116
467.256 1427.210
467.531 1567.872
467.807 1492.383
468.082 1520.533
468.358 1444.030
468.633 1510.722
468.909 1479.691
469.185 1403.885
469.460 1550.260
469.736 1594.211
470.011 1373.760
470.287 1309.090
470.562 1388.436
470.838 1251.685
471.114 1331.830
471.389 1303.640
471.665 1196.860
471.940 1264.966
472.216 1240.766
472.491 1099.258
472.767 1112.636
473.043 1222.261
473.318 1234.523
473.594 1067.408
473.869 1052.309
474.145 984.242
474.421 886.673
474.696 926.438
474.972 833.786
475.247 878.560
475.523 960.240
475.798 923.593
476.074 810.726
476.350 853.586
476.625 842.314
476.901 850.559
477.176 871.167
477.452 779.831
477.727 735.159
478.003 606.452
478.279 809.793
478.554 928.783
478.830 861.658
479.105 849.844
479.381 897.751
479.656 767.007
479.932 832.174
480.208 987.289
480.483 987.389
480.759 1007.698
481.034 896.665
481.310 814.933
481.585 857.731
481.861 889.067
482.137 834.883
482.412 899.521
482.688 892.779
482.963 931.086
483.239 993.364
483.514 748.959
483.790 792.545
484.066 1074.554
484.341 952.806
484.617 847.254
484.892 937.193
485.168 921.355
485.443 861.873
485.719 921.598
485.995 968.462
486.270 937.852
486.546 791.666
486.821 768.998
487.097 753.740
487.373 797.456
487.648 985.927
487.924 950.623
488.199 714.013
488.475 592.285
488.750 663.752
489.026 823.462
489.302 766.623
489.577 736.539
489.853 781.929
490.128 990.627
490.404 950.597
490.679 724.648
490.955 941.026
491.231 1061.339
491.506 1024.294
491.782 914.700
492.057 832.669
492.333 925.701
492.608 869.027
492.884 929.769
493.160 755.678
493.435 755.276
493.711 894.568
493.986 822.270
494.262 824.133
494.537 778.131
494.813 883.975
495.089 803.388
495.364 859.456
495.640 911.594
495.915 839.961
496.191 1027.714
496.467 986.438
496.742 909.666
497.018 907.589
497.293 828.691
497.569 939.269
497.844 851.105
498.120 913.556
498.396 905.524
498.671 849.894
498.947 989.989
499.222 1030.809
499.498 983.154
499.773 1023.030
500.049 1125.842
500.325 1094.106
500.600 1229.369
500.876 1217.661
501.151 1375.645
501.427 1446.378
501.702 1590.620
501.978 1658.031
502.254 1694.677
502.529 1565.280
502.805 1701.875
503.080 1935.519
503.356 1856.820
503.631 1750.688
503.907 1686.492
504.183 1670.372
504.458 1771.660
504.734 1738.597
505.009 1830.683
505.285 1785.038
505.560 1711.516
505.836 1642.471
506.112 1618.253
506.387 1579.864
506.663 1554.072
506.938 1494.488
507.214 1427.826
507.490 1439.587
507.765 1404.907
508.041 1374.706
508.316 1437.341
508.592 1283.460
508.867 1275.197
509.143 1336.298
509.419 1244.911
509.694 1058.934
509.970 984.781
510.245 888.786
510.521 981.967
510.796 947.090
511.072 873.233
511.348 876.546
511.623 939.427
511.899 932.718
512.174 980.520
512.450 1032.195
512.725 955.874
513.001 817.235
513.277 734.315
513.552 864.355
513.828 863.703
514.103 883.609
514.379 972.319
514.654 849.409
514.930 857.630
515.206 1232.713
515.481 1132.682
515.757 917.013
516.032 928.902
516.308 1093.169
516.583 1240.460
516.859 1185.529
517.135 1254.728
517.410 1333.987
517.686 1431.233
517.961 1441.016
518.237 1493.571
518.513 1524.625
518.788 1840.430
519.064 2003.929
519.339 2095.784
519.615 2060.040
519.890 2182.514
520.166 2371.226
520.442 2652.934
520.717 2682.833
520.993 2672.957
521.268 2518.377
521.544 2634.898
521.819 2640.465
522.095 2722.446
522.371 2879.054
522.646 2899.250
522.922 2978.910
523.197 2907.132
523.473 2973.311
523.748 2903.516
524.024 2817.453
524.300 2863.447
524.575 2858.723
524.851 2896.105
525.126 2906.781
525.402 2882.829
525.677 3058.966
525.953 2953.807
526.229 2819.068
526.504 2721.348
526.780 2892.802
527.055 2895.630
527.331 2913.872
527.606 2982.815
527.882 2972.365
528.158 2834.467
528.433 3029.026
528.709 2939.834
528.984 2932.216
529.260 2918.684
529.535 2908.254
529.811 2682.569
530.087 2593.470
530.362 2629.747
530.638 2695.609
530.913 2678.688
531.189 2661.062
531.465 2452.627
531.740 2405.780
532.016 2389.790
532.291 2292.170
532.567 2292.794
532.842 2274.442
533.118 2207.841
533.394 2183.830
533.669 2008.176
533.945 1786.444
534.220 1733.000
534.496 1872.039
534.771 1769.633
535.047 1737.272
535.323 1679.456
535.598 1712.997
535.874 1778.204
536.149 1813.236
536.425 1744.618
536.700 1854.265
536.976 2180.507
537.252 2680.251
537.527 3158.384
537.803 3926.614
538.078 4705.360
538.354 5321.937
538.629 5707.153
538.905 6195.399
539.181 6777.696
539.456 7191.954
539.732 7908.884
540.007 8315.654
540.283 8316.023
540.558 8666.212
540.834 9146.320
541.110 9306.918
541.385 9594.103
541.661 9921.882
541.936 10011.059
542.212 10033.910
542.488 10092.440
542.763 10260.980
543.039 10321.811
543.314 10238.533
543.590 10158.389
543.865 10269.667
544.141 9984.717
544.417 9770.275
544.692 9464.471
544.968 9305.639
545.243 8983.931
545.519 8550.040
545.794 8465.155
546.070 8350.896
546.348 8097.569
546.627 7821.185
546.905 7908.624
547.183 7699.327
547.461 7647.743
547.740 7699.436
548.018 7555.057
548.296 7481.075
548.575 7596.322
548.853 7768.174
549.131 8086.004
549.409 8310.179
549.688 8596.939
549.966 8697.191
550.244 8906.570
550.523 9003.842
550.801 9057.357
551.079 9312.547
551.357 9469.870
551.636 9492.186
551.914 9430.124
552.192 9179.683
552.471 9380.308
552.749 9660.400
553.027 9767.086
553.306 9816.531
553.584 10103.702
553.862 10286.363
554.140 10396.435
554.419 10571.620
554.697 10970.300
554.975 11351.007
555.254 11509.073
555.532 11500.814
555.810 11519.889
556.088 11701.985
556.367 11624.139
556.645 11229.613
556.923 11084.722
557.202 10852.426
557.480 10655.532
557.758 10363.967
558.036 10033.270
558.315 9664.427
558.593 9436.984
558.871 9052.716
559.150 8731.891
559.428 8502.469
559.706 7994.791
559.984 7579.788
560.263 7348.805
560.541 6784.179
560.819 6381.322
561.098 5912.369
561.376 5425.879
561.654 4779.773
561.932 4219.456
562.211 3873.261
562.489 3636.038
562.767 3237.203
563.046 2795.596
563.324 2524.247
563.602 2387.431
563.880 2127.990
564.159 2043.584
564.437 1931.414
564.715 1675.158
564.994 1498.622
565.272 1557.210
565.550 1388.938
565.828 1221.412
566.107 1273.021
566.385 1241.892
566.663 1087.197
566.942 1039.297
567.220 1064.320
567.498 1246.159
567.776 1090.437
568.055 930.868
568.333 983.799
568.611 1020.424
568.890 940.509
569.168 870.942
569.446 933.666
569.725 926.949
570.003 721.199
570.281 632.968
570.559 798.391
570.838 837.933
571.116 903.713
571.394 918.294
571.673 899.832
571.951 843.471
572.229 780.410
572.507 808.425
572.786 774.238
573.064 771.143
573.342 768.268
573.621 633.227
573.899 681.078
574.177 944.484
574.455 887.780
574.734 707.677
575.012 791.871
575.290 769.186
575.569 785.672
575.847 805.134
576.125 771.813
576.403 650.810
576.682 660.344
576.960 758.243
577.243 853.014
577.527 722.865
577.810 574.142
578.093 617.160
578.377 682.654
578.660 641.197
578.944 662.981
579.227 666.319
579.510 726.490
579.794 720.311
580.077 661.168
580.360 602.345
580.644 620.863
580.927 646.376
581.210 671.271
581.494 621.857
581.777 692.924
582.061 708.599
582.344 601.673
582.627 574.799
582.911 646.628
583.194 548.515
583.477 672.312
583.761 728.244
584.044 797.151
584.327 730.059
584.611 617.216
584.894 628.249
585.178 623.298
585.461 652.313
585.744 714.295
586.028 660.053
586.311 698.097
586.594 760.140
586.878 651.184
587.161 594.228
587.444 665.271
587.728 705.314
588.011 773.358
588.295 604.401
588.578 649.794
588.861 776.710
589.145 674.530
589.428 653.226
589.711 590.616
589.995 594.065
590.278 737.964
590.562 660.744
590.845 605.182
591.128 777.275
591.412 747.377
591.695 673.241
591.978 758.440
592.262 686.313
592.545 511.507
592.828 672.738
593.112 579.387
593.395 536.558
593.679 572.918
593.962 722.362
594.245 698.799
594.529 599.338
594.812 499.380
595.095 515.839
595.379 720.417
595.662 701.293
595.945 657.937
596.229 623.595
596.512 586.757
596.796 673.604
597.079 748.225
597.362 847.276
597.646 805.924
597.929 670.455
598.212 675.762
598.496 666.909
598.779 768.956
599.062 869.688
599.346 708.820
599.629 589.817
599.913 603.069
600.196 647.444
600.479 668.500
600.763 720.430
601.046 594.176
601.329 627.280
601.613 736.831
601.896 649.358
602.179 721.451
602.463 722.473
602.746 760.822
603.030 830.606
603.313 742.489
603.596 610.045
603.880 721.251
604.163 729.133
604.446 666.753
604.730 567.869
605.013 666.178
605.296 758.936
605.580 649.278
605.863 703.185
606.147 618.992
606.430 571.038
606.713 698.698
606.997 683.749
607.280 809.341
607.563 733.058
607.847 702.077
608.130 731.893
608.414 803.622
608.697 744.951
608.980 686.953
609.264 760.213
609.547 650.789
609.830 665.518
610.114 683.186
610.397 687.141
610.680 748.150
610.964 730.046
611.247 737.927
611.531 678.825
611.814 560.119
612.097 587.634
612.381 780.232
612.664 914.499
612.947 728.079
613.231 677.085
613.514 653.229
613.797 725.958
614.081 746.623
614.364 755.501
614.648 736.874
614.931 680.918
615.214 695.690
615.498 731.809
615.781 741.424
616.064 707.011
616.348 821.221
616.631 865.416
616.914 912.829
617.198 847.755
617.481 716.757
617.765 789.492
618.048 876.191
618.331 795.280
618.615 739.777
618.898 879.142
619.181 847.557
619.465 815.791
619.748 713.947
620.031 682.017
620.315 675.791
620.598 751.894
620.882 820.204
621.165 945.310
621.448 901.608
621.732 818.959
622.015 717.502
622.298 663.136
622.582 745.670
622.865 724.473
623.148 677.555
623.432 762.030
623.715 680.985
623.999 909.067
624.282 903.991
624.565 902.827
624.849 736.867
625.132 634.558
625.415 900.722
625.699 1000.557
625.982 852.257
626.265 735.715
626.549 753.189
626.832 846.154
627.116 831.037
627.399 685.618
627.682 692.336
627.966 708.793
628.249 717.169
628.532 661.207
628.816 870.547
629.099 778.527
629.383 746.752
629.666 690.349
629.949 623.580
630.233 660.147
630.516 755.345
630.799 793.449
631.083 691.530
631.366 620.320
631.649 570.862
631.933 546.830
632.216 742.778
632.500 740.391
632.783 777.103
633.066 760.125
633.350 752.158
633.633 816.136
633.916 778.414
634.200 685.124
634.483 763.044
634.766 746.563
635.050 660.653
635.333 620.094
635.617 638.891
635.900 785.579
636.183 850.349
636.467 814.605
636.750 864.986
637.033 885.772
637.317 832.504
637.600 832.693
637.883 811.285
638.167 834.945
638.450 826.858
638.734 843.742
639.017 923.361
639.300 928.074
639.584 854.271
639.867 1036.715
640.150 1008.682
640.434 1001.229
640.717 988.174
641.000 930.260
641.284 1039.636
641.567 1000.415
641.851 1025.654
642.134 1145.471
642.417 1109.851
642.701 1228.786
642.984 1240.752
643.267 1179.435
643.551 1053.997
643.834 1024.087
644.117 1156.117
644.401 1111.307
644.684 1166.632
644.968 1376.365
645.251 1308.500
645.534 1195.021
645.818 1300.116
646.101 1479.771
646.384 1557.735
646.668 1704.243
646.951 1670.470
647.235 1795.190
647.518 1888.264
647.801 2213.482
648.085 2402.982
648.368 2487.037
648.651 2573.533
648.935 2906.092
649.218 3180.133
649.501 3341.501
649.785 3521.999
650.068 3896.598
650.352 4148.655
650.635 4412.530
650.918 4679.742
651.202 5084.932
651.485 5562.724
651.768 6023.365
652.052 6351.392
652.335 6824.872
652.618 7411.732
652.902 8024.666
653.185 8758.397
653.469 8910.003
653.752 9056.916
654.035 9360.023
654.319 9643.827
654.602 9792.856
654.885 9961.757
655.169 10114.878
655.452 10257.850
655.735 10523.721
656.019 10720.551
656.302 10602.056
656.586 10736.885
656.869 11072.126
657.152 11117.391
657.436 11075.564
657.719 11125.972
658.002 11190.964
658.286 11069.975
658.569 10573.764
658.852 9966.904
659.136 9777.020
659.419 9338.471
659.703 8972.004
659.986 8871.526
660.269 8892.658
660.553 8705.805
660.836 8630.631
661.119 8623.547
661.403 8596.334
661.686 8454.353
661.969 8294.668
662.253 8099.276
662.536 7998.696
662.820 7913.535
663.103 7915.593
663.386 7918.665
663.670 7938.979
663.953 7817.674
664.236 7860.072
664.520 7755.744
664.803 7754.760
665.086 7863.337
665.370 7757.858
665.653 7710.268
665.937 7649.151
666.220 7432.142
666.503 7269.899
666.787 6993.052
667.070 6626.197
667.353 6270.535
667.637 5612.814
667.920 5170.652
668.204 4568.964
668.487 4106.124
668.770 3909.723
669.054 3399.568
669.337 3047.303
669.620 2777.199
669.904 2435.296
670.187 2282.863
670.470 2240.323
670.754 2032.188
671.037 1778.704
671.321 1605.312
671.604 1732.749
671.887 1638.338
672.171 1596.401
672.454 1570.257
672.737 1490.511
673.021 1432.581
673.304 1445.374
673.587 1532.671
673.871 1432.973
674.154 1450.592
674.438 1548.720
674.721 1527.165
675.004 1626.501
675.288 1598.752
675.571 1596.307
675.854 1502.617
676.138 1488.731
676.421 1536.735
676.704 1502.193
676.988 1576.006
677.271 1705.762
677.555 1538.991
677.838 1394.241
678.121 1313.283
678.405 1249.778
678.688 1324.340
678.971 1085.414
679.255 1273.201
679.538 1323.021
679.821 1292.966
680.105 1192.571
680.388 1079.411
680.672 1054.573
680.955 1006.784
681.238 954.789
681.522 920.560
681.805 966.221
682.088 1055.867
682.372 1067.423
682.655 941.216
682.938 1052.935
683.222 1095.760
683.505 1027.967
683.789 1055.162
684.072 1034.291
684.355 1007.143
684.639 940.364
684.922 853.752
685.205 876.744
685.489 1004.120
685.772 974.893
686.056 959.204
686.339 1021.993
686.622 885.230
686.906 871.687
687.189 976.099
687.472 1146.272
687.756 1008.503
688.039 906.242
688.322 869.734
688.606 1099.406
688.889 1095.257
689.173 959.585
689.456 1106.793
689.739 1121.433
690.023 1036.870
690.306 1095.291
690.589 1088.968
690.873 1179.433
691.156 1131.592
691.439 1045.250
691.723 1005.734
692.006 1121.392
692.290 1114.929
692.573 1199.986
692.856 1302.188
693.140 1277.344
693.423 1235.675
693.706 1167.551
693.990 1128.968
694.273 1079.273
694.556 1309.352
694.840 1348.280
695.123 1168.194
695.407 1206.229
695.690 1179.054
695.973 1249.367
696.257 1312.987
696.540 1464.954
696.830 1394.614
697.120 1403.889
697.410 1474.342
697.699 1466.701
697.989 1712.150
698.279 1631.880
698.569 1497.036
698.859 1565.709
699.149 1641.264
699.439 1556.875
699.729 1482.862
700.018 1410.438
700.308 1504.845
700.598 1452.882
700.888 1368.193
701.178 1513.021
701.468 1425.304
701.758 1274.948
702.048 1401.412
702.337 1305.786
702.627 1361.701
702.917 1287.054
703.207 1184.788
703.497 1207.765
703.787 1044.766
704.077 1055.901
704.366 1094.969
704.656 950.465
704.946 847.637
705.236 823.837
705.526 969.745
705.816 1041.625
706.106 757.459
706.396 826.450
706.685 855.788
706.975 736.646
707.265 676.735
707.555 859.831
707.845 837.337
708.135 689.689
708.425 588.853
708.715 590.448
709.004 836.923
709.294 779.634
709.584 777.133
709.874 845.203
710.164 809.723
710.454 759.963
710.744 710.864
711.034 735.827
711.323 777.708
711.613 711.786
711.903 845.819
712.193 897.955
712.483 753.435
712.773 702.327
713.063 653.866
713.352 745.654
713.642 766.701
713.932 806.203
714.222 746.232
714.512 702.727
714.802 728.126
715.092 800.823
715.382 670.669
715.671 604.724
715.961 654.640
716.251 585.298
716.541 602.081
716.831 723.639
717.121 615.155
717.411 730.746
717.701 814.021
717.990 674.329
718.280 621.487
718.570 655.892
718.860 631.432
719.150 644.473
719.440 641.017
719.730 606.311
720.019 857.662
720.309 786.869
720.599 686.604
720.889 626.695
721.179 705.185
721.469 741.322
721.759 640.424
722.049 725.776
722.338 604.992
722.628 626.348
722.918 723.657
723.208 774.108
723.498 629.898
723.788 670.949
724.078 874.050
724.368 797.646
724.657 691.889
724.947 692.577
725.237 759.869
725.527 783.056
725.817 677.211
726.107 614.400
726.397 626.026
726.686 602.836
726.976 667.654
727.266 771.156
727.556 628.043
727.846 747.743
728.136 784.758
728.426 625.447
728.716 550.855
729.005 741.767
729.295 704.966
729.585 563.637
729.875 550.937
730.165 653.335
730.455 678.574
730.745 675.370
731.035 648.206
731.324 803.184
731.614 758.926
731.904 624.602
732.194 749.986
732.484 714.744
732.774 636.944
733.064 613.618
733.354 523.171
733.643 583.259
733.933 633.393
734.223 585.655
734.513 724.077
734.803 796.999
735.093 671.166
735.383 606.412
735.672 611.315
735.962 727.013
736.252 593.380
736.542 613.171
736.832 624.945
737.122 572.636
737.412 656.970
737.702 744.976
737.991 712.611
738.281 663.885
738.571 642.624
738.861 660.642
739.151 695.111
739.441 749.511
739.731 631.537
740.021 651.521
740.310 731.079
740.600 769.333
740.890 622.024
741.180 606.490
741.470 620.330
741.760 732.887
742.050 810.893
742.339 712.616
742.629 625.593
742.919 757.166
743.209 581.537
743.499 556.414
743.789 609.460
744.079 626.312
744.369 660.331
744.658 615.079
744.948 433.302
745.238 633.949
745.528 715.237
745.818 844.935
746.108 774.518
746.398 735.584
746.688 665.098
746.977 829.963
747.267 720.747
747.557 705.579
747.847 739.396
748.137 718.260
748.427 714.300
748.717 593.517
749.006 480.508
749.296 637.380
749.586 675.571
749.876 752.957
750.166 657.359
750.456 675.979
750.746 729.568
751.036 598.848
751.325 766.532
751.615 702.382
751.905 652.452
752.195 614.123
752.485 572.143
752.775 662.825
753.065 585.767
753.355 774.975
753.644 786.005
753.934 665.902
754.224 666.256
754.514 872.768
754.804 630.186
755.094 490.787
755.384 517.887
755.674 600.153
755.963 682.419
756.253 697.179
756.543 786.770
756.833 771.285
757.123 682.176
757.413 613.534
757.703 597.472
757.992 574.375
758.282 605.946
758.572 618.634
758.862 587.497
759.152 610.632
759.442 632.126
759.732 746.347
760.022 792.597
760.311 727.015
760.601 552.989
760.891 679.769
761.181 743.426
761.471 666.727
761.761 545.565
762.051 565.724
762.341 722.115
762.630 783.284
762.920 670.513
763.210 671.207
763.500 724.931
763.793 653.449
764.086 697.777
764.379 668.925
764.671 749.426
764.964 701.154
765.257 704.191
765.550 689.500
765.843 528.228
766.136 638.125
766.429 606.893
766.722 656.653
767.014 627.842
767.307 485.491
767.600 545.932
767.893 522.307
768.186 509.220
768.479 648.351
768.772 791.515
769.064 734.073
769.357 666.887
769.650 627.254
769.943 794.818
770.236 714.272
770.529 590.010
770.822 629.342
771.115 684.804
771.407 783.394
771.700 785.430
771.993 790.281
772.286 699.694
772.579 766.546
772.872 659.709
773.165 578.074
773.457 695.027
773.750 708.864
774.043 625.128
774.336 641.939
774.629 677.961
774.922 711.962
775.215 622.172
775.508 587.703
775.800 561.979
776.093 728.725
776.386 752.155
776.679 633.091
776.972 683.461
777.265 860.719
777.558 901.118
777.850 721.335
778.143 684.166
778.436 688.896
778.729 644.000
779.022 683.213
779.315 637.000
779.608 531.489
779.900 560.652
780.193 647.101
780.486 638.437
780.779 593.681
781.072 517.953
781.365 616.785
781.658 640.513
781.951 567.237
782.243 657.300
782.536 753.014
782.829 723.915
783.122 706.864
783.415 715.199
783.708 691.143
784.001 683.136
784.293 726.282
784.586 790.702
784.879 826.791
785.172 734.889
785.465 602.375
785.758 614.416
786.051 638.481
786.344 717.221
786.636 837.075
786.929 672.927
787.222 628.155
787.515 606.894
787.808 583.720
788.101 613.707
788.394 784.553
788.686 875.478
788.979 785.370
789.272 783.603
789.565 762.878
789.858 646.127
790.151 599.836
790.444 578.874
790.737 585.469
791.029 590.305
791.322 691.120
791.615 662.531
791.908 689.845
792.201 670.210
792.494 621.702
792.787 688.828
793.079 862.014
793.372 779.498
793.665 778.297
793.958 671.633
794.251 738.449
794.544 794.503
794.837 832.200
795.130 718.557
795.422 720.567
795.715 721.580
796.008 754.253
796.301 728.862
796.594 617.324
796.887 724.909
797.180 773.505
797.472 558.167
797.765 449.508
798.058 566.607
798.351 604.077
798.644 621.042
798.937 562.234
799.230 595.554
799.523 991.976
799.815 908.243
800.108 636.076
800.401 580.259
800.694 689.636
800.987 608.207
801.280 666.381
801.573 751.311
801.865 756.322
802.158 662.768
802.451 603.902
802.744 607.909
803.037 624.891
803.330 626.530
803.623 767.637
803.915 707.772
804.208 579.624
804.501 664.884
804.794 686.921
805.087 677.250
805.380 544.354
805.673 582.863
805.966 728.024
806.258 633.579
806.551 681.051
806.844 692.111
807.137 749.103
807.430 618.848
807.723 626.896
808.016 834.743
808.308 889.757
808.601 671.119
808.894 539.688
809.187 616.782
809.480 677.545
809.773 651.754
810.066 673.552
810.359 761.858
810.651 741.212
810.944 526.770
811.237 519.244
811.530 659.522
811.825 602.627
812.119 568.735
812.414 498.114
812.709 585.501
813.003 699.050
813.298 634.657
813.593 648.117
813.887 637.354
814.182 940.894
814.476 855.570
814.771 810.915
815.066 697.625
815.360 587.175
815.655 567.882
815.950 608.149
816.244 645.804
816.539 732.762
816.834 656.325
817.128 678.438
817.423 792.950
817.718 940.592
818.012 772.219
818.307 529.640
818.602 665.925
818.896 719.669
819.191 669.036
819.486 629.235
819.780 757.983
820.075 918.490
820.369 886.278
820.664 729.861
820.959 757.826
821.253 751.373
821.548 745.170
821.843 774.770
822.137 753.761
822.432 745.971
822.727 711.311
823.021 667.183
823.316 797.467
823.611 763.550
823.905 705.356
824.200 613.915
824.495 708.052
824.789 723.890
825.084 718.927
825.379 703.878
825.673 700.413
825.968 798.206
826.262 721.737
826.557 758.059
826.852 773.193
827.146 705.267
827.441 706.656
827.736 813.578
828.030 723.065
828.325 508.937
828.620 686.234
828.914 800.687
829.209 654.090
829.504 888.097
829.798 870.359
830.093 705.606
830.388 625.283
830.682 526.432
830.977 686.890
831.271 748.487
831.566 575.913
831.861 561.156
832.155 617.049
832.450 661.092
832.745 808.896
833.039 714.946
833.334 593.719
833.629 665.316
833.923 607.762
834.218 599.697
834.513 564.276
834.807 573.007
835.102 522.041
835.397 592.057
835.691 571.059
835.986 524.343
836.281 499.309
836.575 565.370
836.870 628.733
837.164 631.316
837.459 570.165
837.754 597.523
838.048 605.555
838.343 570.901
838.638 601.476
838.932 652.136
839.227 624.809
839.522 638.201
839.816 655.028
840.111 608.972
840.406 559.222
840.700 753.783
840.995 923.948
841.290 941.804
841.584 785.901
841.879 760.632
842.174 659.466
842.468 600.919
842.763 543.644
843.057 680.536
843.352 688.756
843.647 707.407
843.941 717.362
844.236 711.212
844.531 745.840
844.825 686.542
845.120 767.508
845.415 883.366
845.709 763.524
846.004 790.032
846.299 671.041
846.593 822.246
846.888 773.092
847.183 666.620
847.477 660.615
847.772 704.107
848.066 691.286
848.361 716.793
848.656 763.236
848.950 716.995
849.245 836.824
849.540 686.953
849.834 806.884
850.129 896.127
850.424 731.844
850.718 699.367
851.013 793.634
851.308 735.333
851.602 761.754
851.897 862.486
852.192 966.147
852.486 807.018
852.781 693.631
853.076 854.012
853.370 878.221
853.665 899.975
853.959 883.095
854.254 731.589
854.549 925.531
854.843 831.013
855.138 681.000
855.433 804.819
855.727 850.303
856.022 671.955
856.317 711.843
856.611 730.525
856.906 619.213
857.201 769.878
857.495 875.553
857.790 834.365
858.085 785.935
858.379 735.607
858.674 606.875
858.969 545.241
859.263 663.889
859.558 694.749
859.852 622.906
860.147 742.168
860.442 819.530
860.736 633.859
861.031 780.559
861.326 826.364
861.620 673.053
861.915 854.610
862.210 846.507
862.504 641.282
862.799 690.799
863.094 723.385
863.388 708.062
863.683 679.753
863.978 590.738
864.272 627.402
864.567 653.771
864.861 678.593
865.156 622.595
865.451 535.984
865.745 735.848
866.040 865.950
866.335 811.656
866.629 810.834
866.924 700.659
867.219 590.742
867.513 720.293
867.808 666.510
868.103 606.070
868.397 657.089
868.692 673.955
868.987 656.133
869.281 651.497
869.576 715.683
869.871 724.989
870.165 523.705
870.460 467.419
870.754 603.678
871.049 570.746
871.344 639.925
871.638 702.208
871.933 658.471
872.228 690.316
872.522 628.067
872.817 727.382
873.112 1009.194
873.406 816.984
873.701 793.581
873.996 759.915
874.290 661.911
874.585 640.249
874.880 741.482
875.174 638.762
875.469 578.253
875.764 642.378
876.058 595.483
876.353 521.619
876.647 553.832
876.942 606.095
877.237 642.644
877.531 703.793
877.826 716.479
878.121 626.994
878.415 604.568
878.710 571.611
879.005 752.016
879.299 689.581
879.594 584.813
879.889 430.139
880.183 482.814
880.478 575.016
880.773 547.809
881.067 553.322
881.362 617.420
881.656 581.778
881.951 594.213
882.246 538.099
882.540 533.431
882.835 530.133
883.130 588.426
883.424 530.044
883.719 516.288
884.014 613.337
884.308 554.501
884.603 535.743
884.898 555.131
885.192 641.262
885.487 619.592
885.782 549.459
886.076 688.769
886.371 619.320
886.666 416.981
886.960 478.445
887.255 498.618
887.549 500.418
887.844 704.181
888.139 751.328
888.433 690.393
888.728 635.891
889.023 635.013
889.317 607.301
889.612 473.912
889.907 539.875
890.201 617.761
890.496 649.939
890.791 608.738
891.085 579.085
891.380 609.986
891.675 624.669
891.969 609.661
892.264 475.020
892.559 519.541
892.853 697.414
893.148 588.863
893.442 550.830
893.737 656.264
894.032 554.374
894.326 457.468
894.621 469.812
894.916 448.190
895.210 514.766
895.505 640.698
895.800 568.772
896.094 446.860
896.389 504.239
896.684 539.147
896.978 558.981
897.273 478.635
897.568 575.395
897.862 596.249
898.157 597.143
898.451 712.726
898.746 637.514
899.041 671.746
899.335 681.499
899.630 586.368
899.925 593.830
900.219 615.098
900.514 691.620
900.809 591.163
901.103 452.467
901.398 618.551
901.693 574.799
901.987 540.562
902.282 681.675
902.577 566.041
902.871 455.920
903.166 601.742
903.461 696.039
903.755 622.498
904.050 599.987
904.344 474.503
904.639 472.293
904.934 502.350
905.228 594.090
905.523 532.587
905.818 574.459
906.112 687.982
906.407 621.544
906.702 557.578
906.996 580.571
907.291 582.307
907.586 538.690
907.880 704.563
908.175 651.577
908.470 653.404
908.764 720.940
909.059 768.457
909.354 660.380
909.648 531.312
909.943 562.372
910.237 717.116
910.532 740.439
910.827 735.865
911.121 706.275
911.416 623.943
911.711 621.195
912.005 691.410
912.300 693.617
912.599 735.330
912.898 685.386
913.196 669.677
913.495 698.444
913.794 799.194
914.093 674.042
914.391 638.097
914.690 695.862
914.989 640.499
915.288 748.120
915.586 699.995
915.885 558.994
916.184 431.534
916.483 439.987
916.782 587.440
917.080 640.081
917.379 641.296
917.678 556.142
917.977 675.876
918.275 679.364
918.574 683.204
918.873 686.712
919.172 648.066
919.471 523.886
919.769 544.460
920.068 578.938
920.367 555.175
920.666 500.642
920.964 639.595
921.263 645.654
921.562 569.690
921.861 636.214
922.159 559.863
922.458 617.099
922.757 610.155
923.056 608.642
923.355 599.666
923.653 729.940
923.952 687.590
924.251 545.560
924.550 701.773
924.848 704.851
925.147 612.804
925.446 596.557
925.745 655.407
926.043 662.698
926.342 620.738
926.641 538.369
926.940 581.122
927.239 645.260
927.537 746.867
927.836 674.502
928.135 704.278
928.434 748.403
928.732 689.222
929.031 740.479
929.330 807.649
929.629 706.544
929.927 689.472
930.226 657.854
930.525 698.022
930.824 801.362
931.123 721.251
931.421 754.220
931.720 728.127
932.019 800.154
932.318 828.067
932.616 757.564
932.915 706.438
933.214 708.877
933.513 730.201
933.812 772.342
934.110 751.785
934.409 811.174
934.708 720.307
935.007 955.428
935.305 943.473
935.604 752.220
935.903 892.681
936.202 883.370
936.500 1020.013
936.799 1129.648
937.098 1024.303
937.397 927.058
937.696 775.606
937.994 759.564
938.293 849.804
938.592 770.925
938.891 867.065
939.189 900.505
939.488 959.170
939.787 1107.791
940.086 929.093
940.384 934.282
940.683 861.918
940.982 773.135
941.281 969.904
941.580 1263.022
941.878 1181.357
942.177 996.919
942.476 1037.672
942.775 958.843
943.073 785.461
943.372 781.391
943.671 913.370
943.970 1065.779
944.268 985.266
944.567 862.494
944.866 920.987
945.165 934.255
945.464 919.670
945.762 737.276
946.061 963.862
946.360 1115.111
946.659 1143.283
946.957 1087.048
947.256 1049.758
947.555 970.352
947.854 940.746
948.153 872.272
948.451 868.808
948.750 909.953
949.049 833.680
949.348 1012.458
949.646 936.108
949.945 959.557
950.244 1056.845
950.543 907.682
950.841 908.187
951.140 891.445
951.439 717.685
951.738 775.968
952.037 872.791
952.335 966.691
952.634 960.405
952.933 841.693
953.232 824.251
953.530 661.469
953.829 938.809
954.128 1011.565
954.427 898.446
954.725 964.604
955.024 927.935
955.323 1014.953
955.622 796.463
955.921 700.839
956.219 806.156
956.518 750.672
956.817 780.927
957.116 744.770
957.414 738.608
957.713 636.559
958.012 581.704
958.311 608.109
958.610 807.636
958.908 818.205
959.207 827.285
959.506 893.153
959.805 875.467
960.103 855.187
960.402 836.272
960.701 766.596
961.000 754.157
961.298 726.153
961.597 839.265
961.896 791.822
962.195 801.866
962.494 833.507
962.792 770.626
963.091 743.669
963.390 699.469
963.689 675.984
963.987 770.984
964.286 887.547
964.585 883.081
964.884 823.818
965.182 707.194
965.481 1019.976
965.780 1170.340
966.080 1008.167
966.380 862.088
966.680 787.821
966.981 776.305
967.281 791.716
967.581 728.826
967.881 774.677
968.181 818.396
968.481 718.328
968.781 719.398
969.082 592.061
969.382 721.954
969.682 856.676
969.982 819.882
970.282 855.186
970.582 757.637
970.882 701.291
971.183 864.367
971.483 751.311
971.783 745.051
972.083 850.800
972.383 874.118
972.683 843.947
972.983 877.633
973.284 792.579
973.584 739.248
973.884 758.576
974.184 789.350
974.484 865.810
974.784 663.766
975.084 597.597
975.385 646.138
975.685 738.156
975.985 748.855
976.285 746.061
976.585 783.430
976.885 689.242
977.185 681.128
977.486 714.205
977.786 663.887
978.086 754.729
978.386 814.273
978.686 635.306
978.986 589.962
979.286 624.970
979.587 687.978
979.887 599.987
980.187 574.995
980.487 509.003
980.787 629.012
981.087 661.020
981.387 830.028
981.688 735.037
981.988 546.045
982.288 594.053
982.588 717.061
982.888 738.070
983.188 699.078
983.488 772.086
983.789 799.094
984.089 726.103
984.389 683.111
984.689 629.119
984.989 579.127
985.289 623.135
985.589 745.144
985.890 693.152
986.190 587.160
986.490 629.168
986.790 780.176
987.090 692.184
987.390 764.192
987.690 753.201
987.991 620.209
988.291 604.217
988.591 587.225
988.891 532.233
989.191 537.241
989.491 704.249
989.791 649.257
990.092 676.265
990.392 768.273
990.692 717.281
990.992 724.290
991.292 579.298
991.592 676.306
991.892 660.314
992.193 767.322
992.493 789.330
992.793 620.338
993.093 627.346
993.393 673.354
993.693 669.362
993.993 701.370
994.294 795.378
994.594 650.385
994.894 589.393
995.194 615.401
995.494 565.409
995.794 630.417
996.094 573.425
996.395 626.433
996.695 724.441
996.995 520.449
997.295 488.457
997.595 555.465
997.895 514.472
998.195 459.480
998.496 492.488
998.796 493.496
999.096 807.504
999.396 705.512
999.696 677.520
999.996 689.527
1000.296 805.535
1000.597 797.543
1000.897 612.551
1001.197 616.559
1001.497 843.566
1001.797 683.574
1002.097 560.582
1002.397 657.590
1002.698 655.597
1002.998 736.605
1003.298 686.613
1003.598 526.621
1003.898 517.628
1004.198 666.636
1004.498 791.644
1004.799 768.652
1005.099 773.659
1005.399 706.667
1005.699 747.675
1005.999 730.682
1006.299 597.690
1006.599 849.698
1006.900 855.705
1007.200 701.713
1007.500 743.721
1007.800 720.728
1008.100 572.736
1008.400 570.743
1008.700 591.751
1009.001 564.759
1009.301 598.766
1009.601 790.774
1009.901 842.781
1010.201 713.789
1010.501 685.797
1010.801 801.804
1011.102 635.812
1011.402 664.819
1011.702 649.827
1012.002 568.834
1012.302 698.842
1012.602 693.849
1012.902 669.857
1013.203 678.864
1013.503 746.872
1013.803 726.879
1014.103 510.887
1014.403 641.894
1014.703 636.902
1015.003 599.909
1015.304 747.917
1015.604 804.924
1015.904 622.932
1016.204 583.939
1016.504 629.947
1016.804 655.954
1017.104 622.961
1017.405 609.969
1017.705 563.976
1018.005 573.984
1018.305 623.991
1018.605 582.998
1018.905 438.006
1019.205 459.013
1019.506 780.020
1019.806 831.028
1020.106 687.035
1020.406 677.043
1020.706 650.050
1021.006 711.057
1021.306 899.065
1021.607 718.072
1021.907 782.079
1022.207 791.086
1022.507 598.094
1022.807 587.101
1023.107 626.108
1023.407 590.116
1023.708 562.123
1024.008 528.130
1024.308 628.137
1024.608 607.145
1024.908 548.152
1025.208 711.159
1025.508 837.166
1025.809 764.174
1026.109 587.181
1026.409 698.188
1026.709 726.195
1027.009 691.202
1027.309 795.210
1027.609 631.217
1027.910 643.224
1028.210 783.231
1028.510 874.238
1028.810 982.245
1029.110 824.253
1029.410 694.260
1029.710 797.267
1030.011 787.274
1030.311 803.281
1030.611 652.288
1030.911 650.295
1031.211 733.302
1031.511 658.310
1031.811 778.317
1032.112 773.324
1032.412 685.331
1032.712 540.338
1033.012 625.345
1033.312 830.352
1033.612 783.359
1033.912 676.366
1034.212 601.373
1034.513 614.380
1034.813 601.387
1035.113 656.394
1035.413 587.401
1035.713 660.408
1036.013 730.415
1036.313 666.422
1036.614 742.429
1036.914 641.436
1037.214 488.443
1037.514 645.450
1037.814 614.457
1038.114 638.464
1038.414 656.471
1038.715 764.478
1039.015 608.485
1039.315 475.492
1039.615 585.499
1039.915 574.506
1040.215 526.513
1040.515 598.520
1040.816 740.527
1041.116 671.533
1041.416 562.540
1041.716 534.547
1042.016 511.554
1042.316 725.561
1042.616 650.568
1042.917 584.575
1043.217 587.582
1043.517 612.588
1043.817 705.595
1044.117 709.602
1044.417 655.609
1044.717 595.616
1045.018 609.623
1045.318 727.629
1045.618 716.636
1045.918 608.643
1046.218 544.650
1046.518 566.657
1046.818 673.663
1047.119 624.670
1047.419 819.677
1047.719 759.684
1048.019 648.690
1048.319 704.697
1048.619 664.704
1048.919 659.711
1049.220 634.717
1049.520 710.724
1049.820 661.731
1050.120 581.738
1050.420 715.744
1050.720 680.751
1051.020 678.758
1051.321 733.764
1051.621 807.771
1051.921 670.778
1052.221 553.784
1052.521 518.791
1052.821 570.798
1053.121 671.804
1053.422 722.811
1053.722 758.818
1054.022 595.824
1054.322 726.831
1054.622 677.838
1054.922 594.844
1055.222 696.851
1055.523 692.858
1055.823 727.864
1056.123 805.871
1056.423 711.877
1056.723 731.884
1057.023 635.890
1057.323 468.897
1057.624 603.904
1057.924 724.910
1058.224 738.917
1058.524 723.923
1058.824 744.930
1059.124 693.936
1059.424 595.943
1059.725 692.949
1060.025 647.956
1060.325 640.963
1060.625 640.969
1060.925 662.976
1061.225 658.982
1061.525 816.989
1061.826 720.995
1062.126 686.002
1062.426 689.008
1062.726 747.014
1063.026 718.021
1063.326 914.027
1063.626 904.034
1063.927 759.040
1064.227 686.047
1064.527 602.053
1064.827 755.060
1065.127 658.066
1065.427 493.072
1065.727 575.079
1066.028 750.085
1066.328 761.092
1066.628 607.098
1066.928 586.104
1067.228 573.111
1067.528 589.117
1067.828 621.124
1068.129 504.130
1068.429 667.136
1068.729 762.143
1069.029 693.149
1069.329 559.155
1069.629 633.162
1069.929 772.168
1070.230 805.174
1070.530 758.181
1070.830 657.187
1071.130 723.193
1071.430 683.200
1071.730 720.206
1072.030 778.212
1072.331 600.219
1072.631 596.225
1072.931 675.231
1073.231 708.237
1073.531 698.244
1073.831 627.250
1074.131 667.256
1074.432 736.263
1074.732 674.269
1075.032 534.275
1075.332 522.281
1075.632 597.287
1075.932 619.294
1076.232 636.300
1076.533 624.306
1076.833 666.312
1077.133 636.319
1077.433 633.325
1077.733 590.331
1078.033 683.337
1078.333 662.343
1078.634 673.350
1078.934 749.356
1079.234 636.362
1079.534 749.368
1079.834 828.374
1080.134 706.380
1080.434 713.387
1080.735 689.393
1081.035 680.399
1081.335 491.405
1081.635 571.411
1081.935 650.417
1082.235 645.423
1082.535 664.429
1082.836 650.436
1083.136 641.442
1083.436 768.448
1083.736 782.454
1084.036 650.460
1084.336 552.466
1084.636 591.472
1084.937 769.478
1085.237 811.484
1085.537 728.490
1085.837 712.496
1086.137 702.502
1086.437 760.508
1086.737 677.514
1087.038 630.520
1087.338 786.526
1087.638 789.532
1087.938 630.539
1088.238 496.545
1088.538 652.551
1088.838 808.557
1089.139 792.563
1089.439 547.569
1089.739 699.575
1090.039 719.580
1090.339 727.586
1090.639 620.592
1090.939 722.598
1091.240 654.604
1091.540 634.610
1091.840 635.616
1092.140 763.622
1092.453 740.628
1092.766 586.634
1093.079 514.640
1093.392 621.646
1093.705 632.652
1094.018 627.658
1094.330 786.664
1094.643 737.670
1094.956 783.676
1095.269 661.681
1095.582 700.687
1095.895 676.693
1096.208 638.699
1096.521 637.705
1096.834 675.711
1097.147 676.717
1097.460 725.723
1097.773 785.728
1098.085 659.734
1098.398 584.740
1098.711 605.746
1099.024 548.752
1099.337 671.758
1099.650 746.763
1099.963 727.769
1100.276 567.775
1100.589 546.781
1100.902 675.787
1101.215 705.792
1101.528 726.798
1101.841 649.804
1102.153 666.810
1102.466 769.816
1102.779 607.821
1103.092 549.827
1103.405 645.833
1103.718 586.839
1104.031 535.844
1104.344 644.850
1104.657 674.856
1104.970 965.862
1105.283 790.867
1105.596 649.873
1105.909 652.879
1106.221 709.885
1106.534 717.890
1106.847 574.896
1107.160 503.902
1107.473 533.907
1107.786 620.913
1108.099 530.919
1108.412 582.925
1108.725 649.930
1109.038 580.936
1109.351 696.942
1109.664 699.947
1109.977 580.953
1110.289 588.959
1110.602 570.964
1110.915 578.970
1111.228 609.976
1111.541 524.981
1111.854 494.987
1112.167 451.992
1112.480 525.998
1112.793 618.004
1113.106 565.009
1113.419 626.015
1113.732 654.021
1114.044 590.026
1114.357 669.032
1114.670 652.037
1114.983 589.043
1115.296 600.049
1115.609 646.054
1115.922 676.060
1116.235 717.065
1116.548 666.071
1116.861 626.076
1117.174 609.082
1117.487 684.087
1117.800 827.093
1118.112 705.099
1118.425 608.104
1118.738 564.110
1119.051 571.115
1119.364 602.121
1119.677 669.126
1119.990 646.132
1120.303 701.137
1120.616 801.143
1120.929 687.148
1121.242 759.154
1121.555 760.159
1121.868 741.165
1122.180 634.170
1122.493 394.176
1122.806 491.181
1123.119 661.187
1123.432 633.192
1123.745 598.198
1124.058 563.203
1124.371 607.208
1124.684 692.214
1124.997 647.219
1125.310 617.225
1125.623 517.230
1125.935 466.236
1126.248 599.241
1126.561 715.247
1126.874 698.252
1127.187 753.257
1127.500 727.263
1127.813 693.268
1128.126 711.274
1128.439 692.279
1128.752 800.284
1129.065 635.290
1129.378 467.295
1129.691 589.300
1130.003 608.306
1130.316 547.311
1130.629 533.317
1130.942 629.322
1131.255 590.327
1131.568 568.333
1131.881 652.338
1132.194 646.343
1132.507 624.349
1132.820 588.354
1133.133 695.359
1133.446 589.365
1133.759 830.370
1134.071 1244.375
1134.384 895.381
1134.697 801.386
1135.010 892.391
1135.323 711.396
1135.636 582.402
1135.949 520.407
1136.262 562.412
1136.575 643.418
1136.888 677.423
1137.201 675.428
1137.514 631.433
1137.826 695.439
1138.139 623.444
1138.452 625.449
1138.765 834.454
1139.078 832.460
1139.391 793.465
1139.704 714.470
1140.017 712.475
1140.330 630.481
1140.643 607.486
1140.956 634.491
1141.269 672.496
1141.582 696.501
1141.894 588.507
1142.207 754.512
1142.520 663.517
1142.833 742.522
1143.146 646.527
1143.459 568.533
1143.772 602.538
1144.085 711.543
1144.398 629.548
1144.711 584.553
1145.024 582.559
1145.337 659.564
1145.650 738.569
1145.962 646.574
1146.275 631.579
1146.588 506.584
1146.901 683.589
1147.214 720.595
1147.527 616.600
1147.840 666.605
1148.153 639.610
1148.466 648.615
1148.779 615.620
1149.092 683.625
1149.405 625.630
1149.718 680.635
1150.030 770.641
1150.343 702.646
1150.656 585.651
1150.969 574.656
1151.282 815.661
1151.595 726.666
1151.908 639.671
1152.221 485.676
1152.534 520.681
1152.847 832.686
1153.160 698.691
1153.473 668.696
1153.785 706.701
1154.098 648.706
1154.411 748.712
1154.724 678.717
1155.037 707.722
1155.350 695.727
1155.663 693.732
1155.976 635.737
1156.289 710.742
1156.602 595.747
1156.915 476.752
1157.228 475.757
1157.541 610.762
1157.853 608.767
1158.166 680.772
1158.479 769.777
1158.792 686.782
1159.105 673.787
1159.418 609.792
1159.731 602.797
1160.044 642.802
1160.357 748.806
1160.670 708.811
1160.983 551.816
1161.296 649.821
1161.609 758.826
1161.921 622.831
1162.234 570.836
1162.547 485.841
1162.860 520.846
1163.173 562.851
1163.486 695.856
1163.799 723.861
1164.112 642.866
1164.425 610.871
1164.738 571.876
1165.051 552.880
1165.364 552.885
1165.676 637.890
1165.989 730.895
1166.302 677.900
1166.615 783.905
1166.928 698.910
1167.241 745.915
1167.554 747.920
1167.867 711.924
1168.180 684.929
1168.493 537.934
1168.806 575.939
1169.119 568.944
1169.432 745.949
1169.744 759.954
1170.057 656.958
1170.370 803.963
1170.683 747.968
1170.996 597.973
1171.309 628.978
1171.622 627.983
1171.935 633.987
1172.248 813.992
1172.561 763.997
1172.874 687.002
1173.187 676.007
1173.500 686.011
1173.812 730.016
1174.125 685.021
1174.438 722.026
1174.751 604.031
1175.064 663.035
1175.377 757.040
1175.690 591.045
1176.003 541.050
1176.316 620.054
1176.629 677.059
1176.942 605.064
1177.255 557.069
1177.567 542.073
1177.880 579.078
1178.193 619.083
1178.506 570.088
1178.819 716.092
1179.132 798.097
1179.445 599.102
1179.758 740.107
1180.071 757.111
1180.384 656.116
1180.697 687.121
1181.010 699.125
1181.323 814.130
1181.635 792.135
1181.948 757.139
1182.261 652.144
1182.574 621.149
1182.887 710.154
1183.200 824.158
1183.513 757.163
1183.826 707.168
1184.139 742.172
1184.452 661.177
1184.765 563.182
1185.078 503.186
1185.391 572.191
1185.703 598.196
1186.016 522.200
1186.329 558.205
1186.642 591.209
1186.955 737.214
1187.268 681.219
1187.581 699.223
1187.894 646.228
1188.207 707.233
1188.520 681.237
1188.833 619.242
1189.146 543.246
1189.459 493.251
1189.771 542.256
1190.084 682.260
1190.397 607.265
1190.710 676.269
1191.023 724.274
1191.336 650.279
1191.649 578.283
1191.962 658.288
1192.275 570.292
1192.588 643.297
1192.901 787.302
1193.214 679.306
1193.526 681.311
1193.839 698.315
1194.152 583.320
1194.465 731.324
1194.778 669.329
1195.091 612.333
1195.404 590.338
1195.717 627.343
1196.030 704.347
1196.343 612.352
1196.656 532.356
1196.969 611.361
1197.282 681.365
1197.594 667.370
1197.907 795.374
1198.220 786.379
1198.533 621.383
1198.846 594.388
1199.159 621.392
1199.472 610.397
1199.785 712.401
1200.098 603.406
1200.411 736.410
1200.724 678.415
1201.037 636.419
1201.350 571.424
1201.662 495.428
1201.975 590.433
1202.288 593.437
1202.601 208.441
