165.028 248.662
165.288 178.296
165.547 234.933
165.807 316.574
166.067 227.217
166.327 160.864
166.587 163.514
166.847 232.167
167.107 297.823
167.367 345.482
167.627 362.145
167.886 349.810
168.146 308.478
168.406 461.149
168.666 419.822
168.926 325.499
169.186 362.179
169.446 368.861
169.706 222.546
169.966 303.234
170.225 349.924
170.485 388.618
170.745 450.313
171.005 556.012
171.265 394.713
171.525 351.417
171.785 230.123
172.045 255.831
172.305 470.543
172.564 363.256
172.824 272.972
173.084 428.691
173.344 349.412
173.604 344.135
173.864 468.860
174.124 439.588
174.384 297.318
174.644 379.050
174.903 534.784
175.163 552.521
175.423 627.260
175.683 426.001
175.943 408.743
176.203 386.488
176.463 359.235
176.723 351.984
176.983 410.735
177.242 424.488
177.502 543.243
177.762 587.000
178.022 405.758
178.282 314.519
178.542 280.281
178.802 330.045
179.062 321.811
179.322 569.578
179.581 598.347
179.841 466.118
180.101 565.891
180.361 509.665
180.621 443.441
180.881 477.218
181.141 424.997
181.401 403.777
181.661 439.559
181.920 570.342
182.180 480.127
182.440 380.913
182.700 316.700
182.960 326.489
183.220 444.279
183.480 640.071
183.740 493.864
184.000 377.658
184.259 306.453
184.519 464.249
184.779 454.047
185.039 503.846
185.299 602.646
185.559 586.447
185.819 585.249
186.079 541.052
186.339 502.856
186.598 522.661
186.858 421.467
187.118 410.274
187.378 524.083
187.638 481.891
187.898 558.701
188.158 650.512
188.418 489.324
188.678 415.136
188.937 446.949
189.197 535.763
189.457 523.578
189.717 482.393
189.977 407.209
190.237 376.026
190.497 577.843
190.757 555.661
191.017 487.480
191.276 413.299
191.536 378.119
191.796 269.940
192.056 303.760
192.316 408.582
192.576 387.404
192.836 315.226
193.096 387.049
193.356 375.872
193.616 367.696
193.875 392.520
194.135 391.344
194.395 480.169
194.655 446.994
194.915 452.819
195.175 447.644
195.435 483.470
195.695 246.296
195.955 163.123
196.214 351.949
196.474 474.776
196.734 461.602
196.994 451.429
197.254 410.256
197.514 365.083
197.774 392.911
198.034 259.738
198.294 185.565
198.553 288.393
198.813 330.220
199.073 193.047
199.333 259.875
199.593 436.702
199.853 382.529
200.113 487.356
200.373 489.183
200.633 262.010
200.892 196.837
201.152 188.664
201.412 244.490
201.672 347.316
201.932 508.142
202.192 451.968
202.452 273.794
202.712 270.619
202.972 313.444
203.231 401.269
203.491 409.094
203.751 381.918
204.011 374.742
204.271 461.566
204.531 241.389
204.791 232.212
205.051 261.034
205.311 321.856
205.570 248.678
205.830 211.499
206.090 229.320
206.350 392.140
206.610 550.960
206.870 335.779
207.130 281.598
207.390 336.416
207.650 278.234
207.909 345.051
208.169 418.868
208.429 418.684
208.689 276.500
208.949 341.315
209.209 412.129
209.469 238.943
209.729 169.756
209.989 237.568
210.248 230.380
210.508 477.191
210.768 406.002
211.028 304.812
211.288 405.621
211.548 369.429
211.808 351.237
212.068 513.043
212.328 525.850
212.587 479.655
212.847 354.460
213.107 430.263
213.367 410.066
213.627 387.869
213.887 405.670
214.147 302.470
214.407 302.270
214.667 308.069
214.926 422.867
215.186 355.664
215.446 445.461
215.706 326.256
215.966 249.050
216.226 270.844
216.486 267.637
216.746 297.428
217.006 391.219
217.265 350.009
217.525 258.798
217.785 284.586
218.045 395.373
218.305 317.159
218.565 274.944
218.825 384.728
219.085 432.511
219.345 297.293
219.604 233.074
219.864 377.854
220.124 398.633
220.384 363.411
220.644 338.188
220.904 343.964
221.164 335.738
221.424 294.512
221.684 270.285
221.943 340.056
222.203 449.826
222.463 386.596
222.723 298.364
222.983 437.131
223.243 369.897
223.503 354.662
223.763 263.425
224.023 246.188
224.282 384.949
224.542 432.710
224.802 423.469
225.062 408.227
225.322 553.983
225.582 463.739
225.842 404.493
226.102 426.247
226.362 398.999
226.621 460.749
226.881 416.499
227.141 415.247
227.401 404.995
227.661 294.741
227.921 523.485
228.181 425.229
228.441 362.971
228.701 526.712
228.960 583.452
229.220 391.190
229.480 304.928
229.740 442.664
230.000 522.399
230.260 399.132
230.520 348.864
230.780 359.595
231.040 405.325
231.299 337.053
231.559 376.780
231.819 415.506
232.079 488.231
232.339 440.954
232.599 246.676
232.859 369.396
233.119 500.116
233.379 347.834
233.638 300.550
233.898 456.266
234.158 470.980
234.418 357.693
234.678 459.404
234.938 464.114
235.198 296.823
235.458 313.530
235.718 391.236
235.978 346.941
236.237 356.644
236.497 384.346
236.757 470.047
237.017 478.746
237.277 434.444
237.537 440.141
237.797 347.836
238.057 424.530
238.317 365.222
238.576 232.914
238.836 378.603
239.096 468.292
239.356 361.979
239.616 337.665
239.876 436.349
240.136 412.032
240.396 458.713
240.656 558.394
240.915 445.072
241.175 368.750
241.435 326.426
241.695 427.100
241.955 575.774
242.215 677.446
242.475 593.116
242.735 380.785
242.995 469.453
243.254 472.119
243.514 377.784
243.774 229.448
244.034 345.110
244.294 651.771
244.554 526.430
244.814 449.088
245.074 365.744
245.334 333.400
245.593 419.053
245.853 454.706
246.113 334.357
246.373 436.006
246.633 505.654
246.893 428.301
247.153 475.947
247.413 525.591
247.673 472.233
247.932 431.874
248.192 474.514
248.452 506.152
248.712 440.789
248.972 325.425
249.232 510.059
249.492 427.692
249.752 309.323
250.012 498.953
250.271 436.582
250.531 456.209
250.791 610.835
251.051 572.459
251.311 412.082
251.571 240.704
251.831 415.324
252.091 540.942
252.351 452.560
252.610 388.176
252.870 457.790
253.130 417.404
253.390 421.015
253.650 532.626
253.911 509.235
254.172 498.842
254.433 455.448
254.694 420.053
254.955 435.657
255.216 368.259
255.477 510.859
255.738 481.459
255.999 383.057
256.261 521.653
256.522 528.248
256.783 515.842
257.044 351.434
257.305 260.025
257.566 284.615
257.827 240.203
258.088 317.790
258.349 345.375
258.610 403.959
258.871 478.542
259.132 547.123
259.393 433.703
259.654 346.282
259.915 227.859
260.176 331.435
260.437 446.009
260.698 363.582
260.959 346.154
261.221 459.724
261.482 553.293
261.743 507.861
262.004 473.427
262.265 641.992
262.526 611.556
262.787 377.118
263.048 358.679
263.309 368.238
263.570 469.796
263.831 406.353
264.092 362.909
264.353 292.463
264.614 573.016
264.875 512.567
265.136 396.117
265.397 558.666
265.658 615.213
265.919 685.760
266.181 599.304
266.442 432.848
266.703 415.390
266.964 365.931
267.225 343.470
267.486 447.008
267.747 529.545
268.008 562.081
268.269 592.615
268.530 586.148
268.791 573.679
269.052 518.210
269.313 439.739
269.574 445.266
269.835 481.793
270.096 516.318
270.357 513.841
270.618 423.364
270.879 341.885
271.141 427.405
271.402 463.923
271.663 404.441
271.924 455.957
272.185 452.471
272.446 496.985
272.707 461.497
272.968 421.008
273.229 383.517
273.490 436.026
273.751 473.533
274.012 469.039
274.273 527.543
274.534 482.046
274.795 501.548
275.056 511.049
275.317 368.549
275.578 282.047
275.839 425.544
276.101 387.040
276.362 358.534
276.623 430.027
276.884 558.519
277.145 600.010
277.406 524.499
277.667 358.988
277.928 331.475
278.189 577.961
278.450 559.445
278.711 564.929
278.972 523.411
279.233 403.892
279.494 542.371
279.755 661.850
280.016 651.327
280.277 521.803
280.538 517.278
280.799 403.751
281.061 429.224
281.322 473.695
281.583 475.165
281.844 357.634
282.105 374.102
282.366 578.568
282.627 547.033
282.888 549.497
283.149 553.960
283.410 498.422
283.671 539.882
283.932 492.342
284.193 364.800
284.454 432.257
284.715 483.713
284.976 468.167
285.237 555.621
285.498 785.073
285.759 660.524
286.021 579.974
286.282 573.423
286.543 612.871
286.804 542.318
287.065 539.763
287.326 580.207
287.587 470.650
287.848 563.092
288.109 619.533
288.370 553.973
288.631 381.412
288.892 325.849
289.153 449.285
289.414 411.721
289.675 600.155
289.936 729.588
290.197 654.020
290.458 549.450
290.719 472.880
290.981 619.309
291.242 698.736
291.503 643.162
291.764 491.588
292.025 362.012
292.286 385.435
292.547 418.857
292.808 453.278
293.069 588.697
293.330 600.116
293.591 585.534
293.852 578.950
294.113 500.366
294.374 459.780
294.635 525.193
294.896 573.605
295.157 597.017
295.418 580.427
295.679 645.836
295.941 575.244
296.202 579.651
296.463 575.057
296.724 631.461
296.985 672.865
297.246 643.268
297.507 507.670
297.768 464.070
298.029 633.470
298.290 791.868
298.551 785.266
298.812 769.663
299.073 591.058
299.334 448.453
299.595 555.846
299.856 589.238
300.117 767.630
300.378 709.020
300.639 485.410
300.901 436.798
301.162 578.185
301.423 678.572
301.684 785.957
301.945 819.341
302.206 584.725
302.467 566.107
302.728 474.489
302.989 552.869
303.250 651.248
303.511 677.627
303.772 653.004
304.033 641.381
304.294 650.756
304.555 576.131
304.816 630.504
305.077 629.877
305.338 474.248
305.599 415.619
305.861 476.989
306.122 588.357
306.383 576.725
306.644 561.092
306.905 459.458
307.166 667.823
307.427 663.187
307.688 527.550
307.949 488.912
308.210 544.273
308.471 574.633
308.732 506.993
308.993 393.351
309.254 484.708
309.515 409.065
309.776 487.420
310.037 504.775
310.298 381.129
310.559 468.482
310.821 596.834
311.082 554.184
311.343 451.535
311.604 431.884
311.865 428.232
312.126 422.579
312.387 453.926
312.648 489.271
312.909 482.616
313.170 508.960
313.434 552.303
313.698 477.645
313.963 584.986
314.227 510.326
314.491 475.666
314.755 545.004
315.019 506.342
315.284 342.678
315.548 466.014
315.812 509.349
316.076 651.683
316.340 647.017
316.604 598.349
316.869 663.681
317.133 596.011
317.397 678.341
317.661 655.670
317.925 555.998
318.190 457.326
318.454 433.652
318.718 437.978
318.982 581.302
319.246 663.626
319.511 746.950
319.775 541.272
320.039 513.593
320.303 516.914
320.567 562.234
320.832 555.553
321.096 517.871
321.360 501.188
321.624 530.505
321.888 469.820
322.153 424.135
322.417 382.449
322.681 329.762
322.945 502.075
323.209 576.387
323.473 508.697
323.738 498.007
324.002 513.317
324.266 627.625
324.530 607.933
324.794 506.240
325.059 444.546
325.323 426.851
325.587 501.156
325.851 529.459
326.115 731.762
326.380 591.065
326.644 525.366
326.908 549.667
327.172 516.966
327.436 491.266
327.701 515.564
327.965 511.861
328.229 576.158
328.493 434.454
328.757 434.750
329.022 546.044
329.286 450.338
329.550 442.631
329.814 483.923
330.078 507.215
330.342 489.506
330.607 530.796
330.871 604.085
331.135 659.374
331.399 629.661
331.663 558.948
331.928 505.235
332.192 585.520
332.456 561.805
332.720 573.090
332.984 512.373
333.249 527.656
333.513 521.938
333.777 445.219
334.041 391.500
334.305 442.780
334.570 589.059
334.834 467.337
335.098 558.615
335.362 662.892
335.626 597.168
335.891 497.444
336.155 511.719
336.419 491.993
336.683 379.267
336.947 552.540
337.211 542.812
337.476 395.083
337.740 459.354
338.004 468.624
338.268 464.894
338.532 569.162
338.797 554.430
339.061 553.698
339.325 660.964
339.589 697.231
339.853 550.496
340.118 511.761
340.382 614.025
340.646 678.288
340.910 487.551
341.174 524.813
341.439 495.074
341.703 508.335
341.967 535.595
342.231 505.854
342.495 463.113
342.759 600.371
343.024 572.629
343.288 614.885
343.552 578.141
343.816 357.397
344.080 381.652
344.345 513.906
344.609 401.160
344.873 326.413
345.137 504.665
345.401 571.917
345.666 394.168
345.930 569.418
346.194 653.668
346.458 470.917
346.722 437.166
346.987 440.414
347.251 587.661
347.515 687.908
347.779 485.154
348.043 409.399
348.308 476.644
348.572 421.888
348.836 387.132
349.100 451.375
349.364 389.617
349.628 406.859
349.893 463.100
350.157 537.341
350.421 562.581
350.685 543.821
350.949 459.059
351.214 371.298
351.478 488.535
351.742 512.772
352.006 561.009
352.270 570.245
352.535 468.480
352.799 491.715
353.063 608.949
353.327 470.182
353.591 419.415
353.856 497.648
354.120 493.879
354.384 626.111
354.648 755.341
354.912 653.572
355.177 471.801
355.441 431.030
355.705 653.258
355.969 665.486
356.233 580.714
356.497 592.940
356.762 596.166
357.026 554.392
357.290 524.617
357.554 537.842
357.818 563.065
358.083 546.289
358.347 576.512
358.611 554.734
358.875 545.956
359.139 556.177
359.404 471.398
359.668 539.618
359.932 657.837
360.196 644.056
360.460 499.275
360.725 517.493
360.989 608.710
361.253 716.927
361.517 644.144
361.781 634.359
362.046 661.575
362.310 681.790
362.574 653.004
362.838 520.218
363.102 550.431
363.366 587.644
363.631 502.856
363.895 583.067
364.159 694.279
364.423 602.489
364.687 640.699
364.952 709.909
365.216 716.118
365.480 608.327
365.747 464.535
366.013 476.742
366.280 559.949
366.546 650.156
366.813 548.362
367.079 594.568
367.346 643.773
367.612 566.977
367.879 596.181
368.145 713.385
368.412 545.588
368.678 508.791
368.945 631.993
369.211 603.195
369.478 667.396
369.744 623.596
370.011 607.797
370.278 566.996
370.544 528.196
370.811 544.394
371.077 540.593
371.344 499.790
371.610 542.988
371.877 554.185
372.143 652.381
372.410 729.577
372.676 717.772
372.943 710.967
373.209 620.162
373.476 545.356
373.742 512.549
374.009 596.742
374.276 664.935
374.542 648.127
374.809 551.319
375.075 432.510
375.342 404.701
375.608 423.891
375.875 462.081
376.141 658.271
376.408 653.460
376.674 668.648
376.941 589.836
377.207 547.024
377.474 959.211
377.740 871.398
378.007 528.584
378.273 627.770
378.540 714.956
378.807 573.141
379.073 513.325
379.340 529.509
379.606 539.693
379.873 565.876
380.139 642.059
380.406 740.241
380.672 662.423
380.939 542.605
381.205 487.786
381.472 423.967
381.738 438.147
382.005 576.327
382.271 571.506
382.538 576.685
382.804 731.864
383.071 661.042
383.338 613.219
383.604 626.397
383.871 722.574
384.137 706.750
384.404 595.926
384.670 638.102
384.937 603.277
385.203 663.452
385.470 644.626
385.736 714.800
386.003 643.974
386.269 601.147
386.536 599.320
386.802 658.492
387.069 755.664
387.336 842.835
387.602 843.007
387.869 546.177
388.135 545.348
388.402 547.518
388.668 643.687
388.935 773.856
389.201 856.025
389.468 816.194
389.734 879.362
390.001 809.529
390.267 671.696
390.534 785.863
390.800 754.030
391.067 823.196
391.333 803.361
391.600 687.527
391.867 757.692
392.133 793.856
392.400 675.020
392.666 603.184
392.933 799.347
393.199 928.510
393.466 797.673
393.732 781.835
393.999 885.997
394.265 873.159
394.532 777.320
394.798 934.481
395.065 864.641
395.331 936.801
395.598 1078.961
395.864 1211.120
396.131 1477.279
396.398 1821.438
396.664 2222.596
396.931 2783.754
397.197 3699.911
397.464 4533.068
397.730 5624.225
397.997 6426.381
398.263 7018.537
398.530 7786.693
398.796 8384.848
399.063 8917.003
399.329 9210.158
399.596 9556.312
399.862 9568.466
400.129 9778.620
400.396 9869.773
400.662 9477.926
400.929 9678.078
401.195 9913.230
401.462 10119.382
401.728 10435.534
401.995 10944.685
402.261 11434.836
402.528 12009.986
402.794 12647.136
403.061 13192.286
403.327 13768.435
403.594 14184.585
403.860 14326.733
404.127 14723.882
404.393 14966.030
404.660 14936.178
404.931 15350.325
405.202 15955.472
405.473 16643.619
405.745 17408.765
406.016 18210.911
406.287 18524.057
406.558 18796.203
406.829 19163.348
407.100 19348.492
407.371 19869.637
407.642 20320.781
407.914 20511.925
408.185 20516.068
408.456 20706.212
408.727 21054.354
408.998 21206.497
409.269 21680.639
409.540 21809.781
409.811 21359.923
410.083 21222.064
410.354 20976.205
410.625 20645.345
410.896 20229.486
411.167 19653.626
411.438 19288.765
411.709 18438.905
411.981 17845.044
412.252 16832.183
412.523 15733.321
412.794 14629.459
413.065 13651.597
413.336 12657.735
413.607 11914.872
413.878 11358.009
414.150 10651.145
414.421 9836.282
414.692 9098.418
414.963 8522.553
415.234 8028.689
415.505 7316.824
415.776 6854.959
416.047 6258.093
416.319 5591.227
416.590 4849.361
416.861 4114.495
417.132 3792.628
417.403 3377.761
417.674 3008.894
417.945 2586.026
418.217 2232.159
418.488 2043.290
418.759 1775.422
419.030 1609.553
419.301 1399.684
419.572 1411.815
419.843 1453.945
420.114 1240.076
420.386 1142.205
420.657 1238.335
420.928 1134.464
421.199 1054.593
421.470 1002.722
421.741 879.851
422.012 844.979
422.283 851.107
422.555 885.234
422.826 993.362
423.097 1061.489
423.368 1007.615
423.639 814.742
423.910 893.868
424.181 821.994
424.453 789.120
424.724 1106.245
424.995 1165.370
425.266 1001.495
425.537 996.620
425.808 1154.744
426.079 1187.868
426.350 1128.992
426.622 1129.115
426.893 1259.239
427.164 1173.362
427.435 1116.484
427.706 1100.607
427.977 1154.729
428.248 1156.851
428.519 1226.972
428.791 1153.094
429.062 1215.215
429.333 1050.336
429.604 991.456
429.875 1124.577
430.146 1286.697
430.417 1250.817
430.689 1216.936
430.960 1040.056
431.231 1045.175
431.502 1184.294
431.773 1144.412
432.044 1024.530
432.315 1207.648
432.586 1134.766
432.858 1071.884
433.129 935.001
433.400 953.118
433.671 948.235
433.942 907.352
434.213 736.468
434.484 760.584
434.755 850.700
435.027 739.815
435.298 821.931
435.569 836.046
435.840 734.160
436.116 773.275
436.391 840.389
436.667 794.503
436.942 913.617
437.218 979.731
437.493 940.844
437.769 1003.957
438.045 945.070
438.320 851.183
438.596 876.295
438.871 825.408
439.147 864.520
439.422 764.631
439.698 664.743
439.974 771.854
440.249 947.965
440.525 960.076
440.800 768.186
441.076 868.297
441.351 1011.407
441.627 1036.516
441.903 893.626
442.178 730.735
442.454 745.845
442.729 978.953
443.005 818.062
443.281 962.171
443.556 1100.279
443.832 905.387
444.107 716.495
444.383 753.602
444.658 793.710
444.934 707.817
445.210 931.924
445.485 1028.030
445.761 1053.137
446.036 968.243
446.312 1031.349
446.587 1065.455
446.863 831.560
447.139 869.666
447.414 1026.771
447.690 1081.876
447.965 1090.980
448.241 1038.085
448.516 1022.189
448.792 982.293
449.068 1008.397
449.343 1039.501
449.619 921.604
449.894 1008.707
450.170 1094.810
450.445 1306.913
450.721 1403.015
450.997 1166.118
451.272 1309.220
451.548 1334.322
451.823 1296.423
452.099 1322.525
452.375 1262.626
452.650 1298.727
452.926 1334.828
453.201 1319.929
453.477 1646.029
453.752 1610.130
454.028 1492.230
454.304 1547.329
454.579 1592.429
454.855 1529.528
455.130 1473.628
455.406 1571.727
455.681 1505.826
455.957 1389.924
456.233 1303.023
456.508 1272.121
456.784 1283.219
457.059 1234.317
457.335 1371.414
457.610 1226.512
457.886 1150.609
458.162 1137.706
458.437 1086.803
458.713 1090.899
458.988 1057.996
459.264 1131.092
459.539 1136.188
459.815 968.284
460.091 893.380
460.366 867.475
460.642 841.570
460.917 934.665
461.193 967.760
461.468 858.855
461.744 844.949
462.020 789.044
462.295 842.138
462.571 838.232
462.846 822.326
463.122 987.419
463.397 989.512
463.673 823.782
463.949 896.802
464.224 943.848
464.500 1042.841
464.775 1036.976
465.051 1179.709
465.327 1499.661
465.602 1852.548
465.878 2040.304
466.153 2034.367
466.429 2410.117
466.704 2756.106
466.980 2854.709
467.256 3145.800
467.531 3441.332
467.807 3598.177
468.082 3719.510
468.358 3759.921
468.633 3929.971
468.909 3878.856
469.185 3700.935
469.460 3810.382
469.736 3917.028
470.011 3701.609
470.287 3647.673
470.562 3626.890
470.838 3375.342
471.114 3380.861
471.389 3275.899
471.665 3213.577
471.940 3243.235
472.216 3059.113
472.491 2778.613
472.767 2647.645
473.043 2677.145
473.318 2658.978
473.594 2349.430
473.869 2167.778
474.145 2009.168
474.421 1877.007
474.696 1690.930
474.972 1510.458
475.247 1465.194
475.523 1456.661
475.798 1360.374
476.074 1223.637
476.350 1228.815
476.625 1219.961
476.901 1188.447
477.176 1189.359
477.452 1101.765
477.727 1104.903
478.003 990.044
478.279 1200.495
478.554 1286.962
478.830 1317.858
479.105 1298.008
479.381 1296.776
479.656 1179.213
479.932 1253.077
480.208 1405.739
480.483 1381.145
480.759 1357.973
481.034 1310.219
481.310 1205.252
481.585 1263.388
481.861 1291.696
482.137 1184.738
482.412 1267.129
482.688 1273.702
482.963 1284.542
483.239 1358.486
483.514 1135.120
483.790 1240.931
484.066 1471.540
484.341 1307.477
484.617 1228.487
484.892 1287.813
485.168 1283.912
485.443 1239.972
485.719 1292.735
485.995 1362.669
486.270 1296.977
486.546 1252.947
486.821 1218.406
487.097 1144.015
487.373 1237.639
487.648 1396.697
487.924 1420.966
488.199 1201.572
488.475 996.345
488.750 1015.056
489.026 1229.082
489.302 1234.065
489.577 1161.362
489.853 1215.149
490.128 1329.818
490.404 1298.259
490.679 1179.939
490.955 1374.364
491.231 1437.978
491.506 1354.332
491.782 1253.873
492.057 1162.701
492.333 1300.740
492.608 1307.664
492.884 1350.790
493.160 1174.739
493.435 1164.371
493.711 1391.896
493.986 1289.725
494.262 1190.083
494.537 1186.234
494.813 1303.272
495.089 1212.287
495.364 1246.742
495.640 1249.762
495.915 1197.771
496.191 1380.320
496.467 1359.093
496.742 1298.082
497.018 1343.165
497.293 1247.483
497.569 1318.946
497.844 1269.155
498.120 1375.168
498.396 1420.628
498.671 1320.820
498.947 1543.335
499.222 1644.344
499.498 1660.978
499.773 1780.453
500.049 1884.773
500.325 1980.538
500.600 2195.571
500.876 2351.995
501.151 2700.817
501.427 2901.391
501.702 3169.705
501.978 3410.983
502.254 3580.060
502.529 3623.813
502.805 3875.268
503.080 4138.318
503.356 4155.683
503.631 4128.639
503.907 4190.711
504.183 4134.102
504.458 4215.144
504.734 4230.164
505.009 4200.912
505.285 4137.421
505.560 4063.540
505.836 4024.201
506.112 3924.068
506.387 3769.280
506.663 3646.226
506.938 3483.505
507.214 3397.629
507.490 3383.155
507.765 3259.730
508.041 3084.218
508.316 2948.061
508.592 2683.380
508.867 2570.085
509.143 2482.143
509.419 2291.256
509.694 2087.129
509.970 1931.730
510.245 1779.782
510.521 1747.070
510.796 1610.526
511.072 1505.698
511.348 1453.909
511.623 1445.999
511.899 1340.361
512.174 1407.617
512.450 1462.834
512.725 1368.653
513.001 1194.914
513.277 1120.529
513.552 1304.151
513.828 1263.182
514.103 1275.795
514.379 1389.544
514.654 1230.377
514.930 1208.377
515.206 1556.617
515.481 1551.774
515.757 1415.595
516.032 1418.188
516.308 1624.465
516.583 1781.968
516.859 1771.744
517.135 1874.046
517.410 2007.492
517.686 2183.454
517.961 2288.472
518.237 2404.366
518.513 2501.419
518.788 2964.245
519.064 3309.935
519.339 3506.431
519.615 3642.103
519.890 3848.874
520.166 4088.965
520.442 4438.314
520.717 4666.478
520.993 4758.703
521.268 4788.832
521.544 4869.739
521.819 4895.025
522.095 5067.930
522.371 5293.236
522.646 5273.161
522.922 5428.132
523.197 5387.003
523.473 5481.429
523.748 5502.540
524.024 5391.594
524.300 5334.237
524.575 5377.357
524.851 5593.684
525.126 5633.328
525.402 5584.231
525.677 5657.017
525.953 5541.724
526.229 5484.420
526.504 5460.061
526.780 5554.326
527.055 5492.713
527.331 5554.014
527.606 5657.093
527.882 5634.512
528.158 5620.809
528.433 5832.231
528.709 5739.198
528.984 5570.349
529.260 5541.695
529.535 5567.168
529.811 5323.229
530.087 5198.788
530.362 5057.418
530.638 5109.392
530.913 5082.659
531.189 4928.355
531.465 4669.724
531.740 4467.530
532.016 4458.367
532.291 4126.702
532.567 4020.415
532.842 4013.688
533.118 3807.162
533.394 3772.079
533.669 3430.252
533.945 3129.725
534.220 3077.252
534.496 3023.829
534.771 2831.900
535.047 2813.255
535.323 2699.848
535.598 2614.342
535.874 2653.084
536.149 2660.621
536.425 2676.000
536.700 2889.362
536.976 3382.338
537.252 4276.782
537.527 5069.840
537.803 6113.118
538.078 7367.955
538.354 8394.559
538.629 9034.766
538.905 9755.293
539.181 10723.307
539.456 11408.767
539.732 12208.830
540.007 12940.375
540.283 13458.158
540.558 14004.651
540.834 14681.272
541.110 15369.130
541.385 15719.680
541.661 16122.704
541.936 16422.186
542.212 16532.250
542.488 16704.753
542.763 17073.488
543.039 17288.893
543.314 17508.193
543.590 17413.419
543.865 17352.897
544.141 17135.473
544.417 16837.612
544.692 16259.711
544.968 16062.148
545.243 15849.539
545.519 15244.975
545.794 14882.449
546.070 14689.659
546.348 14180.945
546.627 13582.409
546.905 13553.191
547.183 13459.791
547.461 13427.073
547.740 13223.551
548.018 13021.042
548.296 13163.079
548.575 13512.685
548.853 13762.985
549.131 14486.970
549.409 14997.451
549.688 15428.058
549.966 16009.459
550.244 16575.979
550.523 16724.122
550.801 17057.120
551.079 17420.121
551.357 17981.992
551.636 18204.393
551.914 18252.364
552.192 18337.228
552.471 18770.978
552.749 19057.194
553.027 19434.156
553.306 20032.600
553.584 20719.965
553.862 21223.237
554.140 21564.152
554.419 22026.795
554.697 23099.322
554.975 23903.580
555.254 24535.199
555.532 24614.804
555.810 24888.400
556.088 24863.349
556.367 24342.463
556.645 24033.813
556.923 23898.648
557.202 23438.153
557.480 23216.417
557.758 22565.431
558.036 21799.233
558.315 21131.712
558.593 20605.139
558.871 19956.590
559.150 19076.528
559.428 18337.120
559.706 17606.092
559.984 16665.400
560.263 15902.992
560.541 15034.121
560.819 13909.924
561.098 12859.182
561.376 11964.998
561.654 10648.699
561.932 9222.036
562.211 8297.544
562.489 7422.471
562.767 6553.589
563.046 5795.282
563.324 5046.004
563.602 4710.840
563.880 4296.576
564.159 3922.342
564.437 3654.965
564.715 3227.616
564.994 2853.381
565.272 2733.465
565.550 2433.670
565.828 2243.153
566.107 2192.150
566.385 2066.724
566.663 1887.243
566.942 1814.173
567.220 1783.479
567.498 1884.277
567.776 1575.668
568.055 1440.136
568.333 1478.643
568.611 1490.207
568.890 1410.290
569.168 1297.228
569.446 1292.729
569.725 1260.889
570.003 1071.562
570.281 987.537
570.559 1133.616
570.838 1155.087
571.116 1171.755
571.394 1199.900
571.673 1185.589
571.951 1079.018
572.229 1004.304
572.507 1052.944
572.786 1005.374
573.064 951.869
573.342 943.150
573.621 880.644
573.899 878.737
574.177 1047.608
574.455 1038.901
574.734 918.631
575.012 964.663
575.290 889.256
575.569 930.368
575.847 959.784
576.125 950.995
576.403 814.449
576.682 852.658
576.960 916.451
577.243 967.758
577.527 860.380
577.810 679.143
578.093 730.152
578.377 779.069
578.660 766.267
578.944 753.464
579.227 740.148
579.510 904.453
579.794 876.624
580.077 764.797
580.360 771.552
580.644 759.451
580.927 733.410
581.210 771.227
581.494 724.001
581.777 824.816
582.061 770.900
582.344 716.876
582.627 664.077
582.911 690.042
583.194 710.734
583.477 865.467
583.761 849.541
584.044 861.560
584.327 877.448
584.611 766.601
584.894 728.682
585.178 689.763
585.461 682.812
585.744 772.764
586.028 742.579
586.311 757.621
586.594 801.663
586.878 674.705
587.161 702.747
587.444 808.789
587.728 732.831
588.011 774.872
588.295 663.914
588.578 738.217
588.861 910.087
589.145 787.038
589.428 733.813
589.711 634.121
589.995 663.498
590.278 847.356
590.562 752.244
590.845 650.634
591.128 858.609
591.412 817.731
591.695 709.698
591.978 832.783
592.262 827.661
592.545 617.676
592.828 752.066
593.112 681.566
593.395 636.741
593.679 634.155
593.962 793.557
594.245 740.071
594.529 630.659
594.812 546.573
595.095 504.370
595.379 742.733
595.662 806.135
595.945 700.111
596.229 607.194
596.512 646.625
596.796 731.547
597.079 765.515
597.362 868.525
597.646 881.552
597.929 763.886
598.212 788.862
598.496 796.806
598.779 835.544
599.062 972.799
599.346 830.686
599.629 726.355
599.913 727.648
600.196 778.918
600.479 800.827
600.763 780.965
601.046 687.038
601.329 759.603
601.613 879.838
601.896 835.628
602.179 851.544
602.463 808.360
602.746 873.231
603.030 977.394
603.313 930.349
603.596 767.482
603.880 809.904
604.163 897.196
604.446 859.136
604.730 780.819
605.013 879.896
605.296 945.437
605.580 916.091
605.863 929.840
606.147 852.502
606.430 818.259
606.713 954.481
606.997 921.173
607.280 1039.682
607.563 965.354
607.847 935.122
608.130 956.579
608.414 944.916
608.697 905.813
608.980 894.983
609.264 1016.485
609.547 943.048
609.830 944.064
610.114 932.346
610.397 935.321
610.680 999.021
610.964 1017.682
611.247 1031.444
611.531 943.189
611.814 838.219
612.097 916.764
612.381 1112.959
612.664 1263.253
612.947 1073.887
613.231 1042.519
613.514 1066.172
613.797 1148.723
614.081 1299.053
614.364 1314.805
614.648 1293.229
614.931 1244.149
615.214 1258.919
615.498 1328.038
615.781 1324.460
616.064 1285.125
616.348 1443.624
616.631 1479.564
616.914 1526.371
617.198 1481.605
617.481 1397.896
617.765 1458.481
618.048 1494.506
618.331 1465.913
618.615 1390.321
618.898 1467.431
619.181 1455.608
619.465 1422.463
619.748 1340.401
620.031 1261.565
620.315 1128.063
620.598 1124.256
620.882 1239.608
621.165 1410.854
621.448 1333.354
621.732 1215.312
622.015 1041.217
622.298 990.486
622.582 1047.398
622.865 1027.499
623.148 978.582
623.432 1022.618
623.715 907.537
623.999 1052.822
624.282 1026.805
624.565 1077.195
624.849 888.095
625.132 824.395
625.415 1131.889
625.699 1204.710
625.982 978.710
626.265 907.923
626.549 911.080
626.832 1011.114
627.116 1003.067
627.399 840.475
627.682 850.911
627.966 846.060
628.249 837.194
628.532 827.341
628.816 1075.464
629.099 965.201
629.383 898.202
629.666 883.454
629.949 798.177
630.233 829.427
630.516 932.048
630.799 958.921
631.083 822.980
631.366 788.912
631.649 766.243
631.933 707.738
632.216 803.545
632.500 832.197
632.783 867.669
633.066 847.608
633.350 864.506
633.633 907.139
633.916 862.335
634.200 816.741
634.483 893.576
634.766 1006.615
635.050 931.389
635.333 838.240
635.617 903.155
635.900 1021.853
636.183 1150.508
636.467 1102.192
636.750 1102.029
637.033 1166.210
637.317 1184.586
637.600 1148.728
637.883 1159.886
638.167 1240.441
638.450 1255.001
638.734 1270.012
639.017 1395.510
639.300 1455.465
639.584 1412.037
639.867 1626.286
640.150 1554.285
640.434 1652.537
640.717 1630.461
641.000 1607.126
641.284 1695.940
641.567 1626.461
641.851 1639.326
642.134 1843.545
642.417 1855.870
642.701 1947.438
642.984 1974.619
643.267 1908.121
643.551 1850.098
643.834 1827.493
644.117 1925.998
644.401 1952.199
644.684 2064.693
644.968 2216.956
645.251 2300.271
645.534 2274.971
645.818 2332.223
646.101 2577.634
646.384 2795.503
646.668 3079.099
646.951 3300.724
647.235 3623.404
647.518 3853.695
647.801 4333.987
648.085 4711.166
648.368 5009.795
648.651 5330.312
648.935 6040.002
649.218 6601.236
649.501 6986.373
649.785 7381.895
650.068 8019.436
650.352 8575.667
650.635 9137.676
650.918 9931.590
651.202 10828.008
651.485 11671.178
651.768 12682.300
652.052 13622.316
652.335 14634.994
652.618 15671.958
652.902 16921.207
653.185 17956.661
653.469 18483.549
653.752 18945.775
654.035 19344.675
654.319 19908.604
654.602 20171.947
654.885 20404.210
655.169 20980.483
655.452 21284.607
655.735 21557.500
656.019 21712.804
656.302 21930.595
656.586 22435.969
656.869 22922.306
657.152 23197.730
657.436 23440.566
657.719 23686.511
658.002 23556.428
658.286 22869.141
658.569 22149.420
658.852 21309.530
659.136 20624.908
659.419 20045.242
659.703 19334.611
659.986 18900.122
660.269 18837.893
660.553 18489.509
660.836 18570.838
661.119 18701.965
661.403 18571.040
661.686 18226.643
661.969 17882.826
662.253 17654.315
662.536 17441.945
662.820 17515.113
663.103 17389.381
663.386 17206.854
663.670 17216.010
663.953 17031.390
664.236 17218.887
664.520 17113.545
664.803 17137.889
665.086 17005.187
665.370 16954.561
665.653 17029.564
665.937 16794.328
666.220 16211.191
666.503 15835.966
666.787 15475.953
667.070 14694.428
667.353 13785.919
667.637 12620.052
667.920 11607.910
668.204 10414.472
668.487 9139.831
668.770 8394.583
669.054 7255.100
669.337 6320.627
669.620 5636.658
669.904 4972.086
670.187 4622.442
670.470 4345.554
670.754 3817.010
671.037 3402.553
671.321 3129.442
671.604 3093.814
671.887 2884.112
672.171 2656.913
672.454 2577.536
672.737 2470.140
673.021 2381.419
673.304 2242.208
673.587 2345.931
673.871 2371.361
674.154 2396.293
674.438 2485.114
674.721 2499.530
675.004 2545.338
675.288 2632.814
675.571 2646.881
675.854 2657.207
676.138 2774.406
676.421 2811.352
676.704 2754.366
676.988 2761.870
677.271 2879.420
677.555 2686.975
677.838 2405.719
678.121 2185.286
678.405 2006.607
678.688 2052.182
678.971 1809.579
679.255 1932.012
679.538 2047.184
679.821 2093.891
680.105 1864.524
680.388 1636.098
680.672 1611.838
680.955 1595.233
681.238 1561.540
681.522 1509.007
681.805 1497.070
682.088 1613.246
682.372 1650.408
682.655 1499.757
682.938 1567.633
683.222 1550.958
683.505 1404.224
683.789 1449.183
684.072 1446.074
684.355 1412.232
684.639 1338.146
684.922 1220.218
685.205 1240.077
685.489 1431.126
685.772 1379.356
686.056 1345.260
686.339 1337.964
686.622 1247.514
686.906 1237.102
687.189 1390.572
687.472 1562.832
687.756 1406.901
688.039 1309.230
688.322 1319.694
688.606 1542.058
688.889 1517.032
689.173 1463.822
689.456 1552.574
689.739 1541.117
690.023 1494.697
690.306 1602.126
690.589 1605.691
690.873 1696.658
691.156 1774.727
691.439 1768.509
691.723 1725.870
692.006 1759.985
692.290 1782.338
692.573 1927.969
692.856 1987.210
693.140 2000.707
693.423 1946.901
693.706 1920.964
693.990 1824.979
694.273 1752.870
694.556 2016.308
694.840 2106.335
695.123 1926.498
695.407 1906.991
695.690 1872.191
695.973 1934.971
696.257 2087.482
696.540 2327.129
696.830 2284.679
697.120 2430.644
697.410 2632.485
697.699 2680.066
697.989 2941.688
698.279 2816.524
698.569 2686.613
698.859 2794.219
699.149 2844.766
699.439 2805.112
699.729 2615.539
700.018 2577.808
700.308 2723.012
700.598 2600.712
700.888 2517.603
701.178 2731.315
701.468 2643.375
701.758 2533.324
702.048 2539.813
702.337 2448.370
702.627 2444.461
702.917 2342.567
703.207 2133.441
703.497 2007.575
703.787 1754.324
704.077 1722.913
704.366 1657.227
704.656 1473.041
704.946 1409.644
705.236 1223.444
705.526 1243.203
705.816 1339.035
706.106 1089.467
706.396 1110.317
706.685 1072.275
706.975 965.048
707.265 903.693
707.555 1060.426
707.845 1021.676
708.135 849.250
708.425 759.798
708.715 786.289
709.004 988.104
709.294 992.078
709.584 982.254
709.874 1014.821
710.164 956.657
710.454 867.661
710.744 831.288
711.034 868.952
711.323 883.995
711.613 822.994
711.903 965.766
712.193 1037.567
712.483 850.765
712.773 833.087
713.063 804.977
713.352 823.011
713.642 818.490
713.932 907.646
714.222 902.979
714.512 873.912
714.802 811.437
715.092 867.660
715.382 833.121
715.671 771.688
715.961 816.465
716.251 711.476
716.541 760.860
716.831 827.457
717.121 753.190
717.411 856.075
717.701 962.316
717.990 851.332
718.280 725.562
718.570 737.044
718.860 676.246
719.150 729.444
719.440 735.447
719.730 677.909
720.019 922.511
720.309 850.824
720.599 783.987
720.889 777.852
721.179 812.322
721.469 848.561
721.759 778.446
722.049 849.415
722.338 721.919
722.628 723.326
722.918 785.032
723.208 869.254
723.498 722.159
723.788 820.083
724.078 934.637
724.368 867.028
724.657 798.776
724.947 801.495
725.237 845.725
725.527 912.347
725.817 767.804
726.107 635.622
726.397 615.333
726.686 623.090
726.976 721.756
727.266 808.816
727.556 736.302
727.846 830.936
728.136 789.534
728.426 707.750
728.716 615.716
729.005 730.077
729.295 707.810
729.585 563.573
729.875 570.253
730.165 644.540
730.455 715.365
730.745 815.109
731.035 777.264
731.324 840.080
731.614 795.750
731.904 703.249
732.194 785.873
732.484 717.591
732.774 672.863
733.064 686.502
733.354 621.346
733.643 639.770
733.933 662.557
734.223 631.388
734.513 796.125
734.803 856.433
735.093 718.891
735.383 639.535
735.672 709.867
735.962 803.252
736.252 606.005
736.542 579.788
736.832 599.396
737.122 587.258
737.412 662.767
737.702 761.572
737.991 740.983
738.281 668.713
738.571 665.129
738.861 709.765
739.151 661.556
739.441 696.323
739.731 643.244
740.021 698.718
740.310 801.991
740.600 791.943
740.890 603.209
741.180 613.304
741.470 695.258
741.760 777.212
742.050 871.999
742.339 834.178
742.629 729.351
742.919 850.043
743.209 667.403
743.499 605.768
743.789 648.961
744.079 727.198
744.369 709.683
744.658 621.911
744.948 447.057
745.238 620.958
745.528 699.272
745.818 825.977
746.108 798.218
746.398 793.071
746.688 742.444
746.977 870.566
747.267 697.795
747.557 733.298
747.847 820.792
748.137 785.807
748.427 721.149
748.717 568.500
749.006 473.425
749.296 674.115
749.586 693.363
749.876 770.765
750.166 652.258
750.456 663.894
750.746 701.501
751.036 597.728
751.325 770.401
751.615 725.235
751.905 687.292
752.195 771.997
752.485 741.016
752.775 683.718
753.065 588.641
753.355 836.908
753.644 826.917
753.934 703.924
754.224 664.119
754.514 857.575
754.804 629.050
755.094 515.728
755.384 568.906
755.674 637.129
755.963 787.599
756.253 725.155
756.543 728.458
756.833 771.146
757.123 736.254
757.413 645.555
757.703 623.462
757.992 575.239
758.282 629.901
758.572 634.572
758.862 590.369
759.152 643.653
759.442 622.945
759.732 730.122
760.022 820.592
760.311 689.645
760.601 525.679
760.891 708.795
761.181 741.267
761.471 677.644
761.761 581.668
762.051 595.784
762.341 741.078
762.630 829.455
762.920 690.500
763.210 694.238
763.500 712.691
763.793 604.954
764.086 691.578
764.379 718.063
764.671 759.328
764.964 703.008
765.257 735.219
765.550 723.614
765.843 501.857
766.136 583.528
766.429 595.643
766.722 617.215
767.014 646.793
767.307 537.693
767.600 516.563
767.893 542.303
768.186 538.288
768.479 642.136
768.772 741.952
769.064 695.598
769.357 645.570
769.650 641.197
769.943 852.049
770.236 718.129
770.529 603.951
770.822 683.605
771.115 700.760
771.407 756.983
771.700 781.219
771.993 836.570
772.286 774.189
772.579 739.152
772.872 589.975
773.165 592.009
773.457 732.147
773.750 751.066
774.043 613.848
774.336 610.445
774.629 719.110
774.922 699.671
775.215 587.680
775.508 585.506
775.800 573.867
776.093 722.498
776.386 690.601
776.679 645.996
776.972 730.605
777.265 859.524
777.558 873.767
777.850 729.187
778.143 669.907
778.436 682.670
778.729 680.996
779.022 690.058
779.315 595.602
779.608 494.111
779.900 574.530
780.193 614.747
780.486 625.191
780.779 620.568
781.072 611.947
781.365 709.869
781.658 666.421
781.951 626.277
782.243 680.148
782.536 738.760
782.829 691.587
783.122 654.455
783.415 704.968
783.708 692.948
784.001 705.001
784.293 765.198
784.586 763.445
784.879 802.539
785.172 721.672
785.465 593.153
785.758 657.297
786.051 683.365
786.344 785.015
786.636 899.931
786.929 693.741
787.222 652.019
787.515 633.713
787.808 628.466
788.101 585.525
788.394 750.376
788.686 919.223
788.979 846.158
789.272 710.464
789.565 679.831
789.858 627.950
790.151 579.642
790.444 548.689
790.737 594.253
791.029 593.083
791.322 664.955
791.615 624.427
791.908 649.667
792.201 660.012
792.494 667.346
792.787 681.637
793.079 808.952
793.372 760.353
793.665 710.279
793.958 629.537
794.251 700.340
794.544 805.236
794.837 865.875
795.130 710.357
795.422 701.399
795.715 679.480
796.008 730.074
796.301 739.591
796.594 636.021
796.887 740.618
797.180 731.402
797.472 588.845
797.765 498.132
798.058 575.341
798.351 624.783
798.644 630.780
798.937 565.990
799.230 598.310
799.523 977.785
799.815 910.003
800.108 630.856
800.401 576.036
800.694 721.336
800.987 664.800
801.280 707.102
801.573 786.038
801.865 838.001
802.158 725.404
802.451 627.614
802.744 603.677
803.037 622.654
803.330 635.279
803.623 737.455
803.915 698.547
804.208 598.361
804.501 665.640
804.794 694.684
805.087 648.004
805.380 529.077
805.673 594.629
805.966 710.760
806.258 662.388
806.551 717.950
806.844 721.981
807.137 745.837
807.430 576.429
807.723 542.307
808.016 792.322
808.308 821.094
808.601 635.725
808.894 594.765
809.187 620.555
809.480 675.277
809.773 663.558
810.066 654.180
810.359 726.354
810.651 758.107
810.944 523.487
811.237 579.529
811.530 696.597
811.825 596.305
812.119 532.146
812.414 498.861
812.709 616.551
813.003 687.652
813.298 623.270
813.593 701.549
813.887 674.538
814.182 956.854
814.476 816.723
814.771 763.946
815.066 703.459
815.360 603.166
815.655 596.066
815.950 671.967
816.244 661.809
816.539 763.070
816.834 718.233
817.128 726.123
817.423 801.850
817.718 958.721
818.012 773.993
818.307 494.526
818.602 603.147
818.896 701.936
819.191 637.923
819.486 636.162
819.780 782.418
820.075 882.086
820.369 803.263
820.664 662.287
820.959 728.555
821.253 757.303
821.548 672.344
821.843 725.676
822.137 806.486
822.432 740.472
822.727 668.266
823.021 658.540
823.316 818.072
823.611 825.036
823.905 656.792
824.200 546.249
824.495 663.450
824.789 706.713
825.084 672.263
825.379 642.396
825.673 682.160
825.968 809.544
826.262 729.908
826.557 731.187
826.852 756.964
827.146 711.331
827.441 659.690
827.736 760.193
828.030 693.002
828.325 502.260
828.620 705.034
828.914 849.262
829.209 703.569
829.504 876.122
829.798 845.710
830.093 653.499
830.388 605.944
830.682 553.576
830.977 702.369
831.271 762.882
831.566 617.445
831.861 615.126
832.155 578.279
832.450 731.178
832.745 841.578
833.039 701.279
833.334 594.435
833.629 642.653
833.923 623.620
834.218 587.334
834.513 558.970
834.807 598.628
835.102 553.456
835.397 574.976
835.691 551.095
835.986 586.913
836.281 544.065
836.575 540.610
836.870 575.700
837.164 637.859
837.459 608.929
837.754 653.863
838.048 607.211
838.343 561.785
838.638 602.154
838.932 634.097
839.227 568.234
839.522 595.277
839.816 638.815
840.111 652.661
840.406 639.230
840.700 739.341
840.995 913.488
841.290 886.325
841.584 756.891
841.879 808.811
842.174 731.829
842.468 711.352
842.763 595.779
843.057 620.942
843.352 640.598
843.647 673.948
843.941 686.912
844.236 764.980
844.531 779.189
844.825 715.701
845.120 756.179
845.415 799.220
845.709 743.258
846.004 767.428
846.299 629.387
846.593 864.438
846.888 790.726
847.183 664.001
847.477 623.004
847.772 712.819
848.066 736.371
848.361 710.728
848.656 721.815
848.950 688.051
849.245 792.971
849.540 668.272
849.834 785.890
850.129 826.943
850.424 777.390
850.718 718.528
851.013 781.761
851.308 756.767
851.602 807.298
851.897 855.201
852.192 933.619
852.486 781.437
852.781 650.867
853.076 794.065
853.370 817.198
853.665 880.142
853.959 842.758
854.254 660.511
854.549 831.755
854.843 807.851
855.138 728.237
855.433 803.304
855.727 886.120
856.022 726.940
856.317 704.689
856.611 761.674
856.906 669.337
857.201 738.107
857.495 841.614
857.790 861.917
858.085 762.169
858.379 696.382
858.674 604.275
858.969 573.685
859.263 680.084
859.558 675.648
859.852 623.627
860.147 704.509
860.442 821.338
860.736 599.713
861.031 720.465
861.326 805.380
861.620 674.836
861.915 792.879
862.210 806.434
862.504 667.675
862.799 720.278
863.094 717.694
863.388 683.274
863.683 646.507
863.978 566.106
864.272 608.084
864.567 617.725
864.861 617.491
865.156 584.688
865.451 495.034
865.745 696.103
866.040 815.017
866.335 816.440
866.629 854.706
866.924 702.345
867.219 607.777
867.513 778.151
867.808 725.149
868.103 590.510
868.397 589.924
868.692 654.401
868.987 595.226
869.281 571.739
869.576 704.301
869.871 727.631
870.165 630.025
870.460 569.648
870.754 626.181
871.049 563.442
871.344 684.120
871.638 702.836
871.933 629.542
872.228 674.209
872.522 654.232
872.817 707.455
873.112 925.666
873.406 754.188
873.701 797.126
873.996 770.268
874.290 674.199
874.585 586.493
874.880 653.831
875.174 624.866
875.469 595.287
875.764 638.160
876.058 577.768
876.353 464.642
876.647 456.453
876.942 590.383
877.237 684.393
877.531 644.277
877.826 676.085
878.121 715.043
878.415 628.904
878.710 561.787
879.005 714.800
879.299 620.424
879.594 544.949
879.889 468.320
880.183 511.542
880.478 591.501
880.773 550.258
881.067 588.385
881.362 644.975
881.656 553.623
881.951 568.862
882.246 545.136
882.540 521.099
882.835 522.430
883.130 605.524
883.424 570.903
883.719 504.970
884.014 633.043
884.308 547.777
884.603 487.257
884.898 553.878
885.192 643.625
885.487 591.241
885.782 540.103
886.076 606.588
886.371 599.225
886.666 453.406
886.960 496.020
887.255 491.110
887.549 489.348
887.844 712.771
888.139 801.784
888.433 731.862
888.728 559.169
889.023 560.066
889.317 608.728
889.612 506.339
889.907 545.723
890.201 623.609
890.496 624.835
890.791 609.275
891.085 574.325
891.380 564.626
891.675 558.067
891.969 626.098
892.264 483.483
892.559 521.838
892.853 680.296
893.148 613.227
893.442 579.556
893.737 632.987
894.032 586.624
894.326 481.787
894.621 481.797
894.916 447.839
895.210 524.106
895.505 586.459
895.800 525.094
896.094 428.855
896.389 493.295
896.684 546.743
896.978 545.387
897.273 435.840
897.568 573.273
897.862 594.125
898.157 575.567
898.451 712.369
898.746 674.325
899.041 713.018
899.335 641.283
899.630 536.364
899.925 563.356
900.219 625.367
900.514 672.626
900.809 557.883
901.103 442.336
901.398 627.958
901.693 569.093
901.987 505.439
902.282 628.773
902.577 541.590
902.871 448.425
903.166 611.190
903.461 670.673
903.755 620.343
904.050 598.723
904.344 447.204
904.639 458.471
904.934 484.026
905.228 517.280
905.523 466.389
905.818 503.816
906.112 651.573
906.407 598.607
906.702 499.337
906.996 582.906
907.291 586.467
907.586 521.103
907.880 671.487
908.175 653.925
908.470 646.662
908.764 686.047
909.059 717.985
909.354 588.830
909.648 496.227
909.943 551.030
910.237 723.137
910.532 732.721
910.827 741.896
911.121 693.962
911.416 620.798
911.711 649.300
912.005 645.901
912.300 594.519
912.599 692.386
912.898 625.790
913.196 634.034
913.495 710.110
913.794 796.012
914.093 646.721
914.391 644.213
914.690 697.331
914.989 612.090
915.288 764.513
915.586 677.167
915.885 518.332
916.184 464.904
916.483 505.251
916.782 655.646
917.080 686.671
917.379 638.067
917.678 540.657
917.977 680.196
918.275 702.608
918.574 663.820
918.873 680.605
919.172 672.394
919.471 530.129
919.769 564.067
920.068 587.121
920.367 552.847
920.666 521.359
920.964 623.793
921.263 593.213
921.562 530.661
921.861 673.547
922.159 596.298
922.458 632.195
922.757 657.396
923.056 590.637
923.355 541.452
923.653 681.520
923.952 692.076
924.251 559.893
924.550 698.385
924.848 762.718
925.147 659.941
925.446 547.509
925.745 671.868
926.043 702.100
926.342 626.292
926.641 590.928
926.940 670.950
927.239 685.057
927.537 803.996
927.836 761.099
928.135 692.673
928.434 701.204
928.732 664.280
929.031 724.671
929.330 788.731
929.629 748.225
929.927 694.163
930.226 638.759
930.525 678.847
930.824 759.187
931.123 705.094
931.421 710.775
931.720 729.766
932.019 843.158
932.318 806.291
932.616 774.215
932.915 736.127
933.214 705.136
933.513 749.340
933.812 781.728
934.110 797.747
934.409 874.217
934.708 758.088
935.007 986.626
935.305 985.338
935.604 781.893
935.903 886.274
936.202 949.262
936.500 1038.654
936.799 1081.709
937.098 1016.345
937.397 991.571
937.696 907.942
937.994 849.659
938.293 944.822
938.592 825.231
938.891 904.921
939.189 970.938
939.488 1024.769
939.787 1124.950
940.086 945.079
940.384 1015.817
940.683 913.313
940.982 860.304
941.281 1014.771
941.580 1315.297
941.878 1205.190
942.177 970.204
942.476 987.511
942.775 1015.269
943.073 865.548
943.372 862.826
943.671 1056.387
943.970 1157.343
944.268 1068.044
944.567 901.291
944.866 1000.719
945.165 1031.388
945.464 973.007
945.762 823.685
946.061 1005.098
946.360 1036.744
946.659 1072.415
946.957 1079.250
947.256 1070.403
947.555 942.818
947.854 952.798
948.153 896.896
948.451 866.758
948.750 892.660
949.049 860.546
949.348 1083.049
949.646 970.892
949.945 957.569
950.244 1095.347
950.543 964.693
950.841 930.226
951.140 817.876
951.439 710.496
951.738 714.076
952.037 838.368
952.335 985.437
952.634 971.365
952.933 907.584
953.232 919.311
953.530 703.854
953.829 980.875
954.128 1083.562
954.427 1002.204
954.725 1085.940
955.024 1052.506
955.323 1049.696
955.622 822.584
955.921 784.804
956.219 905.702
956.518 845.681
956.817 840.859
957.116 886.216
957.414 861.865
957.713 712.288
958.012 686.407
958.311 708.832
958.610 930.192
958.908 936.452
959.207 873.753
959.506 876.622
959.805 930.602
960.103 903.449
960.402 883.292
960.701 781.870
961.000 776.112
961.298 773.765
961.597 855.522
961.896 800.211
962.195 825.747
962.494 861.733
962.792 841.600
963.091 771.801
963.390 769.266
963.689 759.607
963.987 800.923
964.286 932.671
964.585 958.722
964.884 859.082
965.182 743.346
965.481 1106.549
965.780 1206.336
966.080 1074.309
966.380 1001.198
966.680 910.293
966.981 878.347
967.281 851.962
967.581 778.411
967.881 846.650
968.181 856.253
968.481 825.025
968.781 817.603
969.082 735.154
969.382 818.584
969.682 917.147
969.982 916.105
970.282 964.371
970.582 797.285
970.882 725.906
971.183 904.773
971.483 789.577
971.783 741.404
972.083 849.243
972.383 893.335
972.683 841.372
972.983 862.627
973.284 772.480
973.584 720.200
973.884 805.487
974.184 836.068
974.484 908.596
974.784 790.695
975.084 705.583
975.385 727.179
975.685 824.207
975.985 813.652
976.285 886.226
976.585 867.272
976.885 787.212
977.185 771.991
977.486 799.817
977.786 845.104
978.086 893.477
978.386 903.576
978.686 750.961
978.986 702.460
979.286 746.468
979.587 814.476
979.887 775.484
980.187 730.492
980.487 650.500
980.787 754.508
981.087 745.516
981.387 917.524
981.688 773.532
981.988 654.540
982.288 690.548
982.588 734.556
982.888 741.564
983.188 726.572
983.488 809.580
983.789 767.587
984.089 735.595
984.389 720.603
984.689 656.611
984.989 628.619
985.289 624.627
985.589 782.635
985.890 762.643
986.190 588.650
986.490 611.658
986.790 782.666
987.090 714.674
987.390 693.682
987.690 777.690
987.991 654.697
988.291 670.705
988.591 701.713
988.891 535.721
989.191 527.729
989.491 720.736
989.791 691.744
990.092 659.752
990.392 742.760
990.692 762.767
990.992 745.775
991.292 578.783
991.592 688.791
991.892 697.798
992.193 740.806
992.493 688.814
992.793 590.821
993.093 639.829
993.393 612.837
993.693 670.844
993.993 748.852
994.294 792.860
994.594 678.867
994.894 620.875
995.194 639.883
995.494 555.890
995.794 584.898
996.094 604.906
996.395 637.913
996.695 714.921
996.995 566.928
997.295 467.936
997.595 541.944
997.895 525.951
998.195 515.959
998.496 567.966
998.796 524.974
999.096 769.981
999.396 691.989
999.696 696.996
999.996 705.004
1000.296 733.011
1000.597 766.019
1000.897 651.026
1001.197 664.034
1001.497 784.041
1001.797 593.049
1002.097 504.056
1002.397 597.064
1002.698 663.071
1002.998 722.079
1003.298 715.086
1003.598 552.094
1003.898 533.101
1004.198 690.108
1004.498 762.116
1004.799 682.123
1005.099 696.131
1005.399 667.138
1005.699 729.145
1005.999 740.153
1006.299 609.160
1006.599 832.168
1006.900 834.175
1007.200 654.182
1007.500 670.190
1007.800 638.197
1008.100 530.204
1008.400 534.212
1008.700 612.219
1009.001 613.226
1009.301 595.234
1009.601 762.241
1009.901 807.248
1010.201 716.256
1010.501 652.263
1010.801 775.270
1011.102 630.277
1011.402 671.285
1011.702 618.292
1012.002 560.299
1012.302 692.306
1012.602 626.314
1012.902 586.321
1013.203 696.328
1013.503 785.335
1013.803 766.342
1014.103 570.350
1014.403 666.357
1014.703 625.364
1015.003 559.371
1015.304 782.378
1015.604 854.386
1015.904 615.393
1016.204 554.400
1016.504 657.407
1016.804 659.414
1017.104 613.421
1017.405 627.428
1017.705 614.436
1018.005 602.443
1018.305 638.450
1018.605 611.457
1018.905 515.464
1019.205 496.471
1019.506 779.478
1019.806 835.485
1020.106 732.492
1020.406 706.499
1020.706 646.506
1021.006 705.513
1021.306 812.521
1021.607 667.528
1021.907 785.535
1022.207 738.542
1022.507 570.549
1022.807 580.556
1023.107 610.563
1023.407 585.570
1023.708 599.577
1024.008 560.584
1024.308 641.591
1024.608 641.598
1024.908 508.605
1025.208 639.612
1025.508 847.618
1025.809 779.625
1026.109 609.632
1026.409 677.639
1026.709 706.646
1027.009 682.653
1027.309 736.660
1027.609 589.667
1027.910 549.674
1028.210 641.681
1028.510 805.688
1028.810 957.695
1029.110 856.701
1029.410 697.708
1029.710 742.715
1030.011 730.722
1030.311 805.729
1030.611 660.736
1030.911 666.743
1031.211 719.749
1031.511 616.756
1031.811 799.763
1032.112 791.770
1032.412 650.777
1032.712 471.783
1033.012 638.790
1033.312 848.797
1033.612 710.804
1033.912 608.811
1034.212 588.817
1034.513 530.824
1034.813 546.831
1035.113 679.838
1035.413 577.844
1035.713 608.851
1036.013 673.858
1036.313 694.865
1036.614 716.871
1036.914 636.878
1037.214 491.885
1037.514 622.892
1037.814 600.898
1038.114 630.905
1038.414 616.912
1038.715 703.918
1039.015 605.925
1039.315 484.932
1039.615 597.938
1039.915 653.945
1040.215 639.952
1040.515 637.958
1040.816 705.965
1041.116 691.972
1041.416 613.978
1041.716 570.985
1042.016 546.991
1042.316 718.998
1042.616 697.005
1042.917 559.011
1043.217 538.018
1043.517 629.024
1043.817 779.031
1044.117 737.038
1044.417 636.044
1044.717 608.051
1045.018 629.057
1045.318 724.064
1045.618 780.070
1045.918 650.077
1046.218 524.083
1046.518 610.090
1046.818 641.097
1047.119 584.103
1047.419 832.110
1047.719 799.116
1048.019 641.123
1048.319 665.129
1048.619 663.136
1048.919 678.142
1049.220 625.149
1049.520 729.155
1049.820 650.161
1050.120 550.168
1050.420 804.174
1050.720 732.181
1051.020 693.187
1051.321 732.194
1051.621 795.200
1051.921 714.207
1052.221 623.213
1052.521 549.219
1052.821 530.226
1053.121 632.232
1053.422 751.239
1053.722 825.245
1054.022 675.251
1054.322 770.258
1054.622 663.264
1054.922 576.271
1055.222 700.277
1055.523 713.283
1055.823 707.290
1056.123 745.296
1056.423 670.302
1056.723 731.309
1057.023 660.315
1057.323 538.321
1057.624 655.328
1057.924 742.334
1058.224 784.340
1058.524 670.347
1058.824 745.353
1059.124 701.359
1059.424 606.365
1059.725 728.372
1060.025 631.378
1060.325 662.384
1060.625 630.390
1060.925 599.397
1061.225 647.403
1061.525 783.409
1061.826 698.415
1062.126 728.422
1062.426 751.428
1062.726 775.434
1063.026 709.440
1063.326 835.447
1063.626 853.453
1063.927 778.459
1064.227 756.465
1064.527 636.471
1064.827 839.478
1065.127 766.484
1065.427 557.490
1065.727 572.496
1066.028 727.502
1066.328 736.508
1066.628 595.515
1066.928 586.521
1067.228 666.527
1067.528 618.533
1067.828 616.539
1068.129 509.545
1068.429 712.551
1068.729 841.558
1069.029 657.564
1069.329 539.570
1069.629 695.576
1069.929 802.582
1070.230 828.588
1070.530 729.594
1070.830 644.600
1071.130 756.606
1071.430 761.612
1071.730 750.618
1072.030 792.624
1072.331 632.631
1072.631 697.637
1072.931 792.643
1073.231 763.649
1073.531 692.655
1073.831 639.661
1074.131 746.667
1074.432 855.673
1074.732 689.679
1075.032 570.685
1075.332 545.691
1075.632 610.697
1075.932 591.703
1076.232 558.709
1076.533 592.715
1076.833 727.721
1077.133 673.727
1077.433 604.733
1077.733 611.739
1078.033 784.745
1078.333 711.751
1078.634 682.756
1078.934 744.762
1079.234 684.768
1079.534 799.774
1079.834 829.780
1080.134 730.786
1080.434 758.792
1080.735 720.798
1081.035 707.804
1081.335 557.810
1081.635 569.816
1081.935 642.821
1082.235 603.827
1082.535 624.833
1082.836 713.839
1083.136 685.845
1083.436 803.851
1083.736 760.857
1084.036 622.863
1084.336 592.868
1084.636 619.874
1084.937 767.880
1085.237 806.886
1085.537 687.892
1085.837 709.898
1086.137 690.903
1086.437 731.909
1086.737 706.915
1087.038 730.921
1087.338 808.927
1087.638 776.932
1087.938 536.938
1088.238 439.944
1088.538 633.950
1088.838 771.956
1089.139 769.961
1089.439 592.967
1089.739 723.973
1090.039 751.979
1090.339 785.984
1090.639 659.990
1090.939 665.996
1091.240 597.002
1091.540 626.007
1091.840 641.013
1092.140 789.019
1092.453 798.024
1092.766 675.030
1093.079 572.036
1093.392 649.042
1093.705 623.047
1094.018 644.053
1094.330 760.059
1094.643 721.064
1094.956 768.070
1095.269 669.076
1095.582 685.081
1095.895 641.087
1096.208 656.093
1096.521 672.098
1096.834 643.104
1097.147 652.110
1097.460 722.115
1097.773 766.121
1098.085 624.126
1098.398 566.132
1098.711 606.138
1099.024 525.143
1099.337 625.149
1099.650 790.155
1099.963 785.160
1100.276 611.166
1100.589 615.171
1100.902 671.177
1101.215 666.182
1101.528 694.188
1101.841 610.194
1102.153 700.199
1102.466 781.205
1102.779 578.210
1103.092 546.216
1103.405 680.221
1103.718 576.227
1104.031 537.232
1104.344 666.238
1104.657 693.244
1104.970 970.249
1105.283 757.255
1105.596 600.260
1105.909 639.266
1106.221 708.271
1106.534 632.277
1106.847 528.282
1107.160 471.288
1107.473 487.293
1107.786 597.299
1108.099 515.304
1108.412 538.309
1108.725 606.315
1109.038 542.320
1109.351 656.326
1109.664 662.331
1109.977 540.337
1110.289 594.342
1110.602 622.348
1110.915 636.353
1111.228 587.359
1111.541 534.364
1111.854 559.369
1112.167 472.375
1112.480 504.380
1112.793 598.386
1113.106 579.391
1113.419 664.396
1113.732 598.402
1114.044 501.407
1114.357 608.413
1114.670 605.418
1114.983 539.423
1115.296 551.429
1115.609 668.434
1115.922 630.439
1116.235 607.445
1116.548 633.450
1116.861 661.456
1117.174 618.461
1117.487 606.466
1117.800 784.472
1118.112 648.477
1118.425 610.482
1118.738 545.488
1119.051 544.493
1119.364 648.498
1119.677 677.503
1119.990 579.509
1120.303 632.514
1120.616 768.519
1120.929 630.525
1121.242 677.530
1121.555 694.535
1121.868 670.540
1122.180 611.546
1122.493 429.551
1122.806 486.556
1123.119 614.562
1123.432 657.567
1123.745 630.572
1124.058 586.577
1124.371 556.583
1124.684 693.588
1124.997 660.593
1125.310 646.598
1125.623 536.603
1125.935 459.609
1126.248 548.614
1126.561 616.619
1126.874 617.624
1127.187 672.630
1127.500 697.635
1127.813 676.640
1128.126 658.645
1128.439 688.650
1128.752 832.656
1129.065 642.661
1129.378 430.666
1129.691 538.671
1130.003 615.676
1130.316 600.681
1130.629 523.687
1130.942 610.692
1131.255 587.697
1131.568 503.702
1131.881 578.707
1132.194 686.712
1132.507 660.717
1132.820 618.723
1133.133 681.728
1133.446 545.733
1133.759 791.738
1134.071 1216.743
1134.384 878.748
1134.697 811.753
1135.010 900.758
1135.323 668.763
1135.636 544.768
1135.949 524.774
1136.262 547.779
1136.575 553.784
1136.888 587.789
1137.201 512.794
1137.514 526.799
1137.826 700.804
1138.139 592.809
1138.452 592.814
1138.765 811.819
1139.078 841.824
1139.391 770.829
1139.704 674.834
1140.017 747.839
1140.330 669.844
1140.643 565.849
1140.956 580.854
1141.269 660.859
1141.582 648.864
1141.894 577.869
1142.207 765.874
1142.520 730.879
1142.833 727.884
1143.146 618.889
1143.459 484.894
1143.772 558.899
1144.085 704.904
1144.398 629.909
1144.711 574.914
1145.024 573.919
1145.337 612.924
1145.650 629.929
1145.962 581.934
1146.275 637.939
1146.588 483.944
1146.901 663.949
1147.214 690.954
1147.527 551.959
1147.840 629.964
1148.153 605.969
1148.466 665.974
1148.779 658.979
1149.092 726.983
1149.405 601.988
1149.718 681.993
1150.030 722.998
1150.343 603.003
1150.656 530.008
1150.969 529.013
1151.282 780.018
1151.595 682.023
1151.908 519.027
1152.221 421.032
1152.534 521.037
1152.847 786.042
1153.160 702.047
1153.473 713.052
1153.785 730.057
1154.098 657.062
1154.411 721.066
1154.724 656.071
1155.037 754.076
1155.350 655.081
1155.663 656.086
1155.976 574.091
1156.289 613.095
1156.602 554.100
1156.915 488.105
1157.228 493.110
1157.541 565.115
1157.853 579.119
1158.166 651.124
1158.479 713.129
1158.792 686.134
1159.105 736.139
1159.418 696.143
1159.731 627.148
1160.044 627.153
1160.357 666.158
1160.670 634.162
1160.983 524.167
1161.296 665.172
1161.609 754.177
1161.921 655.182
1162.234 604.186
1162.547 483.191
1162.860 508.196
1163.173 538.201
1163.486 678.205
1163.799 715.210
1164.112 629.215
1164.425 628.219
1164.738 573.224
1165.051 515.229
1165.364 570.234
1165.676 615.238
1165.989 684.243
1166.302 634.248
1166.615 745.252
1166.928 710.257
1167.241 722.262
1167.554 700.266
1167.867 690.271
1168.180 626.276
1168.493 491.280
1168.806 579.285
1169.119 585.290
1169.432 717.294
1169.744 686.299
1170.057 624.304
1170.370 765.308
1170.683 761.313
1170.996 598.318
1171.309 556.322
1171.622 558.327
1171.935 599.332
1172.248 745.336
1172.561 732.341
1172.874 687.346
1173.187 727.350
1173.500 733.355
1173.812 715.359
1174.125 712.364
1174.438 707.369
1174.751 553.373
1175.064 569.378
1175.377 687.382
1175.690 578.387
1176.003 528.392
1176.316 589.396
1176.629 658.401
1176.942 581.405
1177.255 528.410
1177.567 522.414
1177.880 578.419
1178.193 623.424
1178.506 610.428
1178.819 731.433
1179.132 774.437
1179.445 575.442
1179.758 721.446
1180.071 711.451
1180.384 574.455
1180.697 616.460
1181.010 686.464
1181.323 865.469
1181.635 832.473
1181.948 683.478
1182.261 588.483
1182.574 572.487
1182.887 620.492
1183.200 772.496
1183.513 790.501
1183.826 673.505
1184.139 670.510
1184.452 637.514
1184.765 562.519
1185.078 490.523
1185.391 551.527
1185.703 550.532
1186.016 484.536
1186.329 529.541
1186.642 636.545
1186.955 773.550
1187.268 630.554
1187.581 681.559
1187.894 656.563
1188.207 645.568
1188.520 570.572
1188.833 638.576
1189.146 535.581
1189.459 440.585
1189.771 519.590
1190.084 713.594
1190.397 616.599
1190.710 716.603
1191.023 718.607
1191.336 621.612
1191.649 557.616
1191.962 598.621
1192.275 571.625
1192.588 700.629
1192.901 825.634
1193.214 648.638
1193.526 594.643
1193.839 682.647
1194.152 599.651
1194.465 709.656
1194.778 612.660
1195.091 561.665
1195.404 596.669
1195.717 661.673
1196.030 747.678
1196.343 602.682
1196.656 503.686
1196.969 596.691
1197.282 671.695
1197.594 657.699
1197.907 764.704
1198.220 742.708
1198.533 597.712
1198.846 579.717
1199.159 554.721
1199.472 551.725
1199.785 655.730
1200.098 584.734
1200.411 690.738
1200.724 672.743
1201.037 618.747
1201.350 495.751
1201.662 472.756
1201.975 610.760
1202.288 640.764
1202.601 205.768
