165.028 121.794
165.288 8.416
165.547 45.041
165.807 115.670
166.067 6.301
166.327 -56.064
166.587 -13.427
166.847 107.214
167.107 142.858
167.367 148.504
167.627 155.154
167.886 162.806
168.146 179.462
168.406 306.120
168.666 247.781
168.926 137.445
169.186 150.111
169.446 160.781
169.706 8.453
169.966 102.127
170.225 142.805
170.485 204.485
170.745 248.168
171.005 358.853
171.265 205.541
171.525 175.231
171.785 74.924
172.045 20.619
172.305 173.316
172.564 137.016
172.824 20.719
173.084 143.424
173.344 139.131
173.604 171.840
173.864 244.552
174.124 177.266
174.384 138.982
174.644 190.700
174.903 331.421
175.163 349.143
175.423 277.868
175.683 93.595
175.943 219.323
176.203 205.054
176.463 163.787
176.723 130.522
176.983 202.259
177.242 242.997
177.502 330.738
177.762 387.480
178.022 145.224
178.282 147.970
178.542 131.718
178.802 113.467
179.062 72.218
179.322 319.971
179.581 374.726
179.841 235.482
180.101 265.240
180.361 289.999
180.621 261.760
180.881 223.523
181.141 191.287
181.401 183.052
181.661 283.819
181.920 371.588
182.180 242.358
182.440 147.129
182.700 116.901
182.960 112.675
183.220 175.450
183.480 407.227
183.740 304.004
184.000 234.783
184.259 118.563
184.519 210.345
184.779 198.127
185.039 231.911
185.299 307.696
185.559 333.481
185.819 373.268
186.079 333.056
186.339 246.845
186.598 213.635
186.858 75.426
187.118 86.217
187.378 214.010
187.638 251.804
187.898 316.598
188.158 377.393
188.418 191.190
188.678 177.987
188.937 251.784
189.197 333.583
189.457 308.382
189.717 258.182
189.977 117.982
190.237 122.784
190.497 257.586
190.757 234.388
191.017 276.191
191.276 166.995
191.536 168.799
191.796 124.604
192.056 118.409
192.316 187.215
192.576 171.021
192.836 153.828
193.096 165.635
193.356 132.443
193.616 214.251
193.875 220.059
194.135 185.868
194.395 253.677
194.655 297.486
194.915 278.296
195.175 256.105
195.435 327.916
195.695 118.726
195.955 -4.464
196.214 174.347
196.474 335.158
196.734 253.969
196.994 237.780
197.254 276.592
197.514 234.403
197.774 211.215
198.034 152.026
198.294 168.838
198.553 210.649
198.813 194.461
199.073 64.273
199.333 95.084
199.593 260.896
199.853 227.707
200.113 328.519
200.373 361.330
200.633 149.141
200.892 135.952
201.152 91.763
201.412 141.574
201.672 280.385
201.932 424.195
202.192 390.005
202.452 264.815
202.712 167.625
202.972 245.434
203.231 392.243
203.491 349.052
203.751 274.861
204.011 290.669
204.271 344.477
204.531 132.285
204.791 146.092
205.051 201.899
205.311 290.705
205.570 200.511
205.830 158.317
206.090 151.122
206.350 275.927
206.610 476.731
206.870 197.535
207.130 141.338
207.390 280.141
207.650 227.943
207.909 254.745
208.169 317.546
208.429 320.347
208.689 123.147
208.949 217.946
209.209 332.745
209.469 138.543
209.729 169.341
209.989 201.138
210.248 106.934
210.508 416.730
210.768 384.525
211.028 275.320
211.288 358.113
211.548 235.906
211.808 238.698
212.068 400.490
212.328 409.281
212.587 365.071
212.847 336.860
213.107 391.649
213.367 330.436
213.627 318.223
213.887 303.010
214.147 156.795
214.407 243.579
214.667 248.363
214.926 341.146
215.186 264.928
215.446 275.709
215.706 195.489
215.966 222.269
216.226 271.047
216.486 247.825
216.746 259.602
217.006 313.377
217.265 239.152
217.525 245.926
217.785 314.699
218.045 348.471
218.305 275.242
218.565 232.012
218.825 225.782
219.085 321.550
219.345 252.317
219.604 137.083
219.864 286.848
220.124 337.612
220.384 325.376
220.644 299.138
220.904 219.899
221.164 259.659
221.424 257.418
221.684 191.176
221.943 224.932
222.203 303.688
222.463 224.443
222.723 146.196
222.983 287.949
223.243 246.700
223.503 303.451
223.763 181.200
224.023 170.948
224.282 330.695
224.542 358.441
224.802 361.185
225.062 349.929
225.322 447.671
225.582 297.412
225.842 257.152
226.102 304.891
226.362 315.629
226.621 399.366
226.881 313.101
227.141 298.835
227.401 385.568
227.661 279.300
227.921 407.030
228.181 334.760
228.441 245.488
228.701 430.215
228.960 456.941
229.220 285.665
229.480 224.389
229.740 399.111
230.000 478.831
230.260 301.551
230.520 277.269
230.780 291.986
231.040 278.702
231.299 254.417
231.559 271.130
231.819 289.842
232.079 403.553
232.339 407.262
232.599 187.970
232.859 276.677
233.119 391.383
233.379 228.087
233.638 290.790
233.898 427.492
234.158 380.193
234.418 227.892
234.678 301.590
234.938 418.286
235.198 291.981
235.458 248.675
235.718 324.368
235.978 328.059
236.237 287.749
236.497 273.438
236.757 349.125
237.017 355.811
237.277 376.496
237.537 350.180
237.797 251.862
238.057 392.542
238.317 319.222
238.576 178.900
238.836 242.576
239.096 380.252
239.356 353.926
239.616 339.598
239.876 350.270
240.136 316.940
240.396 461.608
240.656 558.275
240.915 385.941
241.175 300.606
241.435 242.269
241.695 325.931
241.955 488.591
242.215 554.251
242.475 453.908
242.735 317.565
242.995 404.220
243.254 383.873
243.514 317.526
243.774 145.177
244.034 268.826
244.294 549.474
244.554 402.121
244.814 346.767
245.074 295.411
245.334 313.053
245.593 321.695
245.853 338.335
246.113 294.973
246.373 383.611
246.633 388.246
246.893 327.881
247.153 364.514
247.413 474.146
247.673 452.776
247.932 359.405
248.192 409.033
248.452 468.659
248.712 369.284
248.972 230.907
249.232 446.529
249.492 299.150
249.752 126.770
250.012 391.388
250.271 355.004
250.531 412.619
250.791 669.233
251.051 546.846
251.311 317.457
251.571 177.067
251.831 335.675
252.091 394.282
252.351 350.888
252.610 353.492
252.870 416.095
253.130 339.696
253.390 316.297
253.650 395.895
253.911 421.493
254.172 419.089
254.433 332.683
254.694 337.277
254.955 390.869
255.216 258.459
255.477 458.049
255.738 408.636
255.999 315.223
256.261 405.808
256.522 404.392
256.783 396.974
257.044 259.555
257.305 215.135
257.566 197.713
257.827 153.291
258.088 285.866
258.349 295.440
258.610 381.013
258.871 398.585
259.132 428.155
259.393 346.724
259.654 248.292
259.915 165.858
260.176 281.423
260.437 420.986
260.698 372.549
260.959 347.109
261.221 397.669
261.482 476.227
261.743 419.784
262.004 365.340
262.265 555.894
262.526 533.447
262.787 310.998
263.048 301.548
263.309 291.097
263.570 422.645
263.831 366.191
264.092 329.736
264.353 256.280
264.614 482.822
264.875 397.363
265.136 314.903
265.397 521.441
265.658 646.978
265.919 648.514
266.181 494.048
266.442 364.581
266.703 311.113
266.964 294.644
267.225 332.173
267.486 407.701
267.747 479.227
268.008 477.753
268.269 533.277
268.530 496.800
268.791 431.321
269.052 434.841
269.313 442.360
269.574 460.878
269.835 422.394
270.096 435.909
270.357 496.423
270.618 442.935
270.879 353.447
271.141 365.957
271.402 364.465
271.663 251.973
271.924 350.479
272.185 467.984
272.446 412.488
272.707 352.990
272.968 300.491
273.229 281.991
273.490 306.490
273.751 309.987
274.012 303.483
274.273 403.978
274.534 327.472
274.795 357.965
275.056 410.456
275.317 323.946
275.578 271.435
275.839 286.922
276.101 254.408
276.362 274.893
276.623 320.377
276.884 463.860
277.145 444.341
277.406 424.822
277.667 317.301
277.928 322.778
278.189 542.255
278.450 502.730
278.711 438.204
278.972 392.677
279.233 318.149
279.494 429.620
279.755 536.089
280.016 557.557
280.277 440.024
280.538 438.490
280.799 344.955
281.061 375.418
281.322 345.881
281.583 360.342
281.844 256.802
282.105 270.260
282.366 417.718
282.627 419.174
282.888 468.630
283.149 456.084
283.410 370.537
283.671 394.988
283.932 359.439
284.193 242.888
284.454 365.337
284.715 476.784
284.976 384.230
285.237 441.675
285.498 714.119
285.759 553.561
286.021 483.003
286.282 453.443
286.543 475.882
286.804 457.320
287.065 503.757
287.326 549.193
287.587 393.628
287.848 409.061
288.109 506.494
288.370 458.925
288.631 317.355
288.892 303.785
289.153 329.213
289.414 302.640
289.675 523.065
289.936 608.490
290.197 562.914
290.458 495.336
290.719 403.758
290.981 513.178
291.242 592.598
291.503 541.016
291.764 395.433
292.025 262.849
292.286 302.264
292.547 441.678
292.808 408.091
293.069 458.503
293.330 468.913
293.591 479.323
293.852 416.732
294.113 390.139
294.374 404.546
294.635 446.951
294.896 466.356
295.157 478.759
295.418 500.161
295.679 490.563
295.941 476.963
296.202 457.362
296.463 390.760
296.724 520.157
296.985 602.553
297.246 499.949
297.507 356.343
297.768 394.736
298.029 558.128
298.290 703.519
298.551 678.909
298.812 669.298
299.073 510.686
299.334 363.073
299.595 478.459
299.856 516.844
300.117 642.228
300.378 568.610
300.639 369.992
300.901 331.373
301.162 453.753
301.423 532.133
301.684 652.511
301.945 630.888
302.206 411.264
302.467 435.639
302.728 379.013
302.989 450.386
303.250 541.758
303.511 600.130
303.772 544.500
304.033 488.869
304.294 491.237
304.555 434.605
304.816 488.971
305.077 510.337
305.338 413.701
305.599 404.065
305.861 440.428
306.122 564.789
306.383 498.150
306.644 420.510
306.905 313.869
307.166 512.227
307.427 549.584
307.688 497.940
307.949 441.295
308.210 484.650
308.471 492.003
308.732 466.355
308.993 376.707
309.254 455.058
309.515 336.407
309.776 431.756
310.037 458.104
310.298 325.451
310.559 367.797
310.821 465.142
311.082 480.487
311.343 378.830
311.604 342.173
311.865 321.514
312.126 314.855
312.387 411.195
312.648 413.534
312.909 396.872
313.170 427.209
313.434 443.546
313.698 351.881
313.963 536.216
314.227 415.550
314.491 355.883
314.755 442.215
315.019 443.546
315.284 334.876
315.548 466.206
315.812 468.534
316.076 547.862
316.340 549.189
316.604 505.515
316.869 559.840
317.133 573.165
317.397 621.488
317.661 594.811
317.925 445.133
318.190 406.454
318.454 415.774
318.718 397.094
318.982 498.412
319.246 557.730
319.511 666.047
319.775 473.363
320.039 505.679
320.303 546.993
320.567 554.307
320.832 522.620
321.096 452.932
321.360 436.243
321.624 426.554
321.888 377.863
322.153 423.172
322.417 386.480
322.681 310.788
322.945 450.094
323.209 526.400
323.473 490.705
323.738 461.009
324.002 408.312
324.266 579.615
324.530 582.917
324.794 477.218
325.059 394.518
325.323 365.818
325.587 414.116
325.851 388.414
326.115 576.712
326.380 517.008
326.644 533.304
326.908 521.599
327.172 455.893
327.436 521.186
327.701 494.479
327.965 424.771
328.229 493.062
328.493 353.352
328.757 350.642
329.022 504.931
329.286 383.219
329.550 313.507
329.814 421.793
330.078 445.079
330.342 405.365
330.607 446.649
330.871 532.933
331.135 605.216
331.399 548.499
331.663 512.780
331.928 526.061
332.192 557.341
332.456 530.621
332.720 548.900
332.984 464.178
333.249 457.455
333.513 441.732
333.777 327.008
334.041 341.283
334.305 449.558
334.570 511.831
334.834 391.105
335.098 555.377
335.362 632.649
335.626 515.920
335.891 424.190
336.155 466.460
336.419 432.729
336.683 295.997
336.947 401.265
337.211 370.532
337.476 329.798
337.740 409.064
338.004 420.329
338.268 396.593
338.532 476.857
338.797 461.120
339.061 576.382
339.325 634.644
339.589 674.905
339.853 563.165
340.118 469.425
340.382 605.684
340.646 654.942
340.910 458.200
341.174 432.457
341.439 431.713
341.703 489.969
341.967 442.224
342.231 426.082
342.495 436.350
342.759 511.617
343.024 513.883
343.288 640.149
343.552 553.414
343.816 288.678
344.080 356.942
344.345 465.205
344.609 330.467
344.873 270.729
345.137 480.990
345.401 576.251
345.666 403.510
345.930 537.769
346.194 631.028
346.458 446.286
346.722 408.543
346.987 430.799
347.251 510.055
347.515 667.310
347.779 537.565
348.043 417.819
348.308 482.072
348.572 426.325
348.836 343.577
349.100 395.828
349.364 355.079
349.628 359.329
349.893 474.579
350.157 577.828
350.421 548.076
350.685 545.324
350.949 476.571
351.214 395.817
351.478 449.063
351.742 424.308
352.006 503.553
352.270 508.797
352.535 439.041
352.799 442.283
353.063 526.526
353.327 441.767
353.591 382.008
353.856 473.249
354.120 494.488
354.384 552.728
354.648 661.966
354.912 639.204
355.177 528.442
355.441 424.679
355.705 640.915
355.969 692.151
356.233 535.386
356.497 488.620
356.762 530.854
357.026 487.088
357.290 494.321
357.554 541.553
357.818 545.785
358.083 531.016
358.347 554.246
358.611 541.476
358.875 503.706
359.139 449.934
359.404 402.163
359.668 541.390
359.932 672.618
360.196 638.844
360.460 498.070
360.725 505.296
360.989 600.521
361.253 732.745
361.517 623.969
361.781 579.192
362.046 616.415
362.310 609.637
362.574 582.859
362.838 459.080
363.102 532.301
363.366 637.521
363.631 490.740
363.895 481.959
364.159 641.178
364.423 565.396
364.687 613.613
364.952 667.830
365.216 658.046
365.480 584.262
365.747 442.477
366.013 483.692
366.280 548.906
366.546 606.120
366.813 485.333
367.079 512.546
367.346 624.758
367.612 576.970
367.879 607.181
368.145 700.391
368.412 607.602
368.678 490.811
368.945 542.020
369.211 477.229
369.478 582.437
369.744 563.645
370.011 565.852
370.278 516.058
370.544 465.264
370.811 550.470
371.077 587.675
371.344 505.880
371.610 498.084
371.877 547.288
372.143 588.491
372.410 658.693
372.676 729.896
372.943 692.097
373.209 595.299
373.476 514.499
373.742 495.700
374.009 596.899
374.276 627.099
374.542 599.297
374.809 519.496
375.075 329.694
375.342 325.891
375.608 381.088
375.875 410.284
376.141 588.480
376.408 562.676
376.674 548.871
376.941 497.066
377.207 499.260
377.474 869.453
377.740 771.647
378.007 473.839
378.273 592.032
378.540 724.224
378.807 577.415
379.073 498.606
379.340 498.796
379.606 514.986
379.873 479.176
380.139 556.365
380.406 616.554
380.672 558.742
380.939 490.930
381.205 469.117
381.472 408.304
381.738 419.490
382.005 578.676
382.271 608.862
382.538 580.047
382.804 729.232
383.071 639.416
383.338 579.600
383.604 569.783
383.871 664.966
384.137 657.149
384.404 570.331
384.670 550.513
384.937 506.694
385.203 598.875
385.470 549.055
385.736 582.235
386.003 562.415
386.269 539.594
386.536 537.773
386.802 519.951
387.069 612.129
387.336 766.306
387.602 728.484
387.869 482.660
388.135 418.836
388.402 375.012
388.668 520.188
388.935 629.363
389.201 760.537
389.468 656.712
389.734 640.885
390.001 641.059
390.267 546.232
390.534 639.404
390.800 633.577
391.067 713.748
391.333 668.920
391.600 582.091
391.867 595.261
392.133 578.432
392.400 472.601
392.666 365.771
392.933 605.940
393.199 718.108
393.466 573.277
393.732 598.445
393.999 662.612
394.265 625.779
394.532 550.946
394.798 637.112
395.065 596.278
395.331 648.444
395.598 716.609
395.864 761.774
396.131 910.938
396.398 1086.102
396.664 1276.266
396.931 1522.429
397.197 1974.592
397.464 2381.754
397.730 2926.917
397.997 3174.078
398.263 3337.240
398.530 3625.401
398.796 3947.562
399.063 4137.722
399.329 4142.882
399.596 4260.042
399.862 4199.201
400.129 4284.360
400.396 4203.518
400.662 3971.676
400.929 4010.834
401.195 4016.991
401.462 4041.149
401.728 4121.305
401.995 4240.462
402.261 4305.618
402.528 4411.773
402.794 4556.929
403.061 4779.084
403.327 4954.238
403.594 4865.392
403.860 4845.546
404.127 4737.700
404.393 4794.853
404.660 4723.006
404.931 4741.158
405.202 4873.311
405.473 4902.462
405.745 5136.614
406.016 5396.765
406.287 5325.916
406.558 5222.066
406.829 5309.216
407.100 5137.366
407.371 5418.516
407.642 5552.665
407.914 5500.813
408.185 5257.962
408.456 5319.110
408.727 5629.258
408.998 5625.405
409.269 5815.552
409.540 5846.699
409.811 5599.846
410.083 5413.992
410.354 5292.138
410.625 5044.283
410.896 4976.428
411.167 5002.573
411.438 4919.718
411.709 4553.862
411.981 4456.006
412.252 4060.149
412.523 3705.292
412.794 3742.435
413.065 3670.578
413.336 3253.720
413.607 3184.862
413.878 2985.004
414.150 2757.145
414.421 2565.286
414.692 2343.427
414.963 2172.567
415.234 2242.707
415.505 2122.847
415.776 2030.987
416.047 1855.126
416.319 1678.265
416.590 1422.403
416.861 1172.541
417.132 1196.679
417.403 1191.817
417.674 1059.954
417.945 834.091
418.217 784.228
418.488 926.364
418.759 857.501
419.030 711.636
419.301 759.772
419.572 850.907
419.843 851.042
420.114 677.177
420.386 655.311
420.657 770.445
420.928 667.579
421.199 634.712
421.470 645.845
421.741 580.978
422.012 571.111
422.283 601.243
422.555 623.375
422.826 688.507
423.097 832.638
423.368 780.770
423.639 593.900
423.910 704.031
424.181 657.161
424.453 593.291
424.724 867.421
424.995 955.551
425.266 775.680
425.537 697.809
425.808 837.937
426.079 907.066
426.350 822.194
426.622 809.321
426.893 945.449
427.164 890.576
427.435 794.703
427.706 772.830
427.977 732.956
428.248 716.082
428.519 878.208
428.791 752.334
429.062 810.459
429.333 734.584
429.604 702.709
429.875 859.833
430.146 923.958
430.417 910.082
430.689 829.205
430.960 698.329
431.231 706.452
431.502 895.575
431.773 910.698
432.044 746.820
432.315 873.942
432.586 869.064
432.858 861.186
433.129 683.307
433.400 705.428
433.671 762.549
433.942 678.669
434.213 547.790
434.484 609.910
434.755 664.030
435.027 459.149
435.298 579.268
435.569 663.387
435.840 584.506
436.116 622.625
436.391 675.743
436.667 676.861
436.942 753.979
437.218 754.096
437.493 730.214
437.769 779.331
438.045 725.448
438.320 694.564
438.596 666.680
438.871 613.796
439.147 635.912
439.422 581.028
439.698 531.143
439.974 548.258
440.249 696.373
440.525 740.488
440.800 543.602
441.076 633.716
441.351 778.830
441.627 799.944
441.903 695.057
442.178 520.170
442.454 531.283
442.729 766.396
443.005 657.508
443.281 723.620
443.556 855.732
443.832 728.844
444.107 542.956
444.383 587.067
444.658 591.178
444.934 507.289
445.210 729.399
445.485 787.510
445.761 789.620
446.036 744.730
446.312 761.839
446.587 739.949
446.863 519.058
447.139 614.167
447.414 724.276
447.690 696.384
447.965 716.493
448.241 660.601
448.516 673.709
448.792 645.816
449.068 690.924
449.343 724.031
449.619 594.138
449.894 642.244
450.170 649.351
450.445 821.457
450.721 907.563
450.997 624.669
451.272 726.775
451.548 708.880
451.823 663.986
452.099 763.091
452.375 665.195
452.650 638.300
452.926 798.404
453.201 847.508
453.477 1065.612
453.752 994.716
454.028 761.820
454.304 834.923
454.579 949.026
454.855 896.129
455.130 908.231
455.406 1025.334
455.681 957.436
455.957 835.538
456.233 806.640
456.508 817.742
456.784 807.843
457.059 752.944
457.335 938.045
457.610 819.146
457.886 751.246
458.162 708.347
458.437 705.447
458.713 807.547
458.988 783.647
459.264 803.746
459.539 818.846
459.815 777.945
460.091 669.044
460.366 602.143
460.642 562.241
460.917 646.339
461.193 665.438
461.468 589.536
461.744 613.633
462.020 574.731
462.295 587.828
462.571 605.925
462.846 660.022
463.122 797.119
463.397 821.216
463.673 663.649
463.949 685.723
464.224 690.814
464.500 731.868
464.775 712.696
465.051 793.205
465.327 916.970
465.602 1075.830
465.878 1178.898
466.153 1091.987
466.429 1331.934
466.704 1536.287
466.980 1513.454
467.256 1603.548
467.531 1762.404
467.807 1766.268
468.082 1800.429
468.358 1744.666
468.633 1815.276
468.909 1755.128
469.185 1718.794
469.460 1837.316
469.736 1892.633
470.011 1670.168
470.287 1688.701
470.562 1805.101
470.838 1685.925
471.114 1688.730
471.389 1648.419
471.665 1595.577
471.940 1579.065
472.216 1526.525
472.491 1360.990
472.767 1326.965
473.043 1410.221
473.318 1437.695
473.594 1224.245
473.869 1145.215
474.145 1085.286
474.421 1027.391
474.696 1029.516
474.972 873.832
475.247 849.329
475.523 930.021
475.798 889.265
476.074 801.891
476.350 829.475
476.625 811.042
476.901 818.267
477.176 793.083
477.452 690.636
477.727 662.240
478.003 502.102
478.279 784.711
478.554 851.872
478.830 791.789
479.105 863.365
479.381 851.421
479.656 749.074
479.932 791.968
480.208 856.031
480.483 886.596
480.759 914.994
481.034 822.236
481.310 773.837
481.585 783.451
481.861 814.787
482.137 748.593
482.412 767.039
482.688 764.579
482.963 854.168
483.239 920.530
483.514 690.153
483.790 768.856
484.066 997.941
484.341 822.378
484.617 753.844
484.892 850.934
485.168 858.976
485.443 743.890
485.719 802.620
485.995 942.974
486.270 841.031
486.546 645.580
486.821 662.476
487.097 687.902
487.373 672.511
487.648 813.000
487.924 827.029
488.199 662.249
488.475 492.387
488.750 521.893
489.026 725.625
489.302 659.953
489.577 645.659
489.853 731.295
490.128 883.185
490.404 811.949
490.679 639.815
490.955 824.018
491.231 895.454
491.506 852.376
491.782 749.469
492.057 684.233
492.333 803.684
492.608 735.268
492.884 766.656
493.160 634.638
493.435 658.508
493.711 814.467
493.986 710.905
494.262 695.011
494.537 676.460
494.813 776.316
495.089 671.064
495.364 636.759
495.640 663.357
495.915 665.397
496.191 836.073
496.467 803.475
496.742 787.786
497.018 831.865
497.293 734.211
497.569 871.375
497.844 790.007
498.120 811.864
498.396 817.518
498.671 742.933
498.947 871.111
499.222 919.765
499.498 911.799
499.773 995.456
500.049 1041.383
500.325 1025.531
500.600 1120.656
500.876 1169.900
501.151 1342.833
501.427 1375.380
501.702 1515.530
501.978 1566.860
502.254 1611.379
502.529 1579.650
502.805 1778.697
503.080 1887.418
503.356 1794.543
503.631 1732.792
503.907 1780.908
504.183 1768.836
504.458 1860.002
504.734 1769.216
505.009 1824.900
505.285 1778.237
505.560 1747.189
505.836 1676.156
506.112 1629.670
506.387 1530.552
506.663 1446.164
506.938 1429.047
507.214 1425.075
507.490 1438.858
507.765 1370.878
508.041 1392.140
508.316 1468.902
508.592 1316.971
508.867 1240.264
509.143 1220.997
509.419 1093.430
509.694 927.816
509.970 905.820
510.245 843.015
510.521 923.241
510.796 833.477
511.072 772.607
511.348 846.908
511.623 793.139
511.899 782.889
512.174 912.270
512.450 908.457
512.725 860.905
513.001 723.351
513.277 660.326
513.552 847.824
513.828 804.798
514.103 795.205
514.379 914.399
514.654 786.682
514.930 741.980
515.206 1080.867
515.481 993.592
515.757 774.278
516.032 732.490
516.308 820.969
516.583 910.964
516.859 889.781
517.135 903.478
517.410 965.926
517.686 1012.638
517.961 973.829
518.237 989.463
518.513 1000.196
518.788 1268.151
519.064 1269.627
519.339 1229.372
519.615 1162.611
519.890 1203.983
520.166 1339.687
520.442 1528.066
520.717 1548.340
520.993 1561.455
521.268 1486.867
521.544 1526.391
521.819 1457.238
522.095 1445.344
522.371 1564.825
522.646 1601.320
522.922 1778.967
523.197 1722.514
523.473 1729.540
523.748 1621.467
524.024 1575.594
524.300 1614.890
524.575 1633.132
524.851 1674.341
525.126 1669.933
525.402 1696.471
525.677 1795.096
525.953 1764.759
526.229 1722.754
526.504 1614.415
526.780 1755.378
527.055 1757.118
527.331 1761.005
527.606 1843.211
527.882 1822.368
528.158 1685.284
528.433 1858.444
528.709 1779.808
528.984 1741.479
529.260 1716.041
529.535 1717.334
529.811 1501.254
530.087 1433.943
530.362 1472.955
530.638 1541.856
530.913 1582.497
531.189 1502.037
531.465 1355.377
531.740 1358.678
532.016 1379.392
532.291 1267.265
532.567 1275.593
532.842 1311.504
533.118 1229.420
533.394 1332.614
533.669 1218.533
533.945 1055.167
534.220 1045.497
534.496 1150.760
534.771 1041.803
535.047 1012.633
535.323 1009.774
535.598 1072.261
535.874 1111.451
536.149 1109.663
536.425 1015.894
536.700 1006.167
536.976 1161.138
537.252 1477.349
537.527 1581.019
537.803 1745.123
538.078 2070.397
538.354 2292.676
538.629 2254.635
538.905 2367.881
539.181 2567.875
539.456 2721.778
539.732 2985.133
540.007 3139.188
540.283 3039.580
540.558 3042.559
540.834 3147.546
541.110 3269.531
541.385 3246.815
541.661 3436.970
541.936 3469.174
542.212 3360.211
542.488 3422.705
542.763 3507.003
543.039 3518.475
543.314 3529.443
543.590 3462.497
543.865 3486.386
544.141 3503.323
544.417 3471.601
544.692 3388.241
544.968 3470.719
545.243 3416.570
545.519 3155.040
545.794 3108.529
546.070 3195.065
546.348 3084.866
546.627 2873.107
546.905 3039.205
547.183 3023.292
547.461 3014.409
547.740 3145.546
548.018 3071.192
548.296 2961.940
548.575 2967.953
548.853 3077.242
549.131 3229.232
549.409 3451.281
549.688 3717.207
549.966 3711.309
550.244 3809.576
550.523 3951.543
550.801 4101.149
551.079 4128.797
551.357 4193.143
551.636 4156.443
551.914 4130.546
552.192 4185.826
552.471 4339.072
552.749 4534.516
553.027 4555.695
553.306 4659.429
553.584 4996.747
553.862 5063.600
554.140 5197.247
554.419 5324.045
554.697 5575.810
554.975 5887.431
555.254 6082.118
555.532 5919.979
555.810 5895.718
556.088 6000.159
556.367 5770.414
556.645 5552.788
556.923 5643.306
557.202 5461.001
557.480 5358.661
557.758 5132.369
558.036 4960.741
558.315 4827.275
558.593 4763.433
558.871 4570.840
559.150 4320.511
559.428 4218.899
559.706 4006.599
559.984 3780.773
560.263 3793.570
560.541 3614.035
560.819 3344.926
561.098 3167.388
561.376 2911.667
561.654 2614.600
561.932 2262.015
562.211 2120.350
562.489 2082.934
562.767 1832.422
563.046 1538.361
563.324 1409.293
563.602 1424.143
563.880 1287.507
564.159 1232.852
564.437 1281.574
564.715 1088.034
564.994 921.094
565.272 1029.587
565.550 911.676
565.828 797.435
566.107 954.915
566.385 907.805
566.663 747.672
566.942 687.918
567.220 773.459
567.498 914.634
567.776 787.758
568.055 694.535
568.333 759.005
568.611 826.987
568.890 770.194
569.168 716.708
569.446 722.277
569.725 709.763
570.003 551.355
570.281 537.428
570.559 670.936
570.838 698.737
571.116 775.042
571.394 786.716
571.673 811.773
571.951 746.588
572.229 724.303
572.507 758.095
572.786 729.695
573.064 717.793
573.342 656.495
573.621 607.090
573.899 711.526
574.177 876.329
574.455 797.074
574.734 664.827
575.012 737.280
575.290 695.932
575.569 734.895
575.847 769.027
576.125 750.427
576.403 628.419
576.682 708.728
576.960 767.313
577.243 784.319
577.527 696.467
577.810 573.359
578.093 619.335
578.377 616.651
578.660 623.613
578.944 644.409
579.227 653.650
579.510 703.897
579.794 632.220
580.077 569.200
580.360 606.515
580.644 587.301
580.927 600.852
581.210 624.753
581.494 569.270
581.777 669.245
582.061 671.948
582.344 635.773
582.627 562.039
582.911 552.113
583.194 551.710
583.477 709.439
583.761 700.501
584.044 733.479
584.327 741.248
584.611 679.354
584.894 664.413
585.178 609.512
585.461 638.526
585.744 701.507
586.028 586.252
586.311 602.296
586.594 683.339
586.878 625.382
587.161 595.426
587.444 721.469
587.728 701.512
588.011 697.555
588.295 579.598
588.578 657.983
588.861 765.918
589.145 621.727
589.428 603.373
589.711 550.812
589.995 600.255
590.278 771.126
590.562 622.940
590.845 551.431
591.128 710.603
591.412 680.705
591.695 611.498
591.978 764.622
592.262 727.466
592.545 514.691
592.828 699.877
593.112 654.356
593.395 605.544
593.679 510.361
593.962 596.060
594.245 621.379
594.529 598.535
594.812 497.583
595.095 455.334
595.379 686.844
595.662 723.353
595.945 606.489
596.229 535.491
596.512 574.075
596.796 655.954
597.079 721.681
597.362 768.256
597.646 738.853
597.929 607.340
598.212 631.484
598.496 691.800
598.779 799.746
599.062 853.093
599.346 651.751
599.629 552.528
599.913 607.196
600.196 644.674
600.479 698.213
600.763 726.527
601.046 571.745
601.329 660.930
601.613 750.781
601.896 678.058
602.179 738.334
602.463 657.823
602.746 703.049
603.030 821.948
603.313 775.057
603.596 613.172
603.880 677.316
604.163 735.197
604.446 663.017
604.730 577.845
605.013 647.768
605.296 727.775
605.580 708.225
605.863 814.041
606.147 677.938
606.430 635.861
606.713 768.349
606.997 721.148
607.280 873.122
607.563 774.334
607.847 719.851
608.130 738.929
608.414 814.564
608.697 790.140
608.980 755.692
609.264 838.823
609.547 723.446
609.830 689.203
610.114 738.212
610.397 750.002
610.680 756.155
610.964 750.812
611.247 766.535
611.531 656.432
611.814 556.371
612.097 661.413
612.381 827.468
612.664 969.632
612.947 802.838
613.231 657.635
613.514 698.592
613.797 838.118
614.081 878.430
614.364 845.068
614.648 803.847
614.931 719.404
615.214 695.865
615.498 772.298
615.781 853.804
616.064 811.517
616.348 908.010
616.631 953.276
616.914 980.917
617.198 902.117
617.481 855.847
617.765 809.390
618.048 850.699
618.331 815.197
618.615 787.382
618.898 955.402
619.181 938.640
619.465 837.725
619.748 713.132
620.031 685.161
620.315 674.973
620.598 681.631
620.882 793.565
621.165 1028.982
621.448 899.793
621.732 807.192
622.015 731.606
622.298 719.142
622.582 765.803
622.865 729.641
623.148 610.795
623.432 720.162
623.715 702.179
623.999 886.171
624.282 856.975
624.565 891.934
624.849 731.004
625.132 628.683
625.415 898.879
625.699 972.476
625.982 818.122
626.265 697.465
626.549 634.170
626.832 841.276
627.116 905.957
627.399 669.629
627.682 635.048
627.966 657.605
628.249 672.069
628.532 607.107
628.816 798.501
629.099 760.661
629.383 707.882
629.666 717.491
629.949 663.589
630.233 649.381
630.516 717.851
630.799 723.388
631.083 662.110
631.366 593.911
631.649 519.066
631.933 469.620
632.216 608.308
632.500 689.921
632.783 742.314
633.066 706.993
633.350 701.111
633.633 702.398
633.916 678.575
634.200 630.634
634.483 686.575
634.766 745.767
635.050 658.906
635.333 559.357
635.617 603.911
635.900 691.897
636.183 731.300
636.467 664.478
636.750 676.463
637.033 748.192
637.317 741.408
637.600 746.381
637.883 742.894
638.167 721.590
638.450 761.468
638.734 721.237
639.017 748.421
639.300 764.369
639.584 675.752
639.867 858.196
640.150 805.841
640.434 796.517
640.717 852.812
641.000 819.197
641.284 865.956
641.567 745.188
641.851 765.301
642.134 890.243
642.417 875.422
642.701 999.751
642.984 963.333
643.267 938.950
643.551 853.773
643.834 734.641
644.117 759.264
644.401 734.701
644.684 789.088
644.968 975.577
645.251 916.530
645.534 834.008
645.818 842.480
646.101 958.794
646.384 1037.697
646.668 1062.139
646.951 986.112
647.235 1026.542
647.518 1040.669
647.801 1223.969
648.085 1373.084
648.368 1370.645
648.651 1335.899
648.935 1518.294
649.218 1765.969
649.501 1737.502
649.785 1778.268
650.068 1944.860
650.352 2023.213
650.635 2117.782
650.918 2188.878
651.202 2476.921
651.485 2707.223
651.768 2758.304
652.052 2816.746
652.335 2981.659
652.618 3169.051
652.902 3316.563
653.185 3589.316
653.469 3497.991
653.752 3543.997
654.035 3686.388
654.319 3898.842
654.602 3927.773
654.885 3820.029
655.169 3861.592
655.452 3839.695
655.735 3858.854
656.019 3978.385
656.302 3998.229
656.586 3974.327
656.869 4131.280
657.152 4067.445
657.436 4075.718
657.719 4242.826
658.002 4341.472
658.286 4268.109
658.569 4024.780
658.852 4010.626
659.136 3999.510
659.419 3817.814
659.703 3652.361
659.986 3591.477
660.269 3600.849
660.553 3455.959
660.836 3453.956
661.119 3594.230
661.403 3583.250
661.686 3486.043
661.969 3438.260
662.253 3403.291
662.536 3406.370
662.820 3454.256
663.103 3302.156
663.386 3376.222
663.670 3375.237
663.953 3223.696
664.236 3361.744
664.520 3326.312
664.803 3289.867
665.086 3289.602
665.370 3347.675
665.653 3356.823
665.937 3337.944
666.220 3245.681
666.503 3241.653
666.787 3160.545
667.070 2962.730
667.353 2914.994
667.637 2760.023
667.920 2654.575
668.204 2407.364
668.487 2113.395
668.770 2138.997
669.054 1822.325
669.337 1604.028
669.620 1470.519
669.904 1338.704
670.187 1323.787
670.470 1361.901
670.754 1247.644
671.037 1038.567
671.321 936.411
671.604 1068.277
671.887 1026.410
672.171 973.214
672.454 949.752
672.737 905.620
673.021 840.936
673.304 866.468
673.587 1023.581
673.871 1021.600
674.154 987.702
674.438 964.080
674.721 929.164
675.004 895.169
675.288 908.571
675.571 942.491
675.854 882.786
676.138 865.168
676.421 886.728
676.704 826.722
676.988 992.047
677.271 1198.679
677.555 1118.250
677.838 967.295
678.121 945.663
678.405 879.325
678.688 948.711
678.971 771.247
679.255 873.972
679.538 992.256
679.821 987.097
680.105 885.346
680.388 816.838
680.672 785.490
680.955 828.137
681.238 810.296
681.522 771.020
681.805 738.005
682.088 812.264
682.372 879.875
682.655 757.647
682.938 815.086
683.222 838.078
683.505 800.318
683.789 901.704
684.072 889.192
684.355 886.203
684.639 870.573
684.922 777.698
685.205 750.585
685.489 869.610
685.772 868.456
686.056 850.563
686.339 894.523
686.622 785.167
686.906 731.958
687.189 843.676
687.472 999.235
687.756 897.073
688.039 736.240
688.322 643.365
688.606 906.440
688.889 910.642
689.173 781.232
689.456 874.160
689.739 864.792
690.023 830.549
690.306 831.618
690.589 767.237
690.873 890.294
691.156 922.578
691.439 780.044
691.723 730.123
692.006 847.576
692.290 794.904
692.573 863.679
692.856 973.832
693.140 995.620
693.423 843.476
693.706 760.438
693.990 797.154
694.273 766.397
694.556 972.030
694.840 1014.397
695.123 861.515
695.407 865.812
695.690 803.292
695.973 826.826
696.257 900.150
696.540 1061.800
696.830 942.543
697.120 911.736
697.410 938.546
697.699 851.454
697.989 1140.566
698.279 997.145
698.569 878.321
698.859 1020.764
699.149 1041.196
699.439 952.312
699.729 889.121
700.018 851.390
700.308 1011.607
700.598 885.230
700.888 809.385
701.178 1015.694
701.468 930.510
701.758 846.511
702.048 872.253
702.337 834.737
702.627 926.921
702.917 900.709
703.207 834.467
703.497 853.773
703.787 759.471
704.077 777.362
704.366 847.110
704.656 709.874
704.946 687.768
705.236 639.153
705.526 777.261
705.816 882.075
706.106 640.940
706.396 644.309
706.685 639.434
706.975 547.103
707.265 530.185
707.555 731.857
707.845 714.572
708.135 606.567
708.425 535.622
708.715 562.881
709.004 729.344
709.294 752.094
709.584 721.048
709.874 734.877
710.164 726.024
710.454 709.695
710.744 609.313
711.034 668.893
711.323 693.189
711.613 595.771
711.903 723.035
712.193 802.703
712.483 659.166
712.773 690.654
713.063 646.141
713.352 640.000
713.642 647.569
713.932 737.059
714.222 715.198
714.512 677.559
714.802 669.141
715.092 713.737
715.382 599.225
715.671 561.410
715.961 627.788
716.251 592.164
716.541 596.428
716.831 703.568
717.121 614.318
717.411 705.029
717.701 798.831
717.990 674.450
718.280 582.447
718.570 581.514
718.860 577.163
719.150 586.331
719.440 573.389
719.730 564.406
720.019 791.942
720.309 717.266
720.599 647.564
720.889 609.590
721.179 698.606
721.469 717.495
721.759 600.275
722.049 688.503
722.338 604.152
722.628 693.711
722.918 670.993
723.208 697.304
723.498 596.363
723.788 654.706
724.078 758.673
724.368 717.727
724.657 635.168
724.947 678.232
725.237 731.996
725.527 777.383
725.817 651.293
726.107 605.815
726.397 557.479
726.686 509.144
726.976 604.910
727.266 672.629
727.556 565.299
727.846 735.276
728.136 741.356
728.426 579.053
728.716 515.120
729.005 629.482
729.295 591.712
729.585 495.794
729.875 459.970
730.165 629.205
730.455 690.331
730.745 658.983
731.035 636.673
731.324 764.391
731.614 725.063
731.904 585.847
732.194 681.105
732.484 671.087
732.774 657.489
733.064 627.354
733.354 515.506
733.643 558.011
733.933 568.208
734.223 556.533
734.513 726.144
734.803 772.726
735.093 628.356
735.383 592.857
735.672 631.939
735.962 709.517
736.252 549.508
736.542 576.070
736.832 561.399
737.122 535.498
737.412 572.773
737.702 674.435
737.991 665.623
738.281 607.955
738.571 664.352
738.861 638.121
739.151 646.999
739.441 733.895
739.731 576.589
740.021 649.666
740.310 776.560
740.600 778.333
740.890 512.780
741.180 589.824
741.470 637.228
741.760 735.965
742.050 841.611
742.339 750.319
742.629 660.329
742.919 792.890
743.209 565.842
743.499 549.606
743.789 558.091
744.079 646.229
744.369 691.109
744.658 608.257
744.948 448.268
745.238 634.064
745.528 692.557
745.818 798.423
746.108 721.061
746.398 698.957
746.688 667.199
746.977 812.203
747.267 674.189
747.557 757.384
747.847 775.296
748.137 685.539
748.427 614.912
748.717 483.073
749.006 385.100
749.296 579.726
749.586 616.979
749.876 662.434
750.166 588.748
750.456 613.282
750.746 717.706
751.036 546.068
751.325 649.880
751.615 654.544
751.905 677.541
752.195 676.237
752.485 632.256
752.775 672.949
753.065 593.889
753.355 806.120
753.644 790.123
753.934 625.855
754.224 656.340
754.514 774.488
754.804 570.119
755.094 494.912
755.384 559.124
755.674 644.399
755.963 705.601
756.253 642.071
756.543 683.573
756.833 741.247
757.123 726.465
757.413 601.586
757.703 520.198
757.992 550.367
758.282 643.207
758.572 637.842
758.862 549.419
759.152 665.015
759.442 603.121
759.732 715.304
760.022 806.780
760.311 672.801
760.601 564.168
760.891 674.850
761.181 722.432
761.471 640.682
761.761 508.415
762.051 508.434
762.341 713.172
762.630 766.275
762.920 625.307
763.210 658.214
763.500 700.872
763.793 603.207
764.086 668.684
764.379 664.005
764.671 737.464
764.964 611.728
765.257 633.879
765.550 687.594
765.843 492.048
766.136 571.703
766.429 594.907
766.722 619.502
767.014 561.553
767.307 453.375
767.600 435.267
767.893 496.207
768.186 522.435
768.479 659.550
768.772 771.463
769.064 723.094
769.357 641.820
769.650 623.331
769.943 766.730
770.236 679.134
770.529 549.796
770.822 579.048
771.115 659.711
771.407 755.248
771.700 727.012
771.993 775.239
772.286 726.038
772.579 708.187
772.872 579.172
773.165 553.989
773.457 635.659
773.750 634.300
774.043 546.528
774.336 620.835
774.629 711.335
774.922 682.807
775.215 576.871
775.508 563.642
775.800 533.917
776.093 649.276
776.386 681.839
776.679 584.859
776.972 702.702
777.265 866.868
777.558 866.013
777.850 690.286
778.143 688.293
778.436 679.948
778.729 626.016
779.022 644.124
779.315 567.759
779.608 510.490
779.900 578.848
780.193 608.011
780.486 619.466
780.779 625.883
781.072 569.161
781.365 672.055
781.658 690.819
781.951 584.411
782.243 633.357
782.536 670.790
782.829 648.719
783.122 663.796
783.415 682.204
783.708 729.362
784.001 717.343
784.293 690.279
784.586 683.592
784.879 742.727
785.172 665.924
785.465 569.413
785.758 597.486
786.051 662.633
786.344 754.324
786.636 875.216
786.929 665.023
787.222 580.115
787.515 572.964
787.808 612.794
788.101 607.816
788.394 785.655
788.686 905.551
788.979 784.473
789.272 708.781
789.565 685.136
789.858 618.286
790.151 588.950
790.444 532.023
790.737 551.571
791.029 580.427
791.322 706.192
791.615 589.851
791.908 606.030
792.201 679.294
792.494 681.624
792.787 730.762
793.079 810.270
793.372 686.970
793.665 716.584
793.958 626.869
794.251 654.801
794.544 783.647
794.837 921.035
795.130 765.517
795.422 623.958
795.715 630.953
796.008 762.337
796.301 695.097
796.594 612.444
796.887 712.061
797.180 709.796
797.472 528.356
797.765 463.567
798.058 602.563
798.351 593.209
798.644 520.444
798.937 492.543
799.230 568.761
799.523 876.423
799.815 798.672
800.108 560.402
800.401 477.666
800.694 632.849
800.987 584.378
801.280 687.459
801.573 765.397
801.865 751.426
802.158 661.869
802.451 582.045
802.744 560.104
803.037 630.978
803.330 629.626
803.623 723.823
803.915 682.921
804.208 589.712
804.501 661.979
804.794 722.055
805.087 658.348
805.380 528.420
805.673 531.911
805.966 652.046
806.258 606.623
806.551 660.065
806.844 682.169
807.137 738.146
807.430 621.959
807.723 601.894
808.016 780.624
808.308 812.391
808.601 639.088
808.894 591.093
809.187 600.767
809.480 655.510
809.773 658.887
810.066 676.667
810.359 775.048
810.651 717.091
810.944 451.263
811.237 489.069
811.530 685.855
811.825 627.977
812.119 523.424
812.414 516.375
812.709 638.124
813.003 645.504
813.298 602.399
813.593 656.320
813.887 592.917
814.182 898.395
814.476 855.667
814.771 854.667
815.066 691.619
815.360 546.622
815.655 523.263
815.950 573.658
816.244 666.247
816.539 778.731
816.834 664.577
817.128 678.536
817.423 772.660
817.718 919.217
818.012 706.676
818.307 411.909
818.602 552.293
818.896 705.393
819.191 628.024
819.486 635.512
819.780 747.782
820.075 900.011
820.369 812.953
820.664 634.720
820.959 699.953
821.253 684.113
821.548 672.729
821.843 737.485
822.137 729.950
822.432 732.528
822.727 730.178
823.021 697.553
823.316 774.577
823.611 711.292
823.905 594.227
824.200 514.013
824.495 670.176
824.789 699.727
825.084 657.909
825.379 626.972
825.673 627.649
825.968 737.987
826.262 674.166
826.557 682.706
826.852 715.967
827.146 673.519
827.441 677.061
827.736 756.351
828.030 688.095
828.325 515.405
828.620 726.672
828.914 835.855
829.209 654.188
829.504 837.293
829.798 748.763
830.093 589.424
830.388 591.553
830.682 521.250
830.977 704.881
831.271 790.600
831.566 600.068
831.861 561.252
832.155 568.288
832.450 671.539
832.745 814.145
833.039 674.958
833.334 535.530
833.629 661.343
833.923 656.339
834.218 636.974
834.513 563.367
834.807 553.158
835.102 463.658
835.397 474.674
835.691 495.436
835.986 514.609
836.281 499.398
836.575 507.729
836.870 547.766
837.164 595.236
837.459 524.355
837.754 569.291
838.048 544.978
838.343 540.627
838.638 537.776
838.932 598.037
839.227 630.820
839.522 642.254
839.816 649.153
840.111 599.062
840.406 554.292
840.700 703.419
840.995 890.570
841.290 889.801
841.584 687.632
841.879 786.524
842.174 799.746
842.468 743.123
842.763 602.500
843.057 684.863
843.352 637.841
843.647 588.912
843.941 608.855
844.236 699.403
844.531 718.763
844.825 713.962
845.120 751.140
845.415 778.723
845.709 650.790
846.004 705.593
846.299 651.050
846.593 838.022
846.888 758.568
847.183 610.350
847.477 595.252
847.772 672.425
848.066 693.658
848.361 746.506
848.656 759.915
848.950 706.810
849.245 822.050
849.540 647.007
849.834 774.911
850.129 883.613
850.424 725.056
850.718 661.536
851.013 692.585
851.308 632.104
851.602 715.930
851.897 815.406
852.192 908.841
852.486 753.280
852.781 642.184
853.076 771.637
853.370 843.996
853.665 876.047
853.959 789.586
854.254 659.852
854.549 881.211
854.843 777.581
855.138 644.817
855.433 750.557
855.727 851.532
856.022 720.640
856.317 714.198
856.611 765.532
856.906 648.490
857.201 719.526
857.495 904.732
857.790 907.087
858.085 719.215
858.379 741.252
858.674 625.838
858.969 585.247
859.263 655.144
859.558 686.033
859.852 582.341
860.147 653.446
860.442 804.323
860.736 628.505
861.031 714.419
861.326 843.810
861.620 696.877
861.915 770.740
862.210 782.221
862.504 646.726
862.799 730.335
863.094 735.178
863.388 683.736
863.683 644.848
863.978 586.608
864.272 609.596
864.567 639.170
864.861 662.975
865.156 579.930
865.451 446.582
865.745 638.526
866.040 787.606
866.335 744.801
866.629 774.912
866.924 636.130
867.219 594.922
867.513 800.052
867.808 727.633
868.103 617.300
868.397 636.930
868.692 669.999
868.987 616.863
869.281 591.280
869.576 714.765
869.871 760.108
870.165 626.480
870.460 533.239
870.754 625.630
871.049 549.004
871.344 641.988
871.638 696.367
871.933 619.144
872.228 657.917
872.522 645.830
872.817 669.733
873.112 874.246
873.406 745.845
873.701 763.418
873.996 739.547
874.290 642.536
874.585 578.193
874.880 644.569
875.174 634.006
875.469 642.101
875.764 621.222
876.058 562.775
876.353 482.351
876.647 472.259
876.942 501.567
877.237 594.875
877.531 654.252
877.826 688.911
878.121 636.578
878.415 603.696
878.710 589.681
879.005 711.451
879.299 652.900
879.594 511.513
879.889 448.073
880.183 481.014
880.478 599.413
880.773 574.029
881.067 549.670
881.362 624.937
881.656 516.978
881.951 543.362
882.246 504.009
882.540 515.994
882.835 488.847
883.130 543.505
883.424 551.180
883.719 530.073
884.014 618.880
884.308 559.128
884.603 514.926
884.898 523.501
885.192 555.517
885.487 530.233
885.782 486.468
886.076 655.567
886.371 608.620
886.666 375.797
886.960 461.492
887.255 510.328
887.549 538.917
887.844 675.656
888.139 721.096
888.433 654.877
888.728 535.606
889.023 564.036
889.317 609.145
889.612 472.211
889.907 563.839
890.201 610.751
890.496 617.294
890.791 601.741
891.085 542.085
891.380 521.795
891.675 567.319
891.969 624.749
892.264 522.667
892.559 572.520
892.853 694.836
893.148 564.219
893.442 519.182
893.737 599.896
894.032 536.822
894.326 461.942
894.621 502.481
894.916 480.888
895.210 536.861
895.505 603.665
895.800 500.760
896.094 452.225
896.389 500.778
896.684 486.212
896.978 471.671
897.273 492.851
897.568 621.400
897.862 632.569
898.157 553.888
898.451 661.467
898.746 640.238
899.041 656.758
899.335 649.681
899.630 544.771
899.925 579.727
900.219 631.110
900.514 697.900
900.809 542.299
901.103 409.907
901.398 596.417
901.693 555.278
901.987 546.869
902.282 625.644
902.577 502.773
902.871 405.187
903.166 591.106
903.461 669.322
903.755 610.055
904.050 607.224
904.344 459.311
904.639 463.393
904.934 515.884
905.228 511.425
905.523 478.553
905.818 533.987
906.112 673.637
906.407 601.757
906.702 554.031
906.996 606.837
907.291 578.747
907.586 504.338
907.880 627.430
908.175 609.828
908.470 638.928
908.764 643.807
909.059 757.597
909.354 721.581
909.648 596.222
909.943 533.218
910.237 670.525
910.532 743.258
910.827 750.600
911.121 691.665
911.416 615.740
911.711 639.647
912.005 652.805
912.300 630.034
912.599 716.898
912.898 646.602
913.196 647.484
913.495 701.297
913.794 722.127
914.093 618.402
914.391 663.283
914.690 696.865
914.989 669.514
915.288 746.324
915.586 610.346
915.885 505.693
916.184 404.400
916.483 472.890
916.782 655.179
917.080 654.249
917.379 619.709
917.678 545.845
917.977 695.795
918.275 770.257
918.574 721.226
918.873 680.135
919.172 661.458
919.471 574.337
919.769 586.475
920.068 599.066
920.367 571.514
920.666 547.783
920.964 618.512
921.263 567.690
921.562 507.985
921.861 582.074
922.159 556.055
922.458 594.862
922.757 605.362
923.056 624.338
923.355 656.545
923.653 711.403
923.952 662.097
924.251 561.380
924.550 680.170
924.848 668.362
925.147 559.358
925.446 532.145
925.745 612.736
926.043 608.986
926.342 607.824
926.641 522.442
926.940 638.367
927.239 645.333
927.537 700.476
927.836 628.017
928.135 631.330
928.434 702.745
928.732 628.072
929.031 704.729
929.330 781.056
929.629 669.620
929.927 639.083
930.226 578.219
930.525 619.095
930.824 762.856
931.123 704.591
931.421 746.958
931.720 708.139
932.019 737.665
932.318 738.687
932.616 680.554
932.915 620.309
933.214 686.178
933.513 662.667
933.812 631.916
934.110 734.165
934.409 873.684
934.708 731.649
935.007 950.979
935.305 952.719
935.604 715.137
935.903 767.030
936.202 814.653
936.500 934.966
936.799 1070.196
937.098 989.866
937.397 894.606
937.696 784.557
937.994 781.366
938.293 861.523
938.592 709.580
938.891 729.228
939.189 875.131
939.488 961.969
939.787 1083.264
940.086 913.955
940.384 910.704
940.683 908.431
940.982 773.235
941.281 841.982
941.580 1185.869
941.878 1182.899
942.177 897.166
942.476 882.025
942.775 909.166
943.073 866.328
943.372 738.972
943.671 866.552
943.970 1098.093
944.268 961.943
944.567 831.895
944.866 924.014
945.165 912.459
945.464 877.436
945.762 748.989
946.061 979.859
946.360 1069.168
946.659 1114.729
946.957 1057.190
947.256 896.448
947.555 840.323
947.854 957.793
948.153 929.954
948.451 881.475
948.750 937.788
949.049 897.049
949.348 1105.704
949.646 921.216
949.945 816.214
950.244 947.626
950.543 868.901
950.841 794.946
951.140 746.974
951.439 665.213
951.738 708.261
952.037 832.569
952.335 924.199
952.634 960.493
952.933 786.794
953.232 666.176
953.530 561.682
953.829 884.943
954.128 949.072
954.427 835.177
954.725 968.383
955.024 910.841
955.323 905.414
955.622 714.021
955.921 647.781
956.219 768.844
956.518 687.432
956.817 727.627
957.116 798.105
957.414 732.792
957.713 633.118
958.012 567.749
958.311 565.115
958.610 735.706
958.908 770.994
959.207 795.253
959.506 741.403
959.805 801.680
960.103 801.915
960.402 743.483
960.701 663.847
961.000 599.003
961.298 582.892
961.597 748.635
961.896 707.076
962.195 693.173
962.494 771.634
962.792 735.496
963.091 750.358
963.390 700.641
963.689 669.500
963.987 753.647
964.286 802.837
964.585 796.103
964.884 691.570
965.182 600.470
965.481 1007.145
965.780 1146.781
966.080 964.153
966.380 860.011
966.680 787.892
966.981 735.778
967.281 719.293
967.581 652.138
967.881 727.840
968.181 751.303
968.481 707.782
968.781 754.501
969.082 662.881
969.382 690.345
969.682 788.397
969.982 794.715
970.282 819.391
970.582 671.026
970.882 600.837
971.183 768.949
971.483 669.619
971.783 685.621
972.083 733.160
972.383 754.768
972.683 713.984
972.983 757.618
973.284 683.368
973.584 643.538
973.884 674.108
974.184 720.629
974.484 850.414
974.784 653.556
975.084 607.900
975.385 667.611
975.685 730.076
975.985 703.003
976.285 708.411
976.585 723.537
976.885 642.607
977.185 646.677
977.486 703.126
977.786 731.973
978.086 819.376
978.386 788.103
978.686 640.423
978.986 638.027
979.286 683.035
979.587 722.043
979.887 642.052
980.187 585.060
980.487 579.068
980.787 700.076
981.087 700.085
981.387 802.093
981.688 654.101
981.988 523.109
982.288 569.118
982.588 667.126
982.888 681.134
983.188 658.142
983.488 746.150
983.789 759.159
984.089 735.167
984.389 681.175
984.689 606.183
984.989 586.191
985.289 641.199
985.589 754.208
985.890 708.216
986.190 557.224
986.490 586.232
986.790 706.240
987.090 634.248
987.390 699.256
987.690 711.264
987.991 599.272
988.291 562.281
988.591 570.289
988.891 528.297
989.191 529.305
989.491 672.313
989.791 691.321
990.092 694.329
990.392 699.337
990.692 700.345
990.992 675.353
991.292 530.361
991.592 708.369
991.892 708.377
992.193 724.385
992.493 699.393
992.793 610.401
993.093 621.409
993.393 581.417
993.693 613.425
993.993 715.432
994.294 783.440
994.594 672.448
994.894 629.456
995.194 642.464
995.494 530.472
995.794 530.480
996.094 519.488
996.395 581.496
996.695 662.504
996.995 521.511
997.295 499.519
997.595 524.527
997.895 428.535
998.195 460.543
998.496 517.551
998.796 467.558
999.096 685.566
999.396 600.574
999.696 653.582
999.996 740.590
1000.296 836.597
1000.597 783.605
1000.897 667.613
1001.197 674.621
1001.497 847.628
1001.797 686.636
1002.097 539.644
1002.397 609.652
1002.698 658.659
1002.998 720.667
1003.298 681.675
1003.598 567.682
1003.898 541.690
1004.198 685.698
1004.498 755.705
1004.799 647.713
1005.099 712.721
1005.399 722.728
1005.699 717.736
1005.999 729.744
1006.299 636.751
1006.599 881.759
1006.900 842.767
1007.200 647.774
1007.500 622.782
1007.800 633.789
1008.100 576.797
1008.400 557.804
1008.700 598.812
1009.001 582.820
1009.301 544.827
1009.601 760.835
1009.901 817.842
1010.201 729.850
1010.501 700.857
1010.801 795.865
1011.102 598.872
1011.402 604.880
1011.702 598.887
1012.002 550.895
1012.302 718.902
1012.602 695.910
1012.902 589.917
1013.203 600.925
1013.503 667.932
1013.803 654.940
1014.103 531.947
1014.403 625.955
1014.703 584.962
1015.003 560.970
1015.304 756.977
1015.604 786.984
1015.904 550.992
1016.204 523.999
1016.504 624.007
1016.804 634.014
1017.104 601.021
1017.405 530.029
1017.705 531.036
1018.005 571.043
1018.305 563.051
1018.605 590.058
1018.905 518.065
1019.205 511.073
1019.506 830.080
1019.806 822.087
1020.106 703.095
1020.406 709.102
1020.706 665.109
1021.006 675.117
1021.306 782.124
1021.607 641.131
1021.907 792.139
1022.207 750.146
1022.507 624.153
1022.807 621.160
1023.107 650.168
1023.407 598.175
1023.708 632.182
1024.008 588.189
1024.308 593.196
1024.608 616.204
1024.908 500.211
1025.208 600.218
1025.508 849.225
1025.809 866.233
1026.109 613.240
1026.409 683.247
1026.709 706.254
1027.009 678.261
1027.309 694.268
1027.609 539.275
1027.910 578.283
1028.210 742.290
1028.510 826.297
1028.810 956.304
1029.110 856.311
1029.410 706.318
1029.710 779.325
1030.011 734.332
1030.311 761.340
1030.611 592.347
1030.911 613.354
1031.211 671.361
1031.511 647.368
1031.811 843.375
1032.112 830.382
1032.412 745.389
1032.712 560.396
1033.012 618.403
1033.312 786.410
1033.612 722.417
1033.912 638.424
1034.212 604.431
1034.513 578.438
1034.813 550.445
1035.113 640.452
1035.413 558.459
1035.713 612.466
1036.013 703.473
1036.313 613.480
1036.614 693.487
1036.914 687.494
1037.214 535.501
1037.514 671.508
1037.814 652.515
1038.114 615.522
1038.414 608.529
1038.715 705.536
1039.015 574.542
1039.315 479.549
1039.615 591.556
1039.915 564.563
1040.215 558.570
1040.515 594.577
1040.816 735.584
1041.116 692.591
1041.416 596.597
1041.716 498.604
1042.016 501.611
1042.316 707.618
1042.616 611.625
1042.917 502.632
1043.217 558.639
1043.517 605.645
1043.817 704.652
1044.117 704.659
1044.417 631.666
1044.717 626.673
1045.018 577.679
1045.318 694.686
1045.618 758.693
1045.918 652.700
1046.218 554.706
1046.518 657.713
1046.818 665.720
1047.119 510.727
1047.419 760.733
1047.719 737.740
1048.019 612.747
1048.319 719.754
1048.619 668.760
1048.919 665.767
1049.220 637.774
1049.520 715.780
1049.820 637.787
1050.120 529.794
1050.420 695.800
1050.720 656.807
1051.020 702.814
1051.321 722.820
1051.621 792.827
1051.921 656.834
1052.221 502.840
1052.521 507.847
1052.821 494.854
1053.121 609.860
1053.422 667.867
1053.722 769.874
1054.022 641.880
1054.322 765.887
1054.622 639.893
1054.922 517.900
1055.222 665.906
1055.523 650.913
1055.823 701.920
1056.123 792.926
1056.423 655.933
1056.723 682.939
1057.023 655.946
1057.323 486.952
1057.624 545.959
1057.924 691.965
1058.224 690.972
1058.524 637.979
1058.824 706.985
1059.124 644.992
1059.424 557.998
1059.725 677.005
1060.025 615.011
1060.325 592.018
1060.625 585.024
1060.925 597.030
1061.225 602.037
1061.525 725.043
1061.826 674.050
1062.126 687.056
1062.426 713.063
1062.726 779.069
1063.026 751.076
1063.326 892.082
1063.626 802.088
1063.927 679.095
1064.227 681.101
1064.527 625.108
1064.827 725.114
1065.127 664.121
1065.427 491.127
1065.727 537.133
1066.028 677.140
1066.328 751.146
1066.628 568.152
1066.928 488.159
1067.228 566.165
1067.528 515.171
1067.828 552.178
1068.129 521.184
1068.429 645.191
1068.729 740.197
1069.029 658.203
1069.329 559.209
1069.629 675.216
1069.929 730.222
1070.230 752.228
1070.530 709.235
1070.830 621.241
1071.130 712.247
1071.430 687.254
1071.730 683.260
1072.030 716.266
1072.331 557.272
1072.631 570.279
1072.931 642.285
1073.231 670.291
1073.531 646.297
1073.831 573.304
1074.131 689.310
1074.432 849.316
1074.732 742.322
1075.032 548.328
1075.332 552.335
1075.632 596.341
1075.932 530.347
1076.232 464.353
1076.533 483.359
1076.833 629.366
1077.133 655.372
1077.433 604.378
1077.733 609.384
1078.033 726.390
1078.333 676.396
1078.634 664.403
1078.934 681.409
1079.234 574.415
1079.534 712.421
1079.834 733.427
1080.134 719.433
1080.434 722.439
1080.735 662.446
1081.035 652.452
1081.335 460.458
1081.635 518.464
1081.935 608.470
1082.235 562.476
1082.535 586.482
1082.836 638.488
1083.136 649.494
1083.436 728.500
1083.736 732.506
1084.036 575.512
1084.336 537.518
1084.636 640.524
1084.937 757.531
1085.237 769.537
1085.537 689.543
1085.837 706.549
1086.137 663.555
1086.437 764.561
1086.737 641.567
1087.038 574.573
1087.338 674.579
1087.638 695.585
1087.938 500.591
1088.238 415.597
1088.538 575.603
1088.838 726.609
1089.139 765.615
1089.439 581.621
1089.739 701.626
1090.039 721.632
1090.339 752.638
1090.639 632.644
1090.939 669.650
1091.240 611.656
1091.540 589.662
1091.840 656.668
1092.140 714.674
1092.453 688.680
1092.766 606.686
1093.079 571.692
1093.392 608.698
1093.705 579.703
1094.018 618.709
1094.330 759.715
1094.643 700.721
1094.956 744.727
1095.269 640.733
1095.582 699.739
1095.895 645.745
1096.208 594.750
1096.521 638.756
1096.834 680.762
1097.147 667.768
1097.460 725.774
1097.773 736.780
1098.085 581.785
1098.398 532.791
1098.711 607.797
1099.024 482.803
1099.337 602.809
1099.650 768.814
1099.963 777.820
1100.276 623.826
1100.589 602.832
1100.902 625.838
1101.215 673.843
1101.528 697.849
1101.841 577.855
1102.153 629.861
1102.466 753.866
1102.779 571.872
1103.092 500.878
1103.405 622.884
1103.718 636.889
1104.031 613.895
1104.344 644.901
1104.657 588.907
1104.970 975.912
1105.283 759.918
1105.596 579.924
1105.909 626.929
1106.221 678.935
1106.534 658.941
1106.847 510.946
1107.160 466.952
1107.473 452.958
1107.786 563.963
1108.099 524.969
1108.412 565.975
1108.725 662.980
1109.038 544.986
1109.351 671.992
1109.664 647.997
1109.977 540.003
1110.289 564.009
1110.602 565.014
1110.915 595.020
1111.228 585.025
1111.541 511.031
1111.854 514.037
1112.167 473.042
1112.480 516.048
1112.793 605.054
1113.106 648.059
1113.419 666.065
1113.732 609.070
1114.044 517.076
1114.357 608.081
1114.670 656.087
1114.983 631.093
1115.296 595.098
1115.609 652.104
1115.922 689.109
1116.235 663.115
1116.548 604.120
1116.861 588.126
1117.174 592.131
1117.487 647.137
1117.800 792.142
1118.112 590.148
1118.425 606.153
1118.738 583.159
1119.051 554.164
1119.364 588.170
1119.677 650.175
1119.990 626.181
1120.303 664.186
1120.616 744.192
1120.929 661.197
1121.242 740.203
1121.555 706.208
1121.868 675.214
1122.180 612.219
1122.493 404.225
1122.806 429.230
1123.119 613.236
1123.432 692.241
1123.745 678.246
1124.058 600.252
1124.371 541.257
1124.684 670.263
1124.997 672.268
1125.310 592.274
1125.623 528.279
1125.935 498.284
1126.248 582.290
1126.561 660.295
1126.874 659.301
1127.187 766.306
1127.500 724.311
1127.813 681.317
1128.126 687.322
1128.439 660.327
1128.752 814.333
1129.065 643.338
1129.378 433.343
1129.691 587.349
1130.003 575.354
1130.316 523.359
1130.629 560.365
1130.942 629.370
1131.255 594.375
1131.568 510.381
1131.881 560.386
1132.194 689.391
1132.507 632.397
1132.820 576.402
1133.133 683.407
1133.446 589.413
1133.759 768.418
1134.071 1166.423
1134.384 822.429
1134.697 751.434
1135.010 854.439
1135.323 702.444
1135.636 610.450
1135.949 572.455
1136.262 580.460
1136.575 565.465
1136.888 572.471
1137.201 567.476
1137.514 555.481
1137.826 649.486
1138.139 595.492
1138.452 608.497
1138.765 820.502
1139.078 820.507
1139.391 812.512
1139.704 745.518
1140.017 721.523
1140.330 559.528
1140.643 546.533
1140.956 584.538
1141.269 634.544
1141.582 655.549
1141.894 563.554
1142.207 802.559
1142.520 703.564
1142.833 733.570
1143.146 593.575
1143.459 480.580
1143.772 583.585
1144.085 692.590
1144.398 618.595
1144.711 618.600
1145.024 616.606
1145.337 626.611
1145.650 659.616
1145.962 619.621
1146.275 616.626
1146.588 508.631
1146.901 658.636
1147.214 653.641
1147.527 611.647
1147.840 631.652
1148.153 600.657
1148.466 571.662
1148.779 605.667
1149.092 733.672
1149.405 594.677
1149.718 624.682
1150.030 713.687
1150.343 641.692
1150.656 582.697
1150.969 576.702
1151.282 762.707
1151.595 699.713
1151.908 593.718
1152.221 399.723
1152.534 485.728
1152.847 796.733
1153.160 730.738
1153.473 739.743
1153.785 727.748
1154.098 669.753
1154.411 779.758
1154.724 733.763
1155.037 783.768
1155.350 662.773
1155.663 665.778
1155.976 626.783
1156.289 698.788
1156.602 568.793
1156.915 486.798
1157.228 458.803
1157.541 592.808
1157.853 612.813
1158.166 630.818
1158.479 703.823
1158.792 624.828
1159.105 643.833
1159.418 662.837
1159.731 636.842
1160.044 611.847
1160.357 768.852
1160.670 704.857
1160.983 469.862
1161.296 594.867
1161.609 787.872
1161.921 674.877
1162.234 567.882
1162.547 453.887
1162.860 509.892
1163.173 546.897
1163.486 657.901
1163.799 675.906
1164.112 635.911
1164.425 600.916
1164.738 536.921
1165.051 516.926
1165.364 583.931
1165.676 676.936
1165.989 710.941
1166.302 621.945
1166.615 715.950
1166.928 692.955
1167.241 712.960
1167.554 707.965
1167.867 694.970
1168.180 666.974
1168.493 543.979
1168.806 612.984
1169.119 619.989
1169.432 684.994
1169.744 727.999
1170.057 676.003
1170.370 734.008
1170.683 681.013
1170.996 545.018
1171.309 582.023
1171.622 590.027
1171.935 611.032
1172.248 787.037
1172.561 756.042
1172.874 633.047
1173.187 625.051
1173.500 661.056
1173.812 717.061
1174.125 699.066
1174.438 685.070
1174.751 557.075
1175.064 595.080
1175.377 718.085
1175.690 629.089
1176.003 559.094
1176.316 611.099
1176.629 644.104
1176.942 598.108
1177.255 547.113
1177.567 526.118
1177.880 573.123
1178.193 701.127
1178.506 689.132
1178.819 723.137
1179.132 716.141
1179.445 538.146
1179.758 680.151
1180.071 687.156
1180.384 602.160
1180.697 660.165
1181.010 746.170
1181.323 812.174
1181.635 839.179
1181.948 741.184
1182.261 613.188
1182.574 540.193
1182.887 652.198
1183.200 809.202
1183.513 734.207
1183.826 655.212
1184.139 691.216
1184.452 685.221
1184.765 554.226
1185.078 472.230
1185.391 559.235
1185.703 548.239
1186.016 475.244
1186.329 502.249
1186.642 634.253
1186.955 748.258
1187.268 597.263
1187.581 618.267
1187.894 628.272
1188.207 664.276
1188.520 652.281
1188.833 606.286
1189.146 504.290
1189.459 434.295
1189.771 524.299
1190.084 710.304
1190.397 570.308
1190.710 631.313
1191.023 630.318
1191.336 621.322
1191.649 618.327
1191.962 650.331
1192.275 539.336
1192.588 618.340
1192.901 799.345
1193.214 619.349
1193.526 625.354
1193.839 653.359
1194.152 470.363
1194.465 659.368
1194.778 620.372
1195.091 638.377
1195.404 594.381
1195.717 596.386
1196.030 715.390
1196.343 681.395
1196.656 597.399
1196.969 604.404
1197.282 619.408
1197.594 647.413
1197.907 774.417
1198.220 733.422
1198.533 608.426
1198.846 601.431
1199.159 619.435
1199.472 622.440
1199.785 671.444
1200.098 534.448
1200.411 671.453
1200.724 671.457
1201.037 638.462
1201.350 549.466
1201.662 488.471
1201.975 628.475
1202.288 629.480
1202.601 264.484
