165.028 159.084
165.288 72.697
165.547 86.312
165.807 152.930
166.067 86.552
166.327 -19.824
166.587 -30.196
166.847 82.434
167.107 141.068
167.367 157.704
167.627 158.343
167.886 139.985
168.146 134.630
168.406 287.278
168.666 222.929
168.926 174.582
169.186 223.238
169.446 150.897
169.706 32.558
169.966 142.222
170.225 121.889
170.485 187.558
170.745 303.230
171.005 406.904
171.265 228.581
171.525 173.261
171.785 91.942
172.045 77.627
172.305 236.313
172.564 174.002
172.824 87.693
173.084 223.387
173.344 149.083
173.604 160.781
173.864 227.482
174.124 199.184
174.384 113.889
174.644 195.596
174.903 361.305
175.163 405.016
175.423 409.729
175.683 196.444
175.943 207.162
176.203 148.881
176.463 121.602
176.723 76.325
176.983 167.050
177.242 242.777
177.502 343.506
177.762 342.236
178.022 151.969
178.282 157.703
178.542 134.439
178.802 173.176
179.062 94.916
179.322 312.657
179.581 376.399
179.841 229.144
180.101 288.889
180.361 341.637
180.621 286.386
180.881 211.136
181.141 217.888
181.401 223.641
181.661 247.396
181.920 320.152
182.180 240.910
182.440 195.669
182.700 158.429
182.960 139.191
183.220 190.954
183.480 427.718
183.740 302.483
184.000 219.250
184.259 90.018
184.519 192.786
184.779 229.557
185.039 252.328
185.299 319.100
185.559 346.873
185.819 336.648
186.079 310.423
186.339 259.200
186.598 239.977
186.858 120.755
187.118 142.534
187.378 264.315
187.638 286.096
187.898 345.877
188.158 410.660
188.418 249.444
188.678 213.228
188.937 236.013
189.197 273.799
189.457 319.585
189.717 283.373
189.977 138.161
190.237 157.949
190.497 353.738
190.757 299.528
191.017 273.318
191.276 235.109
191.536 227.901
191.796 136.693
192.056 107.486
192.316 206.279
192.576 202.072
192.836 154.866
193.096 227.660
193.356 184.455
193.616 158.250
193.875 152.046
194.135 167.842
194.395 314.638
194.655 312.434
194.915 261.231
195.175 242.028
195.435 360.825
195.695 136.623
195.955 -10.579
196.214 206.218
196.474 326.017
196.734 259.815
196.994 270.613
197.254 251.412
197.514 219.210
197.774 224.009
198.034 186.807
198.294 161.606
198.553 214.405
198.813 216.204
199.073 75.003
199.333 171.801
199.593 374.600
199.853 357.399
200.113 378.197
200.373 371.996
200.633 179.794
200.892 160.592
201.152 131.390
201.412 151.188
201.672 274.986
201.932 447.783
202.192 427.581
202.452 248.378
202.712 213.175
202.972 263.971
203.231 340.768
203.491 294.564
203.751 257.360
204.011 324.155
204.271 438.950
204.531 211.745
204.791 152.539
205.051 195.333
205.311 272.127
205.570 174.920
205.830 187.713
206.090 163.506
206.350 275.298
206.610 501.089
206.870 290.880
207.130 243.671
207.390 285.461
207.650 285.250
207.909 312.039
208.169 347.828
208.429 300.616
208.689 155.403
208.949 262.190
209.209 359.976
209.469 173.762
209.729 174.547
209.989 241.331
210.248 122.115
210.508 420.898
210.768 376.681
211.028 246.462
211.288 274.243
211.548 247.024
211.808 275.804
212.068 394.583
212.328 435.361
212.587 435.138
212.847 317.915
213.107 371.691
213.367 345.466
213.627 345.241
213.887 284.015
214.147 207.788
214.407 262.560
214.667 272.331
214.926 379.101
215.186 322.871
215.446 362.640
215.706 255.408
215.966 252.175
216.226 277.941
216.486 251.706
216.746 298.471
217.006 320.234
217.265 293.997
217.525 251.758
217.785 311.519
218.045 334.279
218.305 287.038
218.565 235.796
218.825 310.553
219.085 416.309
219.345 272.064
219.604 223.818
219.864 335.571
220.124 349.323
220.384 293.074
220.644 258.824
220.904 195.573
221.164 239.321
221.424 248.068
221.684 222.814
221.943 244.558
222.203 378.302
222.463 293.045
222.723 201.787
222.983 300.527
223.243 270.267
223.503 344.005
223.763 237.742
224.023 207.479
224.282 354.214
224.542 355.948
224.802 394.681
225.062 399.412
225.322 475.143
225.582 361.872
225.842 309.601
226.102 321.328
226.362 282.054
226.621 336.779
226.881 273.503
227.141 311.225
227.401 336.946
227.661 252.667
227.921 405.386
228.181 339.103
228.441 300.820
228.701 444.536
228.960 420.250
229.220 256.963
229.480 218.675
229.740 420.385
230.000 492.095
230.260 311.803
230.520 266.510
230.780 297.215
231.040 302.920
231.299 252.623
231.559 263.325
231.819 298.026
232.079 383.725
232.339 384.424
232.599 200.121
232.859 295.816
233.119 423.511
233.379 282.204
233.638 335.896
233.898 410.586
234.158 375.276
234.418 245.964
234.678 336.651
234.938 407.336
235.198 296.021
235.458 250.703
235.718 303.385
235.978 262.065
236.237 301.745
236.497 319.422
236.757 370.099
237.017 362.774
237.277 315.448
237.537 331.120
237.797 220.792
238.057 335.461
238.317 305.130
238.576 212.797
238.836 261.463
239.096 393.128
239.356 377.791
239.616 334.453
239.876 355.114
240.136 332.773
240.396 447.431
240.656 509.088
240.915 412.743
241.175 367.397
241.435 290.050
241.695 367.701
241.955 547.351
242.215 573.000
242.475 465.647
242.735 312.293
242.995 382.938
243.254 350.581
243.514 277.223
243.774 134.864
244.034 221.503
244.294 512.141
244.554 399.778
244.814 376.413
245.074 321.047
245.334 267.679
245.593 309.311
245.853 321.940
246.113 259.569
246.373 424.196
246.633 463.822
246.893 384.446
247.153 394.069
247.413 420.691
247.673 371.311
247.932 357.930
248.192 404.548
248.452 469.164
248.712 409.779
248.972 291.393
249.232 460.005
249.492 352.616
249.752 208.226
250.012 365.834
250.271 331.441
250.531 378.046
250.791 586.650
251.051 549.253
251.311 398.855
251.571 250.455
251.831 386.053
252.091 467.651
252.351 335.247
252.610 330.842
252.870 430.435
253.130 352.027
253.390 371.618
253.650 428.207
253.911 472.795
254.172 496.381
254.433 373.967
254.694 310.551
254.955 333.133
255.216 253.714
255.477 431.294
255.738 425.873
255.999 320.450
256.261 501.026
256.522 490.600
256.783 468.174
257.044 275.746
257.305 175.316
257.566 186.885
257.827 257.453
258.088 305.020
258.349 260.585
258.610 352.149
258.871 428.711
259.132 495.273
259.393 405.832
259.654 282.391
259.915 259.948
260.176 282.504
260.437 328.059
260.698 349.612
260.959 281.164
261.221 382.715
261.482 494.264
261.743 471.812
262.004 470.359
262.265 619.904
262.526 561.448
262.787 328.991
263.048 299.533
263.309 312.073
263.570 412.612
263.831 410.149
264.092 390.686
264.353 236.221
264.614 518.754
264.875 532.287
265.136 392.818
265.397 536.348
265.658 617.876
265.919 635.403
266.181 516.929
266.442 392.454
266.703 316.977
266.964 311.500
267.225 336.020
267.486 384.540
267.747 447.058
268.008 447.575
268.269 471.091
268.530 507.606
268.791 458.119
269.052 467.631
269.313 474.141
269.574 428.651
269.835 465.159
270.096 424.666
270.357 502.172
270.618 453.676
270.879 359.179
271.141 424.681
271.402 419.182
271.663 330.681
271.924 465.179
272.185 451.676
272.446 386.172
272.707 409.666
272.968 345.160
273.229 326.652
273.490 373.142
273.751 383.632
274.012 364.120
274.273 456.607
274.534 409.093
274.795 449.578
275.056 428.061
275.317 319.543
275.578 278.024
275.839 379.504
276.101 333.983
276.362 306.460
276.623 368.936
276.884 488.411
277.145 460.885
277.406 455.358
277.667 379.829
277.928 320.299
278.189 521.769
278.450 501.236
278.711 432.703
278.972 406.168
279.233 378.633
279.494 474.096
279.755 582.558
280.016 556.019
280.277 449.478
280.538 444.937
280.799 366.394
281.061 429.850
281.322 441.305
281.583 414.759
281.844 383.211
282.105 355.663
282.366 440.113
282.627 445.562
282.888 539.010
283.149 499.457
283.410 417.903
283.671 456.348
283.932 420.791
284.193 275.233
284.454 385.675
284.715 472.115
284.976 370.554
285.237 510.992
285.498 709.428
285.759 580.864
286.021 553.298
286.282 478.732
286.543 490.164
286.804 492.595
287.065 506.025
287.326 489.454
287.587 316.882
287.848 422.309
288.109 571.734
288.370 488.159
288.631 354.582
288.892 326.005
289.153 373.426
289.414 322.846
289.675 565.265
289.936 609.683
290.197 580.100
290.458 495.516
290.719 363.931
290.981 551.345
291.242 634.757
291.503 587.169
291.764 428.579
292.025 313.989
292.286 332.397
292.547 443.805
292.808 393.211
293.069 460.616
293.330 488.020
293.591 508.424
293.852 465.826
294.113 374.227
294.374 374.627
294.635 455.026
294.896 508.424
295.157 533.821
295.418 530.217
295.679 544.612
295.941 499.006
296.202 499.399
296.463 456.790
296.724 586.181
296.985 607.571
297.246 521.960
297.507 366.348
297.768 325.735
298.029 486.120
298.290 615.505
298.551 625.889
298.812 672.272
299.073 496.654
299.334 388.034
299.595 558.414
299.856 552.793
300.117 653.171
300.378 601.548
300.639 401.924
300.901 359.299
301.162 465.673
301.423 585.046
301.684 688.418
301.945 674.789
302.206 429.159
302.467 436.528
302.728 379.897
302.989 458.264
303.250 514.630
303.511 536.995
303.772 565.360
304.033 555.723
304.294 515.086
304.555 496.447
304.816 507.808
305.077 498.168
305.338 409.527
305.599 404.884
305.861 468.241
306.122 499.597
306.383 466.952
306.644 492.306
306.905 401.660
307.166 560.012
307.427 563.363
307.688 470.714
307.949 427.063
308.210 503.412
308.471 511.760
308.732 427.107
308.993 338.453
309.254 441.798
309.515 342.142
309.776 455.485
310.037 493.828
310.298 311.169
310.559 375.510
310.821 512.850
311.082 509.188
311.343 385.526
311.604 333.864
311.865 363.200
312.126 356.535
312.387 409.870
312.648 423.203
312.909 432.536
313.170 495.868
313.434 520.199
313.698 451.529
313.963 528.859
314.227 464.187
314.491 426.515
314.755 400.842
315.019 412.168
315.284 293.493
315.548 417.817
315.812 448.140
316.076 539.463
316.340 501.785
316.604 501.106
316.869 586.426
317.133 540.745
317.397 546.063
317.661 579.381
317.925 517.698
318.190 497.014
318.454 465.329
318.718 403.643
318.982 522.957
319.246 633.270
319.511 757.582
319.775 526.893
320.039 478.203
320.303 519.513
320.567 568.821
320.832 526.129
321.096 484.437
321.360 519.743
321.624 518.048
321.888 436.353
322.153 439.657
322.417 384.960
322.681 273.263
322.945 435.565
323.209 487.865
323.473 434.166
323.738 458.465
324.002 497.763
324.266 602.061
324.530 545.358
324.794 454.655
325.059 425.950
325.323 419.245
325.587 516.539
325.851 499.832
326.115 676.125
326.380 610.416
326.644 529.707
326.908 587.998
327.172 513.287
327.436 524.576
327.701 531.864
327.965 456.151
328.229 521.438
328.493 415.724
328.757 373.009
329.022 509.293
329.286 433.577
329.550 405.860
329.814 418.142
330.078 489.423
330.342 426.704
330.607 458.984
330.871 563.263
331.135 690.542
331.399 653.820
331.663 467.097
331.928 456.374
332.192 585.649
332.456 554.924
332.720 520.199
332.984 491.472
333.249 511.745
333.513 445.018
333.777 369.289
334.041 358.560
334.305 481.830
334.570 519.100
334.834 379.369
335.098 566.637
335.362 601.904
335.626 539.171
335.891 439.437
336.155 448.703
336.419 460.968
336.683 315.232
336.947 460.495
337.211 494.758
337.476 382.020
337.740 445.281
338.004 458.542
338.268 448.802
338.532 515.062
338.797 494.321
339.061 545.579
339.325 637.836
339.589 699.093
339.853 556.349
340.118 491.605
340.382 559.860
340.646 655.114
340.910 476.368
341.174 473.621
341.439 468.873
341.703 507.125
341.967 430.376
342.231 416.626
342.495 422.876
342.759 566.125
343.024 547.374
343.288 672.622
343.552 612.869
343.816 363.116
344.080 376.362
344.345 493.607
344.609 360.852
344.873 270.096
345.137 486.340
345.401 583.583
345.666 388.825
345.930 563.067
346.194 631.308
346.458 441.549
346.722 433.789
346.987 438.028
347.251 538.267
347.515 695.505
347.779 490.743
348.043 406.980
348.308 513.216
348.572 458.452
348.836 322.687
349.100 392.922
349.364 379.156
349.628 393.389
349.893 454.622
350.157 545.854
350.421 535.086
350.685 488.317
350.949 442.548
351.214 363.778
351.478 458.007
351.742 457.236
352.006 483.464
352.270 498.692
352.535 354.919
352.799 334.146
353.063 472.372
353.327 411.597
353.591 368.822
353.856 462.047
354.120 554.271
354.384 619.494
354.648 627.716
354.912 587.939
355.177 514.160
355.441 383.381
355.705 655.602
355.969 644.822
356.233 535.041
356.497 521.260
356.762 520.478
357.026 520.696
357.290 494.914
357.554 509.130
357.818 493.346
358.083 479.562
358.347 494.777
358.611 457.992
358.875 502.206
359.139 487.420
359.404 408.633
359.668 542.845
359.932 672.057
360.196 610.269
360.460 477.480
360.725 514.690
360.989 601.900
361.253 733.109
361.517 653.318
361.781 570.527
362.046 580.735
362.310 616.942
362.574 631.149
362.838 537.355
363.102 522.561
363.366 511.766
363.631 424.971
363.895 506.176
364.159 637.379
364.423 580.583
364.687 632.786
364.952 637.988
365.216 686.190
365.480 600.391
365.747 434.592
366.013 479.793
366.280 495.993
366.546 574.192
366.813 515.391
367.079 547.590
367.346 566.788
367.612 494.985
367.879 548.182
368.145 582.379
368.412 539.575
368.678 459.770
368.945 564.966
369.211 515.160
369.478 568.354
369.744 483.548
370.011 494.741
370.278 524.934
370.544 462.127
370.811 523.319
371.077 531.510
371.344 503.701
371.610 538.891
371.877 544.081
372.143 570.271
372.410 644.460
372.676 658.649
372.943 613.837
373.209 571.025
373.476 502.212
373.742 441.399
374.009 557.586
374.276 622.772
374.542 620.957
374.809 533.142
375.075 384.327
375.342 364.511
375.608 348.695
375.875 368.878
376.141 648.061
376.408 621.244
376.674 549.426
376.941 525.607
377.207 525.788
377.474 900.969
377.740 775.149
378.007 453.329
378.273 539.509
378.540 685.688
378.807 537.866
379.073 480.044
379.340 462.222
379.606 451.400
379.873 453.577
380.139 511.753
380.406 607.929
380.672 542.105
380.939 425.280
381.205 428.455
381.472 391.629
381.738 355.803
382.005 517.977
382.271 627.150
382.538 653.323
382.804 736.495
383.071 586.667
383.338 477.839
383.604 512.010
383.871 625.181
384.137 618.351
384.404 538.521
384.670 558.691
384.937 471.860
385.203 590.028
385.470 586.197
385.736 555.365
386.003 532.532
386.269 508.700
386.536 472.866
386.802 489.033
387.069 598.199
387.336 729.364
387.602 668.530
387.869 427.695
388.135 465.859
388.402 400.023
388.668 508.187
388.935 632.350
389.201 746.513
389.468 653.676
389.734 606.838
390.001 604.000
390.267 523.161
390.534 599.322
390.800 595.483
391.067 601.643
391.333 556.803
391.600 470.963
391.867 525.122
392.133 566.281
392.400 510.439
392.666 425.597
392.933 607.755
393.199 651.913
393.466 516.070
393.732 504.226
393.999 609.382
394.265 601.538
394.532 507.694
394.798 646.849
395.065 607.004
395.331 613.159
395.598 660.313
395.864 631.467
396.131 689.620
396.398 773.773
396.664 845.926
396.931 941.078
397.197 1157.230
397.464 1241.382
397.730 1530.533
397.997 1572.684
398.263 1537.835
398.530 1645.985
398.796 1895.135
399.063 1987.285
399.329 1901.434
399.596 2091.583
399.862 2029.732
400.129 2056.880
400.396 2135.028
400.662 1932.175
400.929 1983.323
401.195 2032.470
401.462 2103.616
401.728 2219.762
401.995 2319.908
402.261 2287.054
402.528 2231.199
402.794 2282.344
403.061 2452.489
403.327 2688.633
403.594 2674.777
403.860 2626.920
404.127 2616.064
404.393 2833.207
404.660 2878.349
404.931 2864.492
405.202 2991.634
405.473 3068.775
405.745 3362.917
406.016 3637.058
406.287 3542.199
406.558 3453.339
406.829 3535.479
407.100 3508.619
407.371 3782.758
407.642 3936.897
407.914 3826.036
408.185 3608.175
408.456 3626.313
408.727 3896.451
408.998 3953.589
409.269 4038.726
409.540 4150.863
409.811 3887.000
410.083 3770.136
410.354 3706.272
410.625 3538.408
410.896 3500.543
411.167 3535.678
411.438 3452.813
411.709 3160.948
411.981 3322.082
412.252 2992.216
412.523 2632.350
412.794 2763.483
413.065 2696.616
413.336 2286.749
413.607 2304.881
413.878 2292.014
414.150 2070.145
414.421 1885.277
414.692 1760.408
414.963 1649.539
415.234 1734.670
415.505 1623.801
415.776 1563.931
416.047 1455.061
416.319 1326.190
416.590 1136.319
416.861 897.448
417.132 1016.577
417.403 992.706
417.674 891.834
417.945 720.962
418.217 693.089
418.488 836.217
418.759 753.344
419.030 656.470
419.301 645.597
419.572 717.723
419.843 740.849
420.114 613.975
420.386 525.100
420.657 671.225
420.928 609.350
421.199 576.474
421.470 569.599
421.741 479.723
422.012 542.846
422.283 538.970
422.555 554.093
422.826 625.216
423.097 680.339
423.368 606.461
423.639 472.583
423.910 591.705
424.181 548.827
424.453 496.948
424.724 725.069
424.995 802.190
425.266 587.310
425.537 552.431
425.808 731.551
426.079 724.671
426.350 689.790
426.622 611.909
426.893 675.028
427.164 595.147
427.435 555.265
427.706 585.384
427.977 613.502
428.248 579.619
428.519 675.737
428.791 583.854
429.062 667.971
429.333 562.088
429.604 535.204
429.875 661.320
430.146 742.436
430.417 678.552
430.689 611.667
430.960 500.783
431.231 530.898
431.502 707.012
431.773 731.127
432.044 594.241
432.315 723.355
432.586 699.469
432.858 782.582
433.129 588.695
433.400 565.808
433.671 650.921
433.942 560.034
434.213 437.146
434.484 516.258
434.755 616.370
435.027 455.481
435.298 568.593
435.569 674.704
435.840 592.815
436.116 566.925
436.391 641.036
436.667 621.146
436.942 669.256
437.218 718.365
437.493 671.475
437.769 749.584
438.045 669.693
438.320 634.802
438.596 646.910
438.871 652.019
439.147 564.127
439.422 473.235
439.698 442.342
439.974 496.450
440.249 631.557
440.525 662.664
440.800 460.770
441.076 534.877
441.351 634.983
441.627 765.089
441.903 711.195
442.178 506.301
442.454 554.406
442.729 743.511
443.005 573.616
443.281 646.721
443.556 788.825
443.832 632.930
444.107 490.034
444.383 532.138
444.658 521.241
444.934 408.345
445.210 610.448
445.485 721.551
445.761 696.654
446.036 652.756
446.312 754.858
446.587 721.961
446.863 512.063
447.139 552.164
447.414 624.266
447.690 700.367
447.965 696.468
448.241 603.569
448.516 615.670
448.792 605.770
449.068 629.870
449.343 628.970
449.619 513.070
449.894 573.170
450.170 607.269
450.445 798.368
450.721 829.467
450.997 567.566
451.272 698.665
451.548 622.763
451.823 542.861
452.099 645.959
452.375 558.057
452.650 538.155
452.926 640.252
453.201 657.349
453.477 931.446
453.752 822.543
454.028 686.640
454.304 730.736
454.579 790.832
454.855 694.928
455.130 739.024
455.406 845.120
455.681 791.215
455.957 736.310
456.233 646.405
456.508 614.500
456.784 698.595
457.059 694.689
457.335 804.783
457.610 681.877
457.886 653.971
458.162 611.065
458.437 601.158
458.713 691.252
458.988 665.345
459.264 711.438
459.539 737.530
459.815 685.623
460.091 552.715
460.366 526.807
460.642 510.899
460.917 549.991
461.193 612.083
461.468 537.174
461.744 507.266
462.020 520.357
462.295 585.447
462.571 579.538
462.846 600.629
463.122 661.719
463.397 656.809
463.673 564.335
463.949 579.409
464.224 579.499
464.500 620.547
464.775 582.257
465.051 630.086
465.327 722.712
465.602 809.904
465.878 839.772
466.153 778.144
466.429 1038.750
466.704 1214.448
466.980 1112.965
467.256 1215.052
467.531 1341.481
467.807 1340.909
468.082 1217.750
468.358 1171.573
468.633 1310.731
468.909 1231.500
469.185 1188.604
469.460 1275.399
469.736 1360.356
470.011 1188.237
470.287 1150.910
470.562 1265.212
470.838 1136.403
471.114 1180.062
471.389 1109.440
471.665 1100.537
471.940 1192.830
472.216 1186.842
472.491 1021.970
472.767 1021.064
473.043 1128.654
473.318 1144.966
473.594 994.940
473.869 980.777
474.145 962.551
474.421 849.716
474.696 787.745
474.972 724.477
475.247 799.714
475.523 888.597
475.798 812.115
476.074 719.722
476.350 665.834
476.625 698.196
476.901 777.791
477.176 769.953
477.452 644.126
477.727 608.603
478.003 475.953
478.279 638.637
478.554 783.028
478.830 761.526
479.105 777.321
479.381 783.713
479.656 609.352
479.932 589.566
480.208 757.066
480.483 752.337
480.759 719.050
481.034 673.960
481.310 671.009
481.585 730.220
481.861 719.211
482.137 625.918
482.412 606.252
482.688 663.347
482.963 764.064
483.239 813.477
483.514 532.994
483.790 626.006
484.066 888.195
484.341 731.698
484.617 636.330
484.892 718.722
485.168 710.839
485.443 611.799
485.719 652.631
485.995 777.404
486.270 735.084
486.546 641.718
486.821 556.729
487.097 524.115
487.373 576.928
487.648 738.268
487.924 759.249
488.199 546.397
488.475 429.575
488.750 457.238
489.026 628.516
489.302 594.242
489.577 559.419
489.853 598.121
490.128 742.171
490.404 722.926
490.679 553.723
490.955 694.017
491.231 777.178
491.506 727.130
491.782 607.444
492.057 609.857
492.333 725.389
492.608 631.527
492.884 628.663
493.160 538.715
493.435 543.764
493.711 635.012
493.986 614.872
494.262 570.448
494.537 562.676
494.813 642.789
495.089 516.772
495.364 563.994
495.640 637.738
495.915 583.781
496.191 745.433
496.467 733.430
496.742 688.180
497.018 700.468
497.293 577.142
497.569 705.253
497.844 684.937
498.120 702.829
498.396 691.396
498.671 644.486
498.947 718.041
499.222 721.807
499.498 753.440
499.773 793.311
500.049 833.845
500.325 805.805
500.600 837.486
500.876 846.401
501.151 1031.719
501.427 1075.997
501.702 1132.424
501.978 1175.709
502.254 1249.646
502.529 1092.523
502.805 1224.608
503.080 1399.298
503.356 1261.526
503.631 1238.626
503.907 1263.469
504.183 1177.505
504.458 1251.460
504.734 1274.530
505.009 1345.377
505.285 1204.094
505.560 1197.889
505.836 1197.145
506.112 1192.151
506.387 1068.737
506.663 998.968
506.938 1030.379
507.214 1011.235
507.490 1077.957
507.765 1060.791
508.041 1102.230
508.316 1155.778
508.592 970.233
508.867 987.432
509.143 1050.827
509.419 929.284
509.694 814.145
509.970 757.039
510.245 683.517
510.521 785.898
510.796 692.270
511.072 604.423
511.348 650.141
511.623 729.966
511.899 676.163
512.174 744.076
512.450 780.108
512.725 699.814
513.001 577.281
513.277 588.653
513.552 756.525
513.828 697.896
514.103 665.744
514.379 792.696
514.654 700.646
514.930 696.385
515.206 1035.312
515.481 896.021
515.757 678.852
516.032 651.830
516.308 762.923
516.583 862.727
516.859 795.869
517.135 801.772
517.410 886.765
517.686 917.924
517.961 848.013
518.237 841.578
518.513 803.222
518.788 1080.067
519.064 1140.783
519.339 1072.379
519.615 1099.395
519.890 1179.396
520.166 1214.928
520.442 1365.886
520.717 1391.931
520.993 1393.330
521.268 1245.753
521.544 1297.784
521.819 1241.554
522.095 1305.679
522.371 1424.332
522.646 1432.059
522.922 1537.067
523.197 1474.863
523.473 1516.571
523.748 1446.771
524.024 1308.072
524.300 1403.823
524.575 1431.631
524.851 1423.075
525.126 1448.539
525.402 1489.216
525.677 1617.502
525.953 1549.090
526.229 1431.555
526.504 1403.316
526.780 1519.621
527.055 1470.413
527.331 1514.487
527.606 1601.243
527.882 1540.436
528.158 1352.311
528.433 1512.352
528.709 1446.188
528.984 1420.332
529.260 1384.657
529.535 1434.294
529.811 1306.587
530.087 1201.361
530.362 1223.768
530.638 1290.018
530.913 1308.954
531.189 1317.029
531.465 1189.670
531.740 1108.749
532.016 1189.179
532.291 1156.351
532.567 1221.631
532.842 1316.647
533.118 1235.534
533.394 1255.234
533.669 1112.789
533.945 958.174
534.220 953.364
534.496 1069.244
534.771 981.646
535.047 1050.951
535.323 1010.039
535.598 974.961
535.874 1095.107
536.149 1052.243
536.425 937.866
536.700 975.102
536.976 1139.813
537.252 1431.465
537.527 1558.662
537.803 1779.737
538.078 2172.887
538.354 2307.650
538.629 2340.487
538.905 2546.248
539.181 2877.754
539.456 3006.998
539.732 3284.452
540.007 3332.876
540.283 3214.680
540.558 3187.868
540.834 3356.442
541.110 3487.541
541.385 3449.970
541.661 3518.339
541.936 3651.710
542.212 3652.753
542.488 3729.119
542.763 3832.243
543.039 3904.550
543.314 3871.864
543.590 3910.517
543.865 3770.549
544.141 3693.143
544.417 3682.272
544.692 3480.734
544.968 3596.973
545.243 3436.584
545.519 3171.058
545.794 3242.850
546.070 3360.197
546.348 3167.572
546.627 2951.751
546.905 3088.072
547.183 3052.198
547.461 3179.359
547.740 3250.909
548.018 3119.997
548.296 3063.324
548.575 3000.813
548.853 3043.564
549.131 3115.114
549.409 3211.280
549.688 3415.695
549.966 3526.856
550.244 3721.350
550.523 3683.024
550.801 3821.011
551.079 3936.965
551.357 4006.253
551.636 3950.960
551.914 3916.589
552.192 3924.527
552.471 4079.487
552.749 4203.517
553.027 4278.168
553.306 4369.389
553.584 4542.495
553.862 4605.861
554.140 4734.593
554.419 4862.747
554.697 5262.403
554.975 5499.963
555.254 5551.331
555.532 5330.137
555.810 5486.935
556.088 5686.618
556.367 5460.765
556.645 5403.943
556.923 5445.819
557.202 5337.561
557.480 5290.678
557.758 4929.628
558.036 4661.003
558.315 4609.431
558.593 4562.042
558.871 4371.382
559.150 4127.232
559.428 4070.205
559.706 3790.126
559.984 3649.447
560.263 3719.262
560.541 3510.993
560.819 3269.720
561.098 3138.477
561.376 2914.484
561.654 2535.682
561.932 2242.692
562.211 2239.388
562.489 2159.702
562.767 1879.363
563.046 1578.620
563.324 1412.082
563.602 1501.860
563.880 1340.194
564.159 1244.269
564.437 1282.430
564.715 1103.283
564.994 909.469
565.272 1016.998
565.550 854.035
565.828 762.768
566.107 864.669
566.385 874.059
566.663 754.262
566.942 760.793
567.220 836.726
567.498 976.035
567.776 754.925
568.055 651.122
568.333 749.242
568.611 787.338
568.890 753.663
569.168 709.794
569.446 723.083
569.725 672.885
570.003 571.479
570.281 560.469
570.559 600.164
570.838 647.255
571.116 799.088
571.394 850.487
571.673 815.467
571.951 780.379
572.229 733.820
572.507 763.731
572.786 729.497
573.064 643.590
573.342 633.895
573.621 547.370
573.899 598.144
574.177 827.286
574.455 731.363
574.734 614.704
575.012 732.164
575.290 708.437
575.569 674.860
575.847 705.006
576.125 741.358
576.403 593.798
576.682 644.572
576.960 725.687
577.243 773.243
577.527 641.042
577.810 498.227
578.093 523.415
578.377 552.159
578.660 575.917
578.944 562.125
579.227 561.299
579.510 704.613
579.794 686.505
580.077 582.794
580.360 636.985
580.644 614.819
580.927 549.865
581.210 574.758
581.494 563.992
581.777 632.129
582.061 568.059
582.344 553.712
582.627 534.810
582.911 560.773
583.194 525.446
583.477 693.152
583.761 713.153
584.044 738.144
584.327 727.934
584.611 618.084
584.894 577.166
585.178 612.172
585.461 645.180
585.744 687.179
586.028 590.906
586.311 593.947
586.594 631.988
586.878 545.028
587.161 510.068
587.444 622.109
587.728 658.149
588.011 681.189
588.295 549.229
588.578 610.659
588.861 797.512
589.145 664.349
589.428 565.955
589.711 496.429
589.995 485.983
590.278 663.845
590.562 653.548
590.845 575.013
591.128 734.159
591.412 687.292
591.695 620.086
591.978 752.241
592.262 684.101
592.545 505.308
592.828 712.438
593.112 638.985
593.395 599.144
593.679 544.801
593.962 668.345
594.245 665.729
594.529 542.385
594.812 439.498
595.095 385.248
595.379 621.859
595.662 684.146
595.945 620.943
596.229 531.079
596.512 570.659
596.796 662.442
597.079 671.725
597.362 700.476
597.646 772.026
597.929 642.489
598.212 615.212
598.496 627.107
598.779 744.986
599.062 810.176
599.346 657.202
599.629 623.061
599.913 619.528
600.196 616.610
600.479 646.552
600.763 607.817
601.046 519.146
601.329 614.182
601.613 700.143
601.896 608.735
602.179 674.971
602.463 602.316
602.746 660.309
603.030 755.630
603.313 687.211
603.596 521.399
603.880 650.335
604.163 631.744
604.446 581.210
604.730 555.781
605.013 676.603
605.296 635.186
605.580 578.415
605.863 670.517
606.147 596.116
606.430 543.262
606.713 695.408
606.997 634.420
607.280 768.864
607.563 696.492
607.847 649.903
608.130 669.821
608.414 736.715
608.697 655.537
608.980 631.728
609.264 744.147
609.547 621.025
609.830 627.916
610.114 630.889
610.397 618.191
610.680 640.126
610.964 636.513
611.247 646.352
611.531 594.028
611.814 512.610
612.097 544.048
612.381 749.431
612.664 895.442
612.947 737.478
613.231 621.712
613.514 622.357
613.797 704.906
614.081 760.933
614.364 708.904
614.648 715.814
614.931 638.245
615.214 585.234
615.498 658.607
615.781 686.848
616.064 675.071
616.348 817.821
616.631 833.439
616.914 838.558
617.198 756.659
617.481 748.811
617.765 788.045
618.048 832.292
618.331 779.018
618.615 695.830
618.898 842.108
619.181 807.557
619.465 788.606
619.748 702.586
620.031 632.028
620.315 692.153
620.598 748.428
620.882 777.010
621.165 893.124
621.448 798.724
621.732 740.846
622.015 670.232
622.298 668.611
622.582 748.153
622.865 696.986
623.148 648.068
623.432 720.470
623.715 649.432
623.999 842.342
624.282 821.133
624.565 804.709
624.849 610.577
625.132 534.221
625.415 822.560
625.699 910.204
625.982 762.911
626.265 686.631
626.549 648.596
626.832 764.791
627.116 840.581
627.399 634.553
627.682 575.847
627.966 591.412
628.249 620.025
628.532 608.379
628.816 809.798
629.099 721.845
629.383 671.104
629.666 643.821
629.949 603.085
630.233 621.798
630.516 699.268
630.799 707.807
631.083 636.711
631.366 572.497
631.649 529.106
631.933 478.668
632.216 621.221
632.500 674.570
632.783 688.169
633.066 651.014
633.350 657.853
633.633 714.198
633.916 740.327
634.200 652.897
634.483 678.163
634.766 761.255
635.050 746.729
635.333 622.356
635.617 593.663
635.900 688.302
636.183 779.744
636.467 710.983
636.750 740.803
637.033 786.115
637.317 783.925
637.600 715.548
637.883 616.314
638.167 649.535
638.450 668.947
638.734 649.312
639.017 716.757
639.300 749.557
639.584 727.369
639.867 936.939
640.150 805.068
640.434 788.258
640.717 833.344
641.000 767.952
641.284 841.812
641.567 808.951
641.851 777.590
642.134 927.810
642.417 904.541
642.701 1013.928
642.984 985.905
643.267 896.019
643.551 817.395
643.834 733.841
644.117 773.444
644.401 747.017
644.684 780.784
644.968 930.635
645.251 933.542
645.534 769.405
645.818 720.652
646.101 938.258
646.384 1050.961
646.668 1039.721
646.951 941.157
647.235 1000.340
647.518 1104.691
647.801 1239.117
648.085 1375.070
648.368 1423.382
648.651 1380.176
648.935 1522.162
649.218 1689.798
649.501 1741.371
649.785 1771.773
650.068 2029.860
650.352 2169.670
650.635 2204.829
650.918 2327.094
651.202 2588.014
651.485 2859.255
651.768 3081.582
652.052 3140.946
652.335 3412.494
652.618 3638.537
652.902 3885.737
653.185 4243.237
653.469 4275.091
653.752 4243.972
654.035 4338.884
654.319 4561.361
654.602 4655.378
654.885 4665.495
655.169 4774.228
655.452 4781.685
655.735 4902.391
656.019 4906.093
656.302 4749.528
656.586 4942.476
656.869 5197.331
657.152 5142.644
657.436 5089.836
657.719 5234.824
658.002 5318.307
658.286 5186.333
658.569 4960.990
658.852 4830.319
659.136 4788.378
659.419 4594.498
659.703 4348.840
659.986 4296.076
660.269 4269.239
660.553 4052.530
660.836 4108.452
661.119 4216.203
661.403 4135.205
661.686 4003.864
661.969 3888.938
662.253 3807.777
662.536 3746.829
662.820 3787.938
663.103 3667.276
663.386 3653.104
663.670 3591.265
663.953 3510.136
664.236 3644.419
664.520 3524.892
664.803 3476.287
665.086 3469.759
665.370 3540.171
665.653 3513.855
665.937 3409.941
666.220 3303.477
666.503 3216.283
666.787 3170.671
667.070 3016.573
667.353 2983.063
667.637 2727.546
667.920 2653.536
668.204 2356.473
668.487 2132.695
668.770 2136.930
669.054 1787.670
669.337 1577.490
669.620 1465.387
669.904 1295.896
670.187 1250.353
670.470 1329.206
670.754 1218.009
671.037 1026.252
671.321 922.064
671.604 1059.025
671.887 1114.383
672.171 1036.620
672.454 1063.194
672.737 1034.661
673.021 963.954
673.304 1028.625
673.587 1146.721
673.871 1139.847
674.154 1114.946
674.438 1120.229
674.721 1163.421
675.004 1117.319
675.288 1008.291
675.571 941.385
675.854 904.336
676.138 915.603
676.421 933.086
676.704 913.415
676.988 1033.241
677.271 1173.797
677.555 1061.283
677.838 967.204
678.121 923.875
678.405 882.336
678.688 940.333
678.971 667.413
679.255 811.630
679.538 975.556
679.821 988.030
680.105 838.511
680.388 771.039
680.672 723.010
680.955 755.260
681.238 759.193
681.522 792.733
681.805 831.735
682.088 874.644
682.372 942.318
682.655 828.505
682.938 896.380
683.222 873.441
683.505 782.425
683.789 854.551
684.072 821.138
684.355 818.219
684.639 861.042
684.922 718.061
685.205 731.656
685.489 870.512
685.772 847.414
686.056 843.095
686.339 937.263
686.622 770.404
686.906 674.396
687.189 851.874
687.472 995.949
687.756 845.822
688.039 700.592
688.322 622.328
688.606 884.358
688.889 841.585
689.173 687.121
689.456 860.424
689.739 889.676
690.023 816.823
690.306 831.446
690.589 808.729
690.873 883.875
691.156 864.128
691.439 728.877
691.723 735.145
692.006 817.185
692.290 807.195
692.573 864.532
692.856 923.905
693.140 929.110
693.423 874.342
693.706 775.790
693.990 820.745
694.273 801.327
694.556 990.410
694.840 1083.485
695.123 893.340
695.407 879.026
695.690 788.671
695.973 854.456
696.257 969.975
696.540 1060.564
696.830 921.779
697.120 963.941
697.410 1007.122
697.699 922.010
697.989 1144.449
698.279 1043.082
698.569 911.914
698.859 987.757
699.149 1056.312
699.439 984.776
699.729 906.243
700.018 907.287
700.308 1028.709
700.598 893.156
700.888 769.521
701.178 994.143
701.468 998.229
701.758 928.344
702.048 1007.372
702.337 912.356
702.627 993.282
702.917 900.469
703.207 829.192
703.497 884.718
703.787 766.263
704.077 732.851
704.366 848.871
704.656 769.807
704.946 625.520
705.236 578.963
705.526 797.968
705.816 901.783
706.106 622.740
706.396 615.169
706.685 663.011
706.975 587.561
707.265 525.962
707.555 703.791
707.845 647.908
708.135 548.821
708.425 482.987
708.715 573.496
709.004 778.484
709.294 686.608
709.584 665.551
709.874 699.103
710.164 693.207
710.454 629.381
710.744 567.577
711.034 688.340
711.323 714.565
711.613 613.208
711.903 714.888
712.193 763.090
712.483 612.668
712.773 584.174
713.063 600.712
713.352 653.425
713.642 615.023
713.932 648.965
714.222 637.011
714.512 621.821
714.802 653.346
715.092 686.312
715.382 538.970
715.671 551.463
715.961 620.749
716.251 490.711
716.541 549.932
716.831 636.923
717.121 540.192
717.411 693.245
717.701 752.595
717.990 628.213
718.280 530.567
718.570 534.407
718.860 536.780
719.150 542.088
719.440 562.583
719.730 548.813
720.019 755.370
720.309 663.465
720.599 606.179
720.889 547.071
721.179 620.775
721.469 668.324
721.759 595.159
722.049 703.520
722.338 573.146
722.628 594.440
722.918 615.002
723.208 654.666
723.498 595.070
723.788 640.898
724.078 786.250
724.368 743.427
724.657 680.110
724.947 683.678
725.237 682.427
725.527 757.736
725.817 677.950
726.107 555.178
726.397 532.954
726.686 544.579
726.976 618.099
727.266 656.803
727.556 593.959
727.846 745.570
728.136 742.934
728.426 626.176
728.716 554.490
729.005 676.602
729.295 624.296
729.585 515.818
729.875 499.334
730.165 553.183
730.455 619.158
730.745 607.157
731.035 600.380
731.324 677.442
731.614 637.311
731.904 575.753
732.194 673.925
732.484 649.308
732.774 597.771
733.064 553.042
733.354 481.077
733.643 603.479
733.933 586.341
734.223 495.716
734.513 656.554
734.803 735.262
735.093 610.403
735.383 543.635
735.672 637.404
735.962 689.550
736.252 536.402
736.542 561.958
736.832 596.257
737.122 476.272
737.412 572.369
737.702 698.563
737.991 649.513
738.281 615.411
738.571 585.356
738.861 572.747
739.151 606.230
739.441 659.733
739.731 555.524
740.021 617.721
740.310 732.747
740.600 769.027
740.890 543.885
741.180 556.823
741.470 599.290
741.760 715.794
742.050 838.221
742.339 706.367
742.629 556.039
742.919 751.903
743.209 579.242
743.499 504.660
743.789 499.237
744.079 588.364
744.369 636.268
744.658 564.207
744.948 389.409
745.238 581.092
745.528 676.254
745.818 803.927
746.108 704.739
746.398 676.659
746.688 639.934
746.977 775.007
747.267 637.984
747.557 675.416
747.847 705.255
748.137 591.547
748.427 610.471
748.717 539.384
749.006 406.527
749.296 573.284
749.586 632.433
749.876 735.671
750.166 649.036
750.456 604.835
750.746 648.371
751.036 541.602
751.325 682.339
751.615 672.050
751.905 615.124
752.195 631.757
752.485 577.775
752.775 631.424
753.065 577.388
753.355 722.551
753.644 749.596
753.934 666.530
754.224 669.892
754.514 854.317
754.804 577.650
755.094 442.262
755.384 532.550
755.674 625.848
755.963 684.040
756.253 664.664
756.543 743.253
756.833 760.845
757.123 685.801
757.413 616.156
757.703 555.872
757.992 514.684
758.282 580.450
758.572 524.769
758.862 483.580
759.152 591.136
759.442 577.507
759.732 640.417
760.022 736.916
760.311 615.945
760.601 459.021
760.891 634.088
761.181 680.704
761.471 611.990
761.761 499.834
762.051 511.936
762.341 683.470
762.630 766.754
762.920 628.805
763.210 584.093
763.500 636.896
763.793 544.265
764.086 592.620
764.379 626.246
764.671 724.855
764.964 657.467
765.257 649.436
765.550 672.940
765.843 510.659
766.136 582.248
766.429 523.797
766.722 555.512
767.014 527.807
767.307 412.545
767.600 480.034
767.893 499.688
768.186 483.576
768.479 600.528
768.772 730.586
769.064 677.175
769.357 640.256
769.650 619.749
769.943 774.227
770.236 662.461
770.529 545.202
770.822 624.856
771.115 702.494
771.407 729.455
771.700 728.463
771.993 720.124
772.286 648.778
772.579 673.343
772.872 598.762
773.165 596.763
773.457 652.223
773.750 667.024
774.043 568.151
774.336 593.994
774.629 672.450
774.922 675.163
775.215 568.217
775.508 573.131
775.800 559.492
776.093 689.981
776.386 699.363
776.679 599.379
776.972 587.311
777.265 803.843
777.558 911.702
777.850 732.912
778.143 630.416
778.436 661.247
778.729 669.644
779.022 697.801
779.315 598.319
779.608 521.953
779.900 554.130
780.193 602.387
780.486 621.879
780.779 577.139
781.072 507.438
781.365 601.243
781.658 626.963
781.951 577.782
782.243 661.810
782.536 678.215
782.829 597.909
783.122 583.869
783.415 672.567
783.708 728.751
784.001 720.743
784.293 751.852
784.586 692.998
784.879 721.070
785.172 678.321
785.465 528.716
785.758 583.842
786.051 655.000
786.344 713.705
786.636 877.598
786.929 704.441
787.222 623.622
787.515 634.401
787.808 642.140
788.101 586.212
788.394 749.064
788.686 850.978
788.979 774.844
789.272 741.118
789.565 716.442
789.858 606.676
790.151 501.404
790.444 508.412
790.737 553.936
791.029 519.911
791.322 643.679
791.615 580.240
791.908 617.379
792.201 597.816
792.494 634.124
792.787 674.344
793.079 764.762
793.372 711.227
793.665 727.903
793.958 678.068
794.251 658.143
794.544 745.151
794.837 807.724
795.130 642.235
795.422 640.256
795.715 705.077
796.008 738.729
796.301 638.667
796.594 583.901
796.887 709.414
797.180 687.205
797.472 514.737
797.765 454.931
798.058 589.951
798.351 581.581
798.644 554.676
798.937 569.646
799.230 596.982
799.523 934.581
799.815 839.879
800.108 589.645
800.401 502.920
800.694 614.215
800.987 567.754
801.280 673.798
801.573 784.702
801.865 722.779
802.158 655.205
802.451 599.332
802.744 593.358
803.037 640.279
803.330 604.969
803.623 743.102
803.915 715.172
804.208 574.043
804.501 641.273
804.794 658.304
805.087 558.660
805.380 454.584
805.673 474.163
805.966 640.344
806.258 631.982
806.551 655.354
806.844 628.259
807.137 665.086
807.430 514.834
807.723 521.877
808.016 739.762
808.308 729.193
808.601 585.172
808.894 552.159
809.187 587.976
809.480 625.628
809.773 593.858
810.066 656.843
810.359 709.886
810.651 672.987
810.944 453.573
811.237 447.991
811.530 616.521
811.825 569.684
812.119 504.542
812.414 458.138
812.709 617.201
813.003 616.440
813.298 594.597
813.593 649.514
813.887 589.154
814.182 908.822
814.476 799.098
814.771 705.712
815.066 637.985
815.360 536.741
815.655 513.381
815.950 529.177
816.244 534.278
816.539 708.673
816.834 710.726
817.128 722.690
817.423 751.529
817.718 909.267
818.012 694.643
818.307 470.585
818.602 591.500
818.896 660.491
819.191 596.435
819.486 577.081
819.780 721.276
820.075 864.161
820.369 812.188
820.664 592.546
820.959 710.572
821.253 753.810
821.548 640.870
821.843 707.636
822.137 743.729
822.432 705.709
822.727 634.509
823.021 610.133
823.316 765.434
823.611 818.360
823.905 689.976
824.200 564.801
824.495 621.913
824.789 737.961
825.084 759.326
825.379 660.985
825.673 637.410
825.968 718.138
826.262 685.014
826.557 679.773
826.852 749.130
827.146 705.619
827.441 640.198
827.736 693.970
828.030 667.091
828.325 471.068
828.620 700.381
828.914 818.036
829.209 676.679
829.504 839.659
829.798 796.626
830.093 613.979
830.388 564.310
830.682 489.810
830.977 619.856
831.271 700.500
831.566 569.968
831.861 587.581
832.155 600.744
832.450 697.648
832.745 771.073
833.039 655.657
833.334 533.709
833.629 606.687
833.923 564.639
834.218 556.790
834.513 584.603
834.807 587.269
835.102 516.396
835.397 561.754
835.691 581.189
835.986 542.321
836.281 495.686
836.575 515.761
836.870 579.219
837.164 602.281
837.459 549.947
837.754 591.952
838.048 574.532
838.343 484.019
838.638 587.043
838.932 601.191
839.227 615.224
839.522 675.158
839.816 624.500
840.111 557.259
840.406 548.466
840.700 744.989
840.995 880.626
841.290 898.171
841.584 690.904
841.879 687.652
842.174 650.412
842.468 603.301
842.763 499.866
843.057 658.608
843.352 715.618
843.647 717.317
843.941 618.733
844.236 620.599
844.531 671.137
844.825 637.660
845.120 737.070
845.415 798.769
845.709 647.672
846.004 746.950
846.299 604.375
846.593 737.438
846.888 746.394
847.183 653.390
847.477 599.965
847.772 688.514
848.066 692.720
848.361 676.088
848.656 693.977
848.950 712.720
849.245 849.705
849.540 708.986
849.834 823.215
850.129 816.145
850.424 688.508
850.718 677.819
851.013 757.143
851.308 697.734
851.602 737.932
851.897 787.975
852.192 876.880
852.486 690.464
852.781 566.766
853.076 762.656
853.370 781.248
853.665 855.632
853.959 844.560
854.254 671.433
854.549 876.832
854.843 794.841
855.138 692.610
855.433 802.824
855.727 835.866
856.022 721.941
856.317 707.595
856.611 824.258
856.906 736.199
857.201 764.535
857.495 897.065
857.790 906.132
858.085 785.078
858.379 709.225
858.674 553.855
858.969 504.474
859.263 653.091
859.558 650.946
859.852 583.594
860.147 674.432
860.442 773.873
860.736 564.385
861.031 724.340
861.326 788.643
861.620 621.510
861.915 738.592
862.210 744.810
862.504 608.324
862.799 709.154
863.094 748.083
863.388 649.904
863.683 628.018
863.978 570.920
864.272 609.730
864.567 624.612
864.861 587.714
865.156 518.538
865.451 443.590
865.745 642.799
866.040 730.973
866.335 710.941
866.629 760.633
866.924 610.612
867.219 589.926
867.513 745.015
867.808 680.957
868.103 613.366
868.397 641.096
868.692 676.176
868.987 626.060
869.281 542.148
869.576 614.678
869.871 738.198
870.165 615.624
870.460 498.488
870.754 571.067
871.049 515.381
871.344 636.154
871.638 656.986
871.933 544.372
872.228 614.714
872.522 602.711
872.817 691.361
873.112 882.175
873.406 713.750
873.701 733.273
873.996 707.513
874.290 627.069
874.585 587.027
874.880 681.522
875.174 611.857
875.469 587.122
875.764 648.342
876.058 625.548
876.353 496.837
876.647 511.734
876.942 542.923
877.237 541.375
877.531 582.775
877.826 666.119
878.121 617.652
878.415 604.730
878.710 550.939
879.005 710.588
879.299 614.339
879.594 569.919
879.889 484.807
880.183 468.898
880.478 538.687
880.773 541.426
881.067 595.413
881.362 628.734
881.656 518.906
881.951 555.473
882.246 504.082
882.540 535.421
882.835 499.028
883.130 538.984
883.424 550.333
883.719 511.860
884.014 613.478
884.308 535.516
884.603 506.818
884.898 556.175
885.192 610.685
885.487 590.821
885.782 519.864
886.076 604.371
886.371 597.011
886.666 401.867
886.960 498.290
887.255 456.672
887.549 439.779
887.844 680.182
888.139 735.414
888.433 662.940
888.728 525.893
889.023 523.238
889.317 598.560
889.612 489.979
889.907 518.758
890.201 586.024
890.496 598.778
890.791 591.191
891.085 582.735
891.380 564.209
891.675 540.865
891.969 586.811
892.264 510.379
892.559 481.738
892.853 648.103
893.148 544.847
893.442 501.605
893.737 596.413
894.032 538.628
894.326 440.839
894.621 465.518
894.916 425.373
895.210 474.347
895.505 571.019
895.800 511.409
896.094 439.024
896.389 484.929
896.684 478.299
896.978 498.186
897.273 446.026
897.568 557.831
897.862 633.488
898.157 591.057
898.451 662.386
898.746 599.563
899.041 655.019
899.335 651.485
899.630 567.851
899.925 544.328
900.219 586.852
900.514 659.775
900.809 553.004
901.103 424.144
901.398 590.228
901.693 517.014
901.987 529.961
902.282 691.564
902.577 550.969
902.871 426.601
903.166 567.936
903.461 627.381
903.755 610.077
904.050 564.235
904.344 456.640
904.639 480.454
904.934 501.541
905.228 523.135
905.523 441.602
905.818 452.924
906.112 612.393
906.407 547.623
906.702 471.768
906.996 557.168
907.291 568.780
907.586 553.266
907.880 701.013
908.175 626.204
908.470 603.486
908.764 676.516
909.059 722.089
909.354 637.650
909.648 535.958
909.943 540.533
910.237 637.597
910.532 703.852
910.827 752.441
911.121 675.158
911.416 615.746
911.711 647.005
912.005 652.810
912.300 611.588
912.599 691.000
912.898 570.750
913.196 615.946
913.495 674.397
913.794 750.009
914.093 607.260
914.391 568.399
914.690 646.491
914.989 621.893
915.288 700.613
915.586 644.922
915.885 526.289
916.184 451.300
916.483 459.752
916.782 585.625
917.080 635.446
917.379 596.162
917.678 545.837
917.977 716.581
918.275 730.513
918.574 682.317
918.873 732.356
919.172 685.234
919.471 542.006
919.769 557.864
920.068 516.914
920.367 546.621
920.666 553.533
920.964 582.920
921.263 506.018
921.562 493.490
921.861 683.703
922.159 640.422
922.458 604.543
922.757 558.651
923.056 578.421
923.355 586.985
923.653 668.287
923.952 616.844
924.251 505.256
924.550 692.955
924.848 673.279
925.147 605.914
925.446 578.747
925.745 680.304
926.043 674.697
926.342 612.792
926.641 583.414
926.940 626.302
927.239 617.135
927.537 719.638
927.836 696.812
928.135 651.582
928.434 709.826
928.732 669.876
929.031 702.648
929.330 723.586
929.629 698.361
929.927 692.600
930.226 635.118
930.525 650.242
930.824 701.295
931.123 620.869
931.421 776.268
931.720 729.218
932.019 728.079
932.318 764.204
932.616 685.863
932.915 668.756
933.214 703.486
933.513 705.151
933.812 670.288
934.110 707.568
934.409 781.104
934.708 674.166
935.007 926.011
935.305 906.846
935.604 653.526
935.903 741.122
936.202 833.575
936.500 957.689
936.799 1016.673
937.098 972.541
937.397 858.247
937.696 745.251
937.994 731.491
938.293 864.039
938.592 723.889
938.891 767.618
939.189 824.119
939.488 920.002
939.787 1107.811
940.086 931.882
940.384 984.440
940.683 885.846
940.982 737.741
941.281 860.390
941.580 1220.118
941.878 1177.048
942.177 907.207
942.476 944.526
942.775 909.074
943.073 742.888
943.372 750.609
943.671 952.968
943.970 1051.146
944.268 934.028
944.567 802.558
944.866 893.214
945.165 855.427
945.464 795.585
945.762 660.355
946.061 972.533
946.360 1056.118
946.659 1050.158
946.957 1019.999
947.256 946.062
947.555 916.600
947.854 915.317
948.153 806.255
948.451 765.450
948.750 848.919
949.049 795.157
949.348 1056.284
949.646 949.722
949.945 851.292
950.244 1006.900
950.543 967.991
950.841 834.840
951.140 790.635
951.439 650.653
951.738 695.118
952.037 764.843
952.335 911.190
952.634 923.112
952.933 785.408
953.232 778.314
953.530 570.425
953.829 810.809
954.128 951.468
954.427 871.095
954.725 996.601
955.024 927.912
955.323 902.870
955.622 745.467
955.921 654.919
956.219 791.655
956.518 696.882
956.817 746.499
957.116 790.895
957.414 755.088
957.713 631.835
958.012 548.926
958.311 547.544
958.610 764.632
958.908 845.855
959.207 785.969
959.506 806.362
959.805 841.342
960.103 805.209
960.402 783.010
960.701 664.865
961.000 583.143
961.298 624.213
961.597 775.398
961.896 734.865
962.195 735.235
962.494 785.902
962.792 706.780
963.091 691.810
963.390 673.055
963.689 647.528
963.987 730.681
964.286 810.330
964.585 825.367
964.884 766.291
965.182 598.197
965.481 958.641
965.780 1113.367
966.080 974.788
966.380 837.337
966.680 748.202
966.981 797.625
967.281 753.289
967.581 669.076
967.881 718.125
968.181 736.257
968.481 676.876
968.781 673.700
969.082 599.401
969.382 665.936
969.682 713.616
969.982 792.489
970.282 807.664
970.582 603.248
970.882 532.650
971.183 760.429
971.483 701.988
971.783 661.487
972.083 794.492
972.383 881.330
972.683 801.577
972.983 825.814
973.284 697.675
973.584 623.844
973.884 670.887
974.184 696.887
974.484 760.594
974.784 612.316
975.084 573.993
975.385 607.339
975.685 683.103
975.985 654.913
976.285 658.331
976.585 685.804
976.885 615.065
977.185 612.027
977.486 673.611
977.786 654.682
978.086 746.589
978.386 766.779
978.686 604.935
978.986 567.893
979.286 606.901
979.587 642.909
979.887 584.916
980.187 549.924
980.487 531.932
980.787 665.939
981.087 592.947
981.387 753.955
981.688 691.963
981.988 570.970
982.288 561.978
982.588 614.986
982.888 683.993
983.188 638.001
983.488 693.009
983.789 739.016
984.089 718.024
984.389 647.031
984.689 637.039
984.989 563.047
985.289 554.054
985.589 699.062
985.890 651.069
986.190 558.077
986.490 563.085
986.790 698.092
987.090 672.100
987.390 696.107
987.690 700.115
987.991 547.122
988.291 589.130
988.591 540.137
988.891 463.145
989.191 507.152
989.491 683.160
989.791 641.167
990.092 619.175
990.392 717.182
990.692 690.190
990.992 639.197
991.292 477.205
991.592 628.212
991.892 665.220
992.193 748.227
992.493 704.235
992.793 563.242
993.093 563.249
993.393 616.257
993.693 616.264
993.993 702.272
994.294 746.279
994.594 622.286
994.894 572.294
995.194 592.301
995.494 556.309
995.794 568.316
996.094 523.323
996.395 600.331
996.695 747.338
996.995 574.345
997.295 450.353
997.595 515.360
997.895 491.367
998.195 439.375
998.496 501.382
998.796 509.389
999.096 743.396
999.396 641.404
999.696 645.411
999.996 643.418
1000.296 743.426
1000.597 729.433
1000.897 615.440
1001.197 648.447
1001.497 806.454
1001.797 658.462
1002.097 558.469
1002.397 614.476
1002.698 600.483
1002.998 697.491
1003.298 696.498
1003.598 586.505
1003.898 536.512
1004.198 674.519
1004.498 769.526
1004.799 719.534
1005.099 717.541
1005.399 709.548
1005.699 763.555
1005.999 716.562
1006.299 586.569
1006.599 812.576
1006.900 784.583
1007.200 659.591
1007.500 692.598
1007.800 643.605
1008.100 574.612
1008.400 563.619
1008.700 583.626
1009.001 548.633
1009.301 571.640
1009.601 737.647
1009.901 798.654
1010.201 709.661
1010.501 659.668
1010.801 795.675
1011.102 626.682
1011.402 578.689
1011.702 516.696
1012.002 503.703
1012.302 626.710
1012.602 625.717
1012.902 648.724
1013.203 638.731
1013.503 672.738
1013.803 730.745
1014.103 580.752
1014.403 660.759
1014.703 603.766
1015.003 533.773
1015.304 732.780
1015.604 782.787
1015.904 542.794
1016.204 503.801
1016.504 585.807
1016.804 599.814
1017.104 533.821
1017.405 567.828
1017.705 564.835
1018.005 541.842
1018.305 580.849
1018.605 576.856
1018.905 449.862
1019.205 501.869
1019.506 825.876
1019.806 791.883
1020.106 653.890
1020.406 695.897
1020.706 685.903
1021.006 758.910
1021.306 833.917
1021.607 609.924
1021.907 719.931
1022.207 708.937
1022.507 556.944
1022.807 588.951
1023.107 609.958
1023.407 566.964
1023.708 642.971
1024.008 608.978
1024.308 649.985
1024.608 670.991
1024.908 531.998
1025.208 618.005
1025.508 791.012
1025.809 767.018
1026.109 623.025
1026.409 701.032
1026.709 676.038
1027.009 638.045
1027.309 688.052
1027.609 555.058
1027.910 523.065
1028.210 679.072
1028.510 782.078
1028.810 927.085
1029.110 872.092
1029.410 743.098
1029.710 813.105
1030.011 777.112
1030.311 784.118
1030.611 611.125
1030.911 653.131
1031.211 695.138
1031.511 587.145
1031.811 764.151
1032.112 758.158
1032.412 675.164
1032.712 520.171
1033.012 607.178
1033.312 805.184
1033.612 761.191
1033.912 659.197
1034.212 596.204
1034.513 578.210
1034.813 518.217
1035.113 632.223
1035.413 544.230
1035.713 613.236
1036.013 690.243
1036.313 657.249
1036.614 700.256
1036.914 614.262
1037.214 516.269
1037.514 651.275
1037.814 575.282
1038.114 563.288
1038.414 608.295
1038.715 732.301
1039.015 572.308
1039.315 443.314
1039.615 615.320
1039.915 589.327
1040.215 582.333
1040.515 606.340
1040.816 650.346
1041.116 613.353
1041.416 554.359
1041.716 520.365
1042.016 506.372
1042.316 655.378
1042.616 600.384
1042.917 577.391
1043.217 563.397
1043.517 600.404
1043.817 694.410
1044.117 649.416
1044.417 592.423
1044.717 533.429
1045.018 585.435
1045.318 717.442
1045.618 700.448
1045.918 644.454
1046.218 532.461
1046.518 554.467
1046.818 656.473
1047.119 587.479
1047.419 741.486
1047.719 687.492
1048.019 634.498
1048.319 710.505
1048.619 653.511
1048.919 667.517
1049.220 621.523
1049.520 738.530
1049.820 620.536
1050.120 489.542
1050.420 692.548
1050.720 658.555
1051.020 665.561
1051.321 679.567
1051.621 805.573
1051.921 660.579
1052.221 522.586
1052.521 497.592
1052.821 474.598
1053.121 629.604
1053.422 727.610
1053.722 757.617
1054.022 631.623
1054.322 772.629
1054.622 680.635
1054.922 564.641
1055.222 637.647
1055.523 682.653
1055.823 739.660
1056.123 757.666
1056.423 609.672
1056.723 698.678
1057.023 630.684
1057.323 488.690
1057.624 593.696
1057.924 676.702
1058.224 663.708
1058.524 543.715
1058.824 667.721
1059.124 640.727
1059.424 609.733
1059.725 683.739
1060.025 610.745
1060.325 660.751
1060.625 619.757
1060.925 566.763
1061.225 601.769
1061.525 741.775
1061.826 655.781
1062.126 618.787
1062.426 692.793
1062.726 752.799
1063.026 678.805
1063.326 842.811
1063.626 777.817
1063.927 704.823
1064.227 653.829
1064.527 511.835
1064.827 672.841
1065.127 622.847
1065.427 454.853
1065.727 535.859
1066.028 671.865
1066.328 676.871
1066.628 503.877
1066.928 507.883
1067.228 613.889
1067.528 579.895
1067.828 584.901
1068.129 474.906
1068.429 635.912
1068.729 755.918
1069.029 647.924
1069.329 551.930
1069.629 622.936
1069.929 693.942
1070.230 714.948
1070.530 687.954
1070.830 572.959
1071.130 675.965
1071.430 628.971
1071.730 661.977
1072.030 708.983
1072.331 527.989
1072.631 604.995
1072.931 681.000
1073.231 670.006
1073.531 616.012
1073.831 575.018
1074.131 681.024
1074.432 788.029
1074.732 655.035
1075.032 552.041
1075.332 544.047
1075.632 556.053
1075.932 524.058
1076.232 509.064
1076.533 545.070
1076.833 632.076
1077.133 584.082
1077.433 598.087
1077.733 591.093
1078.033 697.099
1078.333 676.105
1078.634 637.110
1078.934 647.116
1079.234 496.122
1079.534 672.127
1079.834 774.133
1080.134 686.139
1080.434 735.145
1080.735 712.150
1081.035 669.156
1081.335 540.162
1081.635 528.167
1081.935 590.173
1082.235 589.179
1082.535 594.184
1082.836 630.190
1083.136 631.196
1083.436 731.201
1083.736 729.207
1084.036 605.213
1084.336 509.218
1084.636 546.224
1084.937 733.230
1085.237 784.235
1085.537 664.241
1085.837 643.247
1086.137 593.252
1086.437 661.258
1086.737 602.263
1087.038 587.269
1087.338 684.275
1087.638 739.280
1087.938 566.286
1088.238 413.291
1088.538 582.297
1088.838 733.302
1089.139 709.308
1089.439 564.314
1089.739 710.319
1090.039 720.325
1090.339 764.330
1090.639 628.336
1090.939 640.341
1091.240 515.347
1091.540 609.352
1091.840 674.358
1092.140 716.363
1092.453 704.369
1092.766 623.375
1093.079 577.380
1093.392 658.386
1093.705 618.391
1094.018 596.397
1094.330 717.402
1094.643 686.407
1094.956 727.413
1095.269 610.418
1095.582 657.424
1095.895 609.429
1096.208 628.435
1096.521 682.440
1096.834 638.446
1097.147 586.451
1097.460 716.457
1097.773 749.462
1098.085 610.468
1098.398 560.473
1098.711 591.478
1099.024 499.484
1099.337 637.489
1099.650 736.495
1099.963 716.500
1100.276 597.505
1100.589 541.511
1100.902 638.516
1101.215 663.522
1101.528 697.527
1101.841 617.532
1102.153 635.538
1102.466 686.543
1102.779 543.548
1103.092 576.554
1103.405 652.559
1103.718 588.565
1104.031 581.570
1104.344 670.575
1104.657 666.581
1104.970 928.586
1105.283 739.591
1105.596 547.597
1105.909 590.602
1106.221 700.607
1106.534 676.612
1106.847 571.618
1107.160 490.623
1107.473 505.628
1107.786 613.634
1108.099 528.639
1108.412 560.644
1108.725 624.649
1109.038 471.655
1109.351 640.660
1109.664 688.665
1109.977 514.671
1110.289 554.676
1110.602 621.681
1110.915 651.686
1111.228 644.692
1111.541 517.697
1111.854 471.702
1112.167 429.707
1112.480 478.712
1112.793 536.718
1113.106 543.723
1113.419 645.728
1113.732 581.733
1114.044 533.739
1114.357 629.744
1114.670 618.749
1114.983 568.754
1115.296 579.759
1115.609 685.765
1115.922 662.770
1116.235 660.775
1116.548 640.780
1116.861 584.785
1117.174 587.790
1117.487 578.796
1117.800 756.801
1118.112 630.806
1118.425 548.811
1118.738 513.816
1119.051 542.821
1119.364 610.826
1119.677 655.831
1119.990 667.837
1120.303 647.842
1120.616 728.847
1120.929 601.852
1121.242 640.857
1121.555 633.862
1121.868 678.867
1122.180 680.872
1122.493 488.877
1122.806 528.883
1123.119 699.888
1123.432 684.893
1123.745 642.898
1124.058 556.903
1124.371 522.908
1124.684 649.913
1124.997 655.918
1125.310 626.923
1125.623 503.928
1125.935 425.933
1126.248 542.938
1126.561 658.943
1126.874 612.948
1127.187 697.953
1127.500 690.958
1127.813 648.963
1128.126 664.968
1128.439 714.973
1128.752 810.978
1129.065 586.983
1129.378 373.988
1129.691 583.993
1130.003 638.998
1130.316 615.003
1130.629 547.008
1130.942 565.013
1131.255 581.018
1131.568 503.023
1131.881 585.028
1132.194 660.033
1132.507 572.038
1132.820 527.043
1133.133 670.048
1133.446 561.053
1133.759 741.058
1134.071 1166.063
1134.384 830.068
1134.697 787.073
1135.010 902.078
1135.323 707.082
1135.636 527.087
1135.949 502.092
1136.262 525.097
1136.575 563.102
1136.888 613.107
1137.201 637.112
1137.514 639.117
1137.826 720.122
1138.139 566.127
1138.452 570.131
1138.765 834.136
1139.078 806.141
1139.391 762.146
1139.704 713.151
1140.017 719.156
1140.330 594.161
1140.643 550.165
1140.956 568.170
1141.269 631.175
1141.582 653.180
1141.894 535.185
1142.207 730.190
1142.520 702.194
1142.833 740.199
1143.146 642.204
1143.459 534.209
1143.772 583.214
1144.085 684.219
1144.398 623.223
1144.711 591.228
1145.024 550.233
1145.337 656.238
1145.650 704.242
1145.962 618.247
1146.275 667.252
1146.588 518.257
1146.901 709.262
1147.214 683.266
1147.527 576.271
1147.840 635.276
1148.153 575.281
1148.466 592.285
1148.779 589.290
1149.092 776.295
1149.405 653.300
1149.718 675.304
1150.030 725.309
1150.343 660.314
1150.656 552.319
1150.969 534.323
1151.282 788.328
1151.595 700.333
1151.908 599.337
1152.221 435.342
1152.534 473.347
1152.847 767.352
1153.160 632.356
1153.473 663.361
1153.785 706.366
1154.098 626.370
1154.411 720.375
1154.724 669.380
1155.037 771.384
1155.350 698.389
1155.663 716.394
1155.976 592.398
1156.289 645.403
1156.602 570.408
1156.915 516.412
1157.228 506.417
1157.541 578.422
1157.853 584.426
1158.166 616.431
1158.479 670.435
1158.792 623.440
1159.105 689.445
1159.418 640.449
1159.731 546.454
1160.044 577.459
1160.357 772.463
1160.670 714.468
1160.983 479.472
1161.296 601.477
1161.609 743.482
1161.921 611.486
1162.234 538.491
1162.547 485.495
1162.860 518.500
1163.173 508.504
1163.486 637.509
1163.799 642.514
1164.112 574.518
1164.425 592.523
1164.738 560.527
1165.051 498.532
1165.364 537.536
1165.676 607.541
1165.989 695.545
1166.302 615.550
1166.615 730.555
1166.928 700.559
1167.241 741.564
1167.554 716.568
1167.867 684.573
1168.180 584.577
1168.493 477.582
1168.806 589.586
1169.119 606.591
1169.432 686.595
1169.744 668.600
1170.057 655.604
1170.370 756.609
1170.683 719.613
1170.996 610.618
1171.309 603.622
1171.622 562.627
1171.935 581.631
1172.248 809.636
1172.561 780.640
1172.874 728.644
1173.187 724.649
1173.500 674.653
1173.812 714.658
1174.125 718.662
1174.438 689.667
1174.751 522.671
1175.064 548.676
1175.377 694.680
1175.690 611.684
1176.003 544.689
1176.316 618.693
1176.629 688.698
1176.942 618.702
1177.255 559.707
1177.567 476.711
1177.880 544.715
1178.193 684.720
1178.506 626.724
1178.819 720.729
1179.132 719.733
1179.445 564.737
1179.758 683.742
1180.071 682.746
1180.384 569.751
1180.697 617.755
1181.010 680.759
1181.323 842.764
1181.635 803.768
1181.948 699.772
1182.261 619.777
1182.574 597.781
1182.887 640.785
1183.200 778.790
1183.513 730.794
1183.826 618.798
1184.139 657.803
1184.452 638.807
1184.765 518.811
1185.078 480.816
1185.391 576.820
1185.703 559.824
1186.016 490.829
1186.329 459.833
1186.642 565.837
1186.955 745.842
1187.268 622.846
1187.581 666.850
1187.894 672.855
1188.207 698.859
1188.520 628.863
1188.833 641.867
1189.146 574.872
1189.459 461.876
1189.771 534.880
1190.084 652.885
1190.397 574.889
1190.710 662.893
1191.023 684.897
1191.336 634.902
1191.649 598.906
1191.962 605.910
1192.275 490.914
1192.588 644.919
1192.901 796.923
1193.214 641.927
1193.526 661.931
1193.839 701.936
1194.152 585.940
1194.465 659.944
1194.778 561.948
1195.091 614.952
1195.404 581.957
1195.717 568.961
1196.030 667.965
1196.343 592.969
1196.656 525.974
1196.969 593.978
1197.282 663.982
1197.594 702.986
1197.907 773.990
1198.220 729.994
1198.533 608.999
1198.846 568.003
1199.159 577.007
1199.472 642.011
1199.785 717.015
1200.098 558.020
1200.411 671.024
1200.724 650.028
1201.037 604.032
1201.350 507.036
1201.662 468.040
1201.975 618.044
1202.288 611.049
1202.601 236.053
