165.028 99.264
165.288 -0.066
165.547 46.608
165.807 157.285
166.067 49.965
166.327 -101.351
166.587 -67.664
166.847 89.026
167.107 151.720
167.367 164.417
167.627 205.117
167.886 149.820
168.146 77.526
168.406 249.235
168.666 227.947
168.926 139.662
169.186 152.381
169.446 123.102
169.706 2.826
169.966 123.553
170.225 203.283
170.485 218.015
170.745 223.751
171.005 397.489
171.265 248.230
171.525 166.974
171.785 59.720
172.045 44.470
172.305 203.221
172.564 187.975
172.824 54.732
173.084 185.492
173.344 131.254
173.604 154.018
173.864 291.785
174.124 221.554
174.384 171.326
174.644 212.099
174.903 338.876
175.163 395.654
175.423 443.435
175.683 200.218
175.943 248.003
176.203 199.791
176.463 160.580
176.723 121.372
176.983 180.166
177.242 236.962
177.502 357.760
177.762 342.559
178.022 132.361
178.282 143.165
178.542 129.971
178.802 98.778
179.062 85.588
179.322 281.399
179.581 317.212
179.841 175.027
180.101 285.843
180.361 272.661
180.621 227.481
180.881 190.303
181.141 152.126
181.401 144.951
181.661 243.777
181.920 307.605
182.180 233.435
182.440 160.265
182.700 123.098
182.960 157.932
183.220 185.767
183.480 349.603
183.740 259.441
184.000 208.281
184.259 62.121
184.519 166.963
184.779 190.806
185.039 264.650
185.299 347.496
185.559 325.343
185.819 310.190
186.079 303.039
186.339 238.889
186.598 199.740
186.858 145.592
187.118 103.446
187.378 217.300
187.638 270.155
187.898 346.011
188.158 326.868
188.418 177.725
188.678 110.584
188.937 230.444
189.197 297.304
189.457 293.165
189.717 238.027
189.977 147.889
190.237 161.753
190.497 323.617
190.757 265.482
191.017 201.347
191.276 114.213
191.536 165.079
191.796 175.947
192.056 180.814
192.316 232.682
192.576 201.551
192.836 160.420
193.096 157.290
193.356 104.160
193.616 148.031
193.875 190.902
194.135 198.773
194.395 317.645
194.655 345.517
194.915 280.389
195.175 263.261
195.435 331.134
195.695 102.007
195.955 -32.119
196.214 160.754
196.474 312.628
196.734 244.502
196.994 257.376
197.254 291.250
197.514 218.124
197.774 179.999
198.034 120.873
198.294 133.748
198.553 223.622
198.813 211.497
199.073 60.371
199.333 102.246
199.593 257.120
199.853 273.995
200.113 424.869
200.373 400.743
200.633 188.617
200.892 112.491
201.152 145.365
201.412 160.238
201.672 276.112
201.932 456.985
202.192 358.858
202.452 205.730
202.712 193.603
202.972 221.475
203.231 319.347
203.491 336.218
203.751 294.090
204.011 277.960
204.271 385.831
204.531 206.701
204.791 112.571
205.051 171.440
205.311 275.309
205.570 172.178
205.830 126.046
206.090 114.913
206.350 255.780
206.610 467.647
206.870 276.513
207.130 253.378
207.390 328.243
207.650 278.108
207.909 261.972
208.169 334.835
208.429 316.697
208.689 185.559
208.949 277.421
209.209 367.282
209.469 205.142
209.729 182.001
209.989 268.860
210.248 159.718
210.508 426.575
210.768 375.432
211.028 273.288
211.288 330.143
211.548 288.997
211.808 318.851
212.068 431.704
212.328 437.556
212.587 391.407
212.847 280.258
213.107 365.107
213.367 381.956
213.627 319.804
213.887 304.651
214.147 180.497
214.407 249.343
214.667 326.187
214.926 353.031
215.186 284.873
215.446 343.715
215.706 235.555
215.966 224.395
216.226 210.234
216.486 237.072
216.746 263.909
217.006 332.745
217.265 276.580
217.525 220.413
217.785 264.246
218.045 376.078
218.305 348.909
218.565 225.739
218.825 263.568
219.085 390.395
219.345 253.222
219.604 159.047
219.864 303.872
220.124 368.695
220.384 305.517
220.644 245.338
220.904 222.158
221.164 279.977
221.424 259.795
221.684 249.612
221.943 327.427
222.203 369.241
222.463 247.055
222.723 173.867
222.983 304.677
223.243 246.487
223.503 265.295
223.763 199.103
224.023 156.909
224.282 294.713
224.542 352.517
224.802 409.319
225.062 378.120
225.322 452.920
225.582 332.719
225.842 311.516
226.102 373.312
226.362 327.107
226.621 331.901
226.881 253.693
227.141 274.484
227.401 316.274
227.661 282.063
227.921 429.850
228.181 263.636
228.441 248.420
228.701 474.203
228.960 461.985
229.220 318.766
229.480 264.545
229.740 380.323
230.000 475.100
230.260 272.875
230.520 216.649
230.780 247.422
231.040 286.193
231.299 291.963
231.559 344.732
231.819 323.499
232.079 357.265
232.339 380.029
232.599 203.792
232.859 318.554
233.119 432.314
233.379 298.073
233.638 316.830
233.898 408.587
234.158 446.341
234.418 337.095
234.678 349.847
234.938 367.597
235.198 237.346
235.458 237.094
235.718 326.840
235.978 318.585
236.237 290.329
236.497 296.071
236.757 355.811
237.017 358.550
237.277 325.288
237.537 313.024
237.797 246.759
238.057 385.493
238.317 354.225
238.576 220.955
238.836 315.684
239.096 440.412
239.356 335.138
239.616 317.863
239.876 376.586
240.136 297.308
240.396 377.029
240.656 538.748
240.915 424.465
241.175 331.181
241.435 204.896
241.695 352.609
241.955 544.320
242.215 537.031
242.475 433.739
242.735 269.446
242.995 387.152
243.254 400.857
243.514 331.559
243.774 135.261
244.034 261.961
244.294 578.659
244.554 444.356
244.814 347.051
245.074 306.745
245.334 320.438
245.593 341.129
245.853 328.818
246.113 245.507
246.373 410.193
246.633 463.878
246.893 350.562
247.153 363.244
247.413 462.925
247.673 401.604
247.932 347.282
248.192 402.958
248.452 459.633
248.712 418.306
248.972 293.978
249.232 459.648
249.492 343.317
249.752 187.984
250.012 386.650
250.271 333.314
250.531 397.977
250.791 591.639
251.051 556.299
251.311 407.957
251.571 278.614
251.831 395.270
252.091 440.924
252.351 369.576
252.610 358.227
252.870 464.877
253.130 337.525
253.390 301.172
253.650 463.817
253.911 453.460
254.172 481.103
254.433 371.743
254.694 299.383
254.955 386.021
255.216 299.657
255.477 454.292
255.738 410.925
255.999 305.557
256.261 476.188
256.522 460.817
256.783 413.444
257.044 287.070
257.305 229.695
257.566 250.318
257.827 184.940
258.088 262.560
258.349 311.179
258.610 377.796
258.871 414.412
259.132 470.026
259.393 414.639
259.654 318.251
259.915 188.861
260.176 305.470
260.437 405.077
260.698 362.683
260.959 365.287
261.221 412.890
261.482 463.491
261.743 407.091
262.004 424.690
262.265 554.287
262.526 532.883
262.787 346.477
263.048 322.070
263.309 298.661
263.570 461.251
263.831 430.840
264.092 323.427
264.353 229.013
264.614 507.597
264.875 479.180
265.136 340.761
265.397 564.341
265.658 625.920
265.919 623.497
266.181 544.073
266.442 403.647
266.703 323.220
266.964 310.792
267.225 331.362
267.486 453.931
267.747 513.498
268.008 514.065
268.269 553.629
268.530 487.192
268.791 475.754
269.052 527.315
269.313 460.874
269.574 437.432
269.835 454.988
270.096 431.543
270.357 463.097
270.618 411.649
270.879 318.200
271.141 393.749
271.402 372.297
271.663 302.844
271.924 412.389
272.185 459.933
272.446 487.476
272.707 402.018
272.968 314.558
273.229 343.096
273.490 375.633
273.751 330.169
274.012 319.704
274.273 479.237
274.534 461.769
274.795 458.300
275.056 437.829
275.317 320.357
275.578 251.884
275.839 315.409
276.101 297.933
276.362 300.456
276.623 391.977
276.884 526.497
277.145 514.016
277.406 471.533
277.667 334.049
277.928 299.564
278.189 473.078
278.450 475.590
278.711 468.101
278.972 450.610
279.233 343.119
279.494 473.626
279.755 621.131
280.016 609.636
280.277 417.139
280.538 483.641
280.799 411.141
281.061 411.641
281.322 410.139
281.583 410.636
281.844 329.131
282.105 356.626
282.366 508.119
282.627 447.610
282.888 516.101
283.149 497.590
283.410 383.078
283.671 422.565
283.932 379.050
284.193 246.535
284.454 389.018
284.715 489.500
284.976 388.980
285.237 463.459
285.498 725.938
285.759 590.414
286.021 494.890
286.282 457.365
286.543 507.838
286.804 489.310
287.065 489.781
287.326 500.250
287.587 298.719
287.848 424.186
288.109 580.652
288.370 529.117
288.631 340.580
288.892 335.043
289.153 399.504
289.414 312.964
289.675 545.423
289.936 624.880
290.197 514.337
290.458 413.792
290.719 335.246
290.981 507.699
291.242 582.151
291.503 556.602
291.764 426.051
292.025 311.499
292.286 360.947
292.547 461.393
292.808 401.837
293.069 518.281
293.330 487.724
293.591 490.165
293.852 493.605
294.113 421.044
294.374 414.482
294.635 453.919
294.896 445.355
295.157 473.790
295.418 473.223
295.679 474.655
295.941 486.087
296.202 553.517
296.463 544.946
296.724 573.374
296.985 612.801
297.246 583.226
297.507 406.651
297.768 343.074
298.029 520.497
298.290 716.918
298.551 686.338
298.812 702.757
299.073 521.175
299.334 399.592
299.595 566.008
299.856 564.423
300.117 670.837
300.378 555.249
300.639 366.661
300.901 365.071
301.162 458.481
301.423 542.889
301.684 680.297
301.945 687.703
302.206 451.108
302.467 440.512
302.728 418.915
302.989 449.317
303.250 486.718
303.511 598.118
303.772 571.517
304.033 521.915
304.294 538.312
304.555 496.708
304.816 530.103
305.077 538.497
305.338 436.889
305.599 435.281
305.861 421.672
306.122 511.062
306.383 441.450
306.644 420.838
306.905 366.225
307.166 589.611
307.427 550.995
307.688 483.379
307.949 428.762
308.210 445.144
308.471 505.524
308.732 478.904
308.993 371.283
309.254 416.661
309.515 313.037
309.776 454.413
310.037 497.788
310.298 323.162
310.559 418.535
310.821 502.907
311.082 467.278
311.343 418.648
311.604 354.017
311.865 311.385
312.126 351.752
312.387 419.119
312.648 426.484
312.909 443.848
313.170 447.212
313.434 457.574
313.698 405.935
313.963 535.296
314.227 483.656
314.491 456.014
314.755 487.372
315.019 481.729
315.284 310.085
315.548 431.440
315.812 459.794
316.076 551.147
316.340 547.500
316.604 509.851
316.869 565.201
317.133 534.551
317.397 592.900
317.661 598.247
317.925 495.594
318.190 506.940
318.454 504.285
318.718 456.629
318.982 617.973
319.246 660.315
319.511 721.657
319.775 485.997
320.039 446.337
320.303 531.676
320.567 595.014
320.832 565.351
321.096 501.687
321.360 455.023
321.624 460.357
321.888 453.691
322.153 434.024
322.417 374.356
322.681 378.687
322.945 530.017
323.209 529.346
323.473 457.675
323.738 457.003
324.002 472.330
324.266 620.656
324.530 566.981
324.794 458.305
325.059 383.629
325.323 327.951
325.587 463.273
325.851 488.594
326.115 654.915
326.380 571.234
326.644 584.553
326.908 582.870
327.172 488.187
327.436 550.503
327.701 517.819
327.965 461.133
328.229 503.447
328.493 371.760
328.757 368.072
329.022 520.383
329.286 445.694
329.550 435.004
329.814 477.313
330.078 476.621
330.342 410.928
330.607 450.235
330.871 537.541
331.135 674.846
331.399 630.150
331.663 525.453
331.928 500.756
332.192 584.058
332.456 532.359
332.720 538.659
332.984 463.959
333.249 558.258
333.513 481.556
333.777 391.853
334.041 404.150
334.305 475.446
334.570 534.741
334.834 372.035
335.098 544.329
335.362 621.622
335.626 549.914
335.891 523.205
336.155 515.496
336.419 483.786
336.683 320.075
336.947 467.363
337.211 547.651
337.476 419.938
337.740 430.224
338.004 463.509
338.268 434.794
338.532 490.078
338.797 487.362
339.061 554.644
339.325 634.926
339.589 705.207
339.853 598.488
340.118 513.768
340.382 591.047
340.646 602.325
340.910 453.603
341.174 452.880
341.439 464.156
341.703 541.432
341.967 476.706
342.231 481.981
342.495 478.254
342.759 570.527
343.024 542.799
343.288 602.071
343.552 578.341
343.816 401.611
344.080 462.881
344.345 556.149
344.609 385.418
344.873 311.685
345.137 526.952
345.401 548.218
345.666 386.483
345.930 524.748
346.194 608.012
346.458 462.275
346.722 405.538
346.987 409.800
347.251 512.061
347.515 684.322
347.779 501.582
348.043 452.842
348.308 501.101
348.572 407.359
348.836 341.616
349.100 403.873
349.364 360.129
349.628 403.385
349.893 485.640
350.157 550.894
350.421 504.148
350.685 471.401
350.949 438.653
351.214 413.905
351.478 485.156
351.742 493.407
352.006 511.657
352.270 530.906
352.535 396.155
352.799 403.403
353.063 545.651
353.327 472.897
353.591 374.144
353.856 472.389
354.120 547.634
354.384 632.879
354.648 720.123
354.912 611.366
355.177 537.608
355.441 437.850
355.705 641.092
355.969 667.333
356.233 630.573
356.497 604.812
356.762 537.052
357.026 483.290
357.290 465.528
357.554 488.765
357.818 525.002
358.083 511.238
358.347 512.474
358.611 503.709
358.875 533.943
359.139 553.177
359.404 462.410
359.668 577.643
359.932 662.875
360.196 576.106
360.460 501.337
360.725 521.568
360.989 557.797
361.253 674.027
361.517 578.255
361.781 604.484
362.046 596.711
362.310 622.938
362.574 629.165
362.838 498.391
363.102 553.616
363.366 619.841
363.631 432.065
363.895 467.289
364.159 633.512
364.423 646.735
364.687 680.957
364.952 613.178
365.216 653.399
365.480 617.620
365.747 454.840
366.013 523.059
366.280 525.278
366.546 563.497
366.813 473.714
367.079 551.932
367.346 643.148
367.612 562.365
367.879 593.580
368.145 665.796
368.412 528.010
368.678 484.224
368.945 621.438
369.211 554.651
369.478 573.864
369.744 545.076
370.011 469.288
370.278 462.499
370.544 412.709
370.811 531.919
371.077 548.129
371.344 498.338
371.610 546.547
371.877 588.755
372.143 625.962
372.410 656.169
372.676 685.376
372.943 660.582
373.209 576.788
373.476 499.993
373.742 457.197
374.009 589.401
374.276 613.605
374.542 611.808
374.809 489.011
375.075 327.213
375.342 380.415
375.608 386.616
375.875 431.817
376.141 595.017
376.408 567.217
376.674 614.416
376.941 559.615
377.207 530.813
377.474 937.011
377.740 813.208
378.007 520.405
378.273 576.602
378.540 662.798
378.807 534.993
379.073 471.188
379.340 464.383
379.606 553.577
379.873 544.771
380.139 512.964
380.406 594.157
380.672 593.349
380.939 485.541
381.205 468.732
381.472 377.923
381.738 335.114
382.005 531.304
382.271 613.493
382.538 548.683
382.804 662.871
383.071 606.060
383.338 589.247
383.604 575.435
383.871 645.622
384.137 633.808
384.404 532.994
384.670 552.180
384.937 462.365
385.203 547.550
385.470 538.734
385.736 570.918
386.003 581.102
386.269 542.285
386.536 534.467
386.802 531.650
387.069 600.831
387.336 753.013
387.602 727.194
387.869 449.374
388.135 393.554
388.402 406.734
388.668 485.913
388.935 566.092
389.201 718.270
389.468 723.448
389.734 756.626
390.001 672.803
390.267 522.980
390.534 644.156
390.800 663.332
391.067 689.507
391.333 669.683
391.600 576.857
391.867 593.032
392.133 620.205
392.400 532.379
392.666 458.552
392.933 622.725
393.199 656.897
393.466 544.069
393.732 551.240
393.999 653.412
394.265 648.582
394.532 550.753
394.798 652.923
395.065 582.092
395.331 649.261
395.598 720.430
395.864 715.598
396.131 871.766
396.398 924.934
396.664 1017.101
396.931 1246.268
397.197 1550.434
397.464 1754.601
397.730 2221.766
397.997 2402.932
398.263 2481.096
398.530 2617.261
398.796 2832.425
399.063 2965.589
399.329 2958.752
399.596 3276.916
399.862 3247.078
400.129 3265.241
400.396 3244.402
400.662 2923.564
400.929 2935.725
401.195 2966.886
401.462 3023.047
401.728 3156.207
401.995 3192.366
402.261 3144.526
402.528 3283.685
402.794 3416.844
403.061 3605.002
403.327 3921.160
403.594 3947.317
403.860 3878.475
404.127 3965.632
404.393 4104.788
404.660 4168.944
404.931 4263.100
405.202 4437.255
405.473 4481.411
405.745 4767.565
406.016 5053.720
406.287 4928.874
406.558 4832.028
406.829 4877.181
407.100 4795.334
407.371 5126.487
407.642 5171.639
407.914 4975.791
408.185 4974.943
408.456 5020.094
408.727 5227.245
408.998 5199.396
409.269 5343.546
409.540 5377.696
409.811 5084.846
410.083 5050.995
410.354 4809.144
410.625 4523.293
410.896 4581.441
411.167 4643.589
411.438 4534.736
411.709 4220.884
411.981 4251.031
412.252 3817.177
412.523 3401.324
412.794 3450.470
413.065 3333.615
413.336 2928.761
413.607 2879.906
413.878 2737.051
414.150 2581.195
414.421 2267.339
414.692 2059.483
414.963 1994.626
415.234 2027.769
415.505 1882.912
415.776 1883.055
416.047 1745.197
416.319 1625.339
416.590 1390.480
416.861 1107.622
417.132 1153.762
417.403 1143.903
417.674 1061.043
417.945 882.183
418.217 830.323
418.488 925.462
418.759 787.602
419.030 672.740
419.301 680.879
419.572 756.017
419.843 745.155
420.114 643.292
420.386 664.430
420.657 783.567
420.928 684.703
421.199 612.840
421.470 609.976
421.741 557.111
422.012 563.247
422.283 499.382
422.555 555.517
422.826 695.652
423.097 782.786
423.368 694.920
423.639 543.054
423.910 642.187
424.181 618.320
424.453 538.453
424.724 799.585
424.995 851.718
425.266 714.850
425.537 668.981
425.808 748.113
426.079 821.244
426.350 771.375
426.622 739.505
426.893 808.636
427.164 760.766
427.435 695.895
427.706 721.025
427.977 725.154
428.248 704.283
428.519 782.411
428.791 658.540
429.062 807.668
429.333 719.795
429.604 611.923
429.875 776.050
430.146 855.177
430.417 822.304
430.689 779.430
430.960 609.556
431.231 627.682
431.502 855.808
431.773 863.933
432.044 689.058
432.315 840.183
432.586 822.307
432.858 767.432
433.129 652.556
433.400 669.679
433.671 724.803
433.942 676.926
434.213 494.049
434.484 547.172
434.755 701.294
435.027 543.416
435.298 573.538
435.569 646.660
435.840 604.781
436.116 608.902
436.391 689.023
436.667 722.144
436.942 754.264
437.218 765.384
437.493 752.504
437.769 786.623
438.045 699.743
438.320 666.862
438.596 720.981
438.871 685.099
439.147 633.218
439.422 587.336
439.698 550.453
439.974 581.571
440.249 733.688
440.525 736.805
440.800 529.922
441.076 614.039
441.351 786.155
441.627 863.271
441.903 755.387
442.178 532.503
442.454 498.618
442.729 786.733
443.005 629.848
443.281 712.963
443.556 817.077
443.832 744.191
444.107 599.305
444.383 585.419
444.658 645.532
444.934 528.646
445.210 722.759
445.485 788.871
445.761 760.984
446.036 723.096
446.312 764.208
446.587 778.320
446.863 592.432
447.139 618.543
447.414 681.654
447.690 732.765
447.965 756.876
448.241 642.986
448.516 675.096
448.792 683.206
449.068 687.316
449.343 715.425
449.619 601.535
449.894 655.644
450.170 636.753
450.445 803.861
450.721 877.970
450.997 604.078
451.272 722.186
451.548 739.293
451.823 687.401
452.099 804.508
452.375 696.615
452.650 646.722
452.926 724.829
453.201 774.935
453.477 1051.041
453.752 931.147
454.028 809.253
454.304 804.359
454.579 865.464
454.855 851.569
455.130 880.674
455.406 999.778
455.681 890.883
455.957 770.987
456.233 747.091
456.508 779.195
456.784 806.299
457.059 741.402
457.335 846.505
457.610 760.608
457.886 746.711
458.162 732.813
458.437 691.916
458.713 803.018
458.988 804.120
459.264 800.222
459.539 764.323
459.815 715.424
460.091 603.526
460.366 590.626
460.642 607.727
460.917 660.828
461.193 652.928
461.468 603.028
461.744 587.128
462.020 558.228
462.295 667.327
462.571 646.426
462.846 632.525
463.122 732.624
463.397 717.723
463.673 627.194
463.949 650.270
464.224 672.346
464.500 736.379
464.775 685.213
465.051 775.759
465.327 897.511
465.602 988.528
465.878 1042.560
466.153 949.799
466.429 1269.526
466.704 1521.848
466.980 1440.988
467.256 1512.084
467.531 1700.881
467.807 1758.793
468.082 1736.844
468.358 1681.147
468.633 1793.736
468.909 1786.803
469.185 1725.377
469.460 1839.884
469.736 1890.170
470.011 1638.503
470.287 1710.389
470.562 1774.416
470.838 1576.503
471.114 1629.704
471.389 1601.516
471.665 1592.107
471.940 1620.128
472.216 1522.043
472.491 1335.229
472.767 1316.393
473.043 1455.431
473.318 1474.794
473.594 1219.755
473.869 1167.172
474.145 1072.657
474.421 1011.712
474.696 983.320
474.972 878.508
475.247 882.554
475.523 922.480
475.798 905.164
476.074 809.629
476.350 761.859
476.625 753.553
476.901 786.264
477.176 775.371
477.452 702.445
477.727 728.985
478.003 607.400
478.279 761.961
478.554 877.905
478.830 849.386
479.105 819.325
479.381 799.313
479.656 698.997
479.932 756.128
480.208 887.030
480.483 875.099
480.759 860.020
481.034 734.997
481.310 727.004
481.585 759.900
481.861 777.124
482.137 694.857
482.412 704.305
482.688 738.118
482.963 823.722
483.239 862.061
483.514 631.685
483.790 742.507
484.066 980.612
484.341 773.131
484.617 727.579
484.892 806.813
485.168 817.842
485.443 716.715
485.719 732.703
485.995 794.825
486.270 752.495
486.546 670.970
486.821 617.640
487.097 597.747
487.373 654.439
487.648 809.728
487.924 818.846
488.199 616.748
488.475 451.800
488.750 495.112
489.026 650.733
489.302 638.056
489.577 563.981
489.853 620.316
490.128 816.282
490.404 776.424
490.679 569.067
490.955 824.700
491.231 944.036
491.506 816.858
491.782 663.967
492.057 634.042
492.333 745.666
492.608 667.467
492.884 671.459
493.160 552.163
493.435 601.363
493.711 724.971
493.986 674.388
494.262 662.381
494.537 612.459
494.813 661.224
495.089 603.994
495.364 641.399
495.640 729.885
495.915 712.281
496.191 847.618
496.467 815.032
496.742 686.045
497.018 713.143
497.293 662.874
497.569 727.835
497.844 713.511
498.120 800.716
498.396 768.651
498.671 735.727
498.947 845.039
499.222 838.997
499.498 820.007
499.773 963.367
500.049 978.325
500.325 940.455
500.600 1105.412
500.876 1124.612
501.151 1252.320
501.427 1353.051
501.702 1491.170
501.978 1531.446
502.254 1553.741
502.529 1466.740
502.805 1667.688
503.080 1848.880
503.356 1683.313
503.631 1718.422
503.907 1750.316
504.183 1641.079
504.458 1677.591
504.734 1585.979
505.009 1693.233
505.285 1662.633
505.560 1670.126
505.836 1632.417
506.112 1589.981
506.387 1486.816
506.663 1492.464
506.938 1402.547
507.214 1325.776
507.490 1447.742
507.765 1424.154
508.041 1395.973
508.316 1396.045
508.592 1179.812
508.867 1144.492
509.143 1244.921
509.419 1176.651
509.694 989.809
509.970 903.622
510.245 860.843
510.521 937.053
510.796 846.277
511.072 761.433
511.348 787.901
511.623 853.774
511.899 802.590
512.174 904.147
512.450 908.280
512.725 847.834
513.001 686.508
513.277 655.204
513.552 862.476
513.828 805.616
514.103 749.718
514.379 854.076
514.654 785.534
514.930 807.634
515.206 1085.614
515.481 1004.229
515.757 789.792
516.032 785.172
516.308 856.948
516.583 987.885
516.859 950.974
517.135 924.750
517.410 995.905
517.686 1079.547
517.961 1088.359
518.237 1019.388
518.513 996.183
518.788 1257.373
519.064 1346.709
519.339 1329.718
519.615 1350.700
519.890 1473.859
520.166 1539.940
520.442 1679.042
520.717 1697.393
520.993 1697.165
521.268 1653.247
521.544 1684.109
521.819 1570.466
522.095 1685.145
522.371 1800.563
522.646 1823.636
522.922 1900.496
523.197 1867.992
523.473 1952.391
523.748 1869.199
524.024 1812.802
524.300 1835.831
524.575 1833.022
524.851 1973.754
525.126 2017.818
525.402 2002.585
525.677 2073.460
525.953 1940.564
526.229 1855.539
526.504 1786.563
526.780 1956.044
527.055 1898.646
527.331 1944.640
527.606 2023.192
527.882 1949.546
528.158 1812.585
528.433 1966.797
528.709 1877.606
528.984 1851.754
529.260 1895.761
529.535 1895.921
529.811 1724.992
530.087 1652.338
530.362 1678.074
530.638 1738.117
530.913 1743.458
531.189 1682.459
531.465 1545.453
531.740 1505.460
532.016 1527.285
532.291 1520.575
532.567 1531.333
532.842 1537.207
533.118 1428.185
533.394 1497.592
533.669 1416.907
533.945 1210.741
534.220 1164.108
534.496 1287.988
534.771 1202.557
535.047 1209.643
535.323 1157.173
535.598 1164.883
535.874 1280.337
536.149 1234.727
536.425 1193.919
536.700 1234.095
536.976 1407.162
537.252 1726.560
537.527 1910.044
537.803 2224.444
538.078 2785.195
538.354 3062.539
538.629 3038.053
538.905 3160.158
539.181 3473.155
539.456 3689.190
539.732 4065.052
540.007 4281.299
540.283 4254.955
540.558 4221.197
540.834 4387.865
541.110 4474.445
541.385 4555.691
541.661 4698.322
541.936 4879.448
542.212 4894.372
542.488 4963.805
542.763 5159.105
543.039 5238.685
543.314 5355.805
543.590 5245.987
543.865 5226.183
544.141 5127.928
544.417 5010.805
544.692 4607.684
544.968 4617.670
545.243 4557.705
545.519 4282.133
545.794 4192.012
546.070 4256.680
546.348 4132.614
546.627 3940.689
546.905 4060.089
547.183 4054.067
547.461 3980.637
547.740 4006.512
548.018 3843.552
548.296 3771.270
548.575 3955.039
548.853 3978.927
549.131 4100.134
549.409 4318.344
549.688 4497.962
549.966 4713.294
550.244 4931.603
550.523 4892.082
550.801 4933.827
551.079 5138.695
551.357 5327.670
551.636 5381.748
551.914 5373.160
552.192 5266.704
552.471 5499.993
552.749 5636.992
553.027 5719.095
553.306 5944.597
553.584 6272.083
553.862 6323.932
554.140 6638.326
554.419 6858.834
554.697 7250.660
554.975 7508.784
555.254 7642.258
555.532 7552.816
555.810 7693.792
556.088 7817.127
556.367 7670.149
556.645 7506.124
556.923 7485.748
557.202 7397.863
557.480 7304.324
557.758 6953.934
558.036 6716.352
558.315 6487.523
558.593 6353.014
558.871 6161.390
559.150 5851.950
559.428 5690.946
559.706 5530.311
559.984 5448.768
560.263 5424.277
560.541 5097.235
560.819 4741.887
561.098 4522.241
561.376 4168.444
561.654 3652.147
561.932 3222.603
562.211 3032.022
562.489 2779.430
562.767 2506.178
563.046 2177.222
563.324 1927.581
563.602 1816.129
563.880 1655.125
564.159 1684.924
564.437 1613.367
564.715 1355.846
564.994 1153.399
565.272 1200.473
565.550 1059.389
565.828 956.807
566.107 1109.341
566.385 1097.111
566.663 961.749
566.942 898.359
567.220 974.296
567.498 1065.665
567.776 873.405
568.055 786.914
568.333 872.538
568.611 901.242
568.890 859.863
569.168 751.532
569.446 780.325
569.725 807.425
570.003 652.883
570.281 605.206
570.559 709.701
570.838 767.551
571.116 812.915
571.394 869.163
571.673 868.114
571.951 806.867
572.229 761.283
572.507 768.872
572.786 710.329
573.064 733.462
573.342 726.693
573.621 596.450
573.899 667.716
574.177 871.540
574.455 832.360
574.734 718.740
575.012 803.913
575.290 735.207
575.569 701.661
575.847 746.556
576.125 762.304
576.403 657.009
576.682 693.099
576.960 751.654
577.243 834.622
577.527 726.131
577.810 567.556
578.093 539.562
578.377 577.235
578.660 653.368
578.944 649.461
579.227 629.011
579.510 713.922
579.794 687.890
580.077 617.879
580.360 716.752
580.644 702.613
580.927 648.685
581.210 622.886
581.494 594.292
581.777 701.208
582.061 680.040
582.344 551.152
582.627 547.209
582.911 609.069
583.194 572.796
583.477 720.545
583.761 762.506
584.044 804.467
584.327 749.372
584.611 679.487
584.894 639.571
585.178 605.650
585.461 645.655
585.744 716.628
586.028 649.390
586.311 695.434
586.594 738.478
586.878 651.523
587.161 622.567
587.444 675.611
587.728 637.655
588.011 692.699
588.295 666.743
588.578 704.083
588.861 801.030
589.145 641.874
589.428 667.586
589.711 589.962
589.995 566.439
590.278 738.310
590.562 689.092
590.845 623.512
591.128 764.649
591.412 701.818
591.695 602.662
591.978 734.838
592.262 698.652
592.545 549.745
592.828 724.987
593.112 611.645
593.395 576.792
593.679 506.539
593.962 645.027
594.245 694.179
594.529 610.639
594.812 490.790
595.095 449.529
595.379 669.135
595.662 774.216
595.945 644.393
596.229 541.613
596.512 598.007
596.796 637.294
597.079 691.160
597.362 752.587
597.646 770.677
597.929 677.741
598.212 706.757
598.496 717.667
598.779 804.858
599.062 921.384
599.346 705.236
599.629 603.989
599.913 632.006
600.196 689.189
600.479 749.575
600.763 681.388
601.046 553.245
601.329 653.239
601.613 728.350
601.896 690.042
602.179 700.209
602.463 690.426
602.746 779.857
603.030 823.119
603.313 776.227
603.596 652.616
603.880 740.251
604.163 734.408
604.446 686.715
604.730 616.235
605.013 723.304
605.296 769.105
605.580 723.111
605.863 791.710
606.147 708.498
606.430 693.845
606.713 773.440
606.997 707.635
607.280 905.611
607.563 811.716
607.847 737.648
608.130 738.152
608.414 776.607
608.697 747.291
608.980 756.876
609.264 854.715
609.547 775.562
609.830 777.559
610.114 760.947
610.397 789.388
610.680 783.762
610.964 758.866
611.247 754.982
611.531 700.805
611.814 586.025
612.097 642.000
612.381 897.290
612.664 1013.027
612.947 797.167
613.231 754.025
613.514 798.025
613.797 921.835
614.081 930.713
614.364 871.811
614.648 852.202
614.931 811.964
615.214 796.284
615.498 823.653
615.781 881.588
616.064 867.845
616.348 1002.725
616.631 1019.513
616.914 1037.248
617.198 928.947
617.481 873.811
617.765 942.757
618.048 1015.788
618.331 936.851
618.615 915.087
618.898 1015.914
619.181 933.935
619.465 870.602
619.748 808.324
620.031 791.339
620.315 794.142
620.598 856.475
620.882 912.972
621.165 1040.159
621.448 933.834
621.732 860.172
622.015 795.532
622.298 763.256
622.582 796.989
622.865 753.865
623.148 707.947
623.432 831.523
623.715 733.461
623.999 876.393
624.282 863.253
624.565 916.334
624.849 773.513
625.132 666.238
625.415 934.419
625.699 964.661
625.982 840.580
626.265 701.770
626.549 712.209
626.832 822.346
627.116 842.584
627.399 663.832
627.682 664.545
627.966 668.947
628.249 674.346
628.532 638.527
628.816 806.790
629.099 767.941
629.383 762.202
629.666 675.800
629.949 595.130
630.233 615.850
630.516 693.340
630.799 718.709
631.083 655.473
631.366 654.217
631.649 567.372
631.933 511.023
632.216 674.916
632.500 726.215
632.783 695.978
633.066 659.779
633.350 732.296
633.633 780.850
633.916 776.918
634.200 692.262
634.483 692.590
634.766 715.471
635.050 701.078
635.333 596.733
635.617 606.078
635.900 773.681
636.183 836.583
636.467 727.128
636.750 798.430
637.033 854.122
637.317 791.536
637.600 733.493
637.883 774.150
638.167 827.865
638.450 823.537
638.734 772.070
639.017 858.243
639.300 857.338
639.584 795.763
639.867 981.949
640.150 913.692
640.434 920.272
640.717 945.611
641.000 869.006
641.284 917.635
641.567 887.654
641.851 972.862
642.134 1079.484
642.417 1024.300
642.701 1134.737
642.984 1161.744
643.267 1101.216
643.551 920.535
643.834 916.743
644.117 1003.930
644.401 890.562
644.684 995.559
644.968 1144.877
645.251 1072.539
645.534 965.627
645.818 968.472
646.101 1114.013
646.384 1190.099
646.668 1253.979
646.951 1234.291
647.235 1342.624
647.518 1342.654
647.801 1506.218
648.085 1677.603
648.368 1767.556
648.651 1752.548
648.935 1959.268
649.218 2192.820
649.501 2210.939
649.785 2373.670
650.068 2657.424
650.352 2769.500
650.635 2964.019
650.918 3079.436
651.202 3422.196
651.485 3837.632
651.768 4020.017
652.052 4182.163
652.335 4513.009
652.618 4887.334
652.902 5304.398
653.185 5761.744
653.469 5949.078
653.752 6143.539
654.035 6404.181
654.319 6681.262
654.602 6854.852
654.885 6894.715
655.169 7038.732
655.452 6960.099
655.735 7108.193
656.019 7293.877
656.302 7276.171
656.586 7462.196
656.869 7684.613
657.152 7503.651
657.436 7575.552
657.719 7905.135
658.002 7928.087
658.286 7820.975
658.569 7584.392
658.852 7448.658
659.136 7273.965
659.419 6929.833
659.703 6541.031
659.986 6361.366
660.269 6230.901
660.553 6080.290
660.836 6026.459
661.119 6122.017
661.403 6029.628
661.686 5858.723
661.969 5771.266
662.253 5590.634
662.536 5543.916
662.820 5511.403
663.103 5369.445
663.386 5390.773
663.670 5426.300
663.953 5131.945
664.236 5233.425
664.520 5178.744
664.803 5185.866
665.086 5139.148
665.370 5135.266
665.653 5077.545
665.937 5083.738
666.220 5075.654
666.503 4918.483
666.787 4798.837
667.070 4597.238
667.353 4466.170
667.637 4317.181
667.920 4175.222
668.204 3662.053
668.487 3313.150
668.770 3111.869
669.054 2655.686
669.337 2370.961
669.620 2163.039
669.904 1888.971
670.187 1772.679
670.470 1806.150
670.754 1582.709
671.037 1357.959
671.321 1230.962
671.604 1395.849
671.887 1384.000
672.171 1267.346
672.454 1243.584
672.737 1198.005
673.021 1149.006
673.304 1153.295
673.587 1374.063
673.871 1323.421
674.154 1248.864
674.438 1283.064
674.721 1243.010
675.004 1206.252
675.288 1114.717
675.571 1176.656
675.854 1181.833
676.138 1182.049
676.421 1155.434
676.704 1097.772
676.988 1315.450
677.271 1471.796
677.555 1358.558
677.838 1275.857
678.121 1173.327
678.405 1069.160
678.688 1107.490
678.971 867.078
679.255 1033.081
679.538 1164.852
679.821 1110.938
680.105 954.280
680.388 898.234
680.672 877.366
680.955 874.276
681.238 882.497
681.522 846.265
681.805 882.309
682.088 962.668
682.372 976.213
682.655 857.218
682.938 949.104
683.222 971.052
683.505 860.287
683.789 912.562
684.072 921.994
684.355 941.936
684.639 940.920
684.922 801.073
685.205 784.399
685.489 958.748
685.772 1008.890
686.056 975.454
686.339 984.896
686.622 751.134
686.906 728.197
687.189 899.414
687.472 1003.826
687.756 891.232
688.039 814.945
688.322 776.350
688.606 962.181
688.889 955.945
689.173 866.202
689.456 914.246
689.739 947.676
690.023 952.971
690.306 917.545
690.589 895.783
690.873 1016.625
691.156 1042.667
691.439 936.554
691.723 836.685
692.006 919.875
692.290 966.846
692.573 1047.903
692.856 1146.276
693.140 1117.287
693.423 975.370
693.706 841.692
693.990 927.878
694.273 937.277
694.556 1080.814
694.840 1179.250
695.123 1070.620
695.407 1045.805
695.690 987.034
695.973 1007.665
696.257 1057.117
696.540 1207.290
696.830 1141.326
697.120 1133.130
697.410 1169.980
697.699 1137.011
697.989 1335.667
698.279 1225.267
698.569 1079.570
698.859 1224.063
699.149 1268.620
699.439 1150.904
699.729 1144.653
700.018 1169.168
700.308 1258.725
700.598 1116.038
700.888 1023.230
701.178 1260.795
701.468 1254.470
701.758 1126.577
702.048 1151.471
702.337 1091.993
702.627 1243.194
702.917 1188.728
703.207 1021.202
703.497 1011.145
703.787 916.686
704.077 943.789
704.366 945.935
704.656 847.718
704.946 816.199
705.236 732.491
705.526 875.496
705.816 938.395
706.106 667.293
706.396 698.525
706.685 694.482
706.975 622.013
707.265 588.098
707.555 777.969
707.845 727.888
708.135 567.356
708.425 532.101
708.715 572.216
709.004 751.516
709.294 734.741
709.584 760.928
709.874 799.413
710.164 722.513
710.454 638.984
710.744 596.915
711.034 692.011
711.323 701.498
711.613 619.828
711.903 766.735
712.193 806.089
712.483 690.084
712.773 670.442
713.063 689.757
713.352 683.531
713.642 674.398
713.932 768.714
714.222 783.793
714.512 719.823
714.802 666.668
715.092 756.807
715.382 673.160
715.671 644.856
715.961 689.878
716.251 569.476
716.541 597.824
716.831 690.541
717.121 572.565
717.411 686.323
717.701 749.503
717.990 678.711
718.280 612.489
718.570 581.947
718.860 587.139
719.150 582.946
719.440 567.144
719.730 586.809
720.019 859.172
720.309 719.613
720.599 606.931
720.889 621.511
721.179 705.743
721.469 746.671
721.759 630.438
722.049 737.842
722.338 622.810
722.628 632.674
722.918 654.161
723.208 727.556
723.498 590.077
723.788 615.690
724.078 826.491
724.368 740.353
724.657 615.384
724.947 750.039
725.237 752.715
725.527 726.674
725.817 651.742
726.107 593.693
726.397 586.944
726.686 589.867
726.976 668.225
727.266 734.010
727.556 613.141
727.846 730.890
728.136 736.974
728.426 591.137
728.716 526.235
729.005 758.814
729.295 672.595
729.585 521.495
729.875 494.342
730.165 552.069
730.455 654.902
730.745 677.889
731.035 622.570
731.324 746.370
731.614 709.020
731.904 606.717
732.194 744.736
732.484 654.041
732.774 590.832
733.064 614.199
733.354 509.162
733.643 583.843
733.933 614.484
734.223 588.189
734.513 736.358
734.803 777.097
735.093 652.239
735.383 629.459
735.672 683.191
735.962 708.032
736.252 507.946
736.542 575.563
736.832 621.617
737.122 557.541
737.412 622.268
737.702 696.500
737.991 685.726
738.281 634.981
738.571 620.625
738.861 585.450
739.151 580.549
739.441 674.394
739.731 603.617
740.021 648.177
740.310 778.028
740.600 788.688
740.890 556.612
741.180 578.462
741.470 614.020
741.760 679.193
742.050 775.956
742.339 701.349
742.629 620.261
742.919 788.432
743.209 558.424
743.499 484.812
743.789 527.887
744.079 634.837
744.369 695.555
744.658 591.899
744.948 409.155
745.238 585.002
745.528 625.656
745.818 767.170
746.108 754.293
746.398 726.263
746.688 642.867
746.977 800.782
747.267 710.434
747.557 710.166
747.847 773.804
748.137 708.922
748.427 636.305
748.717 531.381
749.006 434.355
749.296 582.218
749.586 656.285
749.876 730.663
750.166 617.137
750.456 616.775
750.746 679.287
751.036 550.564
751.325 690.304
751.615 697.007
751.905 691.033
752.195 701.743
752.485 633.763
752.775 668.451
753.065 648.450
753.355 749.571
753.644 711.552
753.934 652.470
754.224 658.856
754.514 842.268
754.804 597.712
755.094 457.310
755.384 514.501
755.674 615.824
755.963 718.150
756.253 723.910
756.543 759.312
756.833 737.742
757.123 682.804
757.413 660.394
757.703 613.177
757.992 556.914
758.282 640.712
758.572 647.405
758.862 584.107
759.152 650.458
759.442 678.941
759.732 739.944
760.022 798.254
760.311 664.267
760.601 513.381
760.891 694.486
761.181 720.943
761.471 696.536
761.761 598.566
762.051 595.564
762.341 751.925
762.630 818.159
762.920 694.311
763.210 637.570
763.500 655.074
763.793 599.705
764.086 630.942
764.379 641.392
764.671 767.166
764.964 688.713
765.257 714.889
765.550 717.357
765.843 516.771
766.136 583.322
766.429 571.243
766.722 623.053
767.014 593.270
767.307 473.040
767.600 511.326
767.893 598.554
768.186 579.419
768.479 599.599
768.772 720.585
769.064 697.418
769.357 607.106
769.650 581.527
769.943 811.574
770.236 733.042
770.529 613.840
770.822 628.979
771.115 675.368
771.407 793.121
771.700 782.040
771.993 806.080
772.286 710.431
772.579 706.709
772.872 553.501
773.165 565.616
773.457 660.392
773.750 665.113
774.043 618.713
774.336 612.286
774.629 682.642
774.922 712.612
775.215 597.594
775.508 615.543
775.800 594.820
776.093 690.100
776.386 721.617
776.679 631.727
776.972 655.914
777.265 868.419
777.558 934.967
777.850 772.236
778.143 714.967
778.436 696.590
778.729 705.957
779.022 679.844
779.315 583.380
779.608 566.312
779.900 586.430
780.193 621.623
780.486 638.085
780.779 606.369
781.072 508.584
781.365 641.509
781.658 669.279
781.951 570.903
782.243 638.914
782.536 677.363
782.829 682.400
783.122 637.237
783.415 599.504
783.708 693.804
784.001 707.863
784.293 691.832
784.586 741.256
784.879 761.313
785.172 666.474
785.465 583.993
785.758 647.136
786.051 672.203
786.344 721.876
786.636 903.796
786.929 725.635
787.222 655.894
787.515 599.543
787.808 596.364
788.101 570.407
788.394 756.238
788.686 869.142
788.979 814.028
789.272 765.279
789.565 705.650
789.858 567.942
790.151 537.557
790.444 514.597
790.737 550.128
791.029 551.043
791.322 661.838
791.615 643.248
791.908 660.534
792.201 669.871
792.494 625.352
792.787 681.518
793.079 807.837
793.372 714.420
793.665 697.202
793.958 624.437
794.251 671.313
794.544 784.206
794.837 888.693
795.130 727.194
795.422 641.468
795.715 670.397
796.008 677.071
796.301 670.758
796.594 624.958
796.887 630.950
797.180 634.586
797.472 535.898
797.765 504.010
798.058 621.054
798.351 584.800
798.644 559.891
798.937 507.066
799.230 579.286
799.523 965.722
799.815 860.055
800.108 571.936
800.401 521.104
800.694 658.367
800.987 538.085
801.280 637.078
801.573 762.968
801.865 762.984
802.158 625.512
802.451 518.742
802.744 559.676
803.037 603.604
803.330 570.257
803.623 726.390
803.915 702.454
804.208 558.316
804.501 601.492
804.794 644.550
805.087 612.922
805.380 501.941
805.673 519.473
805.966 683.652
806.258 632.249
806.551 707.831
806.844 651.622
807.137 719.629
807.430 571.332
807.723 555.284
808.016 750.078
808.308 747.579
808.601 600.511
808.894 547.409
809.187 623.505
809.480 687.279
809.773 628.313
810.066 670.208
810.359 756.497
810.651 722.722
810.944 460.920
811.237 521.946
811.530 712.678
811.825 613.413
812.119 544.192
812.414 463.481
812.709 644.772
813.003 687.591
813.298 575.688
813.593 656.910
813.887 654.236
814.182 901.015
814.476 833.925
814.771 852.214
815.066 734.940
815.360 595.997
815.655 569.590
815.950 593.583
816.244 633.272
816.539 744.670
816.834 693.717
817.128 697.502
817.423 780.394
817.718 1006.730
818.012 783.176
818.307 482.184
818.602 610.273
818.896 687.517
819.191 626.574
819.486 586.685
819.780 725.732
820.075 895.460
820.369 867.338
820.664 690.197
820.959 720.233
821.253 747.938
821.548 648.472
821.843 753.676
822.137 766.949
822.432 706.062
822.727 664.060
823.021 626.147
823.316 790.871
823.611 801.966
823.905 633.675
824.200 546.218
824.495 680.297
824.789 738.329
825.084 716.492
825.379 655.027
825.673 677.909
825.968 734.386
826.262 674.798
826.557 727.974
826.852 790.911
827.146 759.079
827.441 664.970
827.736 675.245
828.030 663.226
828.325 511.794
828.620 742.170
828.914 841.805
829.209 627.281
829.504 812.479
829.798 802.309
830.093 649.256
830.388 583.732
830.682 495.485
830.977 730.778
831.271 795.434
831.566 615.342
831.861 625.555
832.155 622.968
832.450 692.867
832.745 774.561
833.039 683.801
833.334 582.160
833.629 639.600
833.923 568.061
834.218 523.009
834.513 555.964
834.807 588.656
835.102 529.669
835.397 592.745
835.691 513.731
835.986 548.603
836.281 528.396
836.575 516.151
836.870 555.195
837.164 625.155
837.459 539.598
837.754 557.189
838.048 574.927
838.343 550.039
838.638 593.330
838.932 645.928
839.227 594.897
839.522 617.091
839.816 557.315
840.111 601.672
840.406 631.211
840.700 712.109
840.995 888.148
841.290 847.525
841.584 779.448
841.879 827.404
842.174 694.463
842.468 634.046
842.763 538.085
843.057 666.465
843.352 691.629
843.647 683.586
843.941 700.914
844.236 745.523
844.531 755.301
844.825 696.055
845.120 766.085
845.415 810.273
845.709 765.410
846.004 810.839
846.299 649.506
846.593 772.644
846.888 795.258
847.183 634.721
847.477 557.575
847.772 679.937
848.066 715.952
848.361 668.623
848.656 685.364
848.950 683.518
849.245 758.685
849.540 648.861
849.834 846.641
850.129 874.003
850.424 725.768
850.718 653.054
851.013 715.139
851.308 709.740
851.602 769.457
851.897 857.549
852.192 923.333
852.486 755.139
852.781 668.098
853.076 787.242
853.370 838.988
853.665 873.328
853.959 827.970
854.254 679.948
854.549 876.228
854.843 783.987
855.138 665.934
855.433 707.097
855.727 856.764
856.022 705.529
856.317 710.390
856.611 780.877
856.906 701.943
857.201 803.189
857.495 906.552
857.790 867.564
858.085 782.275
858.379 737.509
858.674 612.107
858.969 577.075
859.263 634.845
859.558 603.025
859.852 597.319
860.147 707.865
860.442 830.148
860.736 583.440
861.031 744.420
861.326 840.156
861.620 654.408
861.915 754.197
862.210 817.234
862.504 657.039
862.799 773.653
863.094 806.063
863.388 668.484
863.683 642.338
863.978 602.044
864.272 667.105
864.567 634.588
864.861 631.178
865.156 582.677
865.451 468.054
865.745 663.018
866.040 767.621
866.335 750.605
866.629 796.142
866.924 665.500
867.219 658.009
867.513 770.058
867.808 661.139
868.103 621.998
868.397 642.636
868.692 678.724
868.987 633.652
869.281 606.996
869.576 715.405
869.871 774.761
870.165 581.255
870.460 519.931
870.754 619.307
871.049 553.606
871.344 627.770
871.638 685.153
871.933 599.086
872.228 604.414
872.522 629.761
872.817 755.488
873.112 965.872
873.406 748.422
873.701 810.873
873.996 770.357
874.290 625.651
874.585 587.555
874.880 692.719
875.174 634.628
875.469 571.225
875.764 649.836
876.058 590.397
876.353 487.767
876.647 492.090
876.942 599.115
877.237 621.330
877.531 631.967
877.826 675.228
878.121 640.994
878.415 563.473
878.710 569.460
879.005 733.801
879.299 659.164
879.594 604.313
879.889 488.155
880.183 468.489
880.478 563.537
880.773 598.910
881.067 557.730
881.362 585.541
881.656 549.090
881.951 586.555
882.246 511.996
882.540 547.008
882.835 533.562
883.130 566.140
883.424 603.057
883.719 546.207
884.014 614.915
884.308 549.703
884.603 490.995
884.898 502.352
885.192 650.053
885.487 598.573
885.782 533.002
886.076 664.248
886.371 628.954
886.666 431.091
886.960 506.880
887.255 517.180
887.549 521.628
887.844 703.050
888.139 751.983
888.433 675.922
888.728 549.509
889.023 595.701
889.317 636.321
889.612 544.537
889.907 592.738
890.201 653.810
890.496 677.114
890.791 613.805
891.085 554.139
891.380 549.736
891.675 560.832
891.969 598.828
892.264 508.268
892.559 529.009
892.853 656.582
893.148 584.218
893.442 573.507
893.737 669.260
894.032 564.716
894.326 482.787
894.621 517.159
894.916 449.723
895.210 518.060
895.505 643.117
895.800 596.835
896.094 500.469
896.389 517.248
896.684 536.266
896.978 518.151
897.273 463.374
897.568 606.967
897.862 657.028
898.157 610.176
898.451 700.992
898.746 691.267
899.041 724.661
899.335 624.583
899.630 559.543
899.925 608.659
900.219 663.584
900.514 710.912
900.809 554.456
901.103 432.700
901.398 627.203
901.693 531.827
901.987 499.334
902.282 609.318
902.577 506.936
902.871 432.519
903.166 587.241
903.461 671.703
903.755 633.886
904.050 615.887
904.344 502.998
904.639 529.463
904.934 537.129
905.228 583.069
905.523 480.057
905.818 503.058
906.112 674.239
906.407 602.361
906.702 537.457
906.996 588.471
907.291 570.280
907.586 513.097
907.880 690.709
908.175 665.892
908.470 630.447
908.764 705.270
909.059 754.566
909.354 703.033
909.648 550.260
909.943 532.005
910.237 691.268
910.532 731.958
910.827 777.797
911.121 717.053
911.416 653.123
911.711 674.273
912.005 658.029
912.300 615.895
912.599 706.421
912.898 619.474
913.196 624.918
913.495 677.804
913.794 738.553
914.093 651.526
914.391 676.004
914.690 698.428
914.989 637.465
915.288 743.223
915.586 704.435
915.885 559.697
916.184 476.329
916.483 486.658
916.782 581.567
917.080 658.645
917.379 674.019
917.678 598.321
917.977 734.243
918.275 771.844
918.574 733.254
918.873 688.376
919.172 683.987
919.471 595.894
919.769 581.402
920.068 536.678
920.367 536.758
920.666 563.806
920.964 631.666
921.263 567.382
921.562 520.225
921.861 667.922
922.159 578.054
922.458 578.064
922.757 592.406
923.056 569.340
923.355 565.146
923.653 699.338
923.952 689.316
924.251 580.753
924.550 707.443
924.848 739.195
925.147 605.625
925.446 579.450
925.745 693.932
926.043 613.651
926.342 590.525
926.641 571.126
926.940 657.107
927.239 685.257
927.537 739.551
927.836 673.245
928.135 654.337
928.434 744.091
928.732 703.261
929.031 745.349
929.330 773.555
929.629 718.629
929.927 676.865
930.226 620.337
930.525 619.809
930.824 734.375
931.123 673.929
931.421 734.052
931.720 674.019
932.019 759.603
932.318 763.914
932.616 677.008
932.915 652.301
933.214 696.687
933.513 711.401
933.812 680.971
934.110 692.892
934.409 869.994
934.708 785.354
935.007 991.398
935.305 936.327
935.604 671.804
935.903 844.223
936.202 884.274
936.500 930.999
936.799 1050.380
937.098 1019.078
937.397 950.541
937.696 808.217
937.994 788.635
938.293 866.294
938.592 745.779
938.891 805.743
939.189 897.507
939.488 999.392
939.787 1092.421
940.086 909.376
940.384 965.987
940.683 889.716
940.982 750.139
941.281 909.826
941.580 1199.739
941.878 1188.223
942.177 948.823
942.476 1000.940
942.775 898.471
943.073 686.733
943.372 722.397
943.671 1011.267
943.970 1097.648
944.268 1005.422
944.567 853.381
944.866 932.342
945.165 922.236
945.464 770.425
945.762 654.210
946.061 992.428
946.360 1028.445
946.659 1078.480
946.957 1068.172
947.256 925.849
947.555 858.284
947.854 950.306
948.153 804.531
948.451 793.066
948.750 920.728
949.049 830.611
949.348 1029.950
949.646 941.243
949.945 886.173
950.244 974.212
950.543 885.926
950.841 814.547
951.140 812.890
951.439 701.614
951.738 707.872
952.037 820.477
952.335 913.492
952.634 948.542
952.933 854.188
953.232 848.194
953.530 651.066
953.829 839.401
954.128 943.694
954.427 929.218
954.725 1030.825
955.024 921.520
955.323 995.187
955.622 882.351
955.921 747.665
956.219 837.245
956.518 749.205
956.817 784.216
957.116 787.104
957.414 748.953
957.713 669.157
958.012 584.948
958.311 619.487
958.610 813.181
958.908 799.490
959.207 784.595
959.506 791.297
959.805 819.528
960.103 837.904
960.402 829.222
960.701 724.533
961.000 708.910
961.298 657.592
961.597 759.506
961.896 742.464
962.195 774.980
962.494 787.905
962.792 674.670
963.091 703.731
963.390 670.651
963.689 645.138
963.987 759.859
964.286 864.477
964.585 919.835
964.884 826.830
965.182 623.890
965.481 964.898
965.780 1119.617
966.080 964.917
966.380 834.996
966.680 758.706
966.981 753.631
967.281 824.529
967.581 792.555
967.881 808.556
968.181 760.591
968.481 740.385
968.781 730.841
969.082 612.947
969.382 755.511
969.682 862.753
969.982 842.783
970.282 915.080
970.582 711.950
970.882 645.563
971.183 777.043
971.483 706.007
971.783 698.893
972.083 747.446
972.383 809.508
972.683 766.321
972.983 798.731
973.284 701.631
973.584 645.305
973.884 696.495
974.184 721.364
974.484 788.265
974.784 664.569
975.084 622.962
975.385 655.089
975.685 734.879
975.985 711.898
976.285 776.420
976.585 788.290
976.885 721.508
977.185 706.288
977.486 723.103
977.786 821.027
978.086 847.346
978.386 745.437
978.686 591.653
978.986 629.745
979.286 663.754
979.587 672.762
979.887 585.771
980.187 599.779
980.487 543.788
980.787 639.796
981.087 623.804
981.387 781.813
981.688 692.821
981.988 559.830
982.288 619.838
982.588 688.846
982.888 676.855
983.188 585.863
983.488 719.872
983.789 768.880
984.089 741.888
984.389 684.897
984.689 642.905
984.989 550.913
985.289 583.922
985.589 740.930
985.890 706.938
986.190 557.947
986.490 592.955
986.790 728.963
987.090 658.971
987.390 691.980
987.690 725.988
987.991 616.996
988.291 610.005
988.591 612.013
988.891 508.021
989.191 531.029
989.491 695.037
989.791 691.046
990.092 725.054
990.392 766.062
990.692 726.070
990.992 661.078
991.292 516.087
991.592 696.095
991.892 725.103
992.193 763.111
992.493 747.119
992.793 665.127
993.093 646.135
993.393 578.144
993.693 603.152
993.993 723.160
994.294 793.168
994.594 677.176
994.894 623.184
995.194 637.192
995.494 592.200
995.794 566.208
996.094 562.216
996.395 669.224
996.695 703.232
996.995 531.240
997.295 524.248
997.595 570.256
997.895 463.264
998.195 487.272
998.496 530.280
998.796 543.288
999.096 783.296
999.396 663.304
999.696 676.312
999.996 710.320
1000.296 795.328
1000.597 805.336
1000.897 681.344
1001.197 644.352
1001.497 821.360
1001.797 705.368
1002.097 549.376
1002.397 637.384
1002.698 716.391
1002.998 751.399
1003.298 678.407
1003.598 582.415
1003.898 576.423
1004.198 716.431
1004.498 787.439
1004.799 698.446
1005.099 712.454
1005.399 725.462
1005.699 703.470
1005.999 718.478
1006.299 648.485
1006.599 808.493
1006.900 818.501
1007.200 676.509
1007.500 721.517
1007.800 680.524
1008.100 586.532
1008.400 560.540
1008.700 578.548
1009.001 584.555
1009.301 599.563
1009.601 772.571
1009.901 804.578
1010.201 731.586
1010.501 761.594
1010.801 826.602
1011.102 622.609
1011.402 686.617
1011.702 614.625
1012.002 563.632
1012.302 740.640
1012.602 697.648
1012.902 652.655
1013.203 683.663
1013.503 755.670
1013.803 719.678
1014.103 550.686
1014.403 674.693
1014.703 598.701
1015.003 552.708
1015.304 769.716
1015.604 846.724
1015.904 585.731
1016.204 543.739
1016.504 582.746
1016.804 606.754
1017.104 598.761
1017.405 593.769
1017.705 600.776
1018.005 613.784
1018.305 619.791
1018.605 601.799
1018.905 506.806
1019.205 543.814
1019.506 826.821
1019.806 773.829
1020.106 668.836
1020.406 714.844
1020.706 690.851
1021.006 732.859
1021.306 863.866
1021.607 717.874
1021.907 784.881
1022.207 719.889
1022.507 593.896
1022.807 663.903
1023.107 642.911
1023.407 576.918
1023.708 564.926
1024.008 524.933
1024.308 643.940
1024.608 678.948
1024.908 565.955
1025.208 661.962
1025.508 856.970
1025.809 816.977
1026.109 614.984
1026.409 684.992
1026.709 682.999
1027.009 612.006
1027.309 669.014
1027.609 603.021
1027.910 604.028
1028.210 725.036
1028.510 796.043
1028.810 971.050
1029.110 890.057
1029.410 734.065
1029.710 806.072
1030.011 807.079
1030.311 841.086
1030.611 704.094
1030.911 637.101
1031.211 742.108
1031.511 670.115
1031.811 780.123
1032.112 769.130
1032.412 689.137
1032.712 539.144
1033.012 648.151
1033.312 799.159
1033.612 722.166
1033.912 684.173
1034.212 610.180
1034.513 538.187
1034.813 544.194
1035.113 640.202
1035.413 575.209
1035.713 643.216
1036.013 741.223
1036.313 676.230
1036.614 744.237
1036.914 656.244
1037.214 494.251
1037.514 624.258
1037.814 614.266
1038.114 641.273
1038.414 610.280
1038.715 709.287
1039.015 585.294
1039.315 487.301
1039.615 619.308
1039.915 616.315
1040.215 620.322
1040.515 635.329
1040.816 706.336
1041.116 674.343
1041.416 598.350
1041.716 570.357
1042.016 563.364
1042.316 709.371
1042.616 634.378
1042.917 603.385
1043.217 587.392
1043.517 618.399
1043.817 771.406
1044.117 693.413
1044.417 649.420
1044.717 624.427
1045.018 622.434
1045.318 723.441
1045.618 709.447
1045.918 621.454
1046.218 553.461
1046.518 592.468
1046.818 707.475
1047.119 552.482
1047.419 762.489
1047.719 754.496
1048.019 625.503
1048.319 669.509
1048.619 611.516
1048.919 670.523
1049.220 615.530
1049.520 730.537
1049.820 625.544
1050.120 519.551
1050.420 732.557
1050.720 672.564
1051.020 687.571
1051.321 720.578
1051.621 844.585
1051.921 668.591
1052.221 516.598
1052.521 515.605
1052.821 539.612
1053.121 657.619
1053.422 716.625
1053.722 735.632
1054.022 616.639
1054.322 773.646
1054.622 674.652
1054.922 577.659
1055.222 754.666
1055.523 758.672
1055.823 758.679
1056.123 824.686
1056.423 678.693
1056.723 730.699
1057.023 671.706
1057.323 513.713
1057.624 619.719
1057.924 764.726
1058.224 711.733
1058.524 592.739
1058.824 728.746
1059.124 709.753
1059.424 606.759
1059.725 760.766
1060.025 671.773
1060.325 645.779
1060.625 587.786
1060.925 587.792
1061.225 630.799
1061.525 750.806
1061.826 716.812
1062.126 724.819
1062.426 752.825
1062.726 702.832
1063.026 666.839
1063.326 879.845
1063.626 822.852
1063.927 683.858
1064.227 689.865
1064.527 601.871
1064.827 739.878
1065.127 697.884
1065.427 509.891
1065.727 521.897
1066.028 768.904
1066.328 807.910
1066.628 563.917
1066.928 562.923
1067.228 604.930
1067.528 610.936
1067.828 618.943
1068.129 508.949
1068.429 717.956
1068.729 786.962
1069.029 600.969
1069.329 559.975
1069.629 709.982
1069.929 723.988
1070.230 766.995
1070.530 763.001
1070.830 675.007
1071.130 759.014
1071.430 669.020
1071.730 670.027
1072.030 781.033
1072.331 623.040
1072.631 590.046
1072.931 683.052
1073.231 688.059
1073.531 637.065
1073.831 613.071
1074.131 668.078
1074.432 810.084
1074.732 694.091
1075.032 548.097
1075.332 588.103
1075.632 598.110
1075.932 572.116
1076.232 556.122
1076.533 577.129
1076.833 673.135
1077.133 629.141
1077.433 612.147
1077.733 563.154
1078.033 719.160
1078.333 722.166
1078.634 688.173
1078.934 647.179
1079.234 543.185
1079.534 713.191
1079.834 740.198
1080.134 683.204
1080.434 715.210
1080.735 687.216
1081.035 658.223
1081.335 539.229
1081.635 543.235
1081.935 574.241
1082.235 567.248
1082.535 580.254
1082.836 629.260
1083.136 663.266
1083.436 770.272
1083.736 746.279
1084.036 654.285
1084.336 595.291
1084.636 613.297
1084.937 749.303
1085.237 797.309
1085.537 687.316
1085.837 693.322
1086.137 659.328
1086.437 715.334
1086.737 678.340
1087.038 620.346
1087.338 740.352
1087.638 797.359
1087.938 577.365
1088.238 432.371
1088.538 619.377
1088.838 762.383
1089.139 816.389
1089.439 607.395
1089.739 725.401
1090.039 725.407
1090.339 799.413
1090.639 729.420
1090.939 691.426
1091.240 581.432
1091.540 626.438
1091.840 614.444
1092.140 742.450
1092.453 715.456
1092.766 624.462
1093.079 597.468
1093.392 672.474
1093.705 609.480
1094.018 668.486
1094.330 801.492
1094.643 753.498
1094.956 854.504
1095.269 697.510
1095.582 668.516
1095.895 602.522
1096.208 582.528
1096.521 618.534
1096.834 659.540
1097.147 597.546
1097.460 666.552
1097.773 777.558
1098.085 663.564
1098.398 579.570
1098.711 584.576
1099.024 499.582
1099.337 608.587
1099.650 758.593
1099.963 761.599
1100.276 619.605
1100.589 565.611
1100.902 697.617
1101.215 697.623
1101.528 692.629
1101.841 616.635
1102.153 647.641
1102.466 732.646
1102.779 564.652
1103.092 544.658
1103.405 661.664
1103.718 574.670
1104.031 590.676
1104.344 696.682
1104.657 689.687
1104.970 970.693
1105.283 758.699
1105.596 603.705
1105.909 632.711
1106.221 744.717
1106.534 717.722
1106.847 560.728
1107.160 493.734
1107.473 486.740
1107.786 616.746
1108.099 558.751
1108.412 539.757
1108.725 641.763
1109.038 543.769
1109.351 668.775
1109.664 672.780
1109.977 560.786
1110.289 607.792
1110.602 630.798
1110.915 638.803
1111.228 603.809
1111.541 565.815
1111.854 603.820
1112.167 474.826
1112.480 454.832
1112.793 563.838
1113.106 611.843
1113.419 670.849
1113.732 582.855
1114.044 497.860
1114.357 616.866
1114.670 664.872
1114.983 609.878
1115.296 589.883
1115.609 692.889
1115.922 708.895
1116.235 682.900
1116.548 662.906
1116.861 643.912
1117.174 632.917
1117.487 632.923
1117.800 797.928
1118.112 686.934
1118.425 685.940
1118.738 627.945
1119.051 551.951
1119.364 599.957
1119.677 658.962
1119.990 638.968
1120.303 667.973
1120.616 738.979
1120.929 625.985
1121.242 725.990
1121.555 759.996
1121.868 714.001
1122.180 621.007
1122.493 475.012
1122.806 506.018
1123.119 649.024
1123.432 680.029
1123.745 689.035
1124.058 603.040
1124.371 532.046
1124.684 644.051
1124.997 617.057
1125.310 600.062
1125.623 502.068
1125.935 497.073
1126.248 606.079
1126.561 701.084
1126.874 696.090
1127.187 757.095
1127.500 777.101
1127.813 696.106
1128.126 675.112
1128.439 690.117
1128.752 792.123
1129.065 598.128
1129.378 388.134
1129.691 562.139
1130.003 609.145
1130.316 608.150
1130.629 559.156
1130.942 605.161
1131.255 609.167
1131.568 570.172
1131.881 600.177
1132.194 673.183
1132.507 627.188
1132.820 632.194
1133.133 718.199
1133.446 566.205
1133.759 781.210
1134.071 1206.215
1134.384 894.221
1134.697 801.226
1135.010 861.232
1135.323 689.237
1135.636 557.242
1135.949 501.248
1136.262 561.253
1136.575 613.258
1136.888 614.264
1137.201 644.269
1137.514 589.275
1137.826 668.280
1138.139 585.285
1138.452 588.291
1138.765 834.296
1139.078 852.301
1139.391 797.307
1139.704 736.312
1140.017 714.317
1140.330 662.323
1140.643 593.328
1140.956 548.333
1141.269 587.338
1141.582 648.344
1141.894 613.349
1142.207 761.354
1142.520 656.360
1142.833 742.365
1143.146 630.370
1143.459 565.375
1143.772 614.381
1144.085 681.386
1144.398 593.391
1144.711 555.396
1145.024 579.402
1145.337 680.407
1145.650 703.412
1145.962 661.417
1146.275 710.423
1146.588 590.428
1146.901 685.433
1147.214 683.438
1147.527 616.444
1147.840 686.449
1148.153 655.454
1148.466 652.459
1148.779 615.464
1149.092 757.470
1149.405 639.475
1149.718 637.480
1150.030 687.485
1150.343 656.490
1150.656 572.495
1150.969 561.501
1151.282 774.506
1151.595 716.511
1151.908 582.516
1152.221 439.521
1152.534 530.526
1152.847 793.532
1153.160 681.537
1153.473 664.542
1153.785 705.547
1154.098 685.552
1154.411 752.557
1154.724 684.562
1155.037 817.567
1155.350 753.573
1155.663 741.578
1155.976 635.583
1156.289 703.588
1156.602 637.593
1156.915 506.598
1157.228 461.603
1157.541 608.608
1157.853 630.613
1158.166 661.618
1158.479 763.623
1158.792 692.628
1159.105 676.634
1159.418 683.639
1159.731 615.644
1160.044 627.649
1160.357 777.654
1160.670 744.659
1160.983 573.664
1161.296 684.669
1161.609 772.674
1161.921 693.679
1162.234 600.684
1162.547 475.689
1162.860 556.694
1163.173 526.699
1163.486 581.704
1163.799 680.709
1164.112 635.714
1164.425 608.719
1164.738 581.724
1165.051 510.729
1165.364 546.734
1165.676 613.739
1165.989 694.744
1166.302 604.749
1166.615 706.754
1166.928 705.759
1167.241 753.764
1167.554 771.769
1167.867 745.774
1168.180 678.779
1168.493 530.784
1168.806 597.788
1169.119 562.793
1169.432 680.798
1169.744 654.803
1170.057 648.808
1170.370 810.813
1170.683 749.818
1170.996 626.823
1171.309 619.828
1171.622 549.833
1171.935 580.838
1172.248 789.843
1172.561 721.847
1172.874 618.852
1173.187 709.857
1173.500 769.862
1173.812 783.867
1174.125 752.872
1174.438 735.877
1174.751 612.882
1175.064 612.886
1175.377 679.891
1175.690 612.896
1176.003 556.901
1176.316 610.906
1176.629 626.911
1176.942 596.915
1177.255 551.920
1177.567 522.925
1177.880 570.930
1178.193 627.935
1178.506 592.940
1178.819 733.944
1179.132 789.949
1179.445 580.954
1179.758 712.959
1180.071 710.964
1180.384 553.968
1180.697 625.973
1181.010 690.978
1181.323 818.983
1181.635 833.988
1181.948 749.992
1182.261 609.997
1182.574 568.002
1182.887 646.007
1183.200 833.011
1183.513 735.016
1183.826 639.021
1184.139 705.026
1184.452 622.030
1184.765 544.035
1185.078 549.040
1185.391 602.045
1185.703 554.049
1186.016 409.054
1186.329 500.059
1186.642 657.063
1186.955 756.068
1187.268 628.073
1187.581 657.078
1187.894 700.082
1188.207 677.087
1188.520 635.092
1188.833 648.096
1189.146 555.101
1189.459 504.106
1189.771 552.110
1190.084 705.115
1190.397 607.120
1190.710 653.124
1191.023 697.129
1191.336 676.134
1191.649 604.138
1191.962 616.143
1192.275 540.148
1192.588 684.152
1192.901 828.157
1193.214 629.162
1193.526 603.166
1193.839 737.171
1194.152 621.176
1194.465 698.180
1194.778 625.185
1195.091 616.189
1195.404 555.194
1195.717 555.199
1196.030 680.203
1196.343 645.208
1196.656 520.213
1196.969 604.217
1197.282 653.222
1197.594 652.226
1197.907 771.231
1198.220 740.235
1198.533 613.240
1198.846 586.245
1199.159 593.249
1199.472 599.254
1199.785 678.258
1200.098 577.263
1200.411 685.267
1200.724 632.272
1201.037 582.277
1201.350 534.281
1201.662 503.286
1201.975 620.290
1202.288 628.295
1202.601 244.299
