165.028 91.636
165.288 12.256
165.547 65.879
165.807 96.505
166.067 40.135
166.327 -28.233
166.587 -77.598
166.847 47.041
167.107 115.682
167.367 145.327
167.627 154.974
167.886 131.624
168.146 119.277
168.406 253.933
168.666 234.592
168.926 111.253
169.186 126.917
169.446 161.584
169.706 38.254
169.966 86.926
170.225 86.601
170.485 172.279
170.745 220.959
171.005 308.642
171.265 166.327
171.525 131.015
171.785 31.705
172.045 27.398
172.305 175.093
172.564 139.791
172.824 22.491
173.084 143.193
173.344 81.898
173.604 114.605
173.864 209.314
174.124 169.025
174.384 120.739
174.644 207.455
174.903 333.173
175.163 314.893
175.423 342.615
175.683 142.339
175.943 156.065
176.203 118.793
176.463 112.524
176.723 62.256
176.983 117.990
177.242 180.726
177.502 330.464
177.762 352.204
178.022 151.945
178.282 126.688
178.542 88.434
178.802 129.180
179.062 161.929
179.322 353.679
179.581 396.431
179.841 249.185
180.101 235.940
180.361 249.697
180.621 238.455
180.881 157.215
181.141 163.976
181.401 205.739
181.661 225.503
181.920 319.269
182.180 240.036
182.440 114.804
182.700 44.574
182.960 46.345
183.220 98.118
183.480 362.891
183.740 210.666
184.000 122.443
184.259 46.220
184.519 135.998
184.779 173.778
185.039 259.559
185.299 309.341
185.559 270.124
185.819 276.908
186.079 269.693
186.339 190.479
186.598 128.266
186.858 86.054
187.118 158.843
187.378 254.633
187.638 257.424
187.898 331.216
188.158 293.008
188.418 187.802
188.678 140.596
188.937 208.391
189.197 281.186
189.457 267.983
189.717 238.780
189.977 82.578
190.237 68.376
190.497 252.175
190.757 240.975
191.017 213.775
191.276 114.576
191.536 145.377
191.796 126.179
192.056 158.982
192.316 197.785
192.576 106.588
192.836 93.392
193.096 164.196
193.356 149.001
193.616 146.806
193.875 154.612
194.135 126.417
194.395 297.224
194.655 314.030
194.915 260.837
195.175 257.644
195.435 308.451
195.695 107.259
195.955 -53.934
196.214 126.874
196.474 296.682
196.734 255.490
196.994 286.299
197.254 266.107
197.514 205.916
197.774 223.724
198.034 122.533
198.294 122.342
198.553 214.151
198.813 202.959
199.073 102.768
199.333 133.577
199.593 298.386
199.853 328.194
200.113 393.003
200.373 375.811
200.633 145.620
200.892 113.428
201.152 96.236
201.412 89.044
201.672 237.852
201.932 468.659
202.192 421.466
202.452 203.274
202.712 157.080
202.972 207.887
203.231 342.693
203.491 283.499
203.751 270.305
204.011 334.111
204.271 398.916
204.531 186.720
204.791 121.525
205.051 177.329
205.311 273.132
205.570 149.935
205.830 167.738
206.090 170.541
206.350 293.342
206.610 501.144
206.870 273.945
207.130 187.745
207.390 243.545
207.650 211.345
207.909 229.144
208.169 286.942
208.429 250.740
208.689 97.537
208.949 248.334
209.209 393.130
209.469 243.925
209.729 190.720
209.989 196.514
210.248 122.308
210.508 453.101
210.768 352.893
211.028 265.685
211.288 303.475
211.548 268.266
211.808 284.055
212.068 407.844
212.328 414.632
212.587 355.419
212.847 248.206
213.107 318.991
213.367 258.776
213.627 264.561
213.887 262.344
214.147 76.127
214.407 185.908
214.667 261.689
214.926 314.469
215.186 227.249
215.446 278.027
215.706 189.805
215.966 215.581
216.226 245.357
216.486 227.132
216.746 280.906
217.006 372.679
217.265 317.451
217.525 198.222
217.785 255.993
218.045 275.762
218.305 239.530
218.565 254.298
218.825 297.064
219.085 366.830
219.345 204.594
219.604 149.357
219.864 273.120
220.124 266.881
220.384 269.642
220.644 284.401
220.904 184.160
221.164 248.917
221.424 227.673
221.684 172.428
221.943 205.183
222.203 354.936
222.463 282.688
222.723 129.439
222.983 269.189
223.243 236.937
223.503 252.685
223.763 225.431
224.023 194.177
224.282 375.921
224.542 422.664
224.802 388.406
225.062 313.147
225.322 407.887
225.582 356.626
225.842 316.363
226.102 372.099
226.362 289.835
226.621 290.569
226.881 255.301
227.141 320.033
227.401 343.763
227.661 221.493
227.921 369.221
228.181 282.947
228.441 224.673
228.701 406.397
228.960 429.121
229.220 246.842
229.480 160.563
229.740 346.283
230.000 460.001
230.260 273.718
230.520 227.434
230.780 217.148
231.040 248.862
231.299 188.574
231.559 230.284
231.819 260.994
232.079 354.702
232.339 328.409
232.599 174.115
232.859 316.819
233.119 380.522
233.379 235.224
233.638 277.925
233.898 413.624
234.158 389.322
234.418 248.019
234.678 296.714
234.938 359.408
235.198 281.101
235.458 252.793
235.718 307.483
235.978 255.172
236.237 278.859
236.497 310.546
236.757 404.231
237.017 353.914
237.277 282.597
237.537 287.277
237.797 233.957
238.057 319.635
238.317 248.312
238.576 144.988
238.836 267.662
239.096 402.335
239.356 347.007
239.616 313.677
239.876 323.346
240.136 339.014
240.396 463.680
240.656 473.345
240.915 387.009
241.175 350.671
241.435 245.332
241.695 354.991
241.955 462.649
242.215 490.306
242.475 451.961
242.735 316.616
242.995 399.268
243.254 389.920
243.514 325.570
243.774 178.218
244.034 255.866
244.294 488.511
244.554 377.156
244.814 354.799
245.074 315.441
245.334 253.081
245.593 271.721
245.853 294.358
246.113 268.995
246.373 385.630
246.633 402.263
246.893 341.895
247.153 359.526
247.413 381.156
247.673 350.784
247.932 319.411
248.192 412.036
248.452 433.660
248.712 386.283
248.972 244.904
249.232 421.524
249.492 345.143
249.752 194.760
250.012 379.376
250.271 380.990
250.531 355.603
250.791 521.215
251.051 537.825
251.311 381.434
251.571 223.042
251.831 346.648
252.091 400.253
252.351 314.856
252.610 302.459
252.870 414.059
253.130 337.659
253.390 329.257
253.650 428.853
253.911 406.449
254.172 440.043
254.433 373.635
254.694 335.227
254.955 413.816
255.216 280.405
255.477 429.992
255.738 397.578
255.999 322.162
256.261 481.745
256.522 422.327
256.783 417.908
257.044 280.487
257.305 174.064
257.566 222.641
257.827 202.216
258.088 310.789
258.349 292.361
258.610 340.932
258.871 411.502
259.132 487.070
259.393 350.637
259.654 217.203
259.915 147.767
260.176 298.330
260.437 419.891
260.698 367.452
260.959 328.011
261.221 425.568
261.482 541.124
261.743 502.679
262.004 436.233
262.265 576.785
262.526 536.336
262.787 317.886
263.048 276.434
263.309 300.981
263.570 435.526
263.831 414.071
264.092 361.614
264.353 245.155
264.614 519.696
264.875 440.235
265.136 319.773
265.397 522.309
265.658 544.844
265.919 598.378
266.181 532.911
266.442 425.442
266.703 303.972
266.964 244.500
267.225 249.028
267.486 332.554
267.747 432.079
268.008 467.602
268.269 534.124
268.530 538.645
268.791 495.165
269.052 547.683
269.313 435.200
269.574 399.716
269.835 424.231
270.096 425.744
270.357 460.256
270.618 382.767
270.879 298.276
271.141 397.784
271.402 443.291
271.663 378.797
271.924 421.301
272.185 421.804
272.446 418.306
272.707 402.807
272.968 334.306
273.229 306.805
273.490 358.302
273.751 338.797
274.012 369.292
274.273 510.785
274.534 405.277
274.795 397.768
275.056 430.257
275.317 300.745
275.578 282.232
275.839 341.718
276.101 306.203
276.362 320.686
276.623 369.168
276.884 478.649
277.145 450.129
277.406 432.607
277.667 350.085
277.928 278.561
278.189 484.036
278.450 481.509
278.711 374.982
278.972 427.453
279.233 391.923
279.494 451.392
279.755 535.860
280.016 528.327
280.277 388.792
280.538 447.256
280.799 359.719
281.061 358.181
281.322 368.642
281.583 351.101
281.844 309.559
282.105 320.016
282.366 441.472
282.627 379.927
282.888 465.381
283.149 459.833
283.410 385.285
283.671 427.735
283.932 404.184
284.193 281.632
284.454 317.078
284.715 393.524
284.976 345.969
285.237 429.412
285.498 682.854
285.759 501.295
286.021 475.735
286.282 451.174
286.543 473.611
286.804 463.048
287.065 443.483
287.326 467.918
287.587 353.351
287.848 496.783
288.109 573.214
288.370 507.644
288.631 349.073
288.892 311.500
289.153 356.927
289.414 280.352
289.675 507.777
289.936 681.200
290.197 560.622
290.458 438.043
290.719 351.463
290.981 540.882
291.242 639.300
291.503 568.717
291.764 399.132
292.025 217.547
292.286 287.960
292.547 413.373
292.808 407.784
293.069 452.195
293.330 442.604
293.591 477.012
293.852 448.419
294.113 401.825
294.374 424.230
294.635 440.635
294.896 438.037
295.157 502.439
295.418 491.840
295.679 496.240
295.941 472.639
296.202 498.037
296.463 499.434
296.724 522.829
296.985 497.224
297.246 408.618
297.507 314.010
297.768 326.402
298.029 459.793
298.290 619.182
298.551 660.571
298.812 694.959
299.073 520.345
299.334 369.731
299.595 497.115
299.856 471.499
300.117 583.882
300.378 517.263
300.639 340.644
300.901 374.024
301.162 461.402
301.423 546.780
301.684 691.157
301.945 663.532
302.206 418.907
302.467 416.281
302.728 351.654
302.989 495.026
303.250 562.396
303.511 620.766
303.772 583.135
304.033 556.503
304.294 509.870
304.555 455.237
304.816 470.602
305.077 508.966
305.338 417.329
305.599 376.692
305.861 435.053
306.122 486.413
306.383 466.773
306.644 507.131
306.905 355.489
307.166 496.846
307.427 508.202
307.688 440.556
307.949 444.910
308.210 495.263
308.471 512.616
308.732 462.967
308.993 335.317
309.254 401.667
309.515 337.015
309.776 424.363
310.037 458.709
310.298 286.055
310.559 374.400
310.821 502.744
311.082 443.087
311.343 359.429
311.604 361.771
311.865 269.111
312.126 344.451
312.387 435.789
312.648 421.127
312.909 426.464
313.170 467.800
313.434 470.135
313.698 400.470
313.963 503.803
314.227 409.136
314.491 368.468
314.755 422.798
315.019 415.128
315.284 309.458
315.548 470.786
315.812 451.113
316.076 569.440
316.340 566.766
316.604 511.091
316.869 560.415
317.133 536.738
317.397 576.061
317.661 548.382
317.925 472.703
318.190 435.023
318.454 424.342
318.718 441.660
318.982 556.978
319.246 598.295
319.511 658.610
319.775 461.925
320.039 478.240
320.303 509.553
320.567 546.866
320.832 522.177
321.096 486.488
321.360 465.799
321.624 431.108
321.888 390.417
322.153 382.724
322.417 300.032
322.681 281.338
322.945 459.643
323.209 492.948
323.473 447.252
323.738 414.555
324.002 370.857
324.266 565.159
324.530 564.459
324.794 434.759
325.059 370.059
325.323 367.357
325.587 513.655
325.851 488.952
326.115 641.248
326.380 591.543
326.644 544.838
326.908 528.132
327.172 454.425
327.436 455.717
327.701 440.009
327.965 445.300
328.229 532.590
328.493 351.879
328.757 393.168
329.022 528.456
329.286 404.743
329.550 375.030
329.814 387.315
330.078 462.600
330.342 416.885
330.607 438.168
330.871 534.451
331.135 619.733
331.399 650.014
331.663 525.295
331.928 465.575
332.192 512.854
332.456 464.133
332.720 495.411
332.984 494.688
333.249 535.964
333.513 463.240
333.777 385.515
334.041 355.789
334.305 401.063
334.570 464.336
334.834 386.608
335.098 582.879
335.362 620.150
335.626 551.420
335.891 445.690
336.155 515.958
336.419 503.227
336.683 322.494
336.947 426.761
337.211 432.027
337.476 300.292
337.740 384.557
338.004 482.821
338.268 456.084
338.532 511.347
338.797 473.609
339.061 488.870
339.325 602.131
339.589 615.391
339.853 470.651
340.118 412.909
340.382 549.167
340.646 639.425
340.910 428.682
341.174 442.938
341.439 412.193
341.703 453.448
341.967 393.702
342.231 418.956
342.495 423.209
342.759 520.461
343.024 548.713
343.288 636.964
343.552 566.214
343.816 329.464
344.080 356.713
344.345 485.962
344.609 362.210
344.873 264.457
345.137 419.704
345.401 517.950
345.666 347.195
345.930 564.440
346.194 632.684
346.458 423.928
346.722 426.171
346.987 393.413
347.251 469.655
347.515 647.896
347.779 484.137
348.043 403.376
348.308 444.616
348.572 352.855
348.836 340.093
349.100 434.330
349.364 374.567
349.628 359.804
349.893 439.040
350.157 518.275
350.421 486.509
350.685 523.743
350.949 459.977
351.214 333.210
351.478 397.442
351.742 477.674
352.006 445.905
352.270 408.136
352.535 314.366
352.799 330.595
353.063 492.824
353.327 442.052
353.591 357.280
353.856 468.507
354.120 501.734
354.384 546.960
354.648 625.185
354.912 569.410
355.177 454.635
355.441 381.858
355.705 594.082
355.969 604.304
356.233 531.527
356.497 494.748
356.762 508.969
357.026 478.190
357.290 484.410
357.554 488.629
357.818 422.848
358.083 459.067
358.347 512.284
358.611 478.502
358.875 462.718
359.139 468.935
359.404 427.150
359.668 533.366
359.932 639.580
360.196 636.794
360.460 466.008
360.725 477.221
360.989 534.434
361.253 620.646
361.517 606.857
361.781 588.068
362.046 594.279
362.310 611.489
362.574 602.698
362.838 508.907
363.102 554.115
363.366 566.323
363.631 423.531
363.895 462.738
364.159 624.944
364.423 578.150
364.687 593.355
364.952 606.560
365.216 636.765
365.480 513.969
365.747 398.172
366.013 479.375
366.280 454.577
366.546 561.779
366.813 515.981
367.079 542.182
367.346 653.382
367.612 598.582
367.879 577.782
368.145 595.981
368.412 503.179
368.678 473.378
368.945 555.575
369.211 474.772
369.478 552.969
369.744 502.165
370.011 510.361
370.278 500.556
370.544 486.751
370.811 542.945
371.077 578.139
371.344 520.332
371.610 504.525
371.877 507.718
372.143 533.910
372.410 618.101
372.676 656.292
372.943 572.483
373.209 569.673
373.476 505.862
373.742 424.052
374.009 575.240
374.276 601.429
374.542 570.617
374.809 491.804
375.075 298.991
375.342 300.178
375.608 372.364
375.875 426.549
376.141 635.734
376.408 603.919
376.674 531.104
376.941 446.287
377.207 457.471
377.474 867.654
377.740 725.836
378.007 437.019
378.273 579.200
378.540 642.381
378.807 503.562
379.073 509.743
379.340 507.923
379.606 502.102
379.873 429.281
380.139 477.460
380.406 581.638
380.672 509.816
380.939 439.994
381.205 466.171
381.472 374.347
381.738 332.524
382.005 487.699
382.271 536.875
382.538 519.050
382.804 581.224
383.071 505.398
383.338 491.572
383.604 514.745
383.871 625.918
384.137 648.091
384.404 531.263
384.670 506.434
384.937 464.606
385.203 535.777
385.470 513.947
385.736 564.117
386.003 508.287
386.269 478.456
386.536 467.625
386.802 493.793
387.069 581.962
387.336 684.129
387.602 666.297
387.869 434.464
388.135 398.630
388.402 341.796
388.668 430.962
388.935 551.127
389.201 680.292
389.468 643.457
389.734 662.621
390.001 578.785
390.267 453.949
390.534 537.112
390.800 515.274
391.067 563.437
391.333 579.599
391.600 483.760
391.867 536.921
392.133 535.082
392.400 454.243
392.666 351.403
392.933 563.562
393.199 683.722
393.466 568.881
393.732 499.039
393.999 594.198
394.265 605.356
394.532 506.513
394.798 615.670
395.065 526.827
395.331 520.983
395.598 543.140
395.864 511.295
396.131 606.451
396.398 665.606
396.664 701.760
396.931 715.915
397.197 788.068
397.464 742.222
397.730 955.375
397.997 1055.528
398.263 1051.681
398.530 1008.833
398.796 1160.985
399.063 1236.136
399.329 1104.287
399.596 1257.438
399.862 1230.589
400.129 1283.739
400.396 1284.889
400.662 1054.038
400.929 1070.187
401.195 1045.336
401.462 1148.484
401.728 1250.632
401.995 1342.780
402.261 1248.928
402.528 1238.075
402.794 1378.221
403.061 1603.368
403.327 1773.514
403.594 1689.660
403.860 1590.805
404.127 1620.950
404.393 1880.095
404.660 1896.239
404.931 1929.383
405.202 1932.527
405.473 1949.671
405.745 2148.814
406.016 2430.957
406.287 2375.099
406.558 2328.241
406.829 2463.383
407.100 2370.525
407.371 2553.666
407.642 2698.807
407.914 2579.947
408.185 2462.088
408.456 2397.228
408.727 2645.367
408.998 2764.506
409.269 2910.645
409.540 2939.784
409.811 2660.923
410.083 2675.061
410.354 2610.198
410.625 2400.336
410.896 2436.473
411.167 2560.610
411.438 2635.746
411.709 2361.883
411.981 2475.019
412.252 2205.154
412.523 1949.290
412.794 2005.425
413.065 1944.559
413.336 1746.694
413.607 1797.828
413.878 1768.962
414.150 1602.095
414.421 1428.229
414.692 1304.362
414.963 1216.494
415.234 1297.627
415.505 1255.759
415.776 1318.890
416.047 1266.022
416.319 1170.153
416.590 999.284
416.861 765.415
417.132 849.545
417.403 860.675
417.674 785.805
417.945 632.934
418.217 619.064
418.488 774.192
418.759 635.321
419.030 545.449
419.301 617.577
419.572 628.705
419.843 634.833
420.114 595.960
420.386 592.087
420.657 712.214
420.928 621.340
421.199 503.466
421.470 496.592
421.741 465.717
422.012 516.843
422.283 531.968
422.555 528.092
422.826 603.217
423.097 645.341
423.368 601.465
423.639 437.589
423.910 525.712
424.181 492.835
424.453 463.958
424.724 732.081
424.995 747.203
425.266 572.325
425.537 491.447
425.808 666.568
426.079 731.690
426.350 613.811
426.622 573.931
426.893 692.052
427.164 592.172
427.435 496.292
427.706 488.412
427.977 527.531
428.248 447.650
428.519 512.769
428.791 511.888
429.062 610.006
429.333 460.125
429.604 398.242
429.875 575.360
430.146 662.477
430.417 621.595
430.689 568.712
430.960 444.828
431.231 506.945
431.502 681.061
431.773 678.177
432.044 593.292
432.315 725.408
432.586 700.523
432.858 741.638
433.129 525.752
433.400 504.867
433.671 565.981
433.942 473.095
434.213 399.209
434.484 509.322
434.755 618.435
435.027 450.548
435.298 499.661
435.569 565.773
435.840 472.886
436.116 486.998
436.391 565.109
436.667 568.221
436.942 639.332
437.218 697.443
437.493 711.554
437.769 771.665
438.045 704.775
438.320 631.885
438.596 599.995
438.871 548.105
439.147 528.214
439.422 452.323
439.698 410.432
439.974 442.541
440.249 605.650
440.525 589.758
440.800 404.866
441.076 559.974
441.351 706.081
441.627 721.189
441.903 623.296
442.178 480.403
442.454 509.510
442.729 723.616
443.005 543.722
443.281 627.828
443.556 774.934
443.832 606.040
444.107 461.145
444.383 510.250
444.658 530.355
444.934 468.460
445.210 715.564
445.485 703.669
445.761 672.773
446.036 658.877
446.312 675.980
446.587 637.084
446.863 462.187
447.139 533.290
447.414 613.392
447.690 616.495
447.965 654.597
448.241 618.699
448.516 575.801
448.792 548.903
449.068 537.005
449.343 531.106
449.619 441.207
449.894 489.308
450.170 478.408
450.445 646.509
450.721 706.609
450.997 452.709
451.272 538.809
451.548 531.909
451.823 449.008
452.099 525.107
452.375 504.206
452.650 523.305
452.926 575.404
453.201 600.502
453.477 850.600
453.752 774.698
454.028 556.796
454.304 623.894
454.579 683.991
454.855 600.088
455.130 608.185
455.406 798.282
455.681 788.379
455.957 647.475
456.233 575.571
456.508 577.667
456.784 597.763
457.059 595.859
457.335 744.954
457.610 677.049
457.886 598.144
458.162 533.239
458.437 504.334
458.713 632.428
458.988 655.523
459.264 671.617
459.539 658.711
459.815 592.804
460.091 533.898
460.366 452.991
460.642 412.084
460.917 534.177
461.193 566.270
461.468 511.363
461.744 490.455
462.020 456.547
462.295 532.639
462.571 493.731
462.846 539.823
463.122 677.914
463.397 764.005
463.673 609.487
463.949 580.607
464.224 588.689
464.500 612.756
464.775 569.459
465.051 578.392
465.327 621.018
465.602 701.326
465.878 747.071
466.153 582.742
466.429 808.189
466.704 995.096
466.980 908.175
467.256 954.264
467.531 992.345
467.807 966.374
468.082 972.474
468.358 953.571
468.633 949.503
468.909 830.113
469.185 856.161
469.460 994.937
469.736 1046.379
470.011 838.008
470.287 847.312
470.562 894.471
470.838 785.471
471.114 885.341
471.389 882.398
471.665 815.632
471.940 903.589
472.216 840.922
472.491 686.846
472.767 695.742
473.043 861.143
473.318 979.891
473.594 756.359
473.869 715.505
474.145 696.262
474.421 671.933
474.696 678.122
474.972 583.175
475.247 636.862
475.523 741.187
475.798 728.776
476.074 653.780
476.350 656.920
476.625 639.326
476.901 705.669
477.176 713.181
477.452 585.378
477.727 605.807
478.003 441.657
478.279 622.635
478.554 769.060
478.830 700.749
479.105 697.379
479.381 691.683
479.656 573.104
479.932 632.382
480.208 732.027
480.483 742.490
480.759 730.438
481.034 631.802
481.310 614.711
481.585 634.722
481.861 664.037
482.137 555.694
482.412 600.487
482.688 630.485
482.963 720.203
483.239 723.569
483.514 480.161
483.790 571.280
484.066 777.581
484.341 654.129
484.617 529.925
484.892 627.456
485.168 647.434
485.443 556.411
485.719 613.148
485.995 712.207
486.270 671.935
486.546 542.097
486.821 437.326
487.097 459.244
487.373 541.707
487.648 695.244
487.924 696.602
488.199 498.547
488.475 297.247
488.750 379.092
489.026 555.201
489.302 548.406
489.577 545.981
489.853 591.554
490.128 733.646
490.404 639.068
490.679 472.801
490.955 702.129
491.231 734.460
491.506 626.641
491.782 540.158
492.057 496.650
492.333 605.333
492.608 571.159
492.884 618.198
493.160 498.897
493.435 516.614
493.711 643.157
493.986 550.532
494.262 498.203
494.537 467.882
494.813 580.287
495.089 477.786
495.364 505.362
495.640 546.691
495.915 534.974
496.191 706.374
496.467 655.910
496.742 609.675
497.018 630.693
497.293 579.432
497.569 678.889
497.844 577.334
498.120 633.840
498.396 648.066
498.671 538.551
498.947 642.892
499.222 664.476
499.498 620.432
499.773 666.273
500.049 700.573
500.325 650.444
500.600 726.815
500.876 693.579
501.151 838.471
501.427 880.548
501.702 909.643
501.978 903.683
502.254 958.947
502.529 875.557
502.805 1004.403
503.080 1125.445
503.356 1001.524
503.631 969.272
503.907 1035.069
504.183 911.656
504.458 926.908
504.734 908.850
505.009 985.765
505.285 941.285
505.560 885.801
505.836 866.523
506.112 884.810
506.387 807.956
506.663 793.051
506.938 798.175
507.214 726.453
507.490 760.130
507.765 787.685
508.041 858.388
508.316 873.592
508.592 753.067
508.867 810.726
509.143 888.370
509.419 778.889
509.694 654.023
509.970 596.917
510.245 609.802
510.521 643.258
510.796 564.759
511.072 537.851
511.348 609.625
511.623 639.601
511.899 630.800
512.174 690.814
512.450 700.113
512.725 682.320
513.001 603.413
513.277 498.919
513.552 679.815
513.828 668.675
514.103 632.612
514.379 719.098
514.654 581.918
514.930 623.077
515.206 918.897
515.481 809.048
515.757 601.844
516.032 548.480
516.308 692.002
516.583 836.754
516.859 747.552
517.135 695.033
517.410 765.657
517.686 808.478
517.961 763.835
518.237 719.737
518.513 638.055
518.788 885.081
519.064 930.729
519.339 846.664
519.615 808.262
519.890 855.758
520.166 907.979
520.442 1120.832
520.717 1133.403
520.993 1067.116
521.268 972.789
521.544 1017.121
521.819 946.061
522.095 1025.826
522.371 1144.747
522.646 1090.155
522.922 1235.721
523.197 1220.453
523.473 1238.482
523.748 1165.812
524.024 1103.669
524.300 1097.027
524.575 1058.807
524.851 1142.118
525.126 1149.687
525.402 1121.179
525.677 1242.767
525.953 1135.517
526.229 1088.729
526.504 1067.818
526.780 1161.500
527.055 1160.754
527.331 1173.250
527.606 1219.449
527.882 1237.477
528.158 1106.535
528.433 1236.354
528.709 1178.828
528.984 1165.448
529.260 1161.976
529.535 1198.379
529.811 1051.461
530.087 974.619
530.362 1010.295
530.638 1100.812
530.913 1128.063
531.189 1090.597
531.465 954.552
531.740 961.327
532.016 1031.944
532.291 1054.243
532.567 1090.256
532.842 1052.520
533.118 1014.799
533.394 1036.227
533.669 893.357
533.945 802.944
534.220 838.019
534.496 936.260
534.771 795.902
535.047 851.367
535.323 878.620
535.598 894.403
535.874 990.057
536.149 979.349
536.425 848.268
536.700 841.473
536.976 902.000
537.252 1152.204
537.527 1219.205
537.803 1408.846
538.078 1741.652
538.354 1906.898
538.629 1928.514
538.905 2060.457
539.181 2202.642
539.456 2256.936
539.732 2565.240
540.007 2680.792
540.283 2510.569
540.558 2513.080
540.834 2615.039
541.110 2753.325
541.385 2789.022
541.661 2889.075
541.936 2941.545
542.212 2834.562
542.488 2791.998
542.763 2891.159
543.039 2953.604
543.314 2926.871
543.590 2794.775
543.865 2833.557
544.141 2748.207
544.417 2699.600
544.692 2671.847
544.968 2778.155
545.243 2641.804
545.519 2425.727
545.794 2470.934
546.070 2504.783
546.348 2356.083
546.627 2225.563
546.905 2453.699
547.183 2411.142
547.461 2392.325
547.740 2489.695
548.018 2359.021
548.296 2270.334
548.575 2269.392
548.853 2243.624
549.131 2368.799
549.409 2476.618
549.688 2640.360
549.966 2691.005
550.244 2775.381
550.523 2751.868
550.801 2811.570
551.079 2936.436
551.357 3004.735
551.636 2910.906
551.914 2880.560
552.192 2849.051
552.471 3025.655
552.749 3209.890
553.027 3207.764
553.306 3226.291
553.584 3342.368
553.862 3373.515
554.140 3529.752
554.419 3508.655
554.697 3685.002
554.975 3849.742
555.254 3955.509
555.532 3847.202
555.810 3980.082
556.088 4104.803
556.367 3821.501
556.645 3650.516
556.923 3654.455
557.202 3640.261
557.480 3691.143
557.758 3510.112
558.036 3479.122
558.315 3485.985
558.593 3368.898
558.871 3232.449
559.150 3077.457
559.428 2855.421
559.706 2717.163
559.984 2650.880
560.263 2659.942
560.541 2497.986
560.819 2276.932
561.098 2199.522
561.376 2136.106
561.654 1846.729
561.932 1567.512
562.211 1529.003
562.489 1495.427
562.767 1344.325
563.046 1139.130
563.324 1082.419
563.602 1150.747
563.880 1020.129
564.159 1061.441
564.437 1073.891
564.715 866.713
564.994 778.466
565.272 842.810
565.550 764.386
565.828 715.260
566.107 793.237
566.385 739.090
566.663 660.690
566.942 611.417
567.220 654.689
567.498 841.901
567.776 703.483
568.055 588.142
568.333 679.532
568.611 784.932
568.890 705.014
569.168 634.990
569.446 682.025
569.725 657.914
570.003 484.044
570.281 491.326
570.559 589.048
570.838 626.448
571.116 738.533
571.394 782.181
571.673 793.652
571.951 691.553
572.229 635.286
572.507 687.453
572.786 671.628
573.064 617.797
573.342 625.630
573.621 503.967
573.899 563.522
574.177 785.795
574.455 728.933
574.734 644.562
575.012 697.442
575.290 611.978
575.569 639.092
575.847 705.513
576.125 709.481
576.403 553.049
576.682 642.132
576.960 708.464
577.243 720.605
577.527 626.776
577.810 500.710
578.093 571.266
578.377 565.521
578.660 534.931
578.944 512.246
579.227 532.114
579.510 653.596
579.794 600.715
580.077 521.867
580.360 564.093
580.644 581.577
580.927 575.239
581.210 590.192
581.494 565.513
581.777 619.719
582.061 617.390
582.344 548.257
582.627 478.508
582.911 527.403
583.194 509.009
583.477 596.875
583.761 633.843
584.044 705.741
584.327 635.558
584.611 545.690
584.894 611.665
585.178 586.732
585.461 516.843
585.744 599.801
586.028 563.442
586.311 620.483
586.594 681.524
586.878 605.565
587.161 562.606
587.444 623.647
587.728 603.688
588.011 672.728
588.295 543.769
588.578 592.217
588.861 733.117
589.145 593.890
589.428 602.533
589.711 546.971
589.995 537.474
590.278 729.322
590.562 628.092
590.845 554.577
591.128 731.708
591.412 696.818
591.695 555.696
591.978 701.888
592.262 723.608
592.545 577.638
592.828 683.044
593.112 550.798
593.395 496.998
593.679 474.630
593.962 657.937
594.245 656.326
594.529 558.853
594.812 465.891
595.095 417.637
595.379 620.421
595.662 694.635
595.945 566.874
596.229 482.025
596.512 529.624
596.796 565.866
597.079 646.532
597.362 716.867
597.646 739.935
597.929 627.214
598.212 596.988
598.496 647.421
598.779 742.575
599.062 804.804
599.346 601.485
599.629 511.186
599.913 556.040
600.196 633.910
600.479 646.119
600.763 628.074
601.046 484.300
601.329 536.979
601.613 619.084
601.896 549.308
602.179 603.815
602.463 585.188
602.746 626.482
603.030 722.786
603.313 670.101
603.596 541.581
603.880 602.851
604.163 623.476
604.446 590.580
604.730 511.282
605.013 585.182
605.296 671.002
605.580 604.437
605.863 707.314
606.147 548.682
606.430 487.013
606.713 651.935
606.997 629.103
607.280 757.682
607.563 654.978
607.847 623.092
608.130 660.588
608.414 709.879
608.697 654.142
608.980 646.003
609.264 710.397
609.547 563.801
609.830 603.993
610.114 643.206
610.397 599.167
610.680 596.659
610.964 626.295
611.247 666.526
611.531 636.793
611.814 480.793
612.097 506.343
612.381 680.392
612.664 793.950
612.947 631.080
613.231 570.271
613.514 568.901
613.797 646.539
614.081 725.159
614.364 693.759
614.648 638.784
614.931 584.791
615.214 571.073
615.498 614.933
615.781 644.116
616.064 610.686
616.348 725.878
616.631 756.184
616.914 782.049
617.198 703.050
617.481 620.326
617.765 648.585
618.048 704.541
618.331 657.191
618.615 602.538
618.898 724.113
619.181 796.282
619.465 749.625
619.748 657.671
620.031 625.683
620.315 610.479
620.598 628.976
620.882 708.085
621.165 887.749
621.448 819.194
621.732 720.541
622.015 630.027
622.298 617.359
622.582 665.913
622.865 648.630
623.148 586.725
623.432 704.049
623.715 634.013
623.999 781.758
624.282 745.427
624.565 801.287
624.849 657.457
625.132 579.179
625.415 864.495
625.699 912.827
625.982 722.144
626.265 634.659
626.549 607.789
626.832 708.832
627.116 757.350
627.399 593.747
627.682 575.446
627.966 565.836
628.249 603.529
628.532 589.890
628.816 768.278
629.099 684.374
629.383 634.673
629.666 625.445
629.949 525.999
630.233 498.146
630.516 637.430
630.799 770.722
631.083 643.227
631.366 514.039
631.649 479.702
631.933 420.498
632.216 570.107
632.500 662.504
632.783 674.198
633.066 628.349
633.350 636.220
633.633 692.586
633.916 657.261
634.200 570.070
634.483 612.658
634.766 694.982
635.050 667.312
635.333 502.102
635.617 504.977
635.900 660.447
636.183 728.291
636.467 618.936
636.750 673.458
637.033 737.639
637.317 658.446
637.600 686.992
637.883 676.047
638.167 651.052
638.450 629.263
638.734 618.056
639.017 688.309
639.300 710.810
639.584 635.338
639.867 797.200
640.150 749.520
640.434 752.355
640.717 775.980
641.000 687.224
641.284 784.448
641.567 680.440
641.851 683.866
642.134 861.975
642.417 815.403
642.701 911.611
642.984 935.086
643.267 845.105
643.551 721.538
643.834 677.256
644.117 706.613
644.401 688.559
644.684 782.308
644.968 926.528
645.251 819.683
645.534 664.927
645.818 633.998
646.101 787.673
646.384 928.546
646.668 951.109
646.951 866.630
647.235 861.833
647.518 907.914
647.801 1076.175
648.085 1247.023
648.368 1273.598
648.651 1171.182
648.935 1300.534
649.218 1553.858
649.501 1512.937
649.785 1554.854
650.068 1792.721
650.352 1881.316
650.635 2001.269
650.918 2037.248
651.202 2229.982
651.485 2531.272
651.768 2681.995
652.052 2683.019
652.335 2867.733
652.618 3087.519
652.902 3330.685
653.185 3764.041
653.469 3716.826
653.752 3711.191
654.035 3822.028
654.319 4095.056
654.602 4197.017
654.885 4214.065
655.169 4430.061
655.452 4320.700
655.735 4381.284
656.019 4371.544
656.302 4308.374
656.586 4406.724
656.869 4632.972
657.152 4597.195
657.436 4540.732
657.719 4714.343
658.002 4832.578
658.286 4716.275
658.569 4400.345
658.852 4207.871
659.136 4161.621
659.419 3906.827
659.703 3727.159
659.986 3753.584
660.269 3702.246
660.553 3524.731
660.836 3504.434
661.119 3597.958
661.403 3542.177
661.686 3453.149
661.969 3364.672
662.253 3320.630
662.536 3278.992
662.820 3264.255
663.103 3193.289
663.386 3088.854
663.670 3082.796
663.953 3006.745
664.236 3099.991
664.520 3026.057
664.803 2953.136
665.086 3089.851
665.370 3203.444
665.653 3272.367
665.937 3264.557
666.220 3189.534
666.503 3156.093
666.787 3020.217
667.070 2861.749
667.353 2801.817
667.637 2517.256
667.920 2434.119
668.204 2230.995
668.487 1989.923
668.770 1973.647
669.054 1634.570
669.337 1488.455
669.620 1362.080
669.904 1238.520
670.187 1204.132
670.470 1239.061
670.754 1080.924
671.037 890.933
671.321 856.342
671.604 1004.483
671.887 953.337
672.171 882.740
672.454 928.899
672.737 875.501
673.021 799.503
673.304 840.391
673.587 960.541
673.871 914.190
674.154 884.619
674.438 969.830
674.721 946.218
675.004 927.671
675.288 922.553
675.571 918.380
675.854 821.599
676.138 872.988
676.421 874.948
676.704 836.622
676.988 910.088
677.271 1053.617
677.555 977.173
677.838 926.527
678.121 879.109
678.405 822.984
678.688 902.720
678.971 664.993
679.255 808.172
679.538 944.091
679.821 967.976
680.105 828.820
680.388 712.543
680.672 722.665
680.955 727.889
681.238 743.240
681.522 667.649
681.805 674.978
682.088 763.884
682.372 831.443
682.655 771.794
682.938 812.529
683.222 782.284
683.505 704.757
683.789 810.321
684.072 814.526
684.355 812.658
684.639 778.237
684.922 725.027
685.205 704.175
685.489 805.454
685.772 829.309
686.056 821.834
686.339 850.102
686.622 700.127
686.906 613.514
687.189 778.466
687.472 956.988
687.756 787.090
688.039 675.202
688.322 593.807
688.606 826.609
688.889 760.872
689.173 659.645
689.456 837.123
689.739 869.507
690.023 821.701
690.306 788.358
690.589 693.812
690.873 825.269
691.156 895.013
691.439 787.857
691.723 663.012
692.006 750.186
692.290 752.809
692.573 814.357
692.856 888.341
693.140 889.402
693.423 809.831
693.706 756.808
693.990 798.701
694.273 809.263
694.556 958.091
694.840 1036.622
695.123 926.072
695.407 884.892
695.690 792.465
695.973 821.141
696.257 889.321
696.540 1017.031
696.830 906.040
697.120 884.481
697.410 965.732
697.699 935.022
697.989 1157.448
698.279 1031.479
698.569 906.471
698.859 985.388
699.149 1023.273
699.439 949.728
699.729 891.640
700.018 903.908
700.308 1038.586
700.598 920.362
700.888 742.783
701.178 961.341
701.468 933.006
701.758 861.161
702.048 921.201
702.337 850.366
702.627 921.326
702.917 821.450
703.207 770.472
703.497 811.973
703.787 716.708
704.077 745.620
704.366 840.531
704.656 731.385
704.946 587.214
705.236 532.703
705.526 708.840
705.816 823.633
706.106 593.522
706.396 607.893
706.685 634.903
706.975 546.543
707.265 499.892
707.555 590.281
707.845 619.857
708.135 591.137
708.425 480.711
708.715 503.958
709.004 698.145
709.294 695.203
709.584 659.336
709.874 699.792
710.164 657.407
710.454 597.463
710.744 561.356
711.034 605.203
711.323 647.340
711.613 610.944
711.903 752.941
712.193 804.093
712.483 629.089
712.773 606.495
713.063 540.556
713.352 574.778
713.642 598.113
713.932 703.309
714.222 725.329
714.512 643.905
714.802 619.143
715.092 688.931
715.382 602.513
715.671 573.378
715.961 608.902
716.251 484.645
716.541 524.623
716.831 652.023
717.121 480.465
717.411 581.001
717.701 678.629
717.990 583.912
718.280 527.421
718.570 512.159
718.860 487.835
719.150 511.244
719.440 505.051
719.730 531.341
720.019 759.862
720.309 647.904
720.599 560.054
720.889 548.706
721.179 628.151
721.469 676.666
721.759 594.880
722.049 627.498
722.338 530.682
722.628 582.634
722.918 589.772
723.208 658.233
723.498 576.522
723.788 596.346
724.078 750.360
724.368 748.934
724.657 608.541
724.947 615.897
725.237 727.515
725.527 752.632
725.817 617.885
726.107 593.585
726.397 575.229
726.686 475.636
726.976 506.603
727.266 655.559
727.556 626.565
727.846 728.836
728.136 703.973
728.426 608.458
728.716 531.927
729.005 665.667
729.295 587.198
729.585 456.319
729.875 456.423
730.165 526.720
730.455 596.574
730.745 602.998
731.035 594.280
731.324 691.758
731.614 647.716
731.904 514.254
732.194 606.596
732.484 616.933
732.774 551.777
733.064 523.586
733.354 408.819
733.643 525.157
733.933 619.206
734.223 531.506
734.513 685.521
734.803 764.257
735.093 558.423
735.383 552.151
735.672 667.404
735.962 686.342
736.252 505.827
736.542 575.397
736.832 579.334
737.122 468.156
737.412 545.626
737.702 650.204
737.991 641.390
738.281 586.624
738.571 566.420
738.861 591.176
739.151 602.021
739.441 655.529
739.731 556.236
740.021 581.981
740.310 668.373
740.600 707.551
740.890 494.353
741.180 559.513
741.470 639.493
741.760 732.305
742.050 839.925
742.339 711.041
742.629 569.616
742.919 693.275
743.209 507.825
743.499 456.912
743.789 525.700
744.079 620.768
744.369 632.042
744.658 548.080
744.948 386.170
745.238 574.877
745.528 626.431
745.818 744.135
746.108 662.804
746.398 652.557
746.688 631.721
746.977 773.746
747.267 618.849
747.557 657.255
747.847 740.773
748.137 636.056
748.427 620.153
748.717 574.973
749.006 387.354
749.296 517.240
749.586 631.172
749.876 726.440
750.166 643.789
750.456 610.551
750.746 641.118
751.036 547.324
751.325 718.999
751.615 637.817
751.905 624.848
752.195 682.491
752.485 603.509
752.775 546.074
753.065 486.032
753.355 711.275
753.644 754.336
753.934 632.128
754.224 608.443
754.514 719.513
754.804 533.253
755.094 444.003
755.384 527.271
755.674 597.499
755.963 659.704
756.253 591.107
756.543 687.824
756.833 762.591
757.123 690.558
757.413 609.863
757.703 587.770
757.992 519.446
758.282 587.215
758.572 587.823
758.862 527.539
759.152 604.944
759.442 615.398
759.732 666.286
760.022 734.645
760.311 602.605
760.601 489.946
760.891 697.207
761.181 711.600
761.471 634.868
761.761 498.566
762.051 501.605
762.341 710.373
762.630 759.445
762.920 592.292
763.210 616.092
763.500 661.813
763.793 537.963
764.086 588.333
764.379 625.988
764.671 758.802
764.964 650.167
765.257 581.774
765.550 583.972
765.843 478.143
766.136 564.853
766.429 512.451
766.722 557.270
767.014 530.569
767.307 422.359
767.600 498.912
767.893 497.416
768.186 466.183
768.479 573.055
768.772 706.136
769.064 656.758
769.357 557.423
769.650 546.913
769.943 701.465
770.236 664.221
770.529 521.762
770.822 529.844
771.115 632.683
771.407 737.274
771.700 727.200
771.993 761.284
772.286 697.970
772.579 658.977
772.872 559.195
773.165 546.107
773.457 587.454
773.750 615.309
774.043 584.044
774.336 637.176
774.629 661.109
774.922 646.657
775.215 590.165
775.508 595.035
775.800 523.024
776.093 654.484
776.386 643.782
776.679 529.643
776.972 557.857
777.265 755.255
777.558 826.946
777.850 705.528
778.143 677.404
778.436 646.914
778.729 617.135
779.022 622.176
779.315 530.735
779.608 494.570
779.900 500.617
780.193 529.779
780.486 536.291
780.779 526.742
781.072 477.132
781.365 615.039
781.658 653.825
781.951 557.456
782.243 587.417
782.536 635.801
782.829 645.857
783.122 637.841
783.415 637.217
783.708 648.266
784.001 725.514
784.293 707.476
784.586 706.783
784.879 709.804
785.172 634.035
785.465 537.491
785.758 580.593
786.051 570.589
786.344 664.463
786.636 841.320
786.929 630.125
787.222 608.335
787.515 584.110
787.808 557.984
788.101 520.037
788.394 630.942
788.686 823.765
788.979 792.604
789.272 699.920
789.565 663.308
789.858 551.547
790.151 534.132
790.444 498.183
790.737 501.697
791.029 502.707
791.322 620.487
791.615 580.003
791.908 656.102
792.201 633.507
792.494 607.965
792.787 655.184
793.079 754.556
793.372 691.071
793.665 691.775
793.958 616.017
794.251 609.053
794.544 746.908
794.837 867.309
795.130 685.868
795.422 612.105
795.715 651.003
796.008 693.584
796.301 647.397
796.594 579.683
796.887 611.570
797.180 627.150
797.472 518.491
797.765 440.739
798.058 563.821
798.351 564.398
798.644 480.664
798.937 420.859
799.230 491.172
799.523 898.456
799.815 799.767
800.108 540.559
800.401 438.879
800.694 626.957
800.987 563.535
801.280 619.621
801.573 658.596
801.865 682.587
802.158 636.012
802.451 601.097
802.744 578.157
803.037 562.204
803.330 553.789
803.623 689.978
803.915 697.976
804.208 541.845
804.501 598.000
804.794 636.052
805.087 599.431
805.380 472.390
805.673 484.945
805.966 670.145
806.258 605.700
806.551 625.003
806.844 610.962
807.137 632.696
807.430 444.324
807.723 479.479
808.016 733.510
808.308 749.084
808.601 604.020
808.894 566.015
809.187 608.895
809.480 608.297
809.773 576.544
810.066 583.175
810.359 664.340
810.651 658.632
810.944 379.757
811.237 493.171
811.530 670.784
811.825 521.981
812.119 502.296
812.414 492.219
812.709 591.721
813.003 626.334
813.298 539.769
813.593 610.786
813.887 582.854
814.182 889.325
814.476 796.841
814.771 735.941
815.066 632.671
815.360 542.612
815.655 488.764
815.950 520.812
816.244 555.414
816.539 704.369
816.834 670.744
817.128 661.238
817.423 770.670
817.718 887.568
818.012 668.775
818.307 426.300
818.602 560.536
818.896 634.596
819.191 586.958
819.486 514.031
819.780 634.540
820.075 836.070
820.369 817.131
820.664 604.740
820.959 668.937
821.253 741.147
821.548 674.839
821.843 738.560
822.137 717.513
822.432 705.480
822.727 622.810
823.021 554.580
823.316 716.094
823.611 724.937
823.905 608.949
824.200 543.518
824.495 642.780
824.789 719.799
825.084 741.183
825.379 663.920
825.673 634.012
825.968 752.829
826.262 696.437
826.557 719.925
826.852 729.791
827.146 699.020
827.441 657.996
827.736 709.664
828.030 625.416
828.325 462.346
828.620 673.613
828.914 790.177
829.209 624.544
829.504 754.595
829.798 778.409
830.093 645.464
830.388 556.683
830.682 515.983
830.977 649.104
831.271 678.216
831.566 578.112
831.861 593.620
832.155 593.245
832.450 658.090
832.745 758.482
833.039 626.660
833.334 555.985
833.629 627.812
833.923 546.242
834.218 536.475
834.513 566.372
834.807 584.067
835.102 479.516
835.397 462.828
835.691 448.238
835.986 490.050
836.281 488.622
836.575 529.253
836.870 587.802
837.164 638.242
837.459 559.507
837.754 582.957
838.048 550.842
838.343 506.340
838.638 564.265
838.932 612.807
839.227 618.965
839.522 649.182
839.816 594.470
840.111 557.050
840.406 575.364
840.700 725.606
840.995 857.087
841.290 866.293
841.584 726.550
841.879 784.444
842.174 702.117
842.468 665.780
842.763 593.036
843.057 610.769
843.352 554.930
843.647 568.591
843.941 598.079
844.236 624.704
844.531 696.999
844.825 692.078
845.120 750.015
845.415 810.669
845.709 702.753
846.004 718.911
846.299 546.109
846.593 678.977
846.888 705.668
847.183 631.737
847.477 620.049
847.772 662.174
848.066 706.123
848.361 676.994
848.656 666.377
848.950 646.200
849.245 716.747
849.540 621.796
849.834 808.089
850.129 839.993
850.424 658.423
850.718 649.998
851.013 807.484
851.308 722.759
851.602 683.737
851.897 748.616
852.192 852.537
852.486 741.777
852.781 658.171
853.076 749.823
853.370 724.952
853.665 802.769
853.959 851.178
854.254 713.391
854.549 875.463
854.843 714.884
855.138 584.671
855.433 699.538
855.727 818.670
856.022 702.504
856.317 715.269
856.611 717.050
856.906 601.293
857.201 743.009
857.495 791.696
857.790 827.696
858.085 802.672
858.379 707.893
858.674 538.095
858.969 539.729
859.263 590.991
859.558 584.646
859.852 533.924
860.147 628.161
860.442 727.753
860.736 495.540
861.031 661.149
861.326 737.451
861.620 636.398
861.915 752.371
862.210 749.962
862.504 631.667
862.799 735.595
863.094 701.064
863.388 633.770
863.683 600.237
863.978 535.902
864.272 549.523
864.567 612.863
864.861 609.497
865.156 549.615
865.451 457.953
865.745 659.176
866.040 758.634
866.335 718.978
866.629 769.690
866.924 610.411
867.219 592.796
867.513 723.364
867.808 617.686
868.103 602.023
868.397 642.923
868.692 613.353
868.987 558.255
869.281 564.062
869.576 679.613
869.871 763.028
870.165 635.370
870.460 526.183
870.754 604.671
871.049 549.911
871.344 604.279
871.638 641.987
871.933 545.167
872.228 595.822
872.522 622.168
872.817 718.570
873.112 877.093
873.406 712.586
873.701 773.085
873.996 771.590
874.290 633.691
874.585 587.811
874.880 673.576
875.174 609.737
875.469 594.666
875.764 589.276
876.058 589.683
876.353 490.895
876.647 439.504
876.942 558.095
877.237 555.546
877.531 607.402
877.826 665.937
878.121 626.026
878.415 575.109
878.710 534.660
879.005 682.998
879.299 651.860
879.594 540.578
879.889 363.388
880.183 438.702
880.478 555.348
880.773 562.724
881.067 557.958
881.362 540.186
881.656 521.511
881.951 559.001
882.246 490.058
882.540 546.307
882.835 535.620
883.130 539.729
883.424 520.857
883.719 495.235
884.014 589.606
884.308 529.880
884.603 474.858
884.898 539.701
885.192 657.489
885.487 592.458
885.782 489.966
886.076 611.397
886.371 592.355
886.666 425.017
886.960 456.904
887.255 427.857
887.549 472.678
887.844 672.866
888.139 677.315
888.433 620.959
888.728 507.077
889.023 512.415
889.317 548.750
889.612 454.385
889.907 520.364
890.201 590.285
890.496 596.846
890.791 586.611
891.085 530.498
891.380 525.211
891.675 543.352
891.969 619.333
892.264 482.904
892.559 460.411
892.853 616.167
893.148 520.854
893.442 492.632
893.737 579.496
894.032 471.505
894.326 431.867
894.621 500.599
894.916 421.684
895.210 500.617
895.505 614.144
895.800 544.846
896.094 461.811
896.389 543.020
896.684 509.057
896.978 458.308
897.273 406.961
897.568 540.886
897.862 615.644
898.157 568.792
898.451 679.924
898.746 661.349
899.041 684.087
899.335 669.925
899.630 549.074
899.925 548.596
900.219 581.378
900.514 685.347
900.809 549.285
901.103 398.229
901.398 586.515
901.693 531.991
901.987 519.106
902.282 612.152
902.577 471.416
902.871 409.507
903.166 532.094
903.461 626.328
903.755 613.492
904.050 582.892
904.344 441.218
904.639 450.697
904.934 479.836
905.228 487.003
905.523 436.932
905.818 486.097
906.112 620.340
906.407 550.169
906.702 458.045
906.996 529.907
907.291 523.246
907.586 465.242
907.880 626.374
908.175 593.316
908.470 634.234
908.764 668.181
909.059 675.480
909.354 643.875
909.648 532.143
909.943 550.417
910.237 674.032
910.532 676.193
910.827 718.365
911.121 697.015
911.416 625.695
911.711 665.226
912.005 698.688
912.300 650.171
912.599 720.439
912.898 643.668
913.196 636.192
913.495 660.319
913.794 697.801
914.093 612.668
914.391 562.654
914.690 611.813
914.989 599.321
915.288 746.159
915.586 677.469
915.885 540.170
916.184 467.084
916.483 457.712
916.782 597.679
917.080 635.283
917.379 569.633
917.678 507.973
917.977 651.200
918.275 722.781
918.574 662.228
918.873 625.829
919.172 630.835
919.471 558.001
919.769 564.373
920.068 528.210
920.367 503.393
920.666 510.140
920.964 600.062
921.263 550.168
921.562 510.699
921.861 584.795
922.159 472.457
922.458 542.301
922.757 555.566
923.056 553.839
923.355 555.476
923.653 700.441
923.952 690.422
924.251 517.883
924.550 665.200
924.848 689.909
925.147 588.897
925.446 595.443
925.745 713.932
926.043 660.583
926.342 591.643
926.641 524.244
926.940 588.017
927.239 641.109
927.537 735.628
927.836 639.960
928.135 606.785
928.434 706.605
928.732 696.233
929.031 704.522
929.330 749.054
929.629 687.910
929.927 668.739
930.226 593.535
930.525 598.092
930.824 696.948
931.123 638.475
931.421 696.427
931.720 676.242
932.019 732.142
932.318 669.243
932.616 604.313
932.915 653.489
933.214 723.912
933.513 725.688
933.812 711.816
934.110 736.144
934.409 777.573
934.708 669.473
935.007 920.160
935.305 853.964
935.604 625.458
935.903 758.553
936.202 808.467
936.500 865.163
936.799 1049.277
937.098 946.442
937.397 853.033
937.696 736.180
937.994 636.770
938.293 813.437
938.592 760.273
938.891 752.809
939.189 803.790
939.488 918.427
939.787 1118.529
940.086 919.188
940.384 939.642
940.683 863.111
940.982 816.828
941.281 894.295
941.580 1154.075
941.878 1117.734
942.177 837.505
942.476 912.263
942.775 866.374
943.073 679.504
943.372 561.219
943.671 781.173
943.970 1046.514
944.268 914.755
944.567 754.074
944.866 865.198
945.165 769.057
945.464 716.515
945.762 649.959
946.061 923.165
946.360 1037.178
946.659 1034.166
946.957 995.516
947.256 883.331
947.555 766.441
947.854 838.817
948.153 850.971
948.451 819.693
948.750 848.694
949.049 756.420
949.348 977.981
949.646 914.080
949.945 848.367
950.244 948.653
950.543 840.429
950.841 766.625
951.140 758.591
951.439 643.871
951.738 631.023
952.037 781.539
952.335 861.951
952.634 832.931
952.933 777.531
953.232 822.752
953.530 549.995
953.829 798.061
954.128 929.991
954.427 893.257
954.725 960.690
955.024 890.906
955.323 916.074
955.622 744.060
955.921 640.234
956.219 714.261
956.518 630.981
956.817 662.087
957.116 684.198
957.414 681.788
957.713 592.916
958.012 520.670
958.311 518.255
958.610 720.313
958.908 767.241
959.207 706.659
959.506 735.405
959.805 766.163
960.103 812.976
960.402 783.964
960.701 654.518
961.000 608.837
961.298 571.405
961.597 737.148
961.896 663.261
962.195 650.710
962.494 701.657
962.792 639.501
963.091 618.869
963.390 670.684
963.689 653.914
963.987 741.392
964.286 766.682
964.585 759.908
964.884 676.100
965.182 563.508
965.481 957.398
965.780 1093.865
966.080 925.158
966.380 831.799
966.680 678.517
966.981 745.108
967.281 771.247
967.581 663.580
967.881 694.505
968.181 713.703
968.481 686.265
968.781 651.242
969.082 592.902
969.382 691.115
969.682 759.721
969.982 804.945
970.282 809.610
970.582 624.227
970.882 565.997
971.183 731.936
971.483 664.091
971.783 670.721
972.083 703.707
972.383 782.520
972.683 763.235
972.983 767.684
973.284 627.413
973.584 616.477
973.884 689.285
974.184 659.769
974.484 695.487
974.784 529.939
975.084 446.918
975.385 503.208
975.685 673.783
975.985 595.574
976.285 631.672
976.585 649.063
976.885 599.682
977.185 561.111
977.486 606.588
977.786 625.086
978.086 695.982
978.386 709.108
978.686 555.286
978.986 522.741
979.286 518.749
979.587 565.757
979.887 550.765
980.187 535.773
980.487 509.781
980.787 619.788
981.087 582.796
981.387 748.804
981.688 615.812
981.988 460.820
982.288 511.827
982.588 613.835
982.888 670.843
983.188 623.851
983.488 696.858
983.789 685.866
984.089 667.874
984.389 641.882
984.689 578.889
984.989 523.897
985.289 581.905
985.589 757.912
985.890 669.920
986.190 511.928
986.490 559.935
986.790 710.943
987.090 622.951
987.390 639.958
987.690 681.966
987.991 519.974
988.291 530.981
988.591 568.989
988.891 459.997
989.191 485.004
989.491 687.012
989.791 671.019
990.092 664.027
990.392 678.034
990.692 648.042
990.992 645.050
991.292 542.057
991.592 642.065
991.892 658.072
992.193 722.080
992.493 691.087
992.793 582.095
993.093 570.102
993.393 547.110
993.693 589.117
993.993 669.125
994.294 736.132
994.594 629.140
994.894 594.147
995.194 674.155
995.494 566.162
995.794 529.170
996.094 498.177
996.395 590.185
996.695 661.192
996.995 453.199
997.295 413.207
997.595 507.214
997.895 474.222
998.195 431.229
998.496 510.236
998.796 478.244
999.096 671.251
999.396 634.259
999.696 679.266
999.996 671.273
1000.296 750.281
1000.597 780.288
1000.897 629.295
1001.197 593.303
1001.497 705.310
1001.797 550.317
1002.097 484.325
1002.397 571.332
1002.698 581.339
1002.998 703.346
1003.298 656.354
1003.598 501.361
1003.898 510.368
1004.198 671.375
1004.498 744.383
1004.799 695.390
1005.099 708.397
1005.399 691.404
1005.699 694.412
1005.999 661.419
1006.299 591.426
1006.599 786.433
1006.900 760.440
1007.200 613.448
1007.500 650.455
1007.800 613.462
1008.100 506.469
1008.400 506.476
1008.700 550.484
1009.001 560.491
1009.301 565.498
1009.601 676.505
1009.901 788.512
1010.201 679.519
1010.501 621.526
1010.801 783.533
1011.102 661.541
1011.402 637.548
1011.702 512.555
1012.002 482.562
1012.302 645.569
1012.602 625.576
1012.902 571.583
1013.203 638.590
1013.503 744.597
1013.803 705.604
1014.103 542.611
1014.403 652.618
1014.703 562.625
1015.003 530.632
1015.304 735.639
1015.604 828.646
1015.904 580.653
1016.204 457.660
1016.504 501.667
1016.804 621.674
1017.104 605.681
1017.405 554.688
1017.705 567.695
1018.005 566.702
1018.305 596.709
1018.605 604.716
1018.905 476.723
1019.205 486.730
1019.506 818.737
1019.806 813.744
1020.106 703.751
1020.406 690.758
1020.706 673.764
1021.006 714.771
1021.306 798.778
1021.607 623.785
1021.907 742.792
1022.207 686.799
1022.507 595.806
1022.807 616.813
1023.107 602.819
1023.407 547.826
1023.708 567.833
1024.008 554.840
1024.308 617.847
1024.608 581.854
1024.908 471.860
1025.208 638.867
1025.508 846.874
1025.809 776.881
1026.109 652.888
1026.409 717.894
1026.709 696.901
1027.009 641.908
1027.309 692.915
1027.609 559.921
1027.910 545.928
1028.210 701.935
1028.510 776.942
1028.810 957.948
1029.110 882.955
1029.410 694.962
1029.710 776.969
1030.011 739.975
1030.311 762.982
1030.611 621.989
1030.911 604.995
1031.211 637.002
1031.511 579.009
1031.811 783.015
1032.112 814.022
1032.412 708.029
1032.712 540.035
1033.012 599.042
1033.312 728.049
1033.612 721.055
1033.912 622.062
1034.212 580.069
1034.513 570.075
1034.813 525.082
1035.113 642.088
1035.413 537.095
1035.713 606.102
1036.013 654.108
1036.313 615.115
1036.614 681.121
1036.914 590.128
1037.214 425.134
1037.514 592.141
1037.814 619.148
1038.114 598.154
1038.414 531.161
1038.715 658.167
1039.015 505.174
1039.315 423.180
1039.615 584.187
1039.915 568.193
1040.215 541.200
1040.515 550.206
1040.816 669.213
1041.116 681.219
1041.416 574.226
1041.716 484.232
1042.016 502.239
1042.316 698.245
1042.616 634.252
1042.917 536.258
1043.217 518.264
1043.517 597.271
1043.817 696.277
1044.117 673.284
1044.417 599.290
1044.717 499.297
1045.018 481.303
1045.318 644.309
1045.618 659.316
1045.918 596.322
1046.218 517.329
1046.518 569.335
1046.818 681.341
1047.119 570.348
1047.419 742.354
1047.719 719.360
1048.019 599.367
1048.319 707.373
1048.619 639.379
1048.919 618.386
1049.220 548.392
1049.520 632.398
1049.820 575.405
1050.120 461.411
1050.420 702.417
1050.720 674.424
1051.020 631.430
1051.321 654.436
1051.621 748.443
1051.921 630.449
1052.221 515.455
1052.521 536.461
1052.821 529.468
1053.121 617.474
1053.422 681.480
1053.722 771.486
1054.022 630.493
1054.322 726.499
1054.622 637.505
1054.922 572.511
1055.222 692.518
1055.523 684.524
1055.823 678.530
1056.123 667.536
1056.423 611.542
1056.723 694.549
1057.023 607.555
1057.323 442.561
1057.624 593.567
1057.924 728.573
1058.224 711.580
1058.524 565.586
1058.824 691.592
1059.124 654.598
1059.424 553.604
1059.725 672.610
1060.025 627.616
1060.325 597.623
1060.625 597.629
1060.925 582.635
1061.225 585.641
1061.525 726.647
1061.826 626.653
1062.126 636.659
1062.426 677.665
1062.726 773.671
1063.026 714.677
1063.326 827.684
1063.626 822.690
1063.927 740.696
1064.227 672.702
1064.527 583.708
1064.827 737.714
1065.127 638.720
1065.427 421.726
1065.727 470.732
1066.028 654.738
1066.328 659.744
1066.628 527.750
1066.928 578.756
1067.228 594.762
1067.528 551.768
1067.828 599.774
1068.129 520.780
1068.429 641.786
1068.729 762.792
1069.029 651.798
1069.329 539.804
1069.629 653.810
1069.929 728.816
1070.230 735.822
1070.530 674.828
1070.830 608.834
1071.130 669.840
1071.430 674.846
1071.730 680.852
1072.030 732.857
1072.331 604.863
1072.631 604.869
1072.931 661.875
1073.231 666.881
1073.531 605.887
1073.831 580.893
1074.131 622.899
1074.432 773.905
1074.732 693.911
1075.032 554.916
1075.332 543.922
1075.632 596.928
1075.932 560.934
1076.232 500.940
1076.533 545.946
1076.833 595.952
1077.133 544.957
1077.433 559.963
1077.733 545.969
1078.033 692.975
1078.333 677.981
1078.634 637.986
1078.934 657.992
1079.234 556.998
1079.534 726.004
1079.834 775.010
1080.134 700.015
1080.434 718.021
1080.735 667.027
1081.035 666.033
1081.335 511.039
1081.635 512.044
1081.935 601.050
1082.235 572.056
1082.535 592.062
1082.836 615.067
1083.136 592.073
1083.436 719.079
1083.736 693.084
1084.036 601.090
1084.336 560.096
1084.636 568.102
1084.937 716.107
1085.237 722.113
1085.537 641.119
1085.837 708.124
1086.137 652.130
1086.437 697.136
1086.737 613.141
1087.038 612.147
1087.338 748.153
1087.638 732.158
1087.938 533.164
1088.238 394.170
1088.538 524.175
1088.838 729.181
1089.139 742.187
1089.439 516.192
1089.739 652.198
1090.039 699.204
1090.339 669.209
1090.639 579.215
1090.939 660.220
1091.240 558.226
1091.540 556.232
1091.840 585.237
1092.140 670.243
1092.453 675.248
1092.766 564.254
1093.079 512.260
1093.392 571.265
1093.705 572.271
1094.018 608.276
1094.330 755.282
1094.643 701.287
1094.956 741.293
1095.269 632.298
1095.582 625.304
1095.895 551.310
1096.208 555.315
1096.521 616.321
1096.834 676.326
1097.147 666.332
1097.460 695.337
1097.773 742.343
1098.085 631.348
1098.398 538.354
1098.711 528.359
1099.024 428.365
1099.337 581.370
1099.650 736.376
1099.963 717.381
1100.276 580.387
1100.589 559.392
1100.902 659.397
1101.215 636.403
1101.528 705.408
1101.841 631.414
1102.153 647.419
1102.466 748.425
1102.779 534.430
1103.092 545.436
1103.405 641.441
1103.718 570.446
1104.031 599.452
1104.344 674.457
1104.657 589.463
1104.970 876.468
1105.283 674.473
1105.596 494.479
1105.909 547.484
1106.221 614.490
1106.534 601.495
1106.847 512.500
1107.160 472.506
1107.473 478.511
1107.786 570.516
1108.099 494.522
1108.412 521.527
1108.725 651.532
1109.038 524.538
1109.351 629.543
1109.664 634.548
1109.977 498.554
1110.289 542.559
1110.602 541.564
1110.915 551.570
1111.228 571.575
1111.541 559.580
1111.854 528.586
1112.167 435.591
1112.480 490.596
1112.793 564.601
1113.106 586.607
1113.419 631.612
1113.732 586.617
1114.044 478.623
1114.357 601.628
1114.670 630.633
1114.983 546.638
1115.296 569.644
1115.609 675.649
1115.922 693.654
1116.235 681.659
1116.548 651.665
1116.861 576.670
1117.174 553.675
1117.487 606.680
1117.800 772.685
1118.112 635.691
1118.425 583.696
1118.738 577.701
1119.051 579.706
1119.364 575.711
1119.677 608.717
1119.990 590.722
1120.303 645.727
1120.616 738.732
1120.929 588.737
1121.242 630.743
1121.555 656.748
1121.868 692.753
1122.180 626.758
1122.493 432.763
1122.806 435.768
1123.119 593.773
1123.432 634.779
1123.745 616.784
1124.058 534.789
1124.371 502.794
1124.684 668.799
1124.997 618.804
1125.310 564.809
1125.623 495.814
1125.935 406.820
1126.248 495.825
1126.561 653.830
1126.874 640.835
1127.187 696.840
1127.500 734.845
1127.813 640.850
1128.126 607.855
1128.439 665.860
1128.752 774.865
1129.065 588.870
1129.378 392.875
1129.691 517.881
1130.003 577.886
1130.316 567.891
1130.629 533.896
1130.942 572.901
1131.255 584.906
1131.568 484.911
1131.881 542.916
1132.194 655.921
1132.507 638.926
1132.820 560.931
1133.133 611.936
1133.446 514.941
1133.759 778.946
1134.071 1204.951
1134.384 832.956
1134.697 732.961
1135.010 823.966
1135.323 683.971
1135.636 535.976
1135.949 453.981
1136.262 515.986
1136.575 571.991
1136.888 566.996
1137.201 577.001
1137.514 567.006
1137.826 637.010
1138.139 576.015
1138.452 589.020
1138.765 806.025
1139.078 819.030
1139.391 753.035
1139.704 641.040
1140.017 711.045
1140.330 636.050
1140.643 538.055
1140.956 530.060
1141.269 638.065
1141.582 687.070
1141.894 578.074
1142.207 729.079
1142.520 652.084
1142.833 720.089
1143.146 621.094
1143.459 513.099
1143.772 566.104
1144.085 682.109
1144.398 633.113
1144.711 541.118
1145.024 489.123
1145.337 607.128
1145.650 670.133
1145.962 598.138
1146.275 600.143
1146.588 495.147
1146.901 653.152
1147.214 646.157
1147.527 559.162
1147.840 629.167
1148.153 609.171
1148.466 633.176
1148.779 634.181
1149.092 709.186
1149.405 621.191
1149.718 643.195
1150.030 739.200
1150.343 653.205
1150.656 544.210
1150.969 594.215
1151.282 789.219
1151.595 686.224
1151.908 559.229
1152.221 399.234
1152.534 456.238
1152.847 752.243
1153.160 649.248
1153.473 625.253
1153.785 696.257
1154.098 672.262
1154.411 765.267
1154.724 708.272
1155.037 774.276
1155.350 677.281
1155.663 673.286
1155.976 568.291
1156.289 601.295
1156.602 558.300
1156.915 456.305
1157.228 495.309
1157.541 566.314
1157.853 567.319
1158.166 645.324
1158.479 699.328
1158.792 643.333
1159.105 644.338
1159.418 637.342
1159.731 508.347
1160.044 560.352
1160.357 819.356
1160.670 750.361
1160.983 513.366
1161.296 667.370
1161.609 748.375
1161.921 605.380
1162.234 572.384
1162.547 457.389
1162.860 502.393
1163.173 502.398
1163.486 611.403
1163.799 609.407
1164.112 593.412
1164.425 624.417
1164.738 546.421
1165.051 486.426
1165.364 547.430
1165.676 640.435
1165.989 663.440
1166.302 602.444
1166.615 735.449
1166.928 714.453
1167.241 750.458
1167.554 746.463
1167.867 692.467
1168.180 600.472
1168.493 478.476
1168.806 582.481
1169.119 597.485
1169.432 663.490
1169.744 671.495
1170.057 665.499
1170.370 756.504
1170.683 736.508
1170.996 587.513
1171.309 554.517
1171.622 545.522
1171.935 547.526
1172.248 739.531
1172.561 680.535
1172.874 639.540
1173.187 705.544
1173.500 682.549
1173.812 738.553
1174.125 677.558
1174.438 712.562
1174.751 589.567
1175.064 574.571
1175.377 652.576
1175.690 586.580
1176.003 584.585
1176.316 618.589
1176.629 636.594
1176.942 605.598
1177.255 547.603
1177.567 465.607
1177.880 511.612
1178.193 609.616
1178.506 583.621
1178.819 678.625
1179.132 703.629
1179.445 520.634
1179.758 691.638
1180.071 700.643
1180.384 556.647
1180.697 595.652
1181.010 682.656
1181.323 808.661
1181.635 830.665
1181.948 733.669
1182.261 572.674
1182.574 476.678
1182.887 600.683
1183.200 801.687
1183.513 763.691
1183.826 654.696
1184.139 666.700
1184.452 638.705
1184.765 552.709
1185.078 483.713
1185.391 553.718
1185.703 533.722
1186.016 443.726
1186.329 471.731
1186.642 559.735
1186.955 716.740
1187.268 615.744
1187.581 622.748
1187.894 601.753
1188.207 664.757
1188.520 596.761
1188.833 575.766
1189.146 492.770
1189.459 425.774
1189.771 541.779
1190.084 699.783
1190.397 611.787
1190.710 626.792
1191.023 666.796
1191.336 614.800
1191.649 605.805
1191.962 659.809
1192.275 569.813
1192.588 674.817
1192.901 828.822
1193.214 661.826
1193.526 568.830
1193.839 617.835
1194.152 549.839
1194.465 635.843
1194.778 656.847
1195.091 652.852
1195.404 589.856
1195.717 645.860
1196.030 736.865
1196.343 610.869
1196.656 537.873
1196.969 598.877
1197.282 636.882
1197.594 666.886
1197.907 779.890
1198.220 739.894
1198.533 592.898
1198.846 532.903
1199.159 555.907
1199.472 600.911
1199.785 666.915
1200.098 484.920
1200.411 627.924
1200.724 632.928
1201.037 584.932
1201.350 513.936
1201.662 460.941
1201.975 591.945
1202.288 627.949
1202.601 222.953
