165.028 274.583
165.288 222.216
165.547 285.852
165.807 365.491
166.067 221.134
166.327 128.780
166.587 137.429
166.847 244.081
167.107 271.736
167.367 294.394
167.627 336.054
167.886 284.718
168.146 258.385
168.406 458.055
168.666 440.728
168.926 323.403
169.186 334.082
169.446 314.763
169.706 233.447
169.966 278.133
170.225 262.823
170.485 362.515
170.745 388.209
171.005 525.906
171.265 425.606
171.525 342.309
171.785 209.014
172.045 222.721
172.305 405.431
172.564 409.144
172.824 255.858
173.084 374.576
173.344 325.295
173.604 303.017
173.864 425.741
174.124 376.468
174.384 325.196
174.644 462.927
174.903 585.660
175.163 532.396
175.423 560.133
175.683 358.873
175.943 405.614
176.203 399.358
176.463 308.104
176.723 276.851
176.983 377.601
177.242 432.353
177.502 503.106
177.762 508.862
178.022 306.619
178.282 326.378
178.542 329.139
178.802 326.902
179.062 323.666
179.322 493.432
179.581 556.200
179.841 439.970
180.101 500.741
180.361 505.513
180.621 447.288
180.881 366.064
181.141 334.841
181.401 413.620
181.661 467.401
181.920 549.183
182.180 502.966
182.440 382.751
182.700 325.537
182.960 335.324
183.220 378.113
183.480 602.903
183.740 503.695
184.000 412.487
184.259 262.281
184.519 384.076
184.779 405.872
185.039 443.670
185.299 550.468
185.559 556.268
185.819 547.069
186.079 541.870
186.339 502.673
186.598 478.477
186.858 380.282
187.118 397.087
187.378 534.894
187.638 523.702
187.898 587.510
188.158 612.319
188.418 463.130
188.678 441.941
188.937 515.752
189.197 586.565
189.457 619.378
189.717 488.192
189.977 328.007
190.237 357.822
190.497 559.638
190.757 548.455
191.017 515.272
191.276 396.090
191.536 400.908
191.796 393.727
192.056 404.547
192.316 451.367
192.576 416.187
192.836 364.008
193.096 374.829
193.356 331.651
193.616 384.473
193.875 437.296
194.135 426.119
194.395 555.942
194.655 515.766
194.915 413.590
195.175 421.414
195.435 547.238
195.695 288.063
195.955 174.887
196.214 385.712
196.474 515.538
196.734 446.363
196.994 471.188
197.254 458.014
197.514 390.840
197.774 396.666
198.034 322.491
198.294 305.317
198.553 401.143
198.813 351.969
199.073 180.795
199.333 241.621
199.593 472.447
199.853 426.273
200.113 471.098
200.373 485.924
200.633 248.749
200.892 199.575
201.152 237.400
201.412 272.225
201.672 331.050
201.932 538.875
202.192 524.699
202.452 295.523
202.712 261.347
202.972 332.171
203.231 405.994
203.491 369.817
203.751 360.640
204.011 397.463
204.271 480.285
204.531 244.107
204.791 165.928
205.051 260.749
205.311 368.570
205.570 227.390
205.830 225.210
206.090 233.029
206.350 360.848
206.610 553.666
206.870 326.484
207.130 258.302
207.390 279.119
207.650 272.935
207.909 300.751
208.169 331.566
208.429 355.381
208.689 215.195
208.949 381.009
209.209 493.822
209.469 243.634
209.729 182.446
209.989 255.257
210.248 175.067
210.508 452.877
210.768 391.686
211.028 280.494
211.288 360.302
211.548 329.109
211.808 363.915
212.068 486.720
212.328 509.525
212.587 457.329
212.847 343.132
213.107 343.935
213.367 368.736
213.627 344.537
213.887 353.337
214.147 226.136
214.407 253.935
214.667 300.732
214.926 420.529
215.186 356.325
215.446 392.120
215.706 291.914
215.966 298.707
216.226 296.499
216.486 307.290
216.746 399.081
217.006 410.870
217.265 275.659
217.525 215.446
217.785 308.233
218.045 371.018
218.305 315.803
218.565 273.587
218.825 339.369
219.085 472.151
219.345 323.932
219.604 234.711
219.864 362.490
220.124 366.268
220.384 309.044
220.644 348.820
220.904 284.594
221.164 322.367
221.424 289.140
221.684 218.911
221.943 285.681
222.203 376.450
222.463 335.218
222.723 283.985
222.983 395.751
223.243 378.515
223.503 420.279
223.763 299.041
224.023 282.803
224.282 459.563
224.542 459.322
224.802 460.079
225.062 410.836
225.322 513.591
225.582 472.346
225.842 417.099
226.102 404.851
226.362 391.601
226.621 435.351
226.881 336.099
227.141 351.846
227.401 389.592
227.661 313.337
227.921 456.080
228.181 392.823
228.441 346.564
228.701 532.303
228.960 552.042
229.220 371.779
229.480 272.515
229.740 457.250
230.000 488.983
230.260 354.716
230.520 359.447
230.780 347.176
231.040 365.905
231.299 357.632
231.559 361.358
231.819 351.082
232.079 430.805
232.339 390.527
232.599 208.248
232.859 363.967
233.119 475.685
233.379 352.402
233.638 383.118
233.898 491.832
234.158 491.545
234.418 339.256
234.678 373.966
234.938 423.675
235.198 275.383
235.458 262.089
235.718 344.794
235.978 385.497
236.237 401.199
236.497 472.900
236.757 557.599
237.017 452.298
237.277 401.994
237.537 415.690
237.797 305.384
238.057 445.076
238.317 388.768
238.576 263.458
238.836 372.146
239.096 471.834
239.356 397.519
239.616 387.204
239.876 430.887
240.136 373.569
240.396 502.249
240.656 529.928
240.915 418.606
241.175 387.282
241.435 326.957
241.695 362.630
241.955 509.303
242.215 636.973
242.475 559.643
242.735 391.311
242.995 446.977
243.254 477.642
243.514 428.306
243.774 221.968
244.034 343.629
244.294 595.289
244.554 501.947
244.814 444.604
245.074 436.260
245.334 399.914
245.593 401.566
245.853 379.217
246.113 359.867
246.373 488.516
246.633 552.163
246.893 460.808
247.153 409.453
247.413 496.096
247.673 451.737
247.932 445.377
248.192 514.016
248.452 582.653
248.712 532.289
248.972 332.923
249.232 495.556
249.492 431.188
249.752 350.818
250.012 481.447
250.271 441.075
250.531 488.701
250.791 645.325
251.051 612.949
251.311 449.571
251.571 281.191
251.831 384.810
252.091 440.428
252.351 386.044
252.610 378.659
252.870 450.273
253.130 358.885
253.390 330.495
253.650 502.105
253.911 553.713
254.172 480.319
254.433 423.924
254.694 370.528
254.955 392.131
255.216 352.732
255.477 499.331
255.738 492.929
255.999 412.526
256.261 560.122
256.522 466.716
256.783 453.308
257.044 332.900
257.305 208.490
257.566 226.078
257.827 251.665
258.088 349.251
258.349 318.836
258.610 414.419
258.871 505.000
259.132 533.581
259.393 403.159
259.654 280.737
259.915 195.313
260.176 331.888
260.437 446.462
260.698 414.034
260.959 343.604
261.221 467.174
261.482 546.742
261.743 453.308
262.004 418.874
262.265 634.438
262.526 587.000
262.787 358.562
263.048 326.121
263.309 335.680
263.570 503.237
263.831 444.793
264.092 354.348
264.353 272.901
264.614 530.453
264.875 484.003
265.136 341.552
265.397 547.100
265.658 620.647
265.919 645.192
266.181 569.736
266.442 431.278
266.703 326.819
266.964 308.359
267.225 295.898
267.486 340.435
267.747 463.971
268.008 532.505
268.269 572.039
268.530 574.571
268.791 515.101
269.052 480.631
269.313 446.159
269.574 424.685
269.835 463.211
270.096 503.735
270.357 540.258
270.618 474.779
270.879 435.300
271.141 510.819
271.402 478.336
271.663 379.853
271.924 431.368
272.185 470.882
272.446 476.394
272.707 471.905
272.968 452.415
273.229 389.924
273.490 404.432
273.751 362.938
274.012 346.443
274.273 500.946
274.534 474.449
274.795 484.950
275.056 546.450
275.317 387.948
275.578 286.446
275.839 377.942
276.101 362.437
276.362 350.930
276.623 369.423
276.884 518.914
277.145 544.404
277.406 515.892
277.667 397.380
277.928 371.866
278.189 537.351
278.450 469.835
278.711 461.317
278.972 475.799
279.233 369.279
279.494 454.757
279.755 599.235
280.016 637.712
280.277 534.187
280.538 537.661
280.799 374.134
281.061 421.605
281.322 416.076
281.583 371.545
281.844 338.013
282.105 366.480
282.366 518.945
282.627 449.410
282.888 494.873
283.149 507.335
283.410 470.796
283.671 527.256
283.932 470.714
284.193 299.172
284.454 378.628
284.715 426.083
284.976 388.537
285.237 546.989
285.498 807.441
285.759 663.891
286.021 613.341
286.282 570.789
286.543 607.236
286.804 517.682
287.065 506.126
287.326 556.570
287.587 441.012
287.848 525.453
288.109 627.893
288.370 523.332
288.631 356.770
288.892 301.207
289.153 333.642
289.414 324.077
289.675 607.510
289.936 753.943
290.197 642.374
290.458 498.804
290.719 453.233
290.981 611.660
291.242 686.087
291.503 607.513
291.764 417.937
292.025 271.361
292.286 327.783
292.547 489.204
292.808 492.624
293.069 554.043
293.330 531.461
293.591 524.878
293.852 471.294
294.113 447.709
294.374 444.122
294.635 516.535
294.896 514.946
295.157 548.357
295.418 598.766
295.679 672.175
295.941 607.582
296.202 588.988
296.463 538.393
296.724 595.797
296.985 613.201
297.246 563.603
297.507 407.004
297.768 382.404
298.029 516.802
298.290 732.200
298.551 754.597
298.812 761.993
299.073 597.388
299.334 466.782
299.595 595.174
299.856 564.566
300.117 654.957
300.378 611.347
300.639 411.735
300.901 407.123
301.162 476.510
301.423 535.895
301.684 699.280
301.945 753.664
302.206 553.047
302.467 537.428
302.728 466.809
302.989 497.189
303.250 583.567
303.511 642.945
303.772 610.322
304.033 567.698
304.294 541.073
304.555 510.447
304.816 612.819
305.077 608.191
305.338 465.562
305.599 455.932
305.861 555.301
306.122 636.669
306.383 525.037
306.644 519.403
306.905 434.768
307.166 571.132
307.427 581.496
307.688 503.858
307.949 503.219
308.210 530.580
308.471 571.940
308.732 532.298
308.993 395.656
309.254 422.013
309.515 328.369
309.776 461.724
310.037 550.078
310.298 397.431
310.559 470.783
310.821 584.134
311.082 534.485
311.343 425.834
311.604 382.183
311.865 314.530
312.126 303.877
312.387 421.223
312.648 492.568
312.909 489.912
313.170 463.255
313.434 491.598
313.698 433.939
313.963 534.280
314.227 478.619
314.491 436.958
314.755 481.296
315.019 540.633
315.284 395.969
315.548 508.304
315.812 505.639
316.076 554.972
316.340 554.305
316.604 559.637
316.869 582.968
317.133 528.298
317.397 631.627
317.661 684.956
317.925 563.283
318.190 468.610
318.454 451.936
318.718 420.261
318.982 532.585
319.246 641.909
319.511 761.231
319.775 525.553
320.039 507.874
320.303 539.194
320.567 642.513
320.832 624.831
321.096 460.149
321.360 434.466
321.624 451.782
321.888 418.097
322.153 436.411
322.417 379.725
322.681 339.037
322.945 479.349
323.209 497.660
323.473 444.971
323.738 460.280
324.002 465.589
324.266 622.897
324.530 617.204
324.794 467.510
325.059 396.816
325.323 370.121
325.587 486.425
325.851 471.728
326.115 641.030
326.380 603.332
326.644 601.633
326.908 583.933
327.172 474.232
327.436 549.531
327.701 531.829
327.965 492.126
328.229 559.422
328.493 412.718
328.757 391.013
329.022 480.307
329.286 438.600
329.550 437.892
329.814 474.184
330.078 514.475
330.342 451.766
330.607 457.055
330.871 587.344
331.135 719.632
331.399 670.919
331.663 554.206
331.928 504.492
332.192 534.777
332.456 513.061
332.720 505.345
332.984 449.628
333.249 515.910
333.513 462.192
333.777 354.473
334.041 387.753
334.305 446.032
334.570 466.311
334.834 414.589
335.098 576.866
335.362 607.143
335.626 568.419
335.891 504.694
336.155 518.968
336.419 492.242
336.683 386.515
336.947 466.787
337.211 468.059
337.476 364.330
337.740 423.600
338.004 481.870
338.268 434.139
338.532 484.407
338.797 526.675
339.061 586.942
339.325 620.208
339.589 673.474
339.853 538.739
340.118 464.003
340.382 562.266
340.646 665.529
340.910 519.791
341.174 438.053
341.439 351.314
341.703 467.574
341.967 481.834
342.231 431.093
342.495 426.351
342.759 572.609
343.024 555.866
343.288 634.122
343.552 562.378
343.816 291.633
344.080 425.887
344.345 577.141
344.609 407.394
344.873 318.647
345.137 442.899
345.401 514.150
345.666 394.401
345.930 505.651
346.194 578.900
346.458 403.149
346.722 450.397
346.987 436.644
347.251 504.891
347.515 705.138
347.779 580.383
348.043 478.628
348.308 457.873
348.572 391.117
348.836 356.360
349.100 363.602
349.364 308.844
349.628 347.086
349.893 435.327
350.157 526.567
350.421 537.806
350.685 544.045
350.949 488.284
351.214 408.522
351.478 436.759
351.742 489.995
352.006 519.232
352.270 444.467
352.535 371.702
352.799 429.936
353.063 493.170
353.327 461.403
353.591 369.636
353.856 477.868
354.120 521.099
354.384 564.330
354.648 664.560
354.912 577.790
355.177 475.019
355.441 471.248
355.705 715.476
355.969 680.703
356.233 587.930
356.497 553.156
356.762 531.382
357.026 465.607
357.290 448.832
357.554 485.056
357.818 507.280
358.083 510.503
358.347 543.725
358.611 524.947
358.875 536.168
359.139 512.389
359.404 424.609
359.668 547.829
359.932 653.048
360.196 612.267
360.460 503.485
360.725 543.703
360.989 571.920
361.253 680.136
361.517 604.352
361.781 620.568
362.046 605.783
362.310 653.997
362.574 644.211
362.838 519.424
363.102 547.637
363.366 580.850
363.631 488.061
363.895 540.273
364.159 657.484
364.423 600.694
364.687 594.904
364.952 654.113
365.216 688.322
365.480 608.530
365.747 463.738
366.013 497.945
366.280 541.152
366.546 621.358
366.813 478.564
367.079 558.769
367.346 639.974
367.612 570.178
367.879 590.382
368.145 680.585
368.412 564.788
368.678 538.990
368.945 641.192
369.211 521.393
369.478 567.594
369.744 547.794
370.011 521.994
370.278 566.193
370.544 507.392
370.811 554.591
371.077 585.788
371.344 539.986
371.610 533.183
371.877 547.379
372.143 544.575
372.410 584.771
372.676 660.966
372.943 683.161
373.209 650.355
373.476 541.549
373.742 464.742
374.009 573.935
374.276 606.127
374.542 598.319
374.809 502.510
375.075 370.701
375.342 354.892
375.608 412.082
375.875 440.271
376.141 688.460
376.408 703.649
376.674 626.837
376.941 533.025
377.207 547.212
377.474 943.399
377.740 785.586
378.007 471.772
378.273 583.957
378.540 721.142
378.807 613.327
379.073 486.511
379.340 441.695
379.606 483.878
379.873 496.061
380.139 566.244
380.406 612.426
380.672 581.607
380.939 524.789
381.205 498.969
381.472 420.150
381.738 364.330
382.005 530.509
382.271 572.688
382.538 560.867
382.804 726.045
383.071 642.223
383.338 575.400
383.604 545.577
383.871 618.754
384.137 638.930
384.404 544.106
384.670 538.281
384.937 462.456
385.203 560.631
385.470 592.805
385.736 628.978
386.003 560.152
386.269 550.324
386.536 571.497
386.802 567.669
387.069 693.841
387.336 847.012
387.602 765.183
387.869 507.353
388.135 491.523
388.402 477.693
388.668 546.862
388.935 667.031
389.201 818.200
389.468 823.368
389.734 833.535
390.001 775.703
390.267 647.870
390.534 755.036
390.800 771.202
391.067 782.368
391.333 756.534
391.600 632.699
391.867 662.863
392.133 667.027
392.400 587.191
392.666 544.355
392.933 749.518
393.199 861.681
393.466 716.843
393.732 669.005
393.999 822.167
394.265 825.328
394.532 762.489
394.798 875.649
395.065 791.809
395.331 843.969
395.598 966.128
395.864 1121.287
396.131 1352.446
396.398 1573.604
396.664 1936.762
396.931 2369.920
397.197 3092.077
397.464 3815.234
397.730 4606.390
397.997 5006.546
398.263 5497.702
398.530 5942.858
398.796 6509.013
399.063 6972.167
399.329 7154.322
399.596 7371.476
399.862 7451.629
400.129 7629.783
400.396 7764.936
400.662 7676.088
400.929 7712.241
401.195 7963.392
401.462 8219.544
401.728 8415.695
401.995 8639.846
402.261 8657.997
402.528 8934.147
402.794 9358.297
403.061 9624.446
403.327 9967.595
403.594 10082.744
403.860 10065.893
404.127 10268.041
404.393 10480.189
404.660 10374.336
404.931 10391.483
405.202 10657.630
405.473 10931.777
405.745 11336.923
406.016 11699.069
406.287 11674.214
406.558 11638.359
406.829 11889.504
407.100 11780.649
407.371 12159.793
407.642 12385.937
407.914 12280.080
408.185 12301.224
408.456 12491.367
408.727 12759.509
408.998 12876.651
409.269 13153.793
409.540 13114.935
409.811 12650.076
410.083 12599.217
410.354 12366.358
410.625 11916.499
410.896 11762.639
411.167 11637.778
411.438 11422.918
411.709 10801.057
411.981 10411.196
412.252 9726.334
412.523 9140.472
412.794 8729.610
413.065 8308.748
413.336 7615.885
413.607 7236.022
413.878 6767.159
414.150 6240.295
414.421 5790.431
414.692 5455.567
414.963 5041.703
415.234 4726.838
415.505 4310.973
415.776 4233.107
416.047 3933.242
416.319 3495.375
416.590 3042.509
416.861 2521.643
417.132 2444.776
417.403 2245.908
417.674 1916.041
417.945 1669.173
418.217 1610.305
418.488 1604.437
418.759 1397.568
419.030 1271.699
419.301 1193.830
419.572 1169.960
419.843 1169.091
420.114 1012.221
420.386 1011.350
420.657 1127.480
420.928 999.609
421.199 993.737
421.470 913.866
421.741 809.994
422.012 862.122
422.283 859.250
422.555 822.377
422.826 946.504
423.097 1046.631
423.368 967.758
423.639 808.884
423.910 930.010
424.181 910.136
424.453 786.261
424.724 1072.386
424.995 1225.511
425.266 1069.636
425.537 1013.760
425.808 1184.884
426.079 1232.008
426.350 1186.132
426.622 1163.255
426.893 1263.378
427.164 1167.501
427.435 1140.623
427.706 1137.746
427.977 1137.868
428.248 1158.989
428.519 1210.111
428.791 1136.232
429.062 1226.353
429.333 1080.473
429.604 1025.594
429.875 1167.714
430.146 1282.834
430.417 1169.954
430.689 1097.073
430.960 1024.192
431.231 1005.311
431.502 1129.429
431.773 1180.548
432.044 1088.666
432.315 1185.784
432.586 1159.901
432.858 1092.019
433.129 887.136
433.400 853.253
433.671 859.369
433.942 833.486
434.213 789.602
434.484 794.718
434.755 835.833
435.027 689.949
435.298 773.064
435.569 836.179
435.840 765.293
436.116 799.408
436.391 789.522
436.667 784.636
436.942 849.749
437.218 899.863
437.493 914.976
437.769 1011.089
438.045 922.201
438.320 900.314
438.596 875.426
438.871 803.538
439.147 787.650
439.422 779.761
439.698 713.873
439.974 771.984
440.249 924.095
440.525 906.205
440.800 664.315
441.076 771.426
441.351 937.535
441.627 966.645
441.903 925.754
442.178 800.864
442.454 763.973
442.729 853.081
443.005 757.190
443.281 941.298
443.556 1031.406
443.832 925.514
444.107 774.622
444.383 791.729
444.658 775.836
444.934 675.943
445.210 822.050
445.485 958.156
445.761 1008.263
446.036 909.369
446.312 975.474
446.587 965.580
446.863 751.685
447.139 818.791
447.414 902.895
447.690 916.000
447.965 954.105
448.241 910.209
448.516 902.313
448.792 896.417
449.068 893.521
449.343 963.624
449.619 910.727
449.894 936.830
450.170 966.933
450.445 1148.036
450.721 1261.138
450.997 1081.240
451.272 1139.342
451.548 1140.444
451.823 1080.545
452.099 1158.647
452.375 1064.748
452.650 1075.849
452.926 1166.949
453.201 1275.050
453.477 1503.150
453.752 1382.250
454.028 1209.350
454.304 1254.450
454.579 1396.549
454.855 1325.648
455.130 1318.747
455.406 1392.846
455.681 1322.945
455.957 1260.043
456.233 1210.142
456.508 1169.240
456.784 1166.338
457.059 1082.435
457.335 1206.533
457.610 1114.630
457.886 1012.727
458.162 943.824
458.437 923.921
458.713 1040.017
458.988 1064.113
459.264 1082.209
459.539 1030.305
459.815 923.401
460.091 840.496
460.366 841.592
460.642 815.687
460.917 864.782
461.193 883.876
461.468 828.971
461.744 825.065
462.020 736.159
462.295 752.253
462.571 766.347
462.846 824.441
463.122 943.534
463.397 969.627
463.673 862.857
463.949 865.947
464.224 895.011
464.500 1027.970
464.775 1048.090
465.051 1226.729
465.327 1521.753
465.602 1882.601
465.878 2135.322
466.153 2108.332
466.429 2394.246
466.704 2723.285
466.980 2756.822
467.256 2988.913
467.531 3205.208
467.807 3268.631
468.082 3369.923
468.358 3301.575
468.633 3412.011
468.909 3411.097
469.185 3320.143
469.460 3352.748
469.736 3238.389
470.011 3028.005
470.287 3031.084
470.562 3032.244
470.838 2775.050
471.114 2879.962
471.389 2810.354
471.665 2728.350
471.940 2813.184
472.216 2649.305
472.491 2354.205
472.767 2275.545
473.043 2327.358
473.318 2355.843
473.594 2179.825
473.869 2068.194
474.145 1901.445
474.421 1804.890
474.696 1646.279
474.972 1399.570
475.247 1354.193
475.523 1414.001
475.798 1359.464
476.074 1218.655
476.350 1203.467
476.625 1239.438
476.901 1261.951
477.176 1259.733
477.452 1146.635
477.727 1064.320
478.003 912.917
478.279 1081.701
478.554 1232.193
478.830 1244.721
479.105 1255.476
479.381 1259.358
479.656 1190.477
479.932 1218.736
480.208 1346.129
480.483 1396.418
480.759 1462.225
481.034 1323.457
481.310 1272.024
481.585 1307.849
481.861 1346.238
482.137 1293.604
482.412 1334.638
482.688 1290.875
482.963 1285.650
483.239 1311.496
483.514 1147.249
483.790 1276.035
484.066 1497.617
484.341 1379.436
484.617 1310.344
484.892 1412.294
485.168 1399.438
485.443 1284.806
485.719 1308.742
485.995 1394.517
486.270 1415.017
486.546 1319.319
486.821 1241.256
487.097 1168.795
487.373 1223.932
487.648 1386.955
487.924 1452.531
488.199 1191.849
488.475 1028.861
488.750 1099.469
489.026 1290.025
489.302 1263.605
489.577 1247.736
489.853 1255.404
490.128 1441.572
490.404 1375.657
490.679 1185.908
490.955 1374.462
491.231 1453.716
491.506 1427.816
491.782 1284.333
492.057 1310.548
492.333 1453.479
492.608 1345.921
492.884 1348.931
493.160 1268.770
493.435 1320.351
493.711 1476.307
493.986 1334.876
494.262 1338.219
494.537 1336.331
494.813 1430.944
495.089 1299.810
495.364 1400.080
495.640 1456.145
495.915 1379.597
496.191 1555.613
496.467 1493.179
496.742 1426.257
497.018 1499.234
497.293 1458.833
497.569 1448.489
497.844 1464.301
498.120 1596.056
498.396 1573.501
498.671 1528.463
498.947 1703.311
499.222 1671.279
499.498 1657.094
499.773 1846.220
500.049 2012.486
500.325 2058.478
500.600 2208.667
500.876 2283.021
501.151 2586.569
501.427 2818.154
501.702 3099.449
501.978 3194.998
502.254 3325.372
502.529 3216.464
502.805 3505.776
503.080 3753.333
503.356 3710.773
503.631 3656.007
503.907 3615.908
504.183 3524.885
504.458 3595.806
504.734 3502.251
505.009 3417.387
505.285 3352.090
505.560 3404.383
505.836 3333.000
506.112 3204.527
506.387 2961.682
506.663 2820.233
506.938 2850.636
507.214 2829.472
507.490 2787.289
507.765 2669.510
508.041 2570.689
508.316 2539.476
508.592 2328.992
508.867 2288.488
509.143 2305.351
509.419 2107.429
509.694 1853.520
509.970 1832.524
510.245 1704.799
510.521 1705.161
510.796 1587.640
511.072 1511.783
511.348 1552.703
511.623 1532.830
511.899 1441.843
512.174 1471.262
512.450 1504.590
512.725 1498.703
513.001 1324.836
513.277 1238.441
513.552 1426.769
513.828 1355.973
514.103 1331.056
514.379 1458.666
514.654 1310.189
514.930 1334.202
515.206 1660.729
515.481 1528.310
515.757 1346.143
516.032 1358.588
516.308 1566.935
516.583 1721.567
516.859 1618.958
517.135 1649.206
517.410 1801.553
517.686 1863.812
517.961 1840.550
518.237 1942.764
518.513 1968.106
518.788 2308.624
519.064 2484.730
519.339 2522.941
519.615 2595.856
519.890 2847.030
520.166 3021.611
520.442 3217.994
520.717 3318.150
520.993 3403.296
521.268 3311.533
521.544 3311.593
521.819 3160.238
522.095 3262.831
522.371 3520.548
522.646 3520.608
522.922 3564.230
523.197 3550.879
523.473 3692.994
523.748 3586.833
524.024 3496.940
524.300 3579.295
524.575 3578.396
524.851 3668.407
525.126 3683.123
525.402 3726.897
525.677 3824.562
525.953 3798.975
526.229 3724.463
526.504 3654.401
526.780 3811.577
527.055 3825.808
527.331 3806.727
527.606 3905.258
527.882 3841.291
528.158 3713.802
528.433 3940.757
528.709 3813.175
528.984 3623.213
529.260 3550.430
529.535 3556.682
529.811 3321.388
530.087 3222.930
530.362 3165.398
530.638 3154.708
530.913 3221.601
531.189 3143.687
531.465 2891.813
531.740 2751.668
532.016 2697.325
532.291 2519.432
532.567 2440.068
532.842 2475.008
533.118 2428.968
533.394 2427.499
533.669 2161.850
533.945 1991.673
534.220 1965.464
534.496 2008.329
534.771 1850.499
535.047 1848.457
535.323 1830.787
535.598 1852.471
535.874 1907.070
536.149 1851.316
536.425 1799.367
536.700 1859.109
536.976 2182.418
537.252 2748.893
537.527 3143.594
537.803 3768.403
538.078 4495.861
538.354 5019.023
538.629 5492.522
538.905 5874.467
539.181 6339.757
539.456 6749.082
539.732 7151.654
540.007 7431.076
540.283 7438.474
540.558 7606.901
540.834 7872.251
541.110 8034.556
541.385 8228.669
541.661 8435.654
541.936 8464.882
542.212 8355.917
542.488 8412.462
542.763 8529.464
543.039 8440.757
543.314 8523.152
543.590 8546.566
543.865 8357.940
544.141 8274.578
544.417 8326.270
544.692 8003.582
544.968 7850.706
545.243 7640.869
545.519 7389.045
545.794 7347.735
546.070 7280.194
546.348 7042.715
546.627 6833.977
546.905 6897.547
547.183 6741.894
547.461 6737.974
547.740 6818.464
548.018 6729.866
548.296 6720.256
548.575 6925.870
548.853 7086.795
549.131 7312.269
549.409 7704.869
549.688 8162.262
549.966 8359.734
550.244 8595.897
550.523 8738.073
550.801 8971.057
551.079 9205.558
551.357 9432.117
551.636 9491.030
551.914 9592.676
552.192 9575.962
552.471 9806.591
552.749 9980.421
553.027 9992.302
553.306 10165.417
553.584 10642.360
553.862 10842.172
554.140 11249.884
554.419 11497.975
554.697 11947.584
554.975 12520.092
555.254 13023.054
555.532 13042.612
555.810 13212.375
556.088 13416.490
556.367 13033.870
556.645 12726.493
556.923 12581.600
557.202 12319.664
557.480 12050.470
557.758 11620.789
558.036 11272.632
558.315 10801.677
558.593 10575.201
558.871 10211.260
559.150 9756.793
559.428 9330.434
559.706 8825.487
559.984 8456.011
560.263 8207.789
560.541 7665.568
560.819 7122.904
561.098 6625.599
561.376 6138.146
561.654 5562.231
561.932 4920.855
562.211 4580.035
562.489 4162.214
562.767 3659.226
563.046 3289.108
563.324 3036.477
563.602 2809.853
563.880 2490.504
564.159 2292.853
564.437 2177.565
564.715 1877.397
564.994 1694.141
565.272 1789.197
565.550 1598.648
565.828 1427.483
566.107 1461.634
566.385 1376.111
566.663 1211.688
566.942 1217.700
567.220 1236.958
567.498 1365.115
567.776 1165.160
568.055 1032.512
568.333 1114.288
568.611 1157.906
568.890 1058.721
569.168 938.223
569.446 975.889
569.725 920.861
570.003 742.162
570.281 694.568
570.559 829.042
570.838 908.301
571.116 949.924
571.394 944.154
571.673 955.783
571.951 918.891
572.229 874.275
572.507 855.733
572.786 846.882
573.064 832.171
573.342 814.688
573.621 738.273
573.899 805.634
574.177 992.012
574.455 914.824
574.734 763.121
575.012 874.711
575.290 838.393
575.569 861.808
575.847 873.492
576.125 825.450
576.403 699.585
576.682 798.645
576.960 907.651
577.243 913.691
577.527 733.354
577.810 602.363
578.093 662.172
578.377 738.623
578.660 768.311
578.944 762.425
579.227 771.899
579.510 867.851
579.794 787.406
580.077 686.569
580.360 725.984
580.644 753.560
580.927 720.555
581.210 748.431
581.494 701.160
581.777 789.063
582.061 743.079
582.344 677.063
582.627 607.315
582.911 641.256
583.194 637.946
583.477 823.618
583.761 837.632
584.044 881.587
584.327 853.539
584.611 738.696
584.894 693.783
585.178 663.855
585.461 681.880
585.744 747.856
586.028 669.646
586.311 664.688
586.594 748.730
586.878 711.771
587.161 671.813
587.444 761.855
587.728 758.896
588.011 756.938
588.295 617.980
588.578 701.320
588.861 822.240
589.145 679.104
589.428 680.826
589.711 616.186
589.995 631.596
590.278 837.431
590.562 725.309
590.845 628.721
591.128 863.664
591.412 750.930
591.695 662.810
591.978 816.879
592.262 783.770
592.545 588.828
592.828 711.212
593.112 673.654
593.395 634.811
593.679 536.609
593.962 723.900
594.245 758.046
594.529 662.563
594.812 565.523
595.095 495.479
595.379 677.255
595.662 749.539
595.945 689.251
596.229 603.289
596.512 625.896
596.796 689.985
597.079 748.747
597.362 893.340
597.646 890.517
597.929 717.460
598.212 723.707
598.496 730.663
598.779 838.568
599.062 916.593
599.346 787.313
599.629 718.527
599.913 712.932
600.196 775.039
600.479 790.062
600.763 765.263
601.046 607.454
601.329 709.468
601.613 843.518
601.896 724.578
602.179 872.234
602.463 844.767
602.746 886.062
603.030 954.862
603.313 891.156
603.596 739.083
603.880 819.769
604.163 823.727
604.446 772.027
604.730 740.723
605.013 829.076
605.296 907.300
605.580 811.353
605.863 895.621
606.147 815.344
606.430 763.471
606.713 909.532
606.997 830.146
607.280 945.808
607.563 905.727
607.847 836.452
608.130 904.728
608.414 989.007
608.697 891.196
608.980 886.228
609.264 1005.761
609.547 894.136
609.830 895.151
610.114 897.146
610.397 821.766
610.680 867.965
610.964 928.526
611.247 933.464
611.531 875.534
611.814 823.558
612.097 877.568
612.381 1044.391
612.664 1189.710
612.947 1014.083
613.231 953.275
613.514 1005.327
613.797 1141.905
614.081 1218.561
614.364 1193.056
614.648 1124.329
614.931 1084.089
615.214 1052.690
615.498 1124.557
615.781 1166.053
616.064 1176.915
616.348 1388.564
616.631 1388.982
616.914 1402.414
617.198 1272.796
617.481 1167.412
617.765 1182.405
618.048 1293.182
618.331 1232.013
618.615 1154.213
618.898 1321.244
619.181 1265.943
619.465 1178.209
619.748 1066.473
620.031 1025.979
620.315 995.316
620.598 985.425
620.882 1057.937
621.165 1214.093
621.448 1141.563
621.732 1055.171
622.015 927.842
622.298 833.017
622.582 968.613
622.865 957.627
623.148 800.818
623.432 856.510
623.715 802.490
623.999 1000.724
624.282 996.742
624.565 1030.975
624.849 818.736
625.132 728.687
625.415 1026.100
625.699 1094.778
625.982 925.286
626.265 838.213
626.549 827.299
626.832 965.717
627.116 1017.266
627.399 821.340
627.682 816.694
627.966 803.821
628.249 767.834
628.532 742.975
628.816 934.096
629.099 869.065
629.383 830.190
629.666 778.615
629.949 759.389
630.233 787.733
630.516 853.808
630.799 876.880
631.083 759.919
631.366 674.794
631.649 622.180
631.933 585.364
632.216 742.136
632.500 804.014
632.783 814.325
633.066 797.274
633.350 799.826
633.633 860.861
633.916 810.466
634.200 742.010
634.483 833.285
634.766 899.696
635.050 812.394
635.333 696.523
635.617 697.130
635.900 854.133
636.183 958.507
636.467 863.113
636.750 865.288
637.033 911.545
637.317 953.217
637.600 1003.103
637.883 1000.313
638.167 1020.042
638.450 1022.843
638.734 1019.127
639.017 1060.355
639.300 1110.947
639.584 1100.582
639.867 1255.897
640.150 1198.864
640.434 1256.891
640.717 1313.689
641.000 1233.345
641.284 1279.168
641.567 1213.977
641.851 1214.540
642.134 1336.579
642.417 1297.041
642.701 1387.152
642.984 1398.968
643.267 1371.655
643.551 1316.440
643.834 1236.166
644.117 1279.981
644.401 1345.876
644.684 1402.137
644.968 1592.593
645.251 1558.294
645.534 1402.601
645.818 1430.772
646.101 1625.571
646.384 1753.299
646.668 1823.750
646.951 1911.102
647.235 2027.589
647.518 2071.790
647.801 2301.142
648.085 2554.408
648.368 2728.830
648.651 2868.896
648.935 3233.084
649.218 3588.102
649.501 3679.166
649.785 3869.703
650.068 4210.995
650.352 4447.294
650.635 4715.230
650.918 4948.669
651.202 5484.604
651.485 5996.964
651.768 6371.514
652.052 6693.862
652.335 7292.160
652.618 7852.697
652.902 8440.451
653.185 9124.980
653.469 9471.051
653.752 9801.586
654.035 10242.784
654.319 10652.817
654.602 10824.341
654.885 10795.650
655.169 10937.312
655.452 10821.075
655.735 11049.646
656.019 11196.502
656.302 11097.810
656.586 11205.711
656.869 11637.357
657.152 11576.539
657.436 11469.763
657.719 11440.083
658.002 11528.226
658.286 11405.556
658.569 11228.499
658.852 10845.549
659.136 10653.386
659.419 10369.151
659.703 10064.612
659.986 9931.646
660.269 9774.872
660.553 9400.129
660.836 9350.361
661.119 9495.715
661.403 9494.717
661.686 9268.403
661.969 9257.241
662.253 9178.756
662.536 9051.752
662.820 9058.775
663.103 8934.057
663.386 8837.736
663.670 8695.777
663.953 8464.639
664.236 8664.733
664.520 8445.916
664.803 8265.599
665.086 8227.909
665.370 8188.654
665.653 8089.391
665.937 7804.520
666.220 7406.982
666.503 7183.886
666.787 6889.796
667.070 6519.681
667.353 6265.644
667.637 5835.113
667.920 5661.712
668.204 5279.222
668.487 4926.249
668.770 4758.177
669.054 4250.058
669.337 3933.317
669.620 3765.149
669.904 3505.741
670.187 3277.946
670.470 3130.298
670.754 2780.325
671.037 2524.280
671.321 2445.120
671.604 2525.357
671.887 2408.215
672.171 2209.675
672.454 2177.790
672.737 2075.723
673.021 1877.879
673.304 1833.633
673.587 2014.359
673.871 1994.868
674.154 1948.704
674.438 1945.596
674.721 1897.318
675.004 1870.491
675.288 1779.983
675.571 1734.469
675.854 1662.406
676.138 1616.724
676.421 1597.779
676.704 1492.019
676.988 1579.257
677.271 1723.478
677.555 1651.864
677.838 1526.761
678.121 1483.889
678.405 1449.720
678.688 1519.105
678.971 1289.919
679.255 1413.389
679.538 1468.395
679.821 1446.638
680.105 1313.172
680.388 1250.893
680.672 1179.455
680.955 1198.193
681.238 1164.086
681.522 1114.046
681.805 1160.310
682.088 1201.837
682.372 1195.817
682.655 1065.568
682.938 1178.329
683.222 1203.408
683.505 1112.737
683.789 1160.831
684.072 1101.296
684.355 1163.847
684.639 1153.434
684.922 1017.761
685.205 966.639
685.489 1098.189
685.772 1081.599
686.056 1107.861
686.339 1143.452
686.622 977.208
686.906 975.146
687.189 1125.485
687.472 1219.457
687.756 1070.140
688.039 1017.003
688.322 961.705
688.606 1190.332
688.889 1142.341
689.173 1061.991
689.456 1225.900
689.739 1205.048
690.023 1143.338
690.306 1188.201
690.589 1091.156
690.873 1231.565
691.156 1341.892
691.439 1268.036
691.723 1184.815
692.006 1232.949
692.290 1225.213
692.573 1269.657
692.856 1366.532
693.140 1402.826
693.423 1323.759
693.706 1241.218
693.990 1266.597
694.273 1257.049
694.556 1413.671
694.840 1536.579
695.123 1389.355
695.407 1312.610
695.690 1223.422
695.973 1287.595
696.257 1323.368
696.540 1517.504
696.830 1468.693
697.120 1527.299
697.410 1590.436
697.699 1602.163
697.989 1806.488
698.279 1734.519
698.569 1583.175
698.859 1692.831
699.149 1856.059
699.439 1742.849
699.729 1584.972
700.018 1512.547
700.308 1617.043
700.598 1488.627
700.888 1413.990
701.178 1633.898
701.468 1551.128
701.758 1454.342
702.048 1568.140
702.337 1455.492
702.627 1508.077
702.917 1474.801
703.207 1348.994
703.497 1370.799
703.787 1247.836
704.077 1256.156
704.366 1231.569
704.656 1076.896
704.946 984.688
705.236 870.840
705.526 978.776
705.816 1103.549
706.106 899.082
706.396 945.022
706.685 932.298
706.975 769.461
707.265 699.573
707.555 871.789
707.845 913.691
708.135 835.418
708.425 696.600
708.715 696.322
709.004 872.534
709.294 909.117
709.584 912.277
709.874 884.686
710.164 809.757
710.454 781.735
710.744 779.998
711.034 868.994
711.323 859.431
711.613 757.091
711.903 843.880
712.193 944.197
712.483 768.211
712.773 797.731
713.063 775.578
713.352 828.929
713.642 794.094
713.932 835.493
714.222 832.913
714.512 805.860
714.802 802.758
715.092 837.662
715.382 726.779
715.671 687.752
715.961 747.141
716.251 660.457
716.541 724.327
716.831 818.844
717.121 694.745
717.411 814.967
717.701 866.662
717.990 770.989
718.280 695.038
718.570 711.296
718.860 695.370
719.150 717.067
719.440 662.014
719.730 631.148
720.019 881.520
720.309 828.897
720.599 741.047
720.889 687.940
721.179 742.506
721.469 795.919
721.759 730.547
722.049 780.423
722.338 638.545
722.628 693.587
722.918 766.838
723.208 834.679
723.498 676.045
723.788 740.238
724.078 900.990
724.368 837.174
724.657 749.682
724.947 810.213
725.237 876.653
725.527 905.630
725.817 790.987
726.107 732.374
726.397 684.038
726.686 591.214
726.976 695.683
727.266 844.639
727.556 746.013
727.846 849.369
728.136 816.652
728.426 723.294
728.716 651.608
729.005 738.837
729.295 676.842
729.585 562.642
729.875 586.765
730.165 722.174
730.455 730.923
730.745 761.750
731.035 751.090
731.324 822.610
731.614 789.964
731.904 721.752
732.194 811.179
732.484 742.922
732.774 719.595
733.064 721.560
733.354 610.685
733.643 649.565
733.933 682.090
734.223 650.920
734.513 771.797
734.803 829.155
735.093 697.467
735.383 654.222
735.672 677.679
735.962 754.367
736.252 580.629
736.542 621.942
736.832 622.941
737.122 536.316
737.412 616.728
737.702 754.742
737.991 779.295
738.281 704.151
738.571 670.079
738.861 710.788
739.151 696.043
739.441 763.225
739.731 628.534
740.021 682.994
740.310 788.223
740.600 806.789
740.890 584.529
741.180 648.881
741.470 712.079
741.760 816.737
742.050 928.306
742.339 844.108
742.629 699.716
742.919 800.625
743.209 648.667
743.499 609.763
743.789 638.109
744.079 712.385
744.369 747.308
744.658 707.182
744.948 539.174
745.238 675.506
745.528 668.587
745.818 784.348
746.108 765.518
746.398 765.304
746.688 743.476
746.977 875.570
747.267 744.506
747.557 768.128
747.847 854.628
748.137 745.049
748.427 651.535
748.717 569.534
749.006 483.414
749.296 632.320
749.586 669.520
749.876 797.696
750.166 657.276
750.456 656.953
750.746 731.480
751.036 618.724
751.325 751.477
751.615 699.299
751.905 694.323
752.195 736.035
752.485 692.054
752.775 688.761
753.065 619.710
753.355 828.938
753.644 806.934
753.934 702.958
754.224 693.244
754.514 866.649
754.804 587.965
755.094 481.664
755.384 598.031
755.674 667.257
755.963 723.444
756.253 619.771
756.543 710.441
756.833 765.154
757.123 733.279
757.413 666.698
757.703 598.374
757.992 597.387
758.282 678.131
758.572 675.815
758.862 597.442
759.152 618.565
759.442 623.986
759.732 684.933
760.022 754.297
760.311 680.628
760.601 585.072
760.891 691.730
761.181 739.294
761.471 669.633
761.761 576.669
762.051 572.659
762.341 725.018
762.630 765.041
762.920 671.403
763.210 685.203
763.500 686.545
763.793 580.822
764.086 677.517
764.379 646.672
764.671 696.991
764.964 602.441
765.257 660.809
765.550 669.215
765.843 486.773
766.136 638.000
766.429 657.171
766.722 670.626
767.014 581.437
767.307 476.300
767.600 507.536
767.893 511.089
768.186 512.115
768.479 582.697
768.772 723.843
769.064 749.062
769.357 674.810
769.650 625.105
769.943 782.599
770.236 682.919
770.529 528.382
770.822 571.746
771.115 727.006
771.407 851.873
771.700 800.427
771.993 776.001
772.286 728.817
772.579 733.140
772.872 611.181
773.165 530.553
773.457 621.296
773.750 648.176
774.043 546.276
774.336 607.450
774.629 719.146
774.922 657.325
775.215 606.888
775.508 661.071
775.800 626.217
776.093 719.513
776.386 718.806
776.679 579.567
776.972 637.993
777.265 881.715
777.558 930.141
777.850 771.434
778.143 761.400
778.436 703.833
778.729 647.865
779.022 644.867
779.315 560.461
779.608 529.322
779.900 580.595
780.193 615.787
780.486 652.334
780.779 653.702
781.072 559.877
781.365 643.705
781.658 630.312
781.951 531.934
782.243 622.067
782.536 685.582
782.829 652.465
783.122 681.598
783.415 719.045
783.708 701.007
784.001 718.075
784.293 719.094
784.586 752.458
784.879 793.556
785.172 694.680
785.465 576.153
785.758 625.268
786.051 656.346
786.344 702.049
786.636 869.935
786.929 713.795
787.222 663.087
787.515 590.704
787.808 590.539
788.101 596.549
788.394 725.436
788.686 869.308
788.979 832.193
789.272 746.462
789.565 694.835
789.858 603.034
790.151 525.730
790.444 499.772
790.737 546.288
791.029 548.207
791.322 693.931
791.615 625.458
791.908 680.670
792.201 700.964
792.494 623.511
792.787 669.718
793.079 838.896
793.372 764.371
793.665 769.137
793.958 710.329
794.251 700.374
794.544 780.369
794.837 850.953
795.130 704.408
795.422 665.540
795.715 675.526
796.008 659.249
796.301 645.999
796.594 600.198
796.887 686.867
797.180 711.495
797.472 569.935
797.765 516.112
798.058 600.274
798.351 588.924
798.644 524.133
798.937 518.167
799.230 603.323
799.523 975.824
799.815 828.282
800.108 530.191
800.401 502.290
800.694 637.537
800.987 615.979
801.280 665.177
801.573 760.097
801.865 750.122
802.158 645.596
802.451 580.741
802.744 556.804
803.037 610.711
803.330 608.339
803.623 678.605
803.915 648.680
804.208 565.427
804.501 616.624
804.794 639.662
805.087 644.037
805.380 524.100
805.673 503.570
805.966 660.742
806.258 611.319
806.551 620.594
806.844 620.608
807.137 701.649
807.430 539.313
807.723 504.187
808.016 743.157
808.308 844.265
808.601 669.894
808.894 613.912
809.187 603.468
809.480 599.857
809.773 582.184
810.066 663.267
810.359 729.408
810.651 705.667
810.944 452.955
811.237 468.563
811.530 653.239
811.825 634.722
812.119 536.215
812.414 435.321
812.709 581.230
813.003 682.624
813.298 615.214
813.593 617.488
813.887 574.368
814.182 916.318
814.476 836.045
814.771 773.115
815.066 693.319
815.360 559.499
815.655 503.619
815.950 510.250
816.244 603.855
816.539 722.328
816.834 670.355
817.128 703.706
817.423 791.688
817.718 958.753
818.012 724.795
818.307 446.402
818.602 590.884
818.896 691.701
819.191 651.317
819.486 622.807
819.780 728.897
820.075 812.975
820.369 784.682
820.664 637.475
820.959 658.194
821.253 704.486
821.548 651.651
821.843 746.477
822.137 763.899
822.432 698.838
822.727 653.700
823.021 679.449
823.316 794.071
823.611 843.916
823.905 684.107
824.200 558.914
824.495 672.976
824.789 776.366
825.084 713.392
825.379 599.180
825.673 642.066
825.968 756.667
826.262 696.042
826.557 645.141
826.852 668.887
827.146 691.194
827.441 675.630
827.736 694.408
828.030 633.524
828.325 494.861
828.620 735.852
828.914 839.731
829.209 638.983
829.504 776.473
829.798 762.145
830.093 600.677
830.388 533.038
830.682 480.747
830.977 666.612
831.271 730.351
831.566 600.740
831.861 558.790
832.155 524.256
832.450 711.540
832.745 815.836
833.039 657.117
833.334 577.084
833.629 632.522
833.923 581.227
834.218 555.204
834.513 539.981
834.807 576.724
835.102 492.039
835.397 542.429
835.691 506.877
835.986 544.703
836.281 519.609
836.575 558.252
836.870 622.604
837.164 625.181
837.459 540.599
837.754 588.463
838.048 595.498
838.343 532.431
838.638 570.781
838.932 662.698
839.227 642.302
839.522 642.879
839.816 594.113
840.111 560.690
840.406 548.899
840.700 713.135
840.995 878.022
841.290 940.493
841.584 767.167
841.879 793.362
842.174 740.167
842.468 682.125
842.763 570.626
843.057 600.867
843.352 624.689
843.647 619.493
843.941 622.428
844.236 668.691
844.531 721.613
844.825 657.810
845.120 751.821
845.415 819.098
845.709 679.131
846.004 761.899
846.299 638.348
846.593 774.885
846.888 790.760
847.183 667.416
847.477 588.048
847.772 593.670
848.066 651.177
848.361 673.176
848.656 663.695
848.950 634.370
849.245 740.373
849.540 682.035
849.834 787.069
850.129 748.995
850.424 679.835
850.718 654.194
851.013 750.760
851.308 662.656
851.602 664.967
851.897 809.204
852.192 919.875
852.486 743.669
852.781 623.408
853.076 767.753
853.370 781.762
853.665 818.390
853.959 835.942
854.254 702.734
854.549 863.678
854.843 700.822
855.138 622.828
855.433 785.217
855.727 890.677
856.022 653.526
856.317 655.060
856.611 681.752
856.906 577.337
857.201 701.143
857.495 842.765
857.790 841.837
858.085 793.381
858.379 723.050
858.674 615.406
858.969 603.650
859.263 669.066
859.558 620.613
859.852 540.142
860.147 672.742
860.442 767.817
860.736 598.655
861.031 733.525
861.326 784.804
861.620 663.000
861.915 830.584
862.210 806.464
862.504 625.949
862.799 727.771
863.094 725.171
863.388 616.425
863.683 620.026
863.978 561.916
864.272 575.482
864.567 577.880
864.861 618.567
865.156 550.306
865.451 410.776
865.745 624.629
866.040 721.134
866.335 703.183
866.629 782.719
866.924 633.656
867.219 595.523
867.513 757.751
867.808 699.745
868.103 589.525
868.397 610.195
868.692 628.166
868.987 596.263
869.281 558.702
869.576 652.224
869.871 713.645
870.165 609.116
870.460 509.915
870.754 590.424
871.049 531.724
871.344 584.148
871.638 623.890
871.933 545.825
872.228 625.024
872.522 619.878
872.817 704.547
873.112 916.887
873.406 731.776
873.701 789.348
873.996 732.320
874.290 624.615
874.585 571.957
874.880 646.098
875.174 603.616
875.469 585.652
875.764 639.152
876.058 623.117
876.353 547.202
876.647 512.195
876.942 557.780
877.237 538.965
877.531 614.723
877.826 696.130
878.121 648.528
878.415 594.742
878.710 578.858
879.005 705.374
879.299 614.795
879.594 544.034
879.889 447.669
880.183 453.406
880.478 537.270
880.773 574.559
881.067 621.029
881.362 660.814
881.656 570.330
881.951 572.590
882.246 460.211
882.540 530.341
882.835 543.595
883.130 565.144
883.424 548.950
883.719 512.307
884.014 623.952
884.308 594.250
884.603 532.695
884.898 549.373
885.192 623.775
885.487 558.745
885.782 482.470
886.076 679.453
886.371 636.053
886.666 396.927
886.960 465.578
887.255 458.009
887.549 433.071
887.844 652.027
888.139 744.767
888.433 647.366
888.728 554.752
889.023 576.964
889.317 597.227
889.612 477.133
889.907 511.233
890.201 562.570
890.496 616.017
890.791 614.599
891.085 581.409
891.380 579.654
891.675 596.960
891.969 656.157
892.264 515.225
892.559 520.098
892.853 661.784
893.148 551.467
893.442 520.549
893.737 615.373
894.032 509.995
894.326 443.925
894.621 468.604
894.916 435.517
895.210 510.032
895.505 640.369
895.800 574.631
896.094 443.882
896.389 489.787
896.684 488.462
896.978 482.745
897.273 443.820
897.568 576.830
897.862 572.044
898.157 556.138
898.451 690.268
898.746 638.065
899.041 667.869
899.335 649.277
899.630 524.862
899.925 563.379
900.219 666.134
900.514 710.804
900.809 504.525
901.103 429.926
901.398 626.205
901.693 498.769
901.987 496.549
902.282 576.258
902.577 472.925
902.871 465.382
903.166 577.314
903.461 615.339
903.755 598.025
904.050 602.330
904.344 460.691
904.639 465.669
904.934 517.263
905.228 518.202
905.523 441.164
905.818 489.425
906.112 643.488
906.407 567.944
906.702 538.239
906.996 587.446
907.291 538.396
907.586 452.285
907.880 632.455
908.175 606.675
908.470 618.503
908.764 663.364
909.059 677.025
909.354 607.102
909.648 519.081
909.943 550.140
910.237 704.862
910.532 721.745
910.827 755.668
911.121 695.820
911.416 625.417
911.711 619.912
912.005 657.895
912.300 599.155
912.599 680.383
912.898 648.940
913.196 616.432
913.495 609.020
913.794 696.593
914.093 608.676
914.391 583.771
914.690 692.690
914.989 615.848
915.288 701.104
915.586 624.853
915.885 472.475
916.184 435.847
916.483 477.132
916.782 588.940
917.080 638.762
917.379 629.616
917.678 563.301
917.977 678.329
918.275 692.225
918.574 657.203
918.873 630.296
919.172 588.688
919.471 501.636
919.769 525.959
920.068 512.646
920.367 524.163
920.666 569.414
920.964 596.894
921.263 532.543
921.562 515.240
921.861 594.190
922.159 511.938
922.458 566.264
922.757 591.272
923.056 557.458
923.355 584.571
923.653 707.009
923.952 667.518
924.251 506.767
924.550 648.163
924.848 674.797
925.147 574.732
925.446 579.280
925.745 682.827
926.043 627.423
926.342 577.365
926.641 571.952
926.940 619.821
927.239 686.088
927.537 756.546
927.836 639.666
928.135 619.675
928.434 702.245
928.732 694.917
929.031 749.261
929.330 794.910
929.629 768.805
929.927 661.232
930.226 560.109
930.525 632.095
930.824 789.452
931.123 692.567
931.421 744.343
931.720 773.086
932.019 827.277
932.318 826.551
932.616 735.697
932.915 668.265
933.214 641.170
933.513 664.306
933.812 689.548
934.110 760.163
934.409 864.210
934.708 707.439
935.007 874.536
935.305 896.018
935.604 692.489
935.903 796.995
936.202 881.675
936.500 909.186
936.799 990.608
937.098 1031.171
937.397 971.575
937.696 807.972
937.994 780.724
938.293 864.750
938.592 769.053
938.891 835.987
939.189 886.520
939.488 962.639
939.787 1157.814
940.086 943.727
940.384 974.067
940.683 914.753
940.982 775.351
941.281 889.626
941.580 1163.686
941.878 1141.823
942.177 971.685
942.476 1039.947
942.775 934.777
943.073 699.650
943.372 788.080
943.671 1006.568
943.970 1073.922
944.268 924.594
944.567 831.150
944.866 892.566
945.165 843.101
945.464 854.793
945.762 742.441
946.061 1002.241
946.360 1090.014
946.659 1060.987
946.957 953.749
947.256 871.572
947.555 852.328
947.854 969.780
948.153 898.333
948.451 813.718
948.750 894.079
949.049 936.231
949.348 1124.176
949.646 943.675
949.945 884.528
950.244 1054.892
950.543 962.043
950.841 854.257
951.140 780.771
951.439 686.873
951.738 780.598
952.037 896.915
952.335 968.692
952.634 958.541
952.933 833.445
953.232 831.330
953.530 644.464
953.829 898.093
954.128 1004.742
954.427 902.854
954.725 1029.318
955.024 961.736
955.323 991.259
955.622 831.107
955.921 761.885
956.219 851.447
956.518 784.777
956.817 833.768
957.116 795.119
957.414 776.986
957.713 724.052
958.012 670.060
958.311 677.427
958.610 840.788
958.908 864.967
959.207 826.761
959.506 875.507
959.805 947.673
960.103 939.797
960.402 884.450
960.701 788.676
961.000 681.649
961.298 655.089
961.597 793.957
961.896 743.317
962.195 768.058
962.494 841.846
962.792 734.914
963.091 688.033
963.390 700.059
963.689 725.751
963.987 786.802
964.286 838.130
964.585 856.461
964.884 745.224
965.182 621.472
965.481 999.046
965.780 1113.986
966.080 995.838
966.380 889.514
966.680 834.381
966.981 748.028
967.281 756.037
967.581 740.055
967.881 792.302
968.181 815.765
968.481 765.601
968.781 764.548
969.082 664.427
969.382 689.779
969.682 820.430
969.982 851.985
970.282 863.128
970.582 682.087
970.882 617.029
971.183 804.061
971.483 764.443
971.783 730.988
972.083 753.432
972.383 811.322
972.683 779.475
972.983 767.412
973.284 673.534
973.584 660.490
973.884 681.798
974.184 732.395
974.484 840.578
974.784 717.748
975.084 641.122
975.385 643.613
975.685 781.459
975.985 731.021
976.285 740.478
976.585 740.261
976.885 646.117
977.185 679.628
977.486 732.970
977.786 737.512
978.086 844.054
978.386 851.126
978.686 737.852
978.986 708.482
979.286 704.490
979.587 757.498
979.887 735.506
980.187 681.514
980.487 611.522
980.787 715.530
981.087 688.537
981.387 880.545
981.688 734.553
981.988 546.561
982.288 630.569
982.588 711.577
982.888 722.585
983.188 711.593
983.488 814.601
983.789 802.609
984.089 695.617
984.389 677.625
984.689 602.633
984.989 555.640
985.289 588.648
985.589 750.656
985.890 710.664
986.190 557.672
986.490 584.680
986.790 725.687
987.090 661.695
987.390 681.703
987.690 693.711
987.991 540.719
988.291 581.726
988.591 633.734
988.891 504.742
989.191 538.750
989.491 714.758
989.791 689.765
990.092 652.773
990.392 670.781
990.692 700.789
990.992 671.796
991.292 511.804
991.592 650.812
991.892 674.819
992.193 768.827
992.493 743.835
992.793 622.842
993.093 583.850
993.393 553.858
993.693 647.865
993.993 708.873
994.294 745.881
994.594 652.888
994.894 634.896
995.194 631.904
995.494 547.911
995.794 565.919
996.094 570.926
996.395 616.934
996.695 731.942
996.995 541.949
997.295 455.957
997.595 537.964
997.895 503.972
998.195 497.979
998.496 547.987
998.796 494.995
999.096 716.002
999.396 638.010
999.696 630.017
999.996 678.025
1000.296 832.032
1000.597 797.040
1000.897 579.047
1001.197 595.055
1001.497 801.062
1001.797 553.070
1002.097 463.077
1002.397 582.084
1002.698 647.092
1002.998 748.099
1003.298 678.107
1003.598 576.114
1003.898 518.122
1004.198 663.129
1004.498 738.136
1004.799 631.144
1005.099 708.151
1005.399 723.159
1005.699 714.166
1005.999 698.173
1006.299 590.181
1006.599 803.188
1006.900 826.195
1007.200 654.203
1007.500 628.210
1007.800 585.217
1008.100 518.225
1008.400 536.232
1008.700 582.239
1009.001 584.247
1009.301 602.254
1009.601 810.261
1009.901 812.269
1010.201 658.276
1010.501 676.283
1010.801 796.290
1011.102 596.298
1011.402 608.305
1011.702 573.312
1012.002 529.319
1012.302 669.327
1012.602 611.334
1012.902 584.341
1013.203 625.348
1013.503 705.355
1013.803 729.363
1014.103 573.370
1014.403 649.377
1014.703 570.384
1015.003 508.391
1015.304 699.398
1015.604 767.406
1015.904 539.413
1016.204 497.420
1016.504 535.427
1016.804 582.434
1017.104 586.441
1017.405 571.448
1017.705 520.456
1018.005 550.463
1018.305 545.470
1018.605 528.477
1018.905 415.484
1019.205 448.491
1019.506 811.498
1019.806 768.505
1020.106 687.512
1020.406 762.519
1020.706 691.526
1021.006 707.533
1021.306 806.540
1021.607 684.547
1021.907 797.554
1022.207 763.561
1022.507 630.568
1022.807 625.575
1023.107 625.582
1023.407 609.589
1023.708 607.596
1024.008 557.603
1024.308 602.610
1024.608 582.617
1024.908 478.624
1025.208 625.631
1025.508 846.638
1025.809 796.645
1026.109 654.652
1026.409 738.659
1026.709 714.666
1027.009 604.673
1027.309 672.680
1027.609 564.687
1027.910 531.693
1028.210 647.700
1028.510 742.707
1028.810 920.714
1029.110 871.721
1029.410 755.728
1029.710 774.735
1030.011 714.742
1030.311 722.748
1030.611 614.755
1030.911 653.762
1031.211 649.769
1031.511 558.776
1031.811 782.782
1032.112 775.789
1032.412 674.796
1032.712 518.803
1033.012 595.810
1033.312 756.816
1033.612 729.823
1033.912 642.830
1034.212 537.837
1034.513 542.844
1034.813 564.850
1035.113 700.857
1035.413 535.864
1035.713 579.870
1036.013 656.877
1036.313 680.884
1036.614 732.891
1036.914 590.897
1037.214 516.904
1037.514 676.911
1037.814 630.917
1038.114 619.924
1038.414 620.931
1038.715 685.937
1039.015 541.944
1039.315 457.951
1039.615 580.957
1039.915 569.964
1040.215 593.971
1040.515 623.977
1040.816 744.984
1041.116 650.991
1041.416 532.997
1041.716 499.004
1042.016 491.010
1042.316 648.017
1042.616 617.024
1042.917 567.030
1043.217 580.037
1043.517 630.043
1043.817 743.050
1044.117 692.057
1044.417 604.063
1044.717 548.070
1045.018 621.076
1045.318 734.083
1045.618 729.089
1045.918 632.096
1046.218 537.102
1046.518 590.109
1046.818 673.115
1047.119 564.122
1047.419 785.128
1047.719 702.135
1048.019 593.141
1048.319 738.148
1048.619 683.154
1048.919 651.161
1049.220 633.167
1049.520 698.174
1049.820 602.180
1050.120 512.187
1050.420 752.193
1050.720 712.200
1051.020 655.206
1051.321 701.212
1051.621 765.219
1051.921 633.225
1052.221 547.232
1052.521 492.238
1052.821 467.244
1053.121 609.251
1053.422 707.257
1053.722 759.264
1054.022 661.270
1054.322 786.276
1054.622 663.283
1054.922 588.289
1055.222 677.295
1055.523 658.302
1055.823 671.308
1056.123 767.314
1056.423 675.321
1056.723 724.327
1057.023 649.333
1057.323 507.340
1057.624 643.346
1057.924 714.352
1058.224 676.359
1058.524 576.365
1058.824 671.371
1059.124 660.377
1059.424 598.384
1059.725 694.390
1060.025 606.396
1060.325 615.403
1060.625 634.409
1060.925 637.415
1061.225 661.421
1061.525 799.428
1061.826 657.434
1062.126 658.440
1062.426 689.446
1062.726 699.452
1063.026 685.459
1063.326 926.465
1063.626 855.471
1063.927 695.477
1064.227 681.483
1064.527 606.490
1064.827 729.496
1065.127 669.502
1065.427 524.508
1065.727 551.514
1066.028 699.520
1066.328 691.527
1066.628 508.533
1066.928 555.539
1067.228 609.545
1067.528 562.551
1067.828 591.557
1068.129 524.563
1068.429 698.569
1068.729 796.576
1069.029 627.582
1069.329 466.588
1069.629 585.594
1069.929 682.600
1070.230 786.606
1070.530 746.612
1070.830 634.618
1071.130 716.624
1071.430 681.630
1071.730 699.636
1072.030 717.642
1072.331 589.648
1072.631 646.654
1072.931 715.661
1073.231 664.667
1073.531 597.673
1073.831 605.679
1074.131 717.685
1074.432 817.691
1074.732 680.697
1075.032 557.703
1075.332 524.709
1075.632 592.715
1075.932 577.721
1076.232 500.727
1076.533 544.732
1076.833 691.738
1077.133 643.744
1077.433 566.750
1077.733 611.756
1078.033 716.762
1078.333 659.768
1078.634 649.774
1078.934 665.780
1079.234 588.786
1079.534 748.792
1079.834 805.798
1080.134 664.804
1080.434 699.810
1080.735 687.816
1081.035 706.821
1081.335 574.827
1081.635 548.833
1081.935 635.839
1082.235 615.845
1082.535 623.851
1082.836 689.857
1083.136 615.863
1083.436 739.868
1083.736 707.874
1084.036 531.880
1084.336 528.886
1084.636 570.892
1084.937 716.898
1085.237 768.903
1085.537 668.909
1085.837 703.915
1086.137 683.921
1086.437 751.927
1086.737 653.932
1087.038 626.938
1087.338 739.944
1087.638 765.950
1087.938 556.956
1088.238 406.961
1088.538 551.967
1088.838 722.973
1089.139 786.979
1089.439 561.984
1089.739 645.990
1090.039 659.996
1090.339 686.002
1090.639 632.007
1090.939 679.013
1091.240 559.019
1091.540 569.025
1091.840 637.030
1092.140 753.036
1092.453 700.042
1092.766 561.047
1093.079 547.053
1093.392 584.059
1093.705 542.064
1094.018 636.070
1094.330 833.076
1094.643 734.081
1094.956 824.087
1095.269 690.093
1095.582 653.098
1095.895 576.104
1096.208 573.110
1096.521 598.115
1096.834 637.121
1097.147 637.127
1097.460 651.132
1097.773 758.138
1098.085 599.143
1098.398 490.149
1098.711 545.155
1099.024 515.160
1099.337 603.166
1099.650 693.172
1099.963 716.177
1100.276 597.183
1100.589 603.188
1100.902 640.194
1101.215 614.199
1101.528 677.205
1101.841 626.211
1102.153 669.216
1102.466 764.222
1102.779 591.227
1103.092 530.233
1103.405 661.238
1103.718 605.244
1104.031 590.249
1104.344 662.255
1104.657 606.260
1104.970 912.266
1105.283 714.271
1105.596 541.277
1105.909 580.282
1106.221 720.288
1106.534 738.293
1106.847 571.299
1107.160 496.304
1107.473 507.310
1107.786 561.315
1108.099 498.321
1108.412 554.326
1108.725 623.332
1109.038 550.337
1109.351 641.343
1109.664 660.348
1109.977 562.353
1110.289 619.359
1110.602 604.364
1110.915 595.370
1111.228 615.375
1111.541 507.381
1111.854 546.386
1112.167 494.391
1112.480 502.397
1112.793 587.402
1113.106 608.408
1113.419 641.413
1113.732 570.418
1114.044 464.424
1114.357 612.429
1114.670 660.435
1114.983 566.440
1115.296 561.445
1115.609 626.451
1115.922 686.456
1116.235 651.461
1116.548 620.467
1116.861 597.472
1117.174 588.477
1117.487 613.483
1117.800 769.488
1118.112 610.493
1118.425 580.499
1118.738 568.504
1119.051 585.509
1119.364 544.515
1119.677 566.520
1119.990 588.525
1120.303 637.530
1120.616 729.536
1120.929 599.541
1121.242 644.546
1121.555 694.552
1121.868 653.557
1122.180 610.562
1122.493 461.567
1122.806 452.573
1123.119 590.578
1123.432 617.583
1123.745 649.588
1124.058 590.594
1124.371 538.599
1124.684 699.604
1124.997 686.609
1125.310 596.615
1125.623 497.620
1125.935 450.625
1126.248 568.630
1126.561 632.635
1126.874 601.641
1127.187 748.646
1127.500 771.651
1127.813 741.656
1128.126 661.661
1128.439 627.666
1128.752 790.672
1129.065 593.677
1129.378 388.682
1129.691 540.687
1130.003 612.692
1130.316 597.697
1130.629 520.703
1130.942 565.708
1131.255 584.713
1131.568 475.718
1131.881 580.723
1132.194 670.728
1132.507 631.733
1132.820 558.739
1133.133 604.744
1133.446 533.749
1133.759 752.754
1134.071 1185.759
1134.384 881.764
1134.697 783.769
1135.010 865.774
1135.323 698.779
1135.636 559.784
1135.949 498.789
1136.262 537.795
1136.575 590.800
1136.888 618.805
1137.201 588.810
1137.514 545.815
1137.826 672.820
1138.139 637.825
1138.452 632.830
1138.765 817.835
1139.078 809.840
1139.391 743.845
1139.704 681.850
1140.017 723.855
1140.330 617.860
1140.643 516.865
1140.956 518.870
1141.269 599.875
1141.582 643.880
1141.894 550.885
1142.207 734.890
1142.520 679.895
1142.833 692.900
1143.146 583.905
1143.459 500.910
1143.772 527.915
1144.085 649.920
1144.398 601.925
1144.711 586.930
1145.024 562.935
1145.337 625.940
1145.650 716.945
1145.962 681.950
1146.275 704.955
1146.588 523.960
1146.901 643.965
1147.214 636.970
1147.527 567.974
1147.840 602.979
1148.153 576.984
1148.466 585.989
1148.779 575.994
1149.092 675.999
1149.405 565.004
1149.718 616.009
1150.030 713.014
1150.343 649.019
1150.656 554.023
1150.969 531.028
1151.282 717.033
1151.595 680.038
1151.908 596.043
1152.221 431.048
1152.534 461.053
1152.847 707.058
1153.160 642.062
1153.473 651.067
1153.785 654.072
1154.098 611.077
1154.411 701.082
1154.724 695.087
1155.037 754.091
1155.350 657.096
1155.663 668.101
1155.976 621.106
1156.289 643.111
1156.602 557.116
1156.915 464.120
1157.228 450.125
1157.541 571.130
1157.853 597.135
1158.166 641.140
1158.479 713.144
1158.792 621.149
1159.105 599.154
1159.418 605.159
1159.731 610.163
1160.044 633.168
1160.357 739.173
1160.670 672.178
1160.983 457.183
1161.296 569.187
1161.609 677.192
1161.921 623.197
1162.234 562.202
1162.547 426.206
1162.860 512.211
1163.173 545.216
1163.486 643.220
1163.799 667.225
1164.112 562.230
1164.425 510.235
1164.738 538.239
1165.051 496.244
1165.364 541.249
1165.676 637.253
1165.989 664.258
1166.302 613.263
1166.615 728.267
1166.928 667.272
1167.241 720.277
1167.554 747.282
1167.867 722.286
1168.180 669.291
1168.493 502.296
1168.806 564.300
1169.119 610.305
1169.432 658.310
1169.744 621.314
1170.057 622.319
1170.370 745.323
1170.683 667.328
1170.996 560.333
1171.309 619.337
1171.622 614.342
1171.935 615.347
1172.248 796.351
1172.561 737.356
1172.874 621.360
1173.187 621.365
1173.500 673.370
1173.812 741.374
1174.125 702.379
1174.438 667.384
1174.751 557.388
1175.064 557.393
1175.377 683.397
1175.690 618.402
1176.003 525.406
1176.316 566.411
1176.629 633.416
1176.942 597.420
1177.255 499.425
1177.567 430.429
1177.880 527.434
1178.193 657.438
1178.506 547.443
1178.819 623.447
1179.132 728.452
1179.445 557.457
1179.758 688.461
1180.071 673.466
1180.384 578.470
1180.697 596.475
1181.010 668.479
1181.323 774.484
1181.635 721.488
1181.948 677.493
1182.261 552.497
1182.574 481.502
1182.887 615.506
1183.200 811.511
1183.513 729.515
1183.826 657.520
1184.139 687.524
1184.452 664.529
1184.765 553.533
1185.078 470.538
1185.391 517.542
1185.703 542.547
1186.016 491.551
1186.329 490.555
1186.642 603.560
1186.955 697.564
1187.268 579.569
1187.581 656.573
1187.894 623.578
1188.207 657.582
1188.520 589.587
1188.833 534.591
1189.146 503.595
1189.459 474.600
1189.771 518.604
1190.084 694.609
1190.397 592.613
1190.710 628.618
1191.023 660.622
1191.336 637.626
1191.649 581.631
1191.962 638.635
1192.275 513.640
1192.588 631.644
1192.901 761.648
1193.214 611.653
1193.526 596.657
1193.839 636.661
1194.152 489.666
1194.465 623.670
1194.778 584.675
1195.091 591.679
1195.404 571.683
1195.717 586.688
1196.030 681.692
1196.343 597.696
1196.656 494.701
1196.969 564.705
1197.282 653.709
1197.594 664.714
1197.907 757.718
1198.220 688.722
1198.533 581.727
1198.846 559.731
1199.159 565.735
1199.472 573.740
1199.785 671.744
1200.098 559.748
1200.411 667.753
1200.724 668.757
1201.037 587.761
1201.350 547.765
1201.662 506.770
1201.975 645.774
1202.288 627.778
1202.601 188.783
