165.028 161.949
165.288 126.615
165.547 179.284
165.807 233.956
166.067 135.632
166.327 31.312
166.587 11.994
166.847 153.680
167.107 206.369
167.367 260.061
167.627 269.756
167.886 226.455
168.146 235.156
168.406 407.861
168.666 337.568
168.926 233.279
169.186 250.992
169.446 268.709
169.706 160.428
169.966 209.151
170.225 215.876
170.485 221.604
170.745 314.334
171.005 481.068
171.265 321.804
171.525 287.543
171.785 200.284
172.045 142.029
172.305 299.775
172.564 238.525
172.824 107.277
173.084 282.031
173.344 245.788
173.604 217.547
173.864 258.309
174.124 234.073
174.384 224.840
174.644 312.609
174.903 409.380
175.163 373.153
175.423 470.929
175.683 246.707
175.943 312.487
176.203 294.269
176.463 182.054
176.723 169.840
176.983 227.629
177.242 358.419
177.502 505.212
177.762 483.007
178.022 250.803
178.282 190.602
178.542 193.402
178.802 221.204
179.062 205.009
179.322 437.814
179.581 456.622
179.841 268.432
180.101 368.243
180.361 369.056
180.621 355.870
180.881 351.686
181.141 365.504
181.401 314.324
181.661 268.145
181.920 405.967
182.180 380.791
182.440 236.617
182.700 181.444
182.960 224.272
183.220 274.102
183.480 466.933
183.740 333.765
184.000 235.599
184.259 147.434
184.519 251.270
184.779 287.108
185.039 336.947
185.299 434.787
185.559 461.628
185.819 426.470
186.079 429.314
186.339 311.158
186.598 258.003
186.858 181.850
187.118 233.698
187.378 390.546
187.638 357.396
187.898 418.246
188.158 502.097
188.418 347.949
188.678 266.803
188.937 341.656
189.197 383.511
189.457 366.367
189.717 320.223
189.977 206.080
190.237 250.937
190.497 399.796
190.757 374.655
191.017 348.515
191.276 240.375
191.536 263.236
191.796 250.097
192.056 263.959
192.316 332.822
192.576 286.685
192.836 247.548
193.096 317.412
193.356 281.277
193.616 333.142
193.875 339.007
194.135 311.872
194.395 449.738
194.655 432.605
194.915 381.471
195.175 333.338
195.435 410.205
195.695 255.073
195.955 141.940
196.214 284.808
196.474 375.676
196.734 393.544
196.994 381.413
197.254 389.281
197.514 281.150
197.774 267.018
198.034 213.887
198.294 273.756
198.553 330.625
198.813 321.494
199.073 178.362
199.333 214.231
199.593 392.100
199.853 396.968
200.113 505.837
200.373 533.705
200.633 259.574
200.892 259.442
201.152 235.310
201.412 221.178
201.672 362.046
201.932 521.913
202.192 487.780
202.452 321.647
202.712 250.514
202.972 311.380
203.231 465.247
203.491 393.112
203.751 297.978
204.011 394.843
204.271 429.708
204.531 255.572
204.791 214.436
205.051 234.300
205.311 306.163
205.570 206.026
205.830 260.888
206.090 235.750
206.350 325.612
206.610 504.473
206.870 310.333
207.130 217.193
207.390 244.052
207.650 259.911
207.909 308.769
208.169 340.627
208.429 296.484
208.689 165.340
208.949 263.196
209.209 322.051
209.469 168.906
209.729 173.759
209.989 236.612
210.248 136.465
210.508 388.317
210.768 365.168
211.028 238.018
211.288 313.868
211.548 293.716
211.808 356.565
212.068 523.412
212.328 473.258
212.587 439.104
212.847 297.949
213.107 345.793
213.367 335.636
213.627 303.479
213.887 343.320
214.147 197.161
214.407 256.001
214.667 304.839
214.926 384.677
215.186 343.514
215.446 360.351
215.706 295.186
215.966 242.020
216.226 268.853
216.486 258.686
216.746 354.517
217.006 369.348
217.265 279.177
217.525 217.006
217.785 333.833
218.045 384.659
218.305 237.485
218.565 245.309
218.825 338.132
219.085 428.955
219.345 283.776
219.604 206.596
219.864 291.415
220.124 307.233
220.384 320.050
220.644 310.866
220.904 226.680
221.164 305.494
221.424 296.306
221.684 214.118
221.943 248.928
222.203 397.737
222.463 289.544
222.723 180.351
222.983 357.157
223.243 263.961
223.503 336.764
223.763 267.566
224.023 198.367
224.282 372.166
224.542 414.965
224.802 413.762
225.062 394.558
225.322 479.352
225.582 410.146
225.842 316.938
226.102 306.729
226.362 287.518
226.621 313.307
226.881 274.094
227.141 358.880
227.401 432.664
227.661 338.448
227.921 447.230
228.181 312.011
228.441 292.790
228.701 481.568
228.960 531.345
229.220 333.121
229.480 205.895
229.740 429.668
230.000 514.439
230.260 351.209
230.520 285.978
230.780 257.746
231.040 317.512
231.299 261.277
231.559 289.041
231.819 373.803
232.079 458.563
232.339 417.323
232.599 241.081
232.859 369.838
233.119 476.593
233.379 364.347
233.638 372.100
233.898 474.851
234.158 447.601
234.418 273.349
234.678 409.096
234.938 476.842
235.198 278.586
235.458 249.329
235.718 280.070
235.978 255.810
236.237 316.549
236.497 407.286
236.757 438.022
237.017 362.756
237.277 400.489
237.537 365.220
237.797 313.950
238.057 405.679
238.317 367.406
238.576 272.132
238.836 312.856
239.096 428.579
239.356 448.301
239.616 374.021
239.876 398.739
240.136 390.457
240.396 443.172
240.656 499.886
240.915 442.599
241.175 336.311
241.435 217.020
241.695 372.729
241.955 520.436
242.215 558.141
242.475 527.846
242.735 347.548
242.995 395.249
243.254 406.949
243.514 320.647
243.774 159.344
244.034 290.039
244.294 564.733
244.554 447.426
244.814 393.116
245.074 377.806
245.334 353.494
245.593 300.180
245.853 329.865
246.113 287.549
246.373 422.231
246.633 465.912
246.893 339.591
247.153 420.269
247.413 544.945
247.673 438.620
247.932 371.293
248.192 429.965
248.452 509.635
248.712 437.304
248.972 329.971
249.232 471.637
249.492 360.302
249.752 239.965
250.012 428.626
250.271 399.286
250.531 407.945
250.791 576.602
251.051 578.257
251.311 440.912
251.571 266.564
251.831 328.216
252.091 442.865
252.351 421.514
252.610 359.160
252.870 411.806
253.130 344.450
253.390 318.092
253.650 476.733
253.911 469.372
254.172 459.011
254.433 391.647
254.694 347.282
254.955 385.916
255.216 328.548
255.477 414.179
255.738 428.808
255.999 365.436
256.261 516.062
256.522 500.687
256.783 457.311
257.044 299.933
257.305 199.553
257.566 232.172
257.827 250.790
258.088 301.406
258.349 300.021
258.610 373.634
258.871 486.246
259.132 574.856
259.393 410.465
259.654 276.073
259.915 231.679
260.176 366.284
260.437 417.887
260.698 359.489
260.959 332.089
261.221 445.688
261.482 509.285
261.743 433.882
262.004 436.476
262.265 599.069
262.526 532.661
262.787 326.252
263.048 282.841
263.309 294.428
263.570 487.014
263.831 427.599
264.092 362.182
264.353 237.764
264.614 533.345
264.875 484.924
265.136 360.501
265.397 551.078
265.658 612.652
265.919 624.226
266.181 548.798
266.442 400.369
266.703 327.938
266.964 328.506
267.225 365.072
267.486 417.637
267.747 497.201
268.008 493.763
268.269 541.324
268.530 542.884
268.791 466.442
269.052 501.999
269.313 464.554
269.574 437.109
269.835 515.661
270.096 519.213
270.357 510.763
270.618 371.311
270.879 344.858
271.141 453.404
271.402 439.949
271.663 348.492
271.924 402.034
272.185 472.574
272.446 444.114
272.707 468.651
272.968 405.188
273.229 355.723
273.490 361.257
273.751 370.789
274.012 368.320
274.273 499.850
274.534 505.379
274.795 491.906
275.056 480.432
275.317 349.956
275.578 299.479
275.839 406.001
276.101 315.522
276.362 288.041
276.623 394.559
276.884 595.075
277.145 596.591
277.406 517.105
277.667 348.618
277.928 283.129
278.189 525.639
278.450 517.148
278.711 500.656
278.972 531.162
279.233 401.667
279.494 517.170
279.755 679.673
280.016 684.174
280.277 468.674
280.538 471.173
280.799 360.670
281.061 398.166
281.322 418.661
281.583 435.154
281.844 396.647
282.105 349.138
282.366 413.628
282.627 423.116
282.888 533.603
283.149 526.090
283.410 449.574
283.671 500.058
283.932 426.540
284.193 300.021
284.454 378.501
284.715 445.980
284.976 440.457
285.237 526.934
285.498 729.409
285.759 566.882
286.021 575.355
286.282 522.826
286.543 508.296
286.804 489.765
287.065 515.233
287.326 555.700
287.587 400.165
287.848 511.629
288.109 638.092
288.370 531.554
288.631 345.014
288.892 326.474
289.153 381.932
289.414 343.389
289.675 549.845
289.936 643.299
290.197 552.753
290.458 477.205
290.719 387.656
290.981 559.106
291.242 631.555
291.503 591.003
291.764 439.449
292.025 298.895
292.286 337.339
292.547 471.782
292.808 414.224
293.069 484.665
293.330 549.105
293.591 531.543
293.852 457.980
294.113 431.417
294.374 456.852
294.635 485.286
294.896 502.719
295.157 524.150
295.418 564.581
295.679 527.011
295.941 482.439
296.202 515.866
296.463 537.293
296.724 631.718
296.985 638.142
297.246 560.565
297.507 458.986
297.768 400.407
298.029 498.827
298.290 689.245
298.551 699.663
298.812 767.079
299.073 538.494
299.334 380.909
299.595 553.322
299.856 586.734
300.117 627.145
300.378 539.555
300.639 379.964
300.901 389.372
301.162 489.778
301.423 579.184
301.684 743.589
301.945 754.992
302.206 525.395
302.467 533.796
302.728 437.197
302.989 504.596
303.250 567.995
303.511 621.392
303.772 621.789
304.033 565.184
304.294 558.578
304.555 502.971
304.816 554.364
305.077 558.755
305.338 476.145
305.599 471.534
305.861 533.923
306.122 563.310
306.383 530.696
306.644 561.081
306.905 433.465
307.166 587.848
307.427 586.231
307.688 503.612
307.949 454.992
308.210 548.371
308.471 571.750
308.732 513.127
308.993 363.503
309.254 434.879
309.515 386.253
309.776 505.626
310.037 521.999
310.298 348.370
310.559 415.741
310.821 603.110
311.082 580.479
311.343 451.846
311.604 421.213
311.865 384.579
312.126 336.943
312.387 424.307
312.648 456.670
312.909 465.032
313.170 487.393
313.434 509.753
313.698 458.112
313.963 559.471
314.227 493.828
314.491 436.184
314.755 458.540
315.019 429.894
315.284 330.248
315.548 488.600
315.812 517.952
316.076 587.303
316.340 574.653
316.604 577.002
316.869 617.350
317.133 581.698
317.397 605.044
317.661 633.389
317.925 486.734
318.190 481.078
318.454 489.421
318.718 408.762
318.982 572.103
319.246 644.444
319.511 688.783
319.775 517.121
320.039 548.459
320.303 544.796
320.567 597.131
320.832 580.466
321.096 442.800
321.360 437.134
321.624 426.466
321.888 425.797
322.153 463.128
322.417 421.458
322.681 355.787
322.945 522.115
323.209 563.442
323.473 442.769
323.738 485.094
324.002 544.419
324.266 615.743
324.530 618.066
324.794 528.388
325.059 418.710
325.323 382.030
325.587 461.350
325.851 484.669
326.115 703.987
326.380 648.304
326.644 581.621
326.908 545.937
327.172 526.251
327.436 561.566
327.701 501.879
327.965 465.191
328.229 548.503
328.493 427.814
328.757 429.124
329.022 553.433
329.286 445.742
329.550 441.049
329.814 441.356
330.078 453.663
330.342 401.968
330.607 425.272
330.871 529.576
331.135 646.879
331.399 626.182
331.663 500.483
331.928 504.784
332.192 597.084
332.456 555.383
332.720 565.681
332.984 512.979
333.249 522.276
333.513 456.572
333.777 368.867
334.041 406.162
334.305 479.456
334.570 560.749
334.834 461.042
335.098 614.333
335.362 688.624
335.626 585.914
335.891 465.204
336.155 495.492
336.419 447.780
336.683 339.068
336.947 452.354
337.211 479.640
337.476 388.925
337.740 416.209
338.004 466.493
338.268 475.776
338.532 522.058
338.797 465.340
339.061 571.620
339.325 592.901
339.589 656.180
339.853 581.459
340.118 450.736
340.382 574.014
340.646 634.290
340.910 459.566
341.174 484.841
341.439 475.116
341.703 514.390
341.967 519.663
342.231 489.935
342.495 421.207
342.759 519.478
343.024 524.748
343.288 661.018
343.552 575.287
343.816 368.555
344.080 482.823
344.345 568.090
344.609 380.356
344.873 314.622
345.137 518.887
345.401 583.151
345.666 369.414
345.930 515.677
346.194 598.940
346.458 431.201
346.722 426.462
346.987 422.723
347.251 547.983
347.515 710.242
347.779 526.500
348.043 467.758
348.308 482.015
348.572 398.271
348.836 327.527
349.100 378.782
349.364 315.037
349.628 360.291
349.893 480.544
350.157 501.797
350.421 494.049
350.685 516.300
350.949 463.551
351.214 376.801
351.478 415.051
351.742 438.300
352.006 469.548
352.270 525.796
352.535 450.043
352.799 405.289
353.063 528.535
353.327 437.780
353.591 387.025
353.856 479.269
354.120 512.512
354.384 628.755
354.648 721.998
354.912 588.239
355.177 491.480
355.441 476.721
355.705 628.960
355.969 632.200
356.233 575.438
356.497 577.676
356.762 557.914
357.026 465.151
357.290 491.387
357.554 512.623
357.818 539.858
358.083 556.093
358.347 544.327
358.611 510.560
358.875 491.793
359.139 524.025
359.404 453.257
359.668 519.488
359.932 678.719
360.196 643.949
360.460 512.178
360.725 555.407
360.989 641.635
361.253 738.863
361.517 663.090
361.781 601.317
362.046 631.543
362.310 663.769
362.574 643.994
362.838 501.218
363.102 530.442
363.366 584.665
363.631 464.888
363.895 480.110
364.159 616.332
364.423 632.553
364.687 640.774
364.952 641.994
365.216 696.214
365.480 613.433
365.747 481.651
366.013 485.869
366.280 449.087
366.546 551.304
366.813 513.520
367.079 580.736
367.346 655.951
367.612 607.166
367.879 570.381
368.145 626.594
368.412 558.808
368.678 520.020
368.945 642.233
369.211 580.444
369.478 537.656
369.744 481.866
370.011 550.077
370.278 570.286
370.544 489.496
370.811 522.704
371.077 565.912
371.344 516.120
371.610 521.327
371.877 545.534
372.143 601.740
372.410 608.946
372.676 688.151
372.943 719.356
373.209 610.560
373.476 493.764
373.742 430.967
374.009 574.170
374.276 611.372
374.542 611.574
374.809 507.775
375.075 398.976
375.342 375.177
375.608 359.376
375.875 395.576
376.141 676.775
376.408 649.973
376.674 596.171
376.941 566.369
377.207 527.566
377.474 867.762
377.740 800.959
378.007 512.154
378.273 613.349
378.540 685.544
378.807 543.738
379.073 539.932
379.340 523.125
379.606 520.318
379.873 570.511
380.139 590.703
380.406 591.894
380.672 532.085
380.939 481.276
381.205 473.466
381.472 392.656
381.738 352.845
382.005 532.034
382.271 580.222
382.538 579.410
382.804 719.598
383.071 626.785
383.338 562.971
383.604 557.157
383.871 681.343
384.137 648.528
384.404 551.713
384.670 560.898
384.937 524.082
385.203 652.265
385.470 590.448
385.736 574.631
386.003 552.813
386.269 536.995
386.536 481.177
386.802 567.358
387.069 698.538
387.336 824.718
387.602 766.898
387.869 499.077
388.135 451.256
388.402 378.435
388.668 505.613
388.935 636.791
389.201 759.968
389.468 736.145
389.734 723.321
390.001 733.497
390.267 646.673
390.534 688.848
390.800 703.023
391.067 772.197
391.333 705.371
391.600 526.544
391.867 551.718
392.133 611.890
392.400 580.063
392.666 501.235
392.933 677.406
393.199 737.577
393.466 625.748
393.732 635.919
393.999 695.089
394.265 710.258
394.532 644.427
394.798 743.596
395.065 667.765
395.331 762.933
395.598 823.100
395.864 854.268
396.131 934.435
396.398 1075.601
396.664 1208.767
396.931 1434.933
397.197 1710.098
397.464 1914.263
397.730 2390.428
397.997 2648.592
398.263 2795.756
398.530 3073.919
398.796 3411.083
399.063 3571.245
399.329 3628.408
399.596 3889.570
399.862 3861.731
400.129 3965.893
400.396 4179.053
400.662 3994.214
400.929 3903.374
401.195 3971.534
401.462 4068.693
401.728 4263.852
401.995 4514.011
402.261 4534.169
402.528 4674.327
402.794 4970.485
403.061 5325.642
403.327 5577.799
403.594 5731.956
403.860 5719.112
404.127 5615.268
404.393 5824.423
404.660 5999.579
404.931 6130.733
405.202 6268.888
405.473 6268.042
405.745 6625.196
406.016 6992.349
406.287 6848.502
406.558 6721.655
406.829 7073.807
407.100 7121.959
407.371 7414.111
407.642 7506.262
407.914 7434.413
408.185 7461.564
408.456 7456.714
408.727 7719.864
408.998 7909.014
409.269 7986.163
409.540 8093.312
409.811 7825.461
410.083 7693.609
410.354 7645.757
410.625 7459.905
410.896 7403.052
411.167 7427.199
411.438 7255.346
411.709 6800.492
411.981 6836.638
412.252 6328.784
412.523 5791.930
412.794 5649.075
413.065 5353.219
413.336 4958.364
413.607 4702.508
413.878 4472.652
414.150 4265.795
414.421 3965.938
414.692 3649.081
414.963 3334.224
415.234 3314.366
415.505 3144.508
415.776 3095.649
416.047 2882.790
416.319 2628.931
416.590 2230.072
416.861 1823.212
417.132 1834.352
417.403 1724.492
417.674 1528.631
417.945 1313.770
418.217 1186.909
418.488 1218.048
418.759 1006.186
419.030 896.324
419.301 897.461
419.572 946.599
419.843 952.736
420.114 809.872
420.386 734.009
420.657 916.145
420.928 835.280
421.199 756.416
421.470 741.551
421.741 662.686
422.012 638.820
422.283 638.955
422.555 674.089
422.826 743.222
423.097 841.356
423.368 806.489
423.639 643.622
423.910 714.754
424.181 686.887
424.453 658.019
424.724 959.150
424.995 986.282
425.266 782.413
425.537 699.544
425.808 900.674
426.079 979.804
426.350 861.934
426.622 831.064
426.893 959.194
427.164 881.323
427.435 800.452
427.706 813.580
427.977 831.708
428.248 827.836
428.519 932.964
428.791 879.092
429.062 985.219
429.333 854.346
429.604 794.472
429.875 924.599
430.146 995.725
430.417 948.851
430.689 932.976
430.960 766.102
431.231 788.227
431.502 937.351
431.773 922.476
432.044 868.600
432.315 1007.724
432.586 924.848
432.858 851.971
433.129 706.094
433.400 661.217
433.671 774.340
433.942 782.462
434.213 608.585
434.484 626.706
434.755 752.828
435.027 589.949
435.298 722.070
435.569 760.191
435.840 665.312
436.116 686.432
436.391 773.552
436.667 792.672
436.942 813.792
437.218 797.911
437.493 762.030
437.769 861.149
438.045 819.267
438.320 753.386
438.596 778.504
438.871 691.621
439.147 636.739
439.422 576.856
439.698 519.973
439.974 556.090
440.249 761.207
440.525 808.323
440.800 610.439
441.076 655.555
441.351 833.670
441.627 973.786
441.903 846.901
442.178 588.016
442.454 615.130
442.729 818.245
443.005 677.359
443.281 777.473
443.556 897.586
443.832 777.700
444.107 645.813
444.383 669.926
444.658 610.039
444.934 558.151
445.210 707.263
445.485 792.375
445.761 868.487
446.036 763.599
446.312 835.710
446.587 862.821
446.863 670.932
447.139 720.043
447.414 803.153
447.690 800.263
447.965 774.373
448.241 726.483
448.516 722.592
448.792 695.702
449.068 739.811
449.343 791.919
449.619 735.028
449.894 763.136
450.170 758.244
450.445 905.352
450.721 934.460
450.997 670.567
451.272 863.675
451.548 819.782
451.823 791.889
452.099 857.995
452.375 728.101
452.650 705.208
452.926 884.313
453.201 925.419
453.477 1120.525
453.752 976.630
454.028 813.735
454.304 919.840
454.579 1025.944
454.855 924.049
455.130 882.153
455.406 1070.257
455.681 1029.361
455.957 946.464
456.233 864.568
456.508 811.671
456.784 896.774
457.059 926.877
457.335 966.979
457.610 854.081
457.886 814.183
458.162 761.285
458.437 768.387
458.713 815.488
458.988 820.590
459.264 883.691
459.539 893.792
459.815 818.892
460.091 705.993
460.366 651.093
460.642 644.193
460.917 667.293
461.193 707.392
461.468 653.492
461.744 655.591
462.020 616.690
462.295 676.789
462.571 693.888
462.846 724.986
463.122 801.084
463.397 805.182
463.673 671.609
463.949 674.703
464.224 736.739
464.500 765.807
464.775 738.670
465.051 803.160
465.327 887.975
465.602 1086.786
465.878 1207.848
466.153 1060.032
466.429 1327.920
466.704 1592.159
466.980 1565.439
467.256 1664.534
467.531 1808.438
467.807 1849.423
468.082 1790.400
468.358 1735.649
468.633 1940.771
468.909 1913.757
469.185 1809.243
469.460 1852.405
469.736 1914.787
470.011 1773.895
470.287 1793.330
470.562 1907.927
470.838 1747.484
471.114 1738.231
471.389 1723.173
471.665 1737.143
471.940 1761.261
472.216 1727.954
472.491 1537.295
472.767 1458.825
473.043 1585.693
473.318 1644.609
473.594 1385.849
473.869 1316.141
474.145 1168.725
474.421 1078.278
474.696 1084.474
474.972 988.929
475.247 1009.396
475.523 1090.945
475.798 1062.587
476.074 913.938
476.350 913.010
476.625 906.896
476.901 961.013
477.176 932.630
477.452 848.354
477.727 831.150
478.003 710.476
478.279 893.492
478.554 961.671
478.830 923.064
479.105 975.086
479.381 905.220
479.656 768.392
479.932 866.992
480.208 1035.231
480.483 1005.960
480.759 982.792
481.034 929.361
481.310 853.691
481.585 880.282
481.861 929.764
482.137 846.336
482.412 929.071
482.688 958.416
482.963 964.561
483.239 1015.784
483.514 825.489
483.790 908.922
484.066 1108.898
484.341 966.159
484.617 915.429
484.892 991.303
485.168 959.546
485.443 868.218
485.719 964.722
485.995 1026.383
486.270 971.930
486.546 874.145
486.821 802.021
487.097 754.123
487.373 878.707
487.648 1004.027
487.924 1018.853
488.199 840.133
488.475 726.265
488.750 743.548
489.026 883.711
489.302 862.201
489.577 873.200
489.853 917.478
490.128 1042.925
490.404 935.330
490.679 824.841
490.955 1089.999
491.231 1130.155
491.506 1104.921
491.782 953.290
492.057 897.641
492.333 994.588
492.608 969.226
492.884 955.605
493.160 845.115
493.435 861.556
493.711 986.143
493.986 977.419
494.262 972.572
494.537 884.414
494.813 1012.935
495.089 903.005
495.364 904.064
495.640 978.797
495.915 958.245
496.191 1164.932
496.467 1120.836
496.742 997.759
497.018 1061.010
497.293 989.023
497.569 1109.642
497.844 1058.450
498.120 1084.268
498.396 1051.773
498.671 1028.067
498.947 1134.399
499.222 1124.668
499.498 1120.888
499.773 1239.371
500.049 1331.649
500.325 1321.077
500.600 1390.795
500.876 1386.256
501.151 1613.787
501.427 1692.791
501.702 1781.000
501.978 1867.507
502.254 1918.675
502.529 1823.258
502.805 2010.466
503.080 2213.173
503.356 2133.745
503.631 2123.854
503.907 2159.604
504.183 2068.586
504.458 2084.854
504.734 2078.776
505.009 2197.151
505.285 2186.291
505.560 2130.565
505.836 2129.758
506.112 2121.735
506.387 1985.169
506.663 1899.311
506.938 1917.585
507.214 1893.391
507.490 1919.834
507.765 1835.224
508.041 1736.407
508.316 1749.597
508.592 1653.496
508.867 1634.802
509.143 1676.447
509.419 1538.830
509.694 1337.218
509.970 1265.072
510.245 1136.484
510.521 1200.418
510.796 1106.383
511.072 1055.504
511.348 1118.275
511.623 1114.356
511.899 1080.288
512.174 1183.554
512.450 1177.489
512.725 1087.280
513.001 983.199
513.277 888.235
513.552 1055.520
513.828 1031.810
514.103 999.334
514.379 1095.062
514.654 990.612
514.930 1006.414
515.206 1332.285
515.481 1257.769
515.757 1051.650
516.032 987.087
516.308 1176.631
516.583 1281.891
516.859 1151.904
517.135 1218.182
517.410 1317.921
517.686 1426.830
517.961 1431.754
518.237 1415.463
518.513 1389.554
518.788 1612.646
519.064 1748.593
519.339 1803.487
519.615 1813.393
519.890 1862.818
520.166 1978.621
520.442 2181.785
520.717 2210.722
520.993 2274.572
521.268 2227.210
521.544 2248.448
521.819 2207.688
522.095 2306.399
522.371 2472.036
522.646 2435.665
522.922 2580.904
523.197 2559.893
523.473 2711.572
523.748 2692.496
524.024 2530.835
524.300 2487.834
524.575 2429.523
524.851 2584.608
525.126 2654.856
525.402 2690.951
525.677 2706.323
525.953 2570.909
526.229 2513.609
526.504 2491.194
526.780 2586.388
527.055 2575.526
527.331 2564.103
527.606 2738.076
527.882 2701.066
528.158 2539.920
528.433 2757.907
528.709 2681.192
528.984 2599.678
529.260 2607.622
529.535 2609.019
529.811 2415.996
530.087 2341.784
530.362 2326.759
530.638 2420.825
530.913 2447.733
531.189 2321.777
531.465 2242.685
531.740 2190.805
532.016 2137.858
532.291 2051.843
532.567 2066.538
532.842 2013.302
533.118 1870.794
533.394 1961.019
533.669 1825.788
533.945 1616.703
534.220 1537.968
534.496 1647.606
534.771 1522.565
535.047 1503.621
535.323 1467.063
535.598 1482.275
535.874 1576.554
536.149 1613.345
536.425 1494.629
536.700 1479.032
536.976 1734.931
537.252 2088.998
537.527 2417.238
537.803 2907.473
538.078 3399.082
538.354 3818.019
538.629 3973.410
538.905 4343.546
539.181 4694.380
539.456 4834.477
539.732 5215.418
540.007 5495.831
540.283 5657.445
540.558 5735.827
540.834 6039.021
541.110 6162.880
541.385 6355.016
541.661 6604.578
541.936 6872.826
542.212 6836.213
542.488 6917.538
542.763 6986.971
543.039 7002.887
543.314 7073.381
543.590 7124.155
543.865 7127.191
544.141 7063.692
544.417 6869.111
544.692 6581.183
544.968 6612.024
545.243 6475.511
545.519 6184.132
545.794 5987.551
546.070 6066.136
546.348 5805.561
546.627 5630.860
546.905 5717.115
547.183 5595.587
547.461 5545.990
547.740 5475.538
548.018 5420.400
548.296 5434.933
548.575 5415.127
548.853 5563.146
549.131 5808.484
549.409 5976.387
549.688 6093.505
549.966 6329.671
550.244 6629.328
550.523 6704.080
550.801 6685.615
551.079 6766.099
551.357 6978.813
551.636 6929.481
551.914 6830.068
552.192 6786.728
552.471 7062.978
552.749 7349.606
553.027 7465.457
553.306 7606.645
553.584 7857.435
553.862 7889.062
554.140 8030.568
554.419 8186.260
554.697 8512.463
554.975 8817.297
555.254 8950.470
555.532 8921.273
555.810 8947.743
556.088 9037.477
556.367 8858.366
556.645 8620.228
556.923 8568.723
557.202 8417.589
557.480 8378.400
557.758 8155.969
558.036 7897.047
558.315 7646.571
558.593 7579.826
558.871 7316.565
559.150 7110.206
559.428 6875.594
559.706 6472.625
559.984 6262.759
560.263 6174.802
560.541 5749.106
560.819 5440.628
561.098 5159.061
561.376 4788.918
561.654 4248.582
561.932 3683.904
562.211 3546.232
562.489 3284.033
562.767 2884.576
563.046 2504.111
563.324 2255.115
563.602 2144.938
563.880 1925.077
564.159 1877.141
564.437 1783.347
564.715 1541.344
564.994 1411.834
565.272 1421.479
565.550 1220.739
565.828 1092.400
566.107 1166.184
566.385 1176.157
566.663 994.654
566.942 944.744
567.220 1015.877
567.498 1170.747
567.776 989.064
568.055 891.034
568.333 959.350
568.611 975.697
568.890 875.551
569.168 825.165
569.446 949.681
569.725 911.080
570.003 712.093
570.281 676.078
570.559 762.199
570.838 762.015
571.116 855.823
571.394 914.979
571.673 879.055
571.951 783.839
572.229 767.380
572.507 807.045
572.786 767.994
573.064 742.498
573.342 742.544
573.621 688.429
573.899 750.915
574.177 891.343
574.455 861.957
574.734 707.269
575.012 812.991
575.290 787.388
575.569 815.657
575.847 886.180
576.125 801.829
576.403 641.563
576.682 717.952
576.960 809.068
577.243 835.876
577.527 688.962
577.810 566.841
578.093 619.713
578.377 654.581
578.660 637.828
578.944 626.016
579.227 621.360
579.510 729.058
579.794 705.025
580.077 673.648
580.360 706.108
580.644 663.160
580.927 630.068
581.210 686.773
581.494 649.341
581.777 725.357
582.061 673.336
582.344 669.067
582.627 664.127
582.911 673.145
583.194 634.940
583.477 732.789
583.761 728.842
584.044 756.830
584.327 732.656
584.611 680.752
584.894 699.778
585.178 615.906
585.461 594.971
585.744 751.859
586.028 682.655
586.311 706.699
586.594 730.743
586.878 611.787
587.161 644.831
587.444 736.875
587.728 709.919
588.011 737.963
588.295 632.006
588.578 680.369
588.861 792.301
589.145 687.137
589.428 656.837
589.711 567.223
589.995 573.693
590.278 710.599
590.562 676.353
590.845 604.791
591.128 810.817
591.412 759.962
591.695 644.880
591.978 757.053
592.262 706.903
592.545 516.104
592.828 691.313
593.112 595.950
593.395 590.010
593.679 590.461
593.962 714.009
594.245 709.360
594.529 617.860
594.812 521.860
595.095 503.516
595.379 684.285
595.662 751.608
595.945 683.375
596.229 601.390
596.512 629.943
596.796 693.047
597.079 738.936
597.362 839.968
597.646 795.656
597.929 672.057
598.212 687.244
598.496 696.178
598.779 789.313
599.062 865.365
599.346 733.125
599.629 678.202
599.913 679.545
600.196 653.969
600.479 658.287
600.763 711.192
601.046 597.739
601.329 649.549
601.613 780.710
601.896 726.669
602.179 777.075
602.463 715.229
602.746 753.579
603.030 813.540
603.313 757.825
603.596 615.568
603.880 725.788
604.163 751.318
604.446 709.485
604.730 634.107
605.013 692.234
605.296 781.100
605.580 714.537
605.863 792.931
606.147 649.972
606.430 698.003
606.713 795.206
606.997 761.744
607.280 926.399
607.563 855.987
607.847 786.762
608.130 776.589
608.414 822.834
608.697 803.302
608.980 730.670
609.264 820.640
609.547 765.026
609.830 793.468
610.114 803.300
610.397 733.798
610.680 788.891
610.964 861.063
611.247 799.336
611.531 689.266
611.814 609.813
612.097 704.061
612.381 909.291
612.664 1010.319
612.947 781.700
613.231 751.316
613.514 751.109
613.797 874.918
614.081 872.008
614.364 891.692
614.648 872.083
614.931 790.587
615.214 793.571
615.498 892.717
615.781 926.113
616.064 851.346
616.348 944.887
616.631 1018.761
616.914 1067.992
617.198 941.002
617.481 890.792
617.765 891.708
618.048 960.739
618.331 933.135
618.615 881.722
618.898 1019.110
619.181 1042.862
619.465 1003.376
619.748 890.653
620.031 806.422
620.315 782.481
620.598 891.428
620.882 923.134
621.165 1103.015
621.448 1033.468
621.732 879.309
622.015 748.997
622.298 741.553
622.582 802.210
622.865 740.110
623.148 700.186
623.432 842.765
623.715 720.679
623.999 931.789
624.282 930.753
624.565 912.541
624.849 748.593
625.132 670.501
625.415 909.448
625.699 1018.374
625.982 844.848
626.265 734.357
626.549 730.621
626.832 823.586
627.116 835.743
627.399 709.516
627.682 750.460
627.966 697.373
628.249 682.622
628.532 647.800
628.816 841.120
629.099 780.192
629.383 723.390
629.666 735.965
629.949 647.147
630.233 640.925
630.516 719.331
630.799 746.627
631.083 662.598
631.366 624.910
631.649 628.376
631.933 596.452
632.216 733.671
632.500 771.224
632.783 791.341
633.066 739.453
633.350 681.304
633.633 765.621
633.916 709.825
634.200 678.093
634.483 770.388
634.766 832.206
635.050 747.003
635.333 624.536
635.617 650.922
635.900 810.857
636.183 856.659
636.467 828.471
636.750 803.354
637.033 885.461
637.317 898.046
637.600 854.000
637.883 776.234
638.167 773.661
638.450 807.824
638.734 784.447
639.017 866.875
639.300 917.468
639.584 868.932
639.867 1057.925
640.150 999.957
640.434 1022.439
640.717 994.412
641.000 978.554
641.284 1035.594
641.567 940.242
641.851 959.058
642.134 1150.780
642.417 1122.632
642.701 1231.290
642.984 1222.693
643.267 1111.717
643.551 999.388
643.834 967.553
644.117 1035.966
644.401 1027.595
644.684 1120.408
644.968 1287.801
645.251 1227.524
645.534 1078.398
645.818 1127.209
646.101 1309.518
646.384 1393.116
646.668 1442.911
646.951 1445.758
647.235 1512.936
647.518 1582.515
647.801 1852.281
648.085 2094.703
648.368 2109.860
648.651 2049.739
648.935 2314.457
649.218 2653.470
649.501 2744.596
649.785 2823.962
650.068 3065.169
650.352 3308.886
650.635 3456.656
650.918 3649.170
651.202 4081.788
651.485 4451.316
651.768 4731.242
652.052 4970.732
652.335 5416.742
652.618 5882.753
652.902 6289.242
653.185 6746.559
653.469 7032.290
653.752 7227.960
654.035 7397.586
654.319 7597.806
654.602 7774.975
654.885 7914.487
655.169 8138.149
655.452 8117.782
655.735 8232.902
656.019 8425.894
656.302 8556.973
656.586 8780.447
656.869 9067.818
657.152 8854.558
657.436 8713.446
657.719 8847.997
658.002 8813.258
658.286 8600.979
658.569 8305.977
658.852 8177.334
659.136 8058.943
659.419 7779.786
659.703 7419.410
659.986 7267.156
660.269 7162.948
660.553 6926.024
660.836 6906.746
661.119 7026.695
661.403 6964.661
661.686 6775.510
661.969 6618.877
662.253 6489.213
662.536 6471.966
662.820 6600.856
663.103 6570.460
663.386 6516.737
663.670 6371.737
663.953 6180.730
664.236 6358.248
664.520 6166.788
664.803 6085.764
665.086 6079.634
665.370 6082.783
665.653 6021.009
665.937 5902.399
666.220 5695.531
666.503 5506.920
666.787 5351.776
667.070 5125.895
667.353 4927.753
667.637 4539.491
667.920 4458.384
668.204 4089.517
668.487 3836.240
668.770 3718.994
669.054 3386.029
669.337 3055.157
669.620 2765.686
669.904 2569.415
670.187 2534.347
670.470 2464.513
670.754 2175.766
671.037 1913.373
671.321 1748.016
671.604 1822.429
671.887 1695.357
672.171 1572.560
672.454 1628.241
672.737 1593.696
673.021 1423.052
673.304 1411.194
673.587 1522.106
673.871 1536.583
674.154 1518.056
674.438 1515.534
674.721 1466.230
675.004 1480.113
675.288 1448.249
675.571 1380.767
675.854 1301.496
676.138 1292.557
676.421 1287.727
676.704 1256.028
676.988 1367.247
677.271 1542.242
677.555 1443.555
677.838 1294.669
678.121 1229.310
678.405 1194.616
678.688 1268.143
678.971 1016.653
679.255 1152.573
679.538 1277.082
679.821 1321.716
680.105 1208.890
680.388 1038.617
680.672 980.473
680.955 978.422
681.238 954.494
681.522 890.120
681.805 955.498
682.088 1036.822
682.372 1069.214
682.655 949.272
682.938 1025.500
683.222 1023.440
683.505 907.505
683.789 1026.655
684.072 1006.829
684.355 973.447
684.639 989.132
684.922 939.055
685.205 893.153
685.489 1012.179
685.772 1010.129
686.056 950.544
686.339 1027.977
686.622 857.800
686.906 807.723
687.189 950.756
687.472 1076.044
687.756 989.444
688.039 854.804
688.322 752.535
688.606 1014.566
688.889 955.094
689.173 875.789
689.456 1024.041
689.739 1074.173
690.023 1015.728
690.306 1013.669
690.589 990.765
690.873 1094.860
691.156 1071.994
691.439 944.028
691.723 924.284
692.006 1007.565
692.290 1055.393
692.573 1141.551
692.856 1159.936
693.140 1172.398
693.423 1103.923
693.706 1013.901
693.990 1012.864
694.273 1027.340
694.556 1230.640
694.840 1290.088
695.123 1125.558
695.407 1093.463
695.690 973.832
695.973 1084.140
696.257 1204.573
696.540 1356.652
696.830 1251.480
697.120 1183.674
697.410 1271.807
697.699 1264.374
697.989 1506.957
698.279 1322.887
698.569 1182.212
698.859 1359.492
699.149 1387.411
699.439 1286.939
699.729 1181.569
700.018 1148.941
700.308 1306.816
700.598 1194.711
700.888 1096.581
701.178 1380.771
701.468 1409.822
701.758 1187.547
702.048 1181.952
702.337 1173.061
702.627 1294.835
702.917 1147.533
703.207 1089.859
703.497 1135.064
703.787 1028.420
704.077 1035.515
704.366 1095.709
704.656 950.201
704.946 822.374
705.236 766.632
705.526 871.679
705.816 959.527
706.106 769.162
706.396 795.312
706.685 818.786
706.975 753.268
707.265 684.405
707.555 859.572
707.845 815.275
708.135 683.485
708.425 626.146
708.715 615.908
709.004 805.046
709.294 795.188
709.584 798.574
709.874 876.506
710.164 857.792
710.454 746.862
710.744 676.059
711.034 746.421
711.323 759.738
711.613 708.580
711.903 844.583
712.193 898.686
712.483 737.450
712.773 727.640
713.063 682.074
713.352 733.650
713.642 647.194
713.932 719.124
714.222 814.144
714.512 754.035
714.802 722.065
715.092 804.452
715.382 677.193
715.671 632.471
715.961 683.297
716.251 601.431
716.541 684.609
716.831 773.395
717.121 608.201
717.411 742.944
717.701 838.659
717.990 757.341
718.280 686.193
718.570 652.786
718.860 658.864
719.150 616.535
719.440 614.059
719.730 655.737
720.019 874.598
720.309 803.822
720.599 723.614
720.889 720.235
721.179 785.329
721.469 786.102
721.759 705.381
722.049 720.743
722.338 646.939
722.628 677.021
722.918 749.330
723.208 799.830
723.498 662.352
723.788 765.994
724.078 944.071
724.368 819.587
724.657 667.566
724.947 711.625
725.237 805.963
725.527 827.219
725.817 670.223
726.107 671.221
726.397 648.999
726.686 591.960
726.976 659.679
727.266 810.570
727.556 669.392
727.846 788.164
728.136 834.811
728.426 697.884
728.716 631.044
729.005 774.476
729.295 753.179
729.585 652.721
729.875 616.593
730.165 662.798
730.455 732.654
730.745 701.347
731.035 654.766
731.324 766.956
731.614 736.361
731.904 644.775
732.194 746.836
732.484 712.564
732.774 648.382
733.064 626.029
733.354 551.147
733.643 598.634
733.933 623.412
734.223 599.066
734.513 748.210
734.803 849.448
735.093 739.224
735.383 710.670
735.672 729.245
735.962 809.949
736.252 644.955
736.542 611.958
736.832 609.040
737.122 519.462
737.412 623.404
737.702 780.071
737.991 793.830
738.281 747.231
738.571 734.729
738.861 724.385
739.151 724.405
739.441 776.810
739.731 624.421
740.021 686.756
740.310 788.045
740.600 787.856
740.890 646.422
741.180 643.770
741.470 679.328
741.760 736.604
742.050 856.071
742.339 776.677
742.629 678.774
742.919 805.401
743.209 671.226
743.499 639.269
743.789 615.170
744.079 647.863
744.369 721.426
744.658 691.161
744.948 485.546
745.238 635.700
745.528 697.167
745.818 823.871
746.108 738.573
746.398 757.201
746.688 710.548
746.977 808.879
747.267 722.504
747.557 746.105
747.847 816.701
748.137 748.876
748.427 691.185
748.717 574.363
749.006 490.229
749.296 635.159
749.586 689.273
749.876 784.601
750.166 678.046
750.456 648.832
750.746 750.297
751.036 658.500
751.325 773.290
751.615 729.127
751.905 683.193
752.195 707.895
752.485 661.915
752.775 668.603
753.065 598.552
753.355 768.742
753.644 736.729
753.934 654.630
754.224 652.990
754.514 835.392
754.804 633.971
755.094 521.653
755.384 574.832
755.674 592.906
755.963 704.259
756.253 735.105
756.543 769.493
756.833 779.099
757.123 741.187
757.413 664.564
757.703 595.236
757.992 562.090
758.282 644.878
758.572 643.535
758.862 574.207
759.152 650.608
759.442 612.825
759.732 707.932
760.022 815.489
760.311 710.694
760.601 544.717
760.891 707.714
761.181 715.062
761.471 668.516
761.761 571.524
762.051 610.818
762.341 760.122
762.630 842.477
762.920 731.720
763.210 670.985
763.500 678.384
763.793 572.662
764.086 616.991
764.379 671.721
764.671 779.386
764.964 665.722
765.257 709.000
765.550 772.948
765.843 581.434
766.136 636.896
766.429 583.487
766.722 614.137
767.014 591.404
767.307 468.151
767.600 546.719
767.893 551.321
768.186 500.936
768.479 636.035
768.772 742.908
769.064 683.451
769.357 643.506
769.650 639.132
769.943 796.614
770.236 714.054
770.529 590.800
770.822 628.116
771.115 742.046
771.407 809.412
771.700 752.921
771.993 797.134
772.286 701.494
772.579 763.305
772.872 638.323
773.165 559.712
773.457 651.464
773.750 705.621
774.043 611.794
774.336 647.783
774.629 656.576
774.922 641.111
775.215 615.902
775.508 631.799
775.800 612.066
776.093 768.793
776.386 769.043
776.679 639.926
776.972 669.148
777.265 859.498
777.558 938.128
777.850 793.484
778.143 738.225
778.436 714.840
778.729 716.149
779.022 699.081
779.315 582.516
779.608 554.393
779.900 612.702
780.193 638.850
780.486 651.278
780.779 669.699
781.072 607.923
781.365 662.712
781.658 649.339
781.951 590.119
782.243 672.120
782.536 742.764
782.829 691.576
783.122 668.501
783.415 700.947
783.708 704.976
784.001 694.963
784.293 756.164
784.586 766.445
784.879 788.506
785.172 726.673
785.465 625.214
785.758 646.273
786.051 657.312
786.344 749.014
786.636 928.960
786.929 701.749
787.222 612.903
787.515 583.665
787.808 633.464
788.101 623.491
788.394 739.392
788.686 876.272
788.979 824.165
789.272 784.397
789.565 739.719
789.858 626.961
790.151 550.681
790.444 577.670
790.737 588.264
791.029 587.107
791.322 656.984
791.615 589.545
791.908 652.678
792.201 633.081
792.494 635.457
792.787 707.550
793.079 837.883
793.372 717.542
793.665 717.277
793.958 661.461
794.251 681.417
794.544 796.293
794.837 859.915
795.130 782.164
795.422 696.438
795.715 642.615
796.008 701.157
796.301 691.808
796.594 621.107
796.887 670.924
797.180 705.507
797.472 553.978
797.765 479.219
798.058 638.120
798.351 614.844
798.644 531.111
798.937 506.202
799.230 585.395
799.523 923.981
799.815 869.161
800.108 565.089
800.401 510.270
800.694 685.445
800.987 597.041
801.280 644.204
801.573 734.130
801.865 789.091
802.158 672.551
802.451 592.726
802.744 558.810
803.037 593.755
803.330 592.366
803.623 707.559
803.915 745.499
804.208 667.339
804.501 653.675
804.794 629.667
805.087 601.053
805.380 520.109
805.673 513.598
805.966 644.744
806.258 630.376
806.551 705.955
806.844 697.938
807.137 726.796
807.430 584.515
807.723 579.511
808.016 800.410
808.308 846.302
808.601 647.830
808.894 558.606
809.187 627.664
809.480 706.524
809.773 640.503
810.066 730.700
810.359 817.051
810.651 759.179
810.944 511.454
811.237 538.221
811.530 689.599
811.825 653.947
812.119 538.267
812.414 444.438
812.709 601.468
813.003 646.223
813.298 567.729
813.593 664.132
813.887 645.257
814.182 900.131
814.476 800.552
814.771 785.339
815.066 709.638
815.360 561.574
815.655 557.525
815.950 623.214
816.244 618.143
816.539 678.541
816.834 690.789
817.128 727.223
817.423 797.853
817.718 969.027
818.012 766.896
818.307 509.978
818.602 615.526
818.896 704.074
819.191 645.203
819.486 608.442
819.780 687.757
820.075 833.671
820.369 811.626
820.664 649.955
820.959 749.349
821.253 750.141
821.548 644.457
821.843 744.460
822.137 751.486
822.432 703.067
822.727 675.661
823.021 646.110
823.316 792.046
823.611 770.684
823.905 674.730
824.200 532.665
824.495 632.960
824.789 705.760
825.084 721.892
825.379 629.842
825.673 618.906
825.968 773.671
826.262 681.285
826.557 687.723
826.852 730.533
827.146 722.055
827.441 605.716
827.736 669.007
828.030 662.295
828.325 508.740
828.620 694.531
828.914 842.999
829.209 736.521
829.504 928.198
829.798 791.857
830.093 640.929
830.388 564.834
830.682 455.488
830.977 631.959
831.271 761.949
831.566 632.207
831.861 610.025
832.155 645.964
832.450 752.000
832.745 836.542
833.039 620.205
833.334 547.519
833.629 689.520
833.923 606.568
834.218 576.398
834.513 547.077
834.807 529.954
835.102 499.066
835.397 604.710
835.691 594.479
835.986 547.740
836.281 509.905
836.575 573.021
836.870 566.056
837.164 600.836
837.459 591.473
837.754 640.315
838.048 576.024
838.343 527.630
838.638 548.306
838.932 618.460
839.227 584.157
839.522 633.067
839.816 665.784
840.111 621.792
840.406 610.247
840.700 711.220
840.995 826.403
841.290 868.076
841.584 779.570
841.879 786.247
842.174 663.434
842.468 645.664
842.763 547.654
843.057 651.776
843.352 681.128
843.647 652.730
843.941 611.794
844.236 669.894
844.531 709.777
844.825 719.135
845.120 764.020
845.415 790.557
845.709 691.426
846.004 745.342
846.299 631.781
846.593 824.288
846.888 792.016
847.183 679.950
847.477 618.655
847.772 634.667
848.066 655.858
848.361 679.007
848.656 716.285
848.950 696.223
849.245 798.865
849.540 708.491
849.834 834.175
850.129 882.165
850.424 789.048
850.718 715.257
851.013 809.525
851.308 744.317
851.602 746.628
851.897 832.366
852.192 952.169
852.486 837.746
852.781 668.231
853.076 761.029
853.370 800.219
853.665 876.893
853.959 812.120
854.254 697.184
854.549 921.917
854.843 782.980
855.138 688.741
855.433 828.406
855.727 895.356
856.022 655.941
856.317 676.660
856.611 776.502
856.906 633.610
857.201 776.412
857.495 869.767
857.790 878.866
858.085 823.605
858.379 734.307
858.674 558.960
858.969 527.312
859.263 662.595
859.558 706.675
859.852 651.290
860.147 722.244
860.442 819.343
860.736 598.815
861.031 724.999
861.326 779.541
861.620 648.058
861.915 799.529
862.210 837.741
862.504 657.160
862.799 720.469
863.094 752.992
863.388 661.173
863.683 643.518
863.978 568.407
864.272 588.276
864.567 642.052
864.861 616.636
865.156 579.666
865.451 472.333
865.745 667.280
866.040 770.833
866.335 783.676
866.629 824.035
866.924 657.410
867.219 618.205
867.513 742.594
867.808 644.976
868.103 590.703
868.397 624.530
868.692 690.958
868.987 635.783
869.281 600.073
869.576 684.454
869.871 720.818
870.165 612.273
870.460 542.950
870.754 625.382
871.049 605.304
871.344 669.464
871.638 722.774
871.933 627.766
872.228 654.719
872.522 641.657
872.817 724.285
873.112 914.120
873.406 741.701
873.701 777.810
873.996 757.806
874.290 652.995
874.585 596.399
874.880 697.675
875.174 581.543
875.469 575.195
875.764 674.073
876.058 586.645
876.353 503.228
876.647 509.486
876.942 603.059
877.237 639.616
877.531 603.445
877.826 652.453
878.121 690.527
878.415 617.708
878.710 572.404
879.005 703.658
879.299 639.474
879.594 548.912
879.889 432.806
880.183 440.448
880.478 572.057
880.773 616.752
881.067 644.504
881.362 686.106
881.656 573.286
881.951 540.359
882.246 487.165
882.540 556.324
882.835 597.999
883.130 612.153
883.424 573.852
883.719 530.766
884.014 605.897
884.308 554.354
884.603 501.991
884.898 567.667
885.192 619.436
885.487 583.313
885.782 514.179
886.076 667.042
886.371 656.878
886.666 478.721
886.960 528.481
887.255 511.008
887.549 508.318
887.844 709.401
888.139 772.577
888.433 711.603
888.728 571.806
889.023 559.383
889.317 603.614
889.612 517.173
889.907 522.035
890.201 568.948
890.496 590.559
890.791 586.514
891.085 575.415
891.380 601.903
891.675 604.211
891.969 641.324
892.264 517.172
892.559 512.347
892.853 657.557
893.148 560.480
893.442 537.476
893.737 647.307
894.032 588.597
894.326 502.263
894.621 507.559
894.916 480.680
895.210 515.509
895.505 617.591
895.800 573.054
896.094 459.961
896.389 488.214
896.684 519.574
896.978 520.890
897.273 484.686
897.568 632.678
897.862 651.814
898.157 552.797
898.451 685.154
898.746 669.235
899.041 707.924
899.335 645.932
899.630 549.883
899.925 595.464
900.219 634.447
900.514 685.272
900.809 502.057
901.103 393.715
901.398 633.512
901.693 591.581
901.987 547.554
902.282 627.219
902.577 529.329
902.871 451.327
903.166 563.247
903.461 665.545
903.755 649.170
904.050 601.641
904.344 472.570
904.639 505.339
904.934 512.984
905.228 516.614
905.523 509.906
905.818 533.781
906.112 640.998
906.407 612.381
906.702 554.728
906.996 578.626
907.291 564.928
907.586 474.240
907.880 625.406
908.175 614.166
908.470 643.266
908.764 686.288
909.059 720.049
909.354 640.169
909.648 533.000
909.943 525.704
910.237 694.105
910.532 767.798
910.827 767.807
911.121 713.476
911.416 623.804
911.711 623.814
912.005 632.339
912.300 649.198
912.599 737.966
912.898 619.567
913.196 648.202
913.495 705.726
913.794 748.869
914.093 592.194
914.391 581.213
914.690 701.319
914.989 637.558
915.288 733.055
915.586 640.042
915.885 541.064
916.184 508.317
916.483 509.265
916.782 643.691
917.080 671.896
917.379 617.615
917.678 553.174
917.977 667.229
918.275 740.718
918.574 709.629
918.873 700.816
919.172 644.119
919.471 560.817
919.769 604.376
920.068 553.964
920.367 504.316
920.666 519.712
920.964 600.030
921.263 548.209
921.562 527.077
921.861 653.496
922.159 570.390
922.458 575.249
922.757 599.311
923.056 549.904
923.355 550.551
923.653 643.607
923.952 620.583
924.251 512.936
924.550 657.293
924.848 689.884
925.147 592.837
925.446 587.483
925.745 672.160
926.043 647.612
926.342 625.587
926.641 538.223
926.940 615.078
927.239 656.180
927.537 713.387
927.836 641.967
928.135 688.918
928.434 703.539
928.732 637.033
929.031 686.083
929.330 692.628
929.629 668.369
929.927 689.323
930.226 662.880
930.525 700.990
930.824 805.383
931.123 705.410
931.421 676.501
931.720 685.736
932.019 767.128
932.318 733.132
932.616 652.485
932.915 664.258
933.214 713.059
933.513 743.130
933.812 719.495
934.110 749.414
934.409 845.574
934.708 723.524
935.007 954.133
935.305 960.492
935.604 700.951
935.903 813.782
936.202 897.436
936.500 1017.444
936.799 1071.151
937.098 955.077
937.397 869.308
937.696 818.464
937.994 774.708
938.293 898.716
938.592 824.334
938.891 896.055
939.189 940.529
939.488 946.817
939.787 1098.022
940.086 898.426
940.384 865.840
940.683 860.313
940.982 760.187
941.281 925.607
941.580 1199.873
941.878 1243.113
942.177 976.455
942.476 982.154
942.775 958.637
943.073 827.840
943.372 738.663
943.671 926.360
943.970 1109.498
944.268 1071.444
944.567 849.132
944.866 866.689
945.165 929.671
945.464 830.415
945.762 712.400
946.061 973.776
946.360 1058.795
946.659 1062.854
946.957 1034.067
947.256 958.651
947.555 892.362
947.854 939.137
948.153 832.751
948.451 775.039
948.750 904.212
949.049 884.383
949.348 1067.063
949.646 960.443
949.945 906.596
950.244 1041.813
950.543 941.009
950.841 928.003
951.140 875.346
951.439 668.884
951.738 707.992
952.037 833.601
952.335 974.256
952.634 991.076
952.933 893.947
953.232 900.607
953.530 646.125
953.829 873.393
954.128 937.551
954.427 869.705
954.725 1113.450
955.024 995.252
955.323 939.269
955.622 775.666
955.921 655.988
956.219 807.198
956.518 740.951
956.817 787.883
957.116 821.531
957.414 832.787
957.713 709.169
958.012 636.516
958.311 624.249
958.610 848.129
958.908 875.719
959.207 846.625
959.506 881.582
959.805 866.222
960.103 862.979
960.402 816.866
960.701 749.494
961.000 724.759
961.298 720.403
961.597 821.197
961.896 767.118
962.195 769.530
962.494 854.376
962.792 782.579
963.091 734.700
963.390 741.079
963.689 707.531
963.987 781.719
964.286 861.314
964.585 852.467
964.884 745.582
965.182 657.427
965.481 1055.316
965.780 1143.343
966.080 1020.926
966.380 930.688
966.680 818.694
966.981 801.803
967.281 816.095
967.581 736.146
967.881 802.254
968.181 835.312
968.481 739.418
968.781 745.797
969.082 644.719
969.382 718.646
969.682 790.291
969.982 788.197
970.282 833.949
970.582 712.043
970.882 672.881
971.183 845.341
971.483 772.137
971.783 737.607
972.083 749.620
972.383 823.099
972.683 802.531
972.983 812.279
973.284 761.516
973.584 759.710
973.884 718.234
974.184 696.813
974.484 817.221
974.784 709.880
975.084 689.582
975.385 692.895
975.685 794.031
975.985 789.538
976.285 803.013
976.585 820.898
976.885 719.566
977.185 708.407
977.486 742.441
977.786 790.658
978.086 845.415
978.386 789.924
978.686 656.387
978.986 665.832
979.286 739.840
979.587 781.849
979.887 683.857
980.187 678.865
980.487 662.874
980.787 710.882
981.087 675.891
981.387 873.899
981.688 725.907
981.988 565.916
982.288 589.924
982.588 681.932
982.888 737.941
983.188 695.949
983.488 766.957
983.789 765.966
984.089 719.974
984.389 683.982
984.689 634.991
984.989 565.999
985.289 606.007
985.589 784.015
985.890 727.024
986.190 555.032
986.490 613.040
986.790 745.048
987.090 687.057
987.390 730.065
987.690 726.073
987.991 629.081
988.291 645.089
988.591 626.098
988.891 541.106
989.191 557.114
989.491 703.122
989.791 694.130
990.092 632.138
990.392 665.147
990.692 699.155
990.992 657.163
991.292 540.171
991.592 635.179
991.892 680.187
992.193 787.195
992.493 755.203
992.793 659.211
993.093 629.219
993.393 566.228
993.693 653.236
993.993 704.244
994.294 731.252
994.594 656.260
994.894 649.268
995.194 674.276
995.494 569.284
995.794 588.292
996.094 580.300
996.395 642.308
996.695 722.316
996.995 510.324
997.295 515.332
997.595 592.340
997.895 499.348
998.195 494.356
998.496 537.363
998.796 531.371
999.096 787.379
999.396 700.387
999.696 673.395
999.996 688.403
1000.296 782.411
1000.597 775.419
1000.897 646.427
1001.197 643.435
1001.497 800.442
1001.797 586.450
1002.097 533.458
1002.397 616.466
1002.698 641.474
1002.998 749.482
1003.298 732.489
1003.598 580.497
1003.898 558.505
1004.198 717.513
1004.498 753.521
1004.799 695.528
1005.099 725.536
1005.399 713.544
1005.699 784.552
1005.999 741.559
1006.299 599.567
1006.599 790.575
1006.900 789.583
1007.200 608.590
1007.500 641.598
1007.800 656.606
1008.100 567.614
1008.400 530.621
1008.700 574.629
1009.001 545.637
1009.301 558.644
1009.601 756.652
1009.901 832.660
1010.201 753.667
1010.501 712.675
1010.801 842.683
1011.102 673.690
1011.402 661.698
1011.702 536.705
1012.002 473.713
1012.302 657.721
1012.602 691.728
1012.902 675.736
1013.203 680.743
1013.503 763.751
1013.803 803.759
1014.103 623.766
1014.403 667.774
1014.703 539.781
1015.003 482.789
1015.304 691.796
1015.604 811.804
1015.904 624.811
1016.204 547.819
1016.504 574.826
1016.804 599.834
1017.104 605.841
1017.405 599.849
1017.705 556.856
1018.005 575.864
1018.305 604.871
1018.605 594.879
1018.905 438.886
1019.205 475.894
1019.506 807.901
1019.806 796.908
1020.106 686.916
1020.406 701.923
1020.706 668.931
1021.006 741.938
1021.306 881.946
1021.607 721.953
1021.907 803.960
1022.207 720.968
1022.507 574.975
1022.807 644.982
1023.107 703.990
1023.407 652.997
1023.708 583.004
1024.008 548.012
1024.308 654.019
1024.608 603.026
1024.908 485.034
1025.208 663.041
1025.508 832.048
1025.809 730.056
1026.109 583.063
1026.409 706.070
1026.709 737.078
1027.009 657.085
1027.309 678.092
1027.609 512.099
1027.910 553.107
1028.210 712.114
1028.510 783.121
1028.810 913.128
1029.110 869.136
1029.410 721.143
1029.710 755.150
1030.011 777.157
1030.311 799.164
1030.611 666.172
1030.911 644.179
1031.211 624.186
1031.511 604.193
1031.811 824.200
1032.112 778.207
1032.412 689.215
1032.712 543.222
1033.012 635.229
1033.312 811.236
1033.612 754.243
1033.912 700.250
1034.212 653.257
1034.513 568.264
1034.813 556.272
1035.113 659.279
1035.413 565.286
1035.713 597.293
1036.013 654.300
1036.313 611.307
1036.614 720.314
1036.914 656.321
1037.214 538.328
1037.514 676.335
1037.814 646.342
1038.114 585.349
1038.414 588.356
1038.715 698.363
1039.015 565.370
1039.315 512.377
1039.615 600.384
1039.915 591.391
1040.215 593.398
1040.515 585.405
1040.816 672.412
1041.116 652.419
1041.416 553.426
1041.716 526.433
1042.016 530.440
1042.316 725.447
1042.616 673.454
1042.917 609.461
1043.217 605.468
1043.517 612.475
1043.817 713.482
1044.117 665.489
1044.417 624.495
1044.717 611.502
1045.018 602.509
1045.318 737.516
1045.618 722.523
1045.918 569.530
1046.218 528.537
1046.518 629.544
1046.818 661.550
1047.119 564.557
1047.419 804.564
1047.719 754.571
1048.019 577.578
1048.319 635.585
1048.619 619.591
1048.919 674.598
1049.220 634.605
1049.520 698.612
1049.820 702.619
1050.120 620.625
1050.420 815.632
1050.720 764.639
1051.020 675.646
1051.321 703.652
1051.621 820.659
1051.921 678.666
1052.221 548.673
1052.521 547.679
1052.821 523.686
1053.121 651.693
1053.422 790.700
1053.722 838.706
1054.022 686.713
1054.322 782.720
1054.622 686.726
1054.922 592.733
1055.222 667.740
1055.523 682.746
1055.823 731.753
1056.123 750.760
1056.423 683.766
1056.723 766.773
1057.023 653.780
1057.323 531.786
1057.624 633.793
1057.924 686.800
1058.224 691.806
1058.524 586.813
1058.824 657.820
1059.124 648.826
1059.424 607.833
1059.725 674.839
1060.025 598.846
1060.325 606.853
1060.625 625.859
1060.925 642.866
1061.225 642.872
1061.525 796.879
1061.826 714.885
1062.126 696.892
1062.426 726.898
1062.726 775.905
1063.026 718.911
1063.326 864.918
1063.626 874.925
1063.927 766.931
1064.227 762.938
1064.527 610.944
1064.827 720.951
1065.127 691.957
1065.427 468.964
1065.727 530.970
1066.028 719.976
1066.328 735.983
1066.628 589.989
1066.928 545.996
1067.228 596.002
1067.528 628.009
1067.828 568.015
1068.129 522.022
1068.429 701.028
1068.729 821.035
1069.029 705.041
1069.329 586.047
1069.629 675.054
1069.929 736.060
1070.230 829.067
1070.530 804.073
1070.830 701.079
1071.130 787.086
1071.430 722.092
1071.730 705.098
1072.030 783.105
1072.331 613.111
1072.631 629.118
1072.931 659.124
1073.231 662.130
1073.531 660.137
1073.831 581.143
1074.131 666.149
1074.432 838.156
1074.732 675.162
1075.032 529.168
1075.332 591.174
1075.632 636.181
1075.932 646.187
1076.232 620.193
1076.533 615.200
1076.833 650.206
1077.133 657.212
1077.433 587.218
1077.733 532.225
1078.033 694.231
1078.333 710.237
1078.634 702.243
1078.934 715.250
1079.234 565.256
1079.534 730.262
1079.834 804.268
1080.134 754.275
1080.434 751.281
1080.735 683.287
1081.035 691.293
1081.335 553.299
1081.635 555.306
1081.935 621.312
1082.235 617.318
1082.535 590.324
1082.836 646.330
1083.136 690.336
1083.436 837.343
1083.736 803.349
1084.036 610.355
1084.336 620.361
1084.636 664.367
1084.937 760.373
1085.237 784.379
1085.537 680.385
1085.837 706.392
1086.137 676.398
1086.437 744.404
1086.737 686.410
1087.038 657.416
1087.338 786.422
1087.638 781.428
1087.938 590.434
1088.238 424.440
1088.538 597.446
1088.838 786.452
1089.139 794.459
1089.439 581.465
1089.739 760.471
1090.039 730.477
1090.339 759.483
1090.639 655.489
1090.939 712.495
1091.240 577.501
1091.540 613.507
1091.840 673.513
1092.140 778.519
1092.453 735.525
1092.766 624.531
1093.079 561.537
1093.392 626.543
1093.705 632.549
1094.018 671.555
1094.330 805.561
1094.643 698.567
1094.956 746.573
1095.269 656.579
1095.582 714.585
1095.895 639.590
1096.208 644.596
1096.521 690.602
1096.834 674.608
1097.147 636.614
1097.460 721.620
1097.773 767.626
1098.085 603.632
1098.398 573.638
1098.711 603.644
1099.024 537.650
1099.337 680.656
1099.650 814.661
1099.963 718.667
1100.276 565.673
1100.589 536.679
1100.902 607.685
1101.215 605.691
1101.528 698.697
1101.841 674.702
1102.153 751.708
1102.466 812.714
1102.779 586.720
1103.092 549.726
1103.405 651.732
1103.718 593.737
1104.031 586.743
1104.344 698.749
1104.657 652.755
1104.970 952.761
1105.283 764.766
1105.596 578.772
1105.909 581.778
1106.221 696.784
1106.534 652.790
1106.847 539.795
1107.160 484.801
1107.473 518.807
1107.786 629.813
1108.099 529.818
1108.412 580.824
1108.725 678.830
1109.038 585.836
1109.351 692.841
1109.664 660.847
1109.977 528.853
1110.289 571.859
1110.602 605.864
1110.915 652.870
1111.228 625.876
1111.541 557.881
1111.854 533.887
1112.167 432.893
1112.480 468.898
1112.793 558.904
1113.106 593.910
1113.419 658.915
1113.732 623.921
1114.044 541.927
1114.357 627.932
1114.670 637.938
1114.983 580.944
1115.296 562.949
1115.609 640.955
1115.922 684.961
1116.235 734.966
1116.548 708.972
1116.861 566.977
1117.174 533.983
1117.487 625.989
1117.800 829.994
1118.112 650.000
1118.425 623.005
1118.738 587.011
1119.051 575.017
1119.364 570.022
1119.677 650.028
1119.990 628.033
1120.303 715.039
1120.616 763.045
1120.929 604.050
1121.242 738.056
1121.555 721.061
1121.868 696.067
1122.180 637.072
1122.493 448.078
1122.806 535.083
1123.119 732.089
1123.432 719.094
1123.745 666.100
1124.058 587.105
1124.371 574.111
1124.684 730.116
1124.997 687.122
1125.310 620.127
1125.623 505.133
1125.935 462.138
1126.248 599.144
1126.561 685.149
1126.874 618.155
1127.187 700.160
1127.500 672.166
1127.813 639.171
1128.126 663.177
1128.439 632.182
1128.752 800.187
1129.065 623.193
1129.378 348.198
1129.691 486.204
1130.003 593.209
1130.316 587.215
1130.629 502.220
1130.942 567.225
1131.255 553.231
1131.568 483.236
1131.881 606.242
1132.194 727.247
1132.507 661.252
1132.820 615.258
1133.133 658.263
1133.446 518.269
1133.759 711.274
1134.071 1179.279
1134.384 867.285
1134.697 790.290
1135.010 843.295
1135.323 672.301
1135.636 516.306
1135.949 461.311
1136.262 496.317
1136.575 595.322
1136.888 615.327
1137.201 580.333
1137.514 550.338
1137.826 650.343
1138.139 607.349
1138.452 605.354
1138.765 829.359
1139.078 809.365
1139.391 755.370
1139.704 654.375
1140.017 739.380
1140.330 633.386
1140.643 594.391
1140.956 561.396
1141.269 611.402
1141.582 634.407
1141.894 527.412
1142.207 718.417
1142.520 694.423
1142.833 713.428
1143.146 594.433
1143.459 516.438
1143.772 595.444
1144.085 690.449
1144.398 643.454
1144.711 578.459
1145.024 542.464
1145.337 586.470
1145.650 671.475
1145.962 604.480
1146.275 624.485
1146.588 537.490
1146.901 728.496
1147.214 681.501
1147.527 540.506
1147.840 600.511
1148.153 558.516
1148.466 590.522
1148.779 617.527
1149.092 771.532
1149.405 623.537
1149.718 679.542
1150.030 744.547
1150.343 681.552
1150.656 571.558
1150.969 553.563
1151.282 752.568
1151.595 699.573
1151.908 630.578
1152.221 489.583
1152.534 513.588
1152.847 795.593
1153.160 718.599
1153.473 666.604
1153.785 699.609
1154.098 657.614
1154.411 710.619
1154.724 648.624
1155.037 788.629
1155.350 741.634
1155.663 714.639
1155.976 614.644
1156.289 694.649
1156.602 559.654
1156.915 464.659
1157.228 490.665
1157.541 553.670
1157.853 571.675
1158.166 658.680
1158.479 702.685
1158.792 661.690
1159.105 706.695
1159.418 710.700
1159.731 656.705
1160.044 598.710
1160.357 800.715
1160.670 730.720
1160.983 483.725
1161.296 697.730
1161.609 816.735
1161.921 678.740
1162.234 627.745
1162.547 455.750
1162.860 454.755
1163.173 496.760
1163.486 584.765
1163.799 641.770
1164.112 607.775
1164.425 580.780
1164.738 569.785
1165.051 512.790
1165.364 552.794
1165.676 633.799
1165.989 707.804
1166.302 575.809
1166.615 700.814
1166.928 728.819
1167.241 804.824
1167.554 784.829
1167.867 700.834
1168.180 653.839
1168.493 540.844
1168.806 625.849
1169.119 660.854
1169.432 725.858
1169.744 697.863
1170.057 675.868
1170.370 782.873
1170.683 705.878
1170.996 615.883
1171.309 618.888
1171.622 619.893
1171.935 627.897
1172.248 768.902
1172.561 705.907
1172.874 622.912
1173.187 681.917
1173.500 702.922
1173.812 716.927
1174.125 662.931
1174.438 698.936
1174.751 591.941
1175.064 563.946
1175.377 678.951
1175.690 625.956
1176.003 559.960
1176.316 626.965
1176.629 638.970
1176.942 612.975
1177.255 592.980
1177.567 538.984
1177.880 553.989
1178.193 660.994
1178.506 610.999
1178.819 739.004
1179.132 781.008
1179.445 583.013
1179.758 743.018
1180.071 732.023
1180.384 592.027
1180.697 644.032
1181.010 690.037
1181.323 782.042
1181.635 826.046
1181.948 739.051
1182.261 605.056
1182.574 607.061
1182.887 691.065
1183.200 845.070
1183.513 790.075
1183.826 668.080
1184.139 681.084
1184.452 626.089
1184.765 533.094
1185.078 461.098
1185.391 567.103
1185.703 633.108
1186.016 528.112
1186.329 496.117
1186.642 590.122
1186.955 736.127
1187.268 650.131
1187.581 679.136
1187.894 612.141
1188.207 676.145
1188.520 625.150
1188.833 638.155
1189.146 524.159
1189.459 437.164
1189.771 525.169
1190.084 681.173
1190.397 584.178
1190.710 655.182
1191.023 702.187
1191.336 677.192
1191.649 639.196
1191.962 643.201
1192.275 556.206
1192.588 672.210
1192.901 772.215
1193.214 607.219
1193.526 664.224
1193.839 744.229
1194.152 587.233
1194.465 656.238
1194.778 640.242
1195.091 638.247
1195.404 563.252
1195.717 621.256
1196.030 696.261
1196.343 623.265
1196.656 555.270
1196.969 588.275
1197.282 651.279
1197.594 651.284
1197.907 795.288
1198.220 849.293
1198.533 671.297
1198.846 612.302
1199.159 596.306
1199.472 561.311
1199.785 666.315
1200.098 562.320
1200.411 648.325
1200.724 635.329
1201.037 579.334
1201.350 507.338
1201.662 475.343
1201.975 632.347
1202.288 672.352
1202.601 279.356
