165.028 243.084
165.288 143.697
165.547 195.312
165.807 241.930
166.067 150.552
166.327 103.176
166.587 101.804
166.847 247.434
167.107 312.068
167.367 252.704
167.627 303.343
167.886 275.985
168.146 255.630
168.406 440.278
168.666 407.929
168.926 280.582
169.186 279.238
169.446 269.897
169.706 164.558
169.966 253.222
170.225 280.889
170.485 288.558
170.745 363.230
171.005 508.904
171.265 331.581
171.525 285.261
171.785 184.942
172.045 198.627
172.305 370.313
172.564 317.002
172.824 188.693
173.084 296.387
173.344 191.083
173.604 251.781
173.864 378.482
174.124 324.184
174.384 289.889
174.644 420.596
174.903 542.305
175.163 455.016
175.423 522.729
175.683 365.444
175.943 333.162
176.203 275.881
176.463 285.602
176.723 262.325
176.983 315.050
177.242 359.777
177.502 501.506
177.762 499.236
178.022 273.969
178.282 246.703
178.542 271.439
178.802 266.176
179.062 254.916
179.322 504.657
179.581 555.399
179.841 370.144
180.101 416.889
180.361 429.637
180.621 378.386
180.881 353.136
181.141 316.888
181.401 260.641
181.661 359.396
181.920 487.152
182.180 373.910
182.440 275.669
182.700 280.429
182.960 276.191
183.220 333.954
183.480 551.718
183.740 399.483
184.000 301.250
184.259 169.018
184.519 299.786
184.779 341.557
185.039 417.328
185.299 493.100
185.559 462.873
185.819 473.648
186.079 482.423
186.339 384.200
186.598 307.977
186.858 133.755
187.118 257.534
187.378 429.315
187.638 420.096
187.898 519.877
188.158 527.660
188.418 362.444
188.678 318.228
188.937 399.013
189.197 519.799
189.457 518.585
189.717 436.373
189.977 289.161
190.237 265.949
190.497 482.738
190.757 464.528
191.017 409.318
191.276 328.109
191.536 346.901
191.796 303.693
192.056 282.486
192.316 331.279
192.576 299.072
192.836 308.866
193.096 344.660
193.356 293.455
193.616 330.250
193.875 353.046
194.135 363.842
194.395 525.638
194.655 518.434
194.915 463.231
195.175 448.028
195.435 530.825
195.695 319.623
195.955 181.421
196.214 405.218
196.474 501.017
196.734 428.815
196.994 440.613
197.254 473.412
197.514 409.210
197.774 394.009
198.034 281.807
198.294 200.606
198.553 263.405
198.813 291.204
199.073 187.003
199.333 230.801
199.593 429.600
199.853 473.399
200.113 520.197
200.373 500.996
200.633 250.794
200.892 243.592
201.152 258.390
201.412 263.188
201.672 400.986
201.932 607.783
202.192 544.581
202.452 319.378
202.712 253.175
202.972 250.971
203.231 394.768
203.491 397.564
203.751 316.360
204.011 359.155
204.271 459.950
204.531 267.745
204.791 235.539
205.051 292.333
205.311 332.127
205.570 161.920
205.830 194.713
206.090 199.506
206.350 312.298
206.610 512.089
206.870 312.880
207.130 297.671
207.390 387.461
207.650 310.250
207.909 238.039
208.169 328.828
208.429 337.616
208.689 181.403
208.949 316.190
209.209 435.976
209.469 250.762
209.729 170.547
209.989 223.331
210.248 139.115
210.508 427.898
210.768 413.681
211.028 265.462
211.288 343.243
211.548 300.024
211.808 323.804
212.068 469.583
212.328 487.361
212.587 414.138
212.847 272.915
213.107 311.691
213.367 330.466
213.627 336.241
213.887 354.015
214.147 254.788
214.407 279.560
214.667 300.331
214.926 366.101
215.186 305.871
215.446 296.640
215.706 241.408
215.966 226.175
216.226 223.941
216.486 262.706
216.746 319.471
217.006 343.234
217.265 272.997
217.525 228.758
217.785 273.519
218.045 314.279
218.305 271.038
218.565 243.796
218.825 344.553
219.085 461.309
219.345 302.064
219.604 254.818
219.864 366.571
220.124 337.323
220.384 282.074
220.644 298.824
220.904 248.573
221.164 304.321
221.424 313.068
221.684 243.814
221.943 274.558
222.203 347.302
222.463 253.045
222.723 204.787
222.983 351.527
223.243 283.267
223.503 327.005
223.763 240.742
224.023 212.479
224.282 347.214
224.542 388.948
224.802 389.681
225.062 401.412
225.322 472.143
225.582 322.872
225.842 286.601
226.102 329.328
226.362 313.054
226.621 340.779
226.881 266.503
227.141 303.225
227.401 364.946
227.661 286.667
227.921 436.386
228.181 322.103
228.441 297.820
228.701 482.536
228.960 489.250
229.220 268.963
229.480 239.675
229.740 453.385
230.000 510.095
230.260 287.803
230.520 254.510
230.780 262.215
231.040 281.920
231.299 289.623
231.559 271.325
231.819 303.026
232.079 416.725
232.339 410.424
232.599 212.121
232.859 317.816
233.119 423.511
233.379 300.204
233.638 317.896
233.898 461.586
234.158 443.276
234.418 288.964
234.678 433.651
234.938 504.336
235.198 341.021
235.458 285.703
235.718 342.385
235.978 335.065
236.237 341.745
236.497 379.422
236.757 467.099
237.017 459.774
237.277 386.448
237.537 286.120
237.797 239.792
238.057 385.461
238.317 357.130
238.576 272.797
238.836 365.463
239.096 451.128
239.356 372.791
239.616 388.453
239.876 422.114
240.136 359.773
240.396 426.431
240.656 515.088
240.915 442.743
241.175 407.397
241.435 272.050
241.695 375.701
241.955 531.351
242.215 529.000
242.475 452.647
242.735 363.293
242.995 432.938
243.254 399.581
243.514 326.223
243.774 201.864
244.034 260.503
244.294 526.141
244.554 469.778
244.814 460.413
245.074 347.047
245.334 287.679
245.593 327.311
245.853 354.940
246.113 239.569
246.373 366.196
246.633 496.822
246.893 399.446
247.153 378.069
247.413 440.691
247.673 398.311
247.932 371.930
248.192 436.548
248.452 452.164
248.712 415.779
248.972 287.393
249.232 516.005
249.492 428.616
249.752 278.226
250.012 425.834
250.271 381.441
250.531 396.046
250.791 590.650
251.051 557.253
251.311 424.855
251.571 304.455
251.831 429.053
252.091 466.651
252.351 372.247
252.610 307.842
252.870 372.435
253.130 360.027
253.390 337.618
253.650 442.207
253.911 487.795
254.172 508.381
254.433 423.967
254.694 379.551
254.955 413.133
255.216 366.714
255.477 516.294
255.738 464.873
255.999 318.450
256.261 493.026
256.522 431.600
256.783 395.174
257.044 287.746
257.305 222.316
257.566 211.885
257.827 225.453
258.088 364.020
258.349 368.585
258.610 395.149
258.871 434.711
259.132 539.273
259.393 417.832
259.654 312.391
259.915 250.948
260.176 358.504
260.437 481.059
260.698 401.612
260.959 352.164
261.221 419.715
261.482 478.264
261.743 461.812
262.004 463.359
262.265 578.904
262.526 506.448
262.787 358.991
263.048 324.533
263.309 336.073
263.570 441.612
263.831 406.149
264.092 351.686
264.353 217.221
264.614 487.754
264.875 466.287
265.136 383.818
265.397 598.348
265.658 621.876
265.919 625.403
266.181 539.929
266.442 390.454
266.703 371.977
266.964 321.500
267.225 330.020
267.486 413.540
267.747 530.058
268.008 503.575
268.269 541.091
268.530 559.606
268.791 494.119
269.052 450.631
269.313 407.141
269.574 423.651
269.835 452.159
270.096 434.666
270.357 510.172
270.618 424.676
270.879 333.179
271.141 396.681
271.402 408.182
271.663 345.681
271.924 443.179
272.185 477.676
272.446 442.172
272.707 439.666
272.968 364.160
273.229 342.652
273.490 389.142
273.751 349.632
274.012 380.120
274.273 515.607
274.534 451.093
274.795 431.578
275.056 468.061
275.317 340.543
275.578 249.024
275.839 352.504
276.101 322.983
276.362 301.460
276.623 382.936
276.884 535.411
277.145 504.885
277.406 490.358
277.667 394.829
277.928 337.299
278.189 531.769
278.450 484.236
278.711 483.703
278.972 490.168
279.233 410.633
279.494 498.096
279.755 604.558
280.016 623.019
280.277 494.478
280.538 488.937
280.799 390.394
281.061 429.850
281.322 477.305
281.583 458.759
281.844 393.211
282.105 366.663
282.366 496.113
282.627 422.562
282.888 475.010
283.149 478.457
283.410 442.903
283.671 503.348
283.932 422.791
284.193 276.233
284.454 389.675
284.715 446.115
284.976 388.554
285.237 445.992
285.498 722.428
285.759 629.864
286.021 547.298
286.282 472.732
286.543 466.164
286.804 449.595
287.065 508.025
287.326 535.454
287.587 353.882
287.848 467.309
288.109 551.734
288.370 487.159
288.631 320.582
288.892 336.005
289.153 407.426
289.414 340.846
289.675 519.265
289.936 666.683
290.197 611.100
290.458 537.516
290.719 438.931
290.981 525.345
291.242 612.757
291.503 597.169
291.764 422.579
292.025 267.989
292.286 325.397
292.547 416.805
292.808 390.211
293.069 483.616
293.330 529.020
293.591 540.424
293.852 504.826
294.113 436.227
294.374 412.627
294.635 394.026
294.896 440.424
295.157 501.821
295.418 529.217
295.679 497.612
295.941 453.006
296.202 515.399
296.463 533.790
296.724 615.181
296.985 637.571
297.246 570.960
297.507 410.348
297.768 351.735
298.029 452.120
298.290 630.505
298.551 696.889
298.812 690.272
299.073 490.654
299.334 394.034
299.595 556.414
299.856 589.793
300.117 688.171
300.378 632.548
300.639 388.924
300.901 415.299
301.162 520.673
301.423 526.046
301.684 675.418
301.945 711.789
302.206 516.159
302.467 506.528
302.728 375.897
302.989 437.264
303.250 520.630
303.511 579.995
303.772 612.360
304.033 550.723
304.294 505.086
304.555 464.447
304.816 511.808
305.077 548.168
305.338 431.527
305.599 407.884
305.861 518.241
306.122 591.597
306.383 505.952
306.644 526.306
306.905 436.660
307.166 600.012
307.427 554.363
307.688 489.714
307.949 491.063
308.210 567.412
308.471 524.760
308.732 396.107
308.993 347.453
309.254 448.798
309.515 338.142
309.776 481.485
310.037 507.828
310.298 327.169
310.559 388.510
310.821 529.850
311.082 516.188
311.343 368.526
311.604 322.864
311.865 302.200
312.126 245.535
312.387 365.870
312.648 432.203
312.909 475.536
313.170 537.868
313.434 519.199
313.698 441.529
313.963 512.859
314.227 488.187
314.491 453.515
314.755 464.842
315.019 413.168
315.284 256.493
315.548 450.817
315.812 511.140
316.076 605.463
316.340 586.785
316.604 528.106
316.869 599.426
317.133 514.745
317.397 545.063
317.661 565.381
317.925 510.698
318.190 497.014
318.454 492.329
318.718 494.643
318.982 601.957
319.246 666.270
319.511 736.582
319.775 517.893
320.039 488.203
320.303 482.513
320.567 532.821
320.832 467.129
321.096 438.437
321.360 504.743
321.624 531.048
321.888 426.353
322.153 375.657
322.417 327.960
322.681 310.263
322.945 502.565
323.209 590.865
323.473 489.166
323.738 432.465
324.002 453.763
324.266 629.061
324.530 573.358
324.794 462.655
325.059 414.950
325.323 355.245
325.587 445.539
325.851 479.832
326.115 630.125
326.380 567.416
326.644 543.707
326.908 521.998
327.172 484.287
327.436 493.576
327.701 449.864
327.965 406.151
328.229 481.438
328.493 354.724
328.757 360.009
329.022 515.293
329.286 401.577
329.550 358.860
329.814 435.142
330.078 481.423
330.342 445.704
330.607 436.984
330.871 511.263
331.135 636.542
331.399 619.820
331.663 490.097
331.928 496.374
332.192 529.649
332.456 502.924
332.720 521.199
332.984 442.472
333.249 461.745
333.513 437.018
333.777 378.289
334.041 367.560
334.305 484.830
334.570 512.100
334.834 401.369
335.098 559.637
335.362 591.904
335.626 501.171
335.891 486.437
336.155 547.703
336.419 466.968
336.683 299.232
336.947 411.495
337.211 417.758
337.476 332.020
337.740 406.281
338.004 442.542
338.268 407.802
338.532 462.062
338.797 463.321
339.061 513.579
339.325 587.836
339.589 601.093
339.853 518.349
340.118 456.605
340.382 506.860
340.646 617.114
340.910 469.368
341.174 504.621
341.439 464.873
341.703 472.125
341.967 442.376
342.231 447.626
342.495 436.876
342.759 536.125
343.024 543.374
343.288 672.622
343.552 596.869
343.816 371.116
344.080 379.362
344.345 437.607
344.609 314.852
344.873 280.096
345.137 426.340
345.401 559.583
345.666 434.825
345.930 546.067
346.194 628.308
346.458 474.549
346.722 448.789
346.987 408.028
347.251 474.267
347.515 689.505
347.779 486.743
348.043 409.980
348.308 475.216
348.572 388.452
348.836 362.687
349.100 382.922
349.364 328.156
349.628 380.389
349.893 421.622
350.157 497.854
350.421 499.086
350.685 512.317
350.949 468.548
351.214 368.778
351.478 415.007
351.742 485.236
352.006 511.464
352.270 465.692
352.535 399.919
352.799 450.146
353.063 497.372
353.327 398.597
353.591 348.822
353.856 436.047
354.120 509.271
354.384 558.494
354.648 641.716
354.912 575.939
355.177 471.160
355.441 437.381
355.705 671.602
355.969 644.822
356.233 549.041
356.497 510.260
356.762 507.478
357.026 466.696
357.290 463.914
357.554 515.130
357.818 544.346
358.083 485.562
358.347 486.777
358.611 525.992
358.875 523.206
359.139 515.420
359.404 370.633
359.668 446.845
359.932 627.057
360.196 619.269
360.460 470.480
360.725 524.690
360.989 616.900
361.253 694.109
361.517 611.318
361.781 569.527
362.046 632.735
362.310 649.942
362.574 613.149
362.838 468.355
363.102 501.561
363.366 573.766
363.631 452.971
363.895 468.176
364.159 599.379
364.423 609.583
364.687 620.786
364.952 605.988
365.216 600.190
365.480 560.391
365.747 415.592
366.013 446.793
366.280 479.993
366.546 552.192
366.813 467.391
367.079 542.590
367.346 615.788
367.612 584.985
367.879 591.182
368.145 657.379
368.412 531.575
368.678 462.770
368.945 605.966
369.211 527.160
369.478 574.354
369.744 580.548
370.011 524.741
370.278 487.934
370.544 446.127
370.811 496.319
371.077 512.510
371.344 438.701
371.610 485.891
371.877 523.081
372.143 580.271
372.410 638.460
372.676 705.649
372.943 666.837
373.209 554.025
373.476 503.212
373.742 477.399
374.009 568.586
374.276 600.772
374.542 558.957
374.809 437.142
375.075 366.327
375.342 353.511
375.608 363.695
375.875 416.878
376.141 673.061
376.408 633.244
376.674 578.426
376.941 527.607
377.207 508.788
377.474 917.969
377.740 819.149
378.007 459.329
378.273 555.509
378.540 645.688
378.807 514.866
379.073 474.044
379.340 463.222
379.606 522.400
379.873 531.577
380.139 547.753
380.406 623.929
380.672 534.105
380.939 440.280
381.205 439.455
381.472 361.629
381.738 373.803
382.005 528.977
382.271 560.150
382.538 526.323
382.804 713.495
383.071 582.667
383.338 541.839
383.604 540.010
383.871 578.181
384.137 621.351
384.404 558.521
384.670 585.691
384.937 500.860
385.203 575.028
385.470 537.197
385.736 563.365
386.003 551.532
386.269 573.700
386.536 549.866
386.802 504.033
387.069 599.199
387.336 738.364
387.602 657.530
387.869 405.695
388.135 395.859
388.402 371.023
388.668 502.187
388.935 662.350
389.201 756.513
389.468 674.676
389.734 678.838
390.001 600.000
390.267 523.161
390.534 619.322
390.800 633.483
391.067 708.643
391.333 625.803
391.600 542.963
391.867 583.122
392.133 564.281
392.400 503.439
392.666 416.597
392.933 560.755
393.199 720.913
393.466 651.070
393.732 572.226
393.999 636.382
394.265 650.538
394.532 560.694
394.798 653.849
395.065 591.004
395.331 662.159
395.598 672.313
395.864 697.467
396.131 791.620
396.398 923.773
396.664 1000.926
396.931 1113.078
397.197 1388.230
397.464 1529.382
397.730 1814.533
397.997 1967.684
398.263 2017.835
398.530 2203.985
398.796 2501.135
399.063 2548.285
399.329 2469.434
399.596 2580.583
399.862 2577.732
400.129 2692.880
400.396 2793.028
400.662 2602.175
400.929 2662.323
401.195 2780.470
401.462 3028.616
401.728 3256.762
401.995 3342.908
402.261 3458.054
402.528 3766.199
402.794 4107.344
403.061 4453.489
403.327 4657.633
403.594 4814.777
403.860 4952.920
404.127 5113.064
404.393 5479.207
404.660 5565.349
404.931 5796.492
405.202 6061.634
405.473 6342.775
405.745 6849.917
406.016 7322.058
406.287 7338.199
406.558 7455.339
406.829 7753.479
407.100 7710.619
407.371 8055.758
407.642 8392.897
407.914 8302.036
408.185 8210.175
408.456 8409.313
408.727 8702.451
408.998 8795.589
409.269 9110.726
409.540 9162.863
409.811 8771.000
410.083 8785.136
410.354 8714.272
410.625 8485.408
410.896 8324.543
411.167 8291.678
411.438 8299.813
411.709 7861.948
411.981 7825.082
412.252 7409.216
412.523 6758.350
412.794 6440.483
413.065 6132.616
413.336 5622.749
413.607 5359.881
413.878 5080.014
414.150 4773.145
414.421 4419.277
414.692 4163.408
414.963 3980.539
415.234 3822.670
415.505 3549.801
415.776 3406.931
416.047 3132.061
416.319 2782.190
416.590 2301.319
416.861 1907.448
417.132 1949.577
417.403 1837.706
417.674 1591.834
417.945 1323.962
418.217 1187.089
418.488 1239.217
418.759 1026.344
419.030 891.470
419.301 903.597
419.572 932.723
419.843 906.849
420.114 822.975
420.386 810.100
420.657 852.225
420.928 741.350
421.199 687.474
421.470 694.599
421.741 622.723
422.012 672.846
422.283 648.970
422.555 622.093
422.826 751.216
423.097 875.339
423.368 749.461
423.639 584.583
423.910 672.705
424.181 614.827
424.453 524.948
424.724 794.069
424.995 839.190
425.266 677.310
425.537 594.431
425.808 757.551
426.079 787.671
426.350 649.790
426.622 639.909
426.893 726.028
427.164 681.147
427.435 607.265
427.706 591.384
427.977 634.502
428.248 642.619
428.519 716.737
428.791 636.854
429.062 701.971
429.333 597.088
429.604 552.204
429.875 714.320
430.146 758.436
430.417 759.552
430.689 712.667
430.960 602.783
431.231 577.898
431.502 710.012
431.773 731.127
432.044 649.241
432.315 798.355
432.586 698.469
432.858 718.582
433.129 564.695
433.400 624.808
433.671 684.921
433.942 590.034
434.213 469.146
434.484 544.258
434.755 657.370
435.027 536.481
435.298 637.593
435.569 669.704
435.840 589.815
436.116 591.925
436.391 630.036
436.667 681.146
436.942 714.256
437.218 763.365
437.493 780.475
437.769 821.584
438.045 733.693
438.320 677.802
438.596 673.910
438.871 619.019
439.147 612.127
439.422 546.235
439.698 453.342
439.974 479.450
440.249 655.557
440.525 712.664
440.800 515.770
441.076 616.877
441.351 745.983
441.627 763.089
441.903 731.195
442.178 544.301
442.454 545.406
442.729 773.511
443.005 655.616
443.281 694.721
443.556 812.825
443.832 704.930
444.107 553.034
444.383 604.138
444.658 597.241
444.934 518.345
445.210 720.448
445.485 783.551
445.761 723.654
446.036 700.756
446.312 782.858
446.587 751.961
446.863 528.063
447.139 650.164
447.414 706.266
447.690 707.367
447.965 774.468
448.241 722.569
448.516 726.670
448.792 682.770
449.068 680.870
449.343 722.970
449.619 642.070
449.894 657.170
450.170 624.269
450.445 756.368
450.721 835.467
450.997 664.566
451.272 749.665
451.548 695.763
451.823 630.861
452.099 740.959
452.375 680.057
452.650 630.155
452.926 651.252
453.201 691.349
453.477 1012.446
453.752 888.543
454.028 685.640
454.304 776.736
454.579 821.832
454.855 781.928
455.130 800.024
455.406 917.120
455.681 849.215
455.957 795.310
456.233 767.405
456.508 732.500
456.784 718.595
457.059 692.689
457.335 840.783
457.610 791.877
457.886 700.971
458.162 602.065
458.437 606.158
458.713 756.252
458.988 735.345
459.264 752.438
459.539 783.530
459.815 696.623
460.091 549.715
460.366 526.807
460.642 534.899
460.917 571.991
461.193 628.083
461.468 624.174
461.744 623.266
462.020 593.357
462.295 641.447
462.571 606.538
462.846 617.629
463.122 711.719
463.397 782.809
463.673 643.256
463.949 590.398
464.224 624.454
464.500 713.454
464.775 606.257
465.051 673.998
465.327 786.648
465.602 914.694
465.878 955.657
466.153 838.025
466.429 1091.697
466.704 1325.226
466.980 1249.965
467.256 1294.052
467.531 1353.493
467.807 1340.909
468.082 1364.042
468.358 1344.746
468.633 1421.172
468.909 1362.022
469.185 1256.946
469.460 1416.245
469.736 1480.195
470.011 1303.040
470.287 1307.852
470.562 1454.728
470.838 1278.684
471.114 1286.122
471.389 1284.188
471.665 1309.839
471.940 1326.433
472.216 1238.462
472.491 1057.431
472.767 1109.299
473.043 1225.003
473.318 1302.167
473.594 1070.143
473.869 976.708
474.145 931.015
474.421 931.099
474.696 913.890
474.972 759.101
475.247 825.198
475.523 901.835
475.798 873.277
476.074 831.738
476.350 850.152
476.625 837.850
476.901 848.127
477.176 833.090
477.452 720.423
477.727 727.627
478.003 542.010
478.279 750.426
478.554 908.028
478.830 867.325
479.105 886.965
479.381 824.281
479.656 698.602
479.932 773.963
480.208 852.208
480.483 862.549
480.759 895.997
481.034 804.263
481.310 794.242
481.585 875.382
481.861 876.469
482.137 797.116
482.412 894.985
482.688 912.343
482.963 985.729
483.239 1018.888
483.514 754.437
483.790 846.006
484.066 1107.976
484.341 908.344
484.617 793.857
484.892 911.757
485.168 953.625
485.443 827.505
485.719 856.408
485.995 920.261
486.270 883.746
486.546 838.552
486.821 793.128
487.097 792.625
487.373 827.421
487.648 987.284
487.924 943.123
488.199 773.312
488.475 649.614
488.750 707.238
489.026 906.239
489.302 867.058
489.577 819.223
489.853 849.835
490.128 1046.774
490.404 1006.684
490.679 821.825
490.955 1027.350
491.231 1091.938
491.506 1037.306
491.782 941.430
492.057 814.358
492.333 938.696
492.608 907.457
492.884 924.162
493.160 808.774
493.435 841.803
493.711 1019.326
493.986 952.776
494.262 928.291
494.537 863.656
494.813 959.766
495.089 850.760
495.364 913.699
495.640 967.797
495.915 950.186
496.191 1147.992
496.467 1059.539
496.742 981.776
497.018 952.195
497.293 887.112
497.569 1066.913
497.844 1003.749
498.120 1087.977
498.396 1064.412
498.671 946.373
498.947 1097.386
499.222 1135.326
499.498 1077.818
499.773 1149.530
500.049 1177.813
500.325 1169.078
500.600 1316.486
500.876 1349.905
501.151 1449.974
501.427 1520.776
501.702 1600.766
501.978 1645.056
502.254 1680.664
502.529 1550.269
502.805 1737.196
503.080 1914.419
503.356 1745.885
503.631 1725.495
503.907 1790.797
504.183 1710.906
504.458 1818.262
504.734 1835.703
505.009 1797.348
505.285 1722.313
505.560 1760.073
505.836 1794.311
506.112 1792.354
506.387 1659.830
506.663 1626.874
506.938 1594.586
507.214 1517.808
507.490 1538.563
507.765 1475.524
508.041 1507.881
508.316 1563.447
508.592 1406.285
508.867 1380.792
509.143 1426.706
509.419 1329.284
509.694 1185.259
509.970 1150.219
510.245 1038.872
510.521 1131.898
510.796 1052.910
511.072 985.042
511.348 964.199
511.623 1032.060
511.899 983.321
512.174 1030.074
512.450 1126.338
512.725 1074.814
513.001 899.382
513.277 853.010
513.552 1053.956
513.828 1016.437
514.103 991.853
514.379 1109.264
514.654 1047.103
514.930 1036.267
515.206 1262.986
515.481 1195.334
515.757 1085.316
516.032 1062.789
516.308 1200.423
516.583 1332.971
516.859 1250.591
517.135 1277.916
517.410 1375.589
517.686 1395.086
517.961 1412.639
518.237 1451.665
518.513 1417.936
518.788 1750.280
519.064 1915.879
519.339 1909.094
519.615 1960.399
519.890 2052.106
520.166 2150.381
520.442 2311.988
520.717 2410.218
520.993 2454.024
521.268 2305.426
521.544 2368.044
521.819 2328.970
522.095 2433.319
522.371 2572.941
522.646 2554.782
522.922 2707.565
523.197 2758.388
523.473 2825.662
523.748 2770.216
524.024 2636.302
524.300 2599.995
524.575 2605.793
524.851 2724.510
525.126 2748.730
525.402 2695.914
525.677 2755.301
525.953 2702.053
526.229 2639.968
526.504 2622.454
526.780 2774.879
527.055 2724.958
527.331 2792.956
527.606 2830.170
527.882 2734.694
528.158 2659.783
528.433 2804.099
528.709 2748.492
528.984 2762.942
529.260 2643.311
529.535 2699.424
529.811 2545.780
530.087 2396.742
530.362 2366.350
530.638 2414.176
530.913 2471.924
531.189 2418.380
531.465 2276.543
531.740 2225.657
532.016 2239.469
532.291 2152.483
532.567 2147.019
532.842 2159.670
533.118 2055.127
533.394 2106.691
533.669 1897.809
533.945 1682.882
534.220 1690.718
534.496 1819.001
534.771 1691.198
535.047 1673.390
535.323 1611.601
535.598 1629.595
535.874 1639.053
536.149 1562.507
536.425 1596.379
536.700 1723.634
536.976 1994.714
537.252 2493.291
537.527 2991.864
537.803 3610.778
538.078 4180.753
538.354 4694.081
538.629 5000.920
538.905 5263.768
539.181 5589.785
539.456 5841.317
539.732 6302.221
540.007 6601.385
540.283 6655.392
540.558 6765.360
540.834 7144.771
541.110 7520.214
541.385 7693.534
541.661 7958.933
541.936 8064.991
542.212 8131.445
542.488 8300.972
542.763 8455.633
543.039 8444.232
543.314 8448.253
543.590 8531.173
543.865 8595.773
544.141 8515.388
544.417 8431.030
544.692 8016.981
544.968 7966.387
545.243 7851.097
545.519 7509.687
545.794 7444.639
546.070 7416.857
546.348 7131.751
546.627 6656.522
546.905 6808.470
547.183 6747.332
547.461 6843.709
547.740 6817.940
548.018 6521.587
548.296 6658.160
548.575 6757.516
548.853 6970.079
549.131 7207.467
549.409 7327.351
549.688 7587.322
549.966 7847.293
550.244 8080.477
550.523 8170.636
550.801 8244.774
551.079 8284.146
551.357 8298.043
551.636 8308.667
551.914 8372.210
552.192 8197.703
552.471 8376.624
552.749 8523.714
553.027 8669.901
553.306 8960.343
553.584 9283.891
553.862 9470.301
554.140 9737.540
554.419 9967.546
554.697 10439.680
554.975 10735.775
555.254 10896.394
555.532 10800.840
555.810 10938.642
556.088 10938.809
556.367 10661.349
556.645 10339.741
556.923 10166.636
557.202 9938.144
557.480 9737.280
557.758 9439.812
558.036 9080.014
558.315 8724.629
558.593 8805.992
558.871 8553.376
559.150 8181.338
559.428 7889.703
559.706 7479.014
559.984 7189.988
560.263 7014.344
560.541 6687.124
560.819 6200.355
561.098 5804.823
561.376 5363.522
561.654 4797.221
561.932 4223.442
562.211 3888.764
562.489 3579.491
562.767 3176.868
563.046 2744.806
563.324 2453.349
563.602 2308.776
563.880 2058.044
564.159 1957.321
564.437 1918.096
564.715 1660.864
564.994 1465.131
565.272 1490.127
565.550 1337.256
565.828 1197.508
566.107 1279.817
566.385 1254.462
566.663 1070.960
566.942 997.105
567.220 1090.328
567.498 1171.227
567.776 1022.232
568.055 929.968
568.333 980.973
568.611 968.456
568.890 909.732
569.168 815.972
569.446 859.315
569.725 829.407
570.003 665.199
570.281 633.003
570.559 772.311
570.838 771.166
571.116 840.754
571.394 854.363
571.673 894.032
571.951 836.690
572.229 746.442
572.507 774.421
572.786 760.625
573.064 726.355
573.342 695.239
573.621 627.370
573.899 685.949
574.177 880.021
574.455 816.407
574.734 708.638
575.012 783.044
575.290 672.198
575.569 651.331
575.847 776.644
576.125 753.134
576.403 617.374
576.682 669.154
576.960 733.569
577.243 787.023
577.527 669.614
577.810 540.592
578.093 570.752
578.377 626.270
578.660 654.968
578.944 655.010
579.227 592.983
579.510 699.658
579.794 635.909
580.077 559.008
580.360 619.128
580.644 618.791
580.927 580.680
581.210 622.471
581.494 587.896
581.777 663.970
582.061 626.824
582.344 575.646
582.627 500.911
582.911 551.800
583.194 539.418
583.477 671.196
583.761 660.259
584.044 703.214
584.327 679.982
584.611 602.100
584.894 610.133
585.178 588.196
585.461 639.186
585.744 747.119
586.028 600.906
586.311 632.947
586.594 666.988
586.878 567.028
587.161 647.068
587.444 746.109
587.728 694.149
588.011 656.189
588.295 513.229
588.578 576.693
588.861 748.561
589.145 651.349
589.428 590.980
589.711 536.429
589.995 590.878
590.278 719.789
590.562 625.548
590.845 603.984
591.128 835.955
591.412 749.168
591.695 606.100
591.978 751.243
592.262 691.094
592.545 515.278
592.828 669.524
593.112 619.045
593.395 565.245
593.679 506.952
593.962 673.326
594.245 640.853
594.529 529.449
594.812 437.510
595.095 417.088
595.379 646.686
595.662 719.931
595.945 610.019
596.229 550.920
596.512 596.402
596.796 647.576
597.079 650.933
597.362 730.179
597.646 769.059
597.929 629.631
598.212 603.355
598.496 650.823
598.779 732.153
599.062 797.343
599.346 611.793
599.629 552.055
599.913 569.282
600.196 664.886
600.479 696.748
600.763 671.856
601.046 544.711
601.329 616.150
601.613 722.759
601.896 643.150
602.179 653.360
602.463 625.891
602.746 721.213
603.030 805.728
603.313 747.074
603.596 607.758
603.880 709.159
604.163 649.391
604.446 617.449
604.730 577.328
605.013 640.400
605.296 691.993
605.580 641.098
605.863 729.283
606.147 642.149
606.430 624.555
606.713 692.472
606.997 592.305
607.280 788.434
607.563 702.363
607.847 644.038
608.130 698.224
608.414 763.134
608.697 717.181
608.980 716.939
609.264 778.461
609.547 671.955
609.830 649.463
610.114 726.873
610.397 680.874
610.680 688.071
610.964 730.631
611.247 717.921
611.531 717.678
611.814 608.783
612.097 590.172
612.381 780.804
612.664 887.591
612.947 710.000
613.231 676.668
613.514 670.491
613.797 726.517
614.081 765.844
614.364 803.207
614.648 770.824
614.931 681.467
615.214 645.156
615.498 703.838
615.781 726.218
616.064 749.874
616.348 860.144
616.631 901.419
616.914 953.715
617.198 893.605
617.481 822.703
617.765 830.451
618.048 867.830
618.331 803.697
618.615 715.592
618.898 857.918
619.181 893.525
619.465 834.106
619.748 736.216
620.031 684.504
620.315 635.661
620.598 735.532
620.882 802.830
621.165 918.969
621.448 838.485
621.732 794.577
622.015 689.137
622.298 657.644
622.582 743.163
622.865 751.931
623.148 647.069
623.432 774.524
623.715 722.505
623.999 824.288
624.282 768.924
624.565 812.758
624.849 693.072
625.132 596.721
625.415 901.189
625.699 1008.085
625.982 811.347
626.265 712.920
626.549 700.111
626.832 820.346
627.116 822.399
627.399 630.513
627.682 666.573
627.966 671.976
628.249 686.423
628.532 670.690
628.816 873.991
629.099 773.949
629.383 738.171
629.666 722.742
629.949 625.993
630.233 624.780
630.516 744.857
630.799 738.470
631.083 675.172
631.366 605.961
631.649 538.910
631.933 534.495
632.216 717.806
632.500 723.255
632.783 725.063
633.066 700.432
633.350 741.911
633.633 757.634
633.916 727.827
634.200 681.660
634.483 693.489
634.766 766.030
635.050 725.776
635.333 611.890
635.617 613.606
635.900 716.738
636.183 792.043
636.467 754.461
636.750 763.444
637.033 792.719
637.317 772.636
637.600 801.074
637.883 809.741
638.167 752.725
638.450 788.797
638.734 817.852
639.017 853.461
639.300 904.051
639.584 885.460
639.867 1042.645
640.150 956.612
640.434 998.735
640.717 1036.148
641.000 938.980
641.284 1013.774
641.567 956.753
641.851 991.409
642.134 1161.673
642.417 1102.672
642.701 1199.148
642.984 1215.812
643.267 1165.682
643.551 1070.204
643.834 974.703
644.117 1099.286
644.401 1119.088
644.684 1212.837
644.968 1358.804
645.251 1263.749
645.534 1192.482
645.818 1270.371
646.101 1475.347
646.384 1598.379
646.668 1690.426
646.951 1736.462
647.235 1891.317
647.518 1939.277
647.801 2209.981
648.085 2390.093
648.368 2538.044
648.651 2604.800
648.935 2885.627
649.218 3234.054
649.501 3354.000
649.785 3585.332
650.068 3931.747
650.352 4104.514
650.635 4380.633
650.918 4572.127
651.202 5088.014
651.485 5601.895
651.768 5970.365
652.052 6302.052
652.335 6734.366
652.618 7197.810
652.902 7902.052
653.185 8642.275
653.469 8819.493
653.752 9066.818
654.035 9410.729
654.319 9747.159
654.602 9816.511
654.885 9901.307
655.169 10036.506
655.452 10045.464
655.735 10125.711
656.019 10202.426
656.302 10304.752
656.586 10558.628
656.869 10860.331
657.152 10805.971
657.436 10756.168
657.719 10843.475
658.002 10804.684
658.286 10613.606
658.569 10281.152
658.852 10170.745
659.136 10033.048
659.419 9730.538
659.703 9431.074
659.986 9272.726
660.269 9203.115
660.553 8804.563
660.836 8727.355
661.119 8787.342
661.403 8721.763
661.686 8576.601
661.969 8324.340
662.253 8265.094
662.536 8273.252
662.820 8294.023
663.103 8278.838
663.386 8095.295
663.670 7975.647
663.953 7728.760
664.236 7790.316
664.520 7672.815
664.803 7552.275
665.086 7462.674
665.370 7460.130
665.653 7433.815
665.937 7394.728
666.220 7231.469
666.503 6990.116
666.787 6671.685
667.070 6344.825
667.353 6150.746
667.637 5637.283
667.920 5379.703
668.204 4991.265
668.487 4630.152
668.770 4426.136
669.054 4019.849
669.337 3648.846
669.620 3257.435
669.904 2988.361
670.187 2877.264
670.470 2798.594
670.754 2543.519
671.037 2252.223
671.321 2036.466
671.604 2097.879
671.887 1982.346
672.171 1807.347
672.454 1722.703
672.737 1650.440
673.021 1618.313
673.304 1560.452
673.587 1742.203
673.871 1637.790
674.154 1583.118
674.438 1603.271
674.721 1574.520
675.004 1505.179
675.288 1447.592
675.571 1468.676
675.854 1420.298
676.138 1426.943
676.421 1408.834
676.704 1325.605
676.988 1466.678
677.271 1571.525
677.555 1503.889
677.838 1316.739
678.121 1272.016
678.405 1263.288
678.688 1357.517
678.971 1159.114
679.255 1304.368
679.538 1364.560
679.821 1293.009
680.105 1143.807
680.388 1033.760
680.672 1005.754
680.955 1043.202
681.238 995.405
681.522 926.829
681.805 945.395
682.088 1029.853
682.372 1027.824
682.655 889.047
682.938 1050.868
683.222 1075.946
683.505 977.827
683.789 1020.695
684.072 972.654
684.355 966.445
684.639 1008.223
684.922 931.005
685.205 817.251
685.489 933.143
685.772 982.210
686.056 953.974
686.339 985.380
686.622 855.999
686.906 865.419
687.189 960.433
687.472 1128.517
687.756 1008.491
688.039 803.932
688.322 737.151
688.606 1016.925
688.889 1048.265
689.173 932.424
689.456 1078.586
689.739 1117.233
690.023 1044.143
690.306 1091.091
690.589 1030.604
690.873 1118.006
691.156 1113.868
691.439 998.388
691.723 919.328
692.006 1055.727
692.290 1076.425
692.573 1218.634
692.856 1306.288
693.140 1284.550
693.423 1269.787
693.706 1146.775
693.990 1123.744
694.273 1077.153
694.556 1227.768
694.840 1365.802
695.123 1274.539
695.407 1202.040
695.690 1073.944
695.973 1171.982
696.257 1264.516
696.540 1435.050
696.830 1393.516
697.120 1406.900
697.410 1479.401
697.699 1440.984
697.989 1705.925
698.279 1648.211
698.569 1463.143
698.859 1551.281
699.149 1601.302
699.439 1527.166
699.729 1458.284
700.018 1419.532
700.308 1534.316
700.598 1368.182
700.888 1243.098
701.178 1483.483
701.468 1521.555
701.758 1382.245
702.048 1392.220
702.337 1389.606
702.627 1482.687
702.917 1322.265
703.207 1193.744
703.497 1208.661
703.787 1102.946
704.077 1113.133
704.366 1140.036
704.656 1004.512
704.946 917.520
705.236 852.689
705.526 981.601
705.816 1035.515
706.106 784.255
706.396 830.309
706.685 840.766
706.975 707.720
707.265 632.007
707.555 780.256
707.845 790.623
708.135 692.528
708.425 581.801
708.715 601.191
709.004 842.713
709.294 820.996
709.584 787.839
709.874 819.419
710.164 832.260
710.454 771.674
710.744 702.818
711.034 784.987
711.323 749.014
711.613 666.358
711.903 802.400
712.193 884.034
712.483 713.946
712.773 697.251
713.063 690.016
713.352 684.767
713.642 683.449
713.932 798.234
714.222 804.489
714.512 711.315
714.802 676.602
715.092 721.196
715.382 608.602
715.671 604.552
715.961 644.833
716.251 549.478
716.541 662.540
716.831 798.461
717.121 658.121
717.411 726.738
717.701 821.495
717.990 716.252
718.280 599.335
718.570 597.445
718.860 639.833
719.150 718.783
719.440 671.361
719.730 601.344
720.019 859.378
720.309 799.091
720.599 707.420
720.889 646.593
721.179 736.564
721.469 738.247
721.759 708.294
722.049 714.066
722.338 590.404
722.628 650.156
722.918 695.616
723.208 772.935
723.498 608.532
723.788 644.748
724.078 820.898
724.368 793.571
724.657 652.171
724.947 684.642
725.237 762.542
725.527 849.434
725.817 730.988
726.107 648.989
726.397 649.008
726.686 564.888
726.976 612.296
727.266 705.159
727.556 659.723
727.846 750.410
728.136 733.263
728.426 625.207
728.716 532.203
729.005 703.734
729.295 667.900
729.585 540.090
729.875 568.132
730.165 641.447
730.455 688.023
730.745 679.972
731.035 677.079
731.324 797.092
731.614 774.204
731.904 626.287
732.194 721.544
732.484 660.008
732.774 571.506
733.064 576.389
733.354 509.287
733.643 583.967
733.933 604.859
734.223 585.385
734.513 764.741
734.803 828.921
735.093 731.378
735.383 648.127
735.672 689.162
735.962 760.979
736.252 548.133
736.542 598.197
736.832 639.352
737.122 555.683
737.412 618.447
737.702 743.705
737.991 689.749
738.281 639.993
738.571 635.454
738.861 674.125
739.151 702.687
739.441 728.563
739.731 546.674
740.021 608.854
740.310 768.250
740.600 759.155
740.890 545.855
741.180 588.412
741.470 643.712
741.760 734.550
742.050 850.067
742.339 753.844
742.629 649.016
742.919 824.109
743.209 645.447
743.499 612.474
743.789 617.059
744.079 633.909
744.369 679.789
744.658 606.824
744.948 458.716
745.238 640.557
745.528 692.111
745.818 778.134
746.108 691.842
746.398 726.311
746.688 693.559
746.977 796.854
747.267 693.595
747.557 736.052
747.847 801.677
748.137 724.881
748.427 669.177
748.717 601.137
749.006 477.174
749.296 576.272
749.586 641.389
749.876 749.615
750.166 658.996
750.456 650.698
750.746 693.281
751.036 596.493
751.325 672.359
751.615 674.048
751.905 610.129
752.195 615.757
752.485 622.775
752.775 616.409
753.065 610.421
753.355 807.636
753.644 775.622
753.934 679.583
754.224 626.762
754.514 796.084
754.804 592.695
755.094 490.406
755.384 546.592
755.674 622.839
755.963 703.097
756.253 662.656
756.543 737.235
756.833 770.895
757.123 703.873
757.413 592.036
757.703 539.792
757.992 508.654
758.282 621.614
758.572 636.327
758.862 515.741
759.152 599.176
759.442 591.564
759.732 688.658
760.022 714.806
760.311 611.921
760.601 470.087
760.891 660.245
761.181 716.885
761.471 675.370
761.761 539.109
762.051 588.472
762.341 728.742
762.630 788.909
762.920 668.080
763.210 670.787
763.500 718.467
763.793 590.589
764.086 624.846
764.379 637.313
764.671 741.957
764.964 646.401
765.257 680.623
765.550 618.504
765.843 463.280
766.136 620.555
766.429 595.370
766.722 576.660
767.014 534.850
767.307 418.587
767.600 490.105
767.893 549.084
768.186 494.665
768.479 577.343
768.772 737.642
769.064 689.272
769.357 580.840
769.650 599.588
769.943 768.185
770.236 683.609
770.529 591.573
770.822 558.324
771.115 619.832
771.407 757.709
771.700 769.835
771.993 788.811
772.286 707.305
772.579 743.907
772.872 629.004
773.165 584.666
773.457 656.255
773.750 645.834
774.043 564.115
774.336 573.792
774.629 629.103
774.922 605.536
775.215 546.017
775.508 584.208
775.800 590.679
776.093 681.925
776.386 670.188
776.679 538.956
776.972 655.790
777.265 888.435
777.558 893.593
777.850 709.797
778.143 689.712
778.436 709.537
778.729 691.755
779.022 677.700
779.315 589.274
779.608 478.737
779.900 572.221
780.193 609.423
780.486 587.742
780.779 591.181
781.072 527.478
781.365 596.228
781.658 627.967
781.951 545.653
782.243 641.770
782.536 695.283
782.829 645.098
783.122 652.142
783.415 727.732
783.708 719.724
784.001 674.604
784.293 779.936
784.586 779.170
784.879 748.124
785.172 618.261
785.465 490.640
785.758 574.824
786.051 681.052
786.344 736.705
786.636 821.542
786.929 648.384
787.222 618.607
787.515 580.347
787.808 585.197
788.101 557.241
788.394 692.121
788.686 820.009
788.979 822.844
789.272 765.094
789.565 657.559
789.858 555.778
790.151 531.374
790.444 512.408
790.737 514.936
791.029 531.887
791.322 616.732
791.615 559.303
791.908 616.380
792.201 619.772
792.494 612.190
792.787 649.444
793.079 784.703
793.372 655.450
793.665 693.008
793.958 659.125
794.251 673.098
794.544 741.167
794.837 862.559
795.130 690.092
795.422 623.307
795.715 624.319
796.008 629.947
796.301 619.743
796.594 615.773
796.887 681.525
797.180 702.160
797.472 531.686
797.765 428.012
798.058 557.082
798.351 543.694
798.644 520.778
798.937 487.891
799.230 530.249
799.523 901.679
799.815 839.879
800.108 531.818
800.401 491.952
800.694 612.218
800.987 554.793
801.280 626.845
801.573 750.736
801.865 772.729
802.158 639.237
802.451 551.428
802.744 570.404
803.037 583.393
803.330 590.983
803.623 722.144
803.915 673.256
804.208 532.085
804.501 632.264
804.794 690.336
805.087 622.660
805.380 478.632
805.673 515.204
805.966 645.349
806.258 620.960
806.551 637.281
806.844 672.436
807.137 696.242
807.430 525.878
807.723 530.913
808.016 744.782
808.308 808.670
808.601 627.341
808.894 589.382
809.187 627.251
809.480 657.821
809.773 643.104
810.066 635.717
810.359 712.907
810.651 698.214
810.944 440.468
811.237 470.190
811.530 635.694
811.825 531.300
812.119 443.997
812.414 418.784
812.709 550.534
813.003 608.343
813.298 562.241
813.593 642.422
813.887 593.203
814.182 843.913
814.476 795.038
814.771 747.336
815.066 666.470
815.360 559.099
815.655 502.203
815.950 573.938
816.244 632.955
816.539 711.731
816.834 729.075
817.128 752.282
817.423 761.722
817.718 913.357
818.012 699.771
818.307 444.970
818.602 583.304
818.896 654.331
819.191 615.963
819.486 573.991
819.780 686.260
820.075 846.617
820.369 852.519
820.664 674.327
820.959 736.452
821.253 754.846
821.548 678.176
821.843 688.944
822.137 710.465
822.432 653.625
822.727 610.525
823.021 605.957
823.316 812.456
823.611 814.172
823.905 654.299
824.200 531.116
824.495 647.230
824.789 718.974
825.084 712.962
825.379 616.681
825.673 641.634
825.968 752.000
826.262 709.379
826.557 716.968
826.852 719.406
827.146 663.156
827.441 622.170
827.736 706.709
828.030 654.339
828.325 471.068
828.620 652.610
828.914 772.340
829.209 623.713
829.504 783.455
829.798 710.911
830.093 545.269
830.388 538.940
830.682 471.859
830.977 650.383
831.271 764.576
831.566 619.131
831.861 572.967
832.155 563.322
832.450 645.888
832.745 721.589
833.039 625.852
833.334 551.091
833.629 588.394
833.923 584.841
834.218 580.910
834.513 553.572
834.807 553.371
835.102 529.280
835.397 513.383
835.691 484.828
835.986 507.939
836.281 500.583
836.575 547.072
836.870 600.704
837.164 569.045
837.459 514.791
837.754 568.514
838.048 519.737
838.343 563.353
838.638 576.248
838.932 603.162
839.227 580.673
839.522 624.613
839.816 590.703
840.111 541.259
840.406 566.538
840.700 712.699
840.995 831.944
841.290 843.013
841.584 690.904
841.879 730.995
842.174 682.603
842.468 667.042
842.763 508.260
843.057 588.766
843.352 645.480
843.647 625.437
843.941 629.485
844.236 689.864
844.531 716.789
844.825 649.682
845.120 724.996
845.415 795.461
845.709 655.415
846.004 711.355
846.299 573.125
846.593 707.203
846.888 714.898
847.183 647.753
847.477 615.766
847.772 672.623
848.066 702.947
848.361 705.701
848.656 727.044
848.950 624.720
849.245 716.982
849.540 625.462
849.834 788.850
850.129 855.136
850.424 727.544
850.718 699.658
851.013 766.339
851.308 682.809
851.602 751.709
851.897 779.920
852.192 817.179
852.486 688.173
852.781 620.603
853.076 729.437
853.370 764.085
853.665 805.289
853.959 826.295
854.254 695.378
854.549 892.777
854.843 688.918
855.138 610.977
855.433 768.849
855.727 792.880
856.022 677.873
856.317 683.893
856.611 699.258
856.906 623.965
857.201 650.185
857.495 826.596
857.790 835.741
858.085 720.490
858.379 689.247
858.674 590.481
858.969 535.516
859.263 593.422
859.558 632.223
859.852 598.978
860.147 647.020
860.442 754.201
860.736 575.278
861.031 725.425
861.326 816.842
861.620 650.636
861.915 762.273
862.210 805.969
862.504 649.009
862.799 723.013
863.094 756.593
863.388 614.872
863.683 632.260
863.978 596.237
864.272 604.467
864.567 601.527
864.861 579.337
865.156 558.163
865.451 493.538
865.745 652.125
866.040 727.877
866.335 713.001
866.629 757.546
866.924 590.099
867.219 587.879
867.513 750.122
867.808 641.282
868.103 580.944
868.397 634.011
868.692 652.944
868.987 534.234
869.281 515.012
869.576 630.710
869.871 723.183
870.165 635.564
870.460 522.392
870.754 544.228
871.049 544.151
871.344 628.233
871.638 613.551
871.933 534.520
872.228 561.564
872.522 572.260
872.817 656.136
873.112 873.368
873.406 714.725
873.701 790.834
873.996 768.857
874.290 630.960
874.585 542.367
874.880 594.228
875.174 558.665
875.469 568.764
875.764 608.766
876.058 584.082
876.353 503.555
876.647 489.640
876.942 532.367
877.237 584.437
877.531 609.492
877.826 603.202
878.121 630.960
878.415 604.730
878.710 555.674
879.005 707.753
879.299 623.764
879.594 552.045
879.889 473.529
880.183 459.518
880.478 527.462
880.773 529.288
881.067 502.216
881.362 506.873
881.656 488.322
881.951 548.065
882.246 508.699
882.540 599.937
882.835 531.197
883.130 518.782
883.424 497.220
883.719 471.641
884.014 595.247
884.308 548.266
884.603 467.763
884.898 524.472
885.192 621.525
885.487 588.111
885.782 514.459
886.076 614.263
886.371 556.616
886.666 428.772
886.960 520.692
887.255 539.930
887.549 537.188
887.844 644.436
888.139 672.134
888.433 635.360
888.728 514.347
889.023 548.104
889.317 588.808
889.612 474.922
889.907 510.794
890.201 573.635
890.496 585.515
890.791 569.990
891.085 530.661
891.380 477.713
891.675 532.915
891.969 605.362
892.264 492.758
892.559 507.311
892.853 678.112
893.148 554.555
893.442 492.794
893.737 575.249
894.032 497.218
894.326 427.623
894.621 490.188
894.916 440.364
895.210 477.871
895.505 515.365
895.800 465.432
896.094 385.185
896.389 439.916
896.684 514.518
896.978 522.017
897.273 434.531
897.568 557.831
897.862 633.488
898.157 545.080
898.451 686.279
898.746 642.925
899.041 658.561
899.335 616.941
899.630 541.255
899.925 568.243
900.219 585.967
900.514 655.338
900.809 538.769
901.103 423.256
901.398 571.578
901.693 539.276
901.987 494.311
902.282 603.408
902.577 492.985
902.871 417.689
903.166 559.016
903.461 620.238
903.755 597.566
904.050 542.730
904.344 418.040
904.639 479.557
904.934 515.006
905.228 533.926
905.523 456.029
905.818 478.150
906.112 603.384
906.407 547.623
906.702 514.264
906.996 563.492
907.291 573.317
907.586 498.012
907.880 668.315
908.175 653.477
908.470 597.122
908.764 661.076
909.059 716.625
909.354 661.372
909.648 587.099
909.943 529.574
910.237 669.619
910.532 701.103
910.827 690.112
911.121 694.424
911.416 642.401
911.711 583.586
912.005 592.957
912.300 555.315
912.599 653.072
912.898 592.951
913.196 601.104
913.495 652.133
913.794 722.128
914.093 600.760
914.391 600.957
914.690 649.289
914.989 603.219
915.288 688.486
915.586 637.446
915.885 497.263
916.184 441.919
916.483 473.823
916.782 587.505
917.080 607.250
917.379 611.228
917.678 506.252
917.977 649.473
918.275 725.783
918.574 688.958
918.873 674.427
919.172 596.747
919.471 503.033
919.769 550.238
920.068 554.163
920.367 567.673
920.666 526.636
920.964 555.036
921.263 542.627
921.562 517.622
921.861 585.930
922.159 552.158
922.458 572.535
922.757 567.406
923.056 560.843
923.355 571.314
923.653 701.588
923.952 662.075
924.251 513.130
924.550 660.443
924.848 691.066
925.147 542.485
925.446 545.017
925.745 661.418
926.043 625.892
926.342 542.862
926.641 510.414
926.940 607.245
927.239 662.407
927.537 687.315
927.836 595.598
928.135 615.071
928.434 722.021
928.732 691.304
929.031 673.989
929.330 733.842
929.629 676.778
929.927 628.748
930.226 576.111
930.525 642.965
930.824 770.117
931.123 676.308
931.421 715.472
931.720 694.371
932.019 712.172
932.318 727.995
932.616 663.379
932.915 628.885
933.214 674.202
933.513 673.526
933.812 680.167
934.110 692.081
934.409 795.597
934.708 714.706
935.007 915.819
935.305 948.084
935.604 725.535
935.903 833.954
936.202 904.749
936.500 986.466
936.799 1073.781
937.098 1041.591
937.397 934.592
937.696 787.023
937.994 739.153
938.293 888.586
938.592 807.549
938.891 831.278
939.189 818.757
939.488 901.083
939.787 1106.443
940.086 931.882
940.384 903.660
940.683 870.375
940.982 807.146
941.281 913.021
941.580 1178.631
941.878 1024.311
942.177 856.556
942.476 985.282
942.775 941.285
943.073 778.130
943.372 768.204
943.671 996.956
943.970 1103.854
944.268 1059.943
944.567 824.488
944.866 869.823
945.165 912.361
945.464 858.359
945.762 840.326
946.061 1024.557
946.360 1025.902
946.659 1071.648
946.957 1049.956
947.256 937.539
947.555 855.780
947.854 841.871
948.153 820.300
948.451 798.969
948.750 841.984
949.049 894.194
949.348 1045.325
949.646 889.777
949.945 835.054
950.244 1027.143
950.543 922.415
950.841 753.507
951.140 789.309
951.439 686.133
951.738 649.486
952.037 747.938
952.335 944.739
952.634 982.238
952.933 768.784
953.232 742.599
953.530 575.482
953.829 854.724
954.128 973.996
954.427 853.704
954.725 979.359
955.024 961.041
955.323 1008.839
955.622 789.157
955.921 676.659
956.219 818.193
956.518 772.151
956.817 779.713
957.116 789.712
957.414 784.570
957.713 649.440
958.012 679.920
958.311 665.122
958.610 831.996
958.908 838.935
959.207 783.675
959.506 807.503
959.805 779.979
960.103 830.181
960.402 822.647
960.701 745.091
961.000 675.381
961.298 625.333
961.597 819.071
961.896 775.043
962.195 749.664
962.494 782.583
962.792 725.482
963.091 700.630
963.390 730.197
963.689 697.801
963.987 800.322
964.286 865.765
964.585 887.391
964.884 805.337
965.182 706.072
965.481 1015.631
965.780 1112.293
966.080 965.110
966.380 855.597
966.680 778.148
966.981 676.898
967.281 731.967
967.581 712.786
967.881 769.297
968.181 822.611
968.481 774.540
968.781 742.702
969.082 623.689
969.382 708.174
969.682 833.490
969.982 853.477
970.282 861.461
970.582 700.500
970.882 640.504
971.183 785.613
971.483 665.301
971.783 646.873
972.083 717.409
972.383 765.027
972.683 732.434
972.983 785.441
973.284 690.458
973.584 637.232
973.884 667.794
974.184 666.086
974.484 729.666
974.784 608.205
975.084 596.511
975.385 674.617
975.685 818.541
975.985 782.464
976.285 774.539
976.585 745.763
976.885 707.450
977.185 720.656
977.486 736.428
977.786 718.642
978.086 818.234
978.386 875.759
978.686 715.036
978.986 611.893
979.286 680.901
979.587 815.909
979.887 702.916
980.187 688.924
980.487 643.932
980.787 745.939
981.087 700.947
981.387 841.955
981.688 735.963
981.988 591.970
982.288 588.978
982.588 622.986
982.888 675.993
983.188 717.001
983.488 754.009
983.789 747.016
984.089 749.024
984.389 699.031
984.689 641.039
984.989 542.047
985.289 567.054
985.589 750.062
985.890 693.069
986.190 556.077
986.490 583.085
986.790 654.092
987.090 633.100
987.390 738.107
987.690 730.115
987.991 540.122
988.291 543.130
988.591 561.137
988.891 500.145
989.191 514.152
989.491 650.160
989.791 671.167
990.092 666.175
990.392 701.182
990.692 676.190
990.992 668.197
991.292 553.205
991.592 631.212
991.892 614.220
992.193 709.227
992.493 692.235
992.793 558.242
993.093 570.249
993.393 562.257
993.693 608.264
993.993 660.272
994.294 680.279
994.594 604.286
994.894 600.294
995.194 615.301
995.494 540.309
995.794 553.316
996.094 554.323
996.395 657.331
996.695 737.338
996.995 530.345
997.295 460.353
997.595 528.360
997.895 485.367
998.195 427.375
998.496 517.382
998.796 515.389
999.096 688.396
999.396 613.404
999.696 608.411
999.996 665.418
1000.296 796.426
1000.597 786.433
1000.897 621.440
1001.197 618.447
1001.497 754.454
1001.797 592.462
1002.097 487.469
1002.397 596.476
1002.698 641.483
1002.998 670.491
1003.298 636.498
1003.598 479.505
1003.898 455.512
1004.198 638.519
1004.498 748.526
1004.799 603.534
1005.099 650.541
1005.399 698.548
1005.699 723.555
1005.999 752.562
1006.299 619.569
1006.599 738.576
1006.900 824.583
1007.200 698.591
1007.500 679.598
1007.800 619.605
1008.100 541.612
1008.400 531.619
1008.700 534.626
1009.001 537.633
1009.301 549.640
1009.601 721.647
1009.901 816.654
1010.201 674.661
1010.501 611.668
1010.801 770.675
1011.102 583.682
1011.402 592.689
1011.702 487.696
1012.002 457.703
1012.302 650.710
1012.602 645.717
1012.902 646.724
1013.203 676.731
1013.503 709.738
1013.803 746.745
1014.103 550.752
1014.403 605.759
1014.703 525.766
1015.003 456.773
1015.304 667.780
1015.604 776.787
1015.904 575.794
1016.204 506.801
1016.504 508.807
1016.804 548.814
1017.104 545.821
1017.405 493.828
1017.705 538.835
1018.005 590.842
1018.305 592.849
1018.605 580.856
1018.905 449.862
1019.205 447.869
1019.506 782.876
1019.806 805.883
1020.106 679.890
1020.406 660.897
1020.706 613.903
1021.006 683.910
1021.306 810.917
1021.607 689.924
1021.907 774.931
1022.207 708.937
1022.507 590.944
1022.807 628.951
1023.107 629.958
1023.407 558.964
1023.708 561.971
1024.008 544.978
1024.308 614.985
1024.608 612.991
1024.908 470.998
1025.208 555.005
1025.508 733.012
1025.809 678.018
1026.109 559.025
1026.409 728.032
1026.709 730.038
1027.009 685.045
1027.309 693.052
1027.609 526.058
1027.910 503.065
1028.210 593.072
1028.510 747.078
1028.810 934.085
1029.110 820.092
1029.410 694.098
1029.710 737.105
1030.011 727.112
1030.311 786.118
1030.611 593.125
1030.911 597.131
1031.211 672.138
1031.511 612.145
1031.811 807.151
1032.112 780.158
1032.412 677.164
1032.712 523.171
1033.012 598.178
1033.312 751.184
1033.612 730.191
1033.912 658.197
1034.212 589.204
1034.513 557.210
1034.813 556.217
1035.113 669.223
1035.413 571.230
1035.713 586.236
1036.013 678.243
1036.313 605.249
1036.614 659.256
1036.914 624.262
1037.214 514.269
1037.514 666.275
1037.814 607.282
1038.114 613.288
1038.414 645.295
1038.715 708.301
1039.015 484.308
1039.315 421.314
1039.615 589.320
1039.915 556.327
1040.215 533.333
1040.515 560.340
1040.816 662.346
1041.116 660.353
1041.416 581.359
1041.716 467.365
1042.016 485.372
1042.316 643.378
1042.616 653.384
1042.917 584.391
1043.217 538.397
1043.517 568.404
1043.817 687.410
1044.117 689.416
1044.417 643.423
1044.717 543.429
1045.018 553.435
1045.318 667.442
1045.618 671.448
1045.918 589.454
1046.218 531.461
1046.518 560.467
1046.818 610.473
1047.119 533.479
1047.419 807.486
1047.719 733.492
1048.019 636.498
1048.319 657.505
1048.619 582.511
1048.919 647.517
1049.220 663.523
1049.520 757.530
1049.820 671.536
1050.120 504.542
1050.420 625.548
1050.720 621.555
1051.020 654.561
1051.321 679.567
1051.621 790.573
1051.921 689.579
1052.221 580.586
1052.521 550.592
1052.821 566.598
1053.121 676.604
1053.422 661.610
1053.722 724.617
1054.022 624.623
1054.322 739.629
1054.622 665.635
1054.922 570.641
1055.222 711.647
1055.523 670.653
1055.823 649.660
1056.123 728.666
1056.423 648.672
1056.723 724.678
1057.023 620.684
1057.323 462.690
1057.624 628.696
1057.924 677.702
1058.224 681.708
1058.524 585.715
1058.824 674.721
1059.124 641.727
1059.424 623.733
1059.725 713.739
1060.025 598.745
1060.325 636.751
1060.625 601.757
1060.925 566.763
1061.225 641.769
1061.525 791.775
1061.826 695.781
1062.126 645.787
1062.426 679.793
1062.726 716.799
1063.026 679.805
1063.326 860.811
1063.626 818.817
1063.927 699.823
1064.227 708.829
1064.527 604.835
1064.827 733.841
1065.127 663.847
1065.427 469.853
1065.727 501.859
1066.028 695.865
1066.328 691.871
1066.628 562.877
1066.928 583.883
1067.228 615.889
1067.528 592.895
1067.828 542.901
1068.129 438.906
1068.429 674.912
1068.729 814.918
1069.029 632.924
1069.329 559.930
1069.629 703.936
1069.929 771.942
1070.230 758.948
1070.530 708.954
1070.830 601.959
1071.130 727.965
1071.430 706.971
1071.730 706.977
1072.030 759.983
1072.331 596.989
1072.631 603.995
1072.931 658.000
1073.231 645.006
1073.531 639.012
1073.831 602.018
1074.131 675.024
1074.432 802.029
1074.732 658.035
1075.032 534.041
1075.332 558.047
1075.632 604.053
1075.932 567.058
1076.232 490.064
1076.533 458.070
1076.833 616.076
1077.133 598.082
1077.433 568.087
1077.733 571.093
1078.033 641.099
1078.333 679.105
1078.634 703.110
1078.934 707.116
1079.234 589.122
1079.534 764.127
1079.834 806.133
1080.134 663.139
1080.434 686.145
1080.735 658.150
1081.035 625.156
1081.335 515.162
1081.635 583.167
1081.935 600.173
1082.235 582.179
1082.535 594.184
1082.836 623.190
1083.136 596.196
1083.436 714.201
1083.736 771.207
1084.036 611.213
1084.336 533.218
1084.636 603.224
1084.937 779.230
1085.237 802.235
1085.537 691.241
1085.837 693.247
1086.137 651.252
1086.437 697.258
1086.737 634.263
1087.038 633.269
1087.338 750.275
1087.638 719.280
1087.938 536.286
1088.238 407.291
1088.538 608.297
1088.838 751.302
1089.139 729.308
1089.439 531.314
1089.739 692.319
1090.039 760.325
1090.339 788.330
1090.639 626.336
1090.939 687.341
1091.240 623.347
1091.540 614.352
1091.840 599.358
1092.140 698.363
1092.453 739.369
1092.766 639.375
1093.079 593.380
1093.392 607.386
1093.705 585.391
1094.018 597.397
1094.330 734.402
1094.643 704.407
1094.956 787.413
1095.269 688.418
1095.582 710.424
1095.895 612.429
1096.208 602.435
1096.521 618.440
1096.834 637.446
1097.147 605.451
1097.460 690.457
1097.773 780.462
1098.085 610.468
1098.398 569.473
1098.711 602.478
1099.024 526.484
1099.337 605.489
1099.650 740.495
1099.963 673.500
1100.276 542.505
1100.589 556.511
1100.902 648.516
1101.215 603.522
1101.528 686.527
1101.841 615.532
1102.153 643.538
1102.466 749.543
1102.779 561.548
1103.092 537.554
1103.405 617.559
1103.718 549.565
1104.031 538.570
1104.344 656.575
1104.657 636.581
1104.970 959.586
1105.283 724.591
1105.596 558.597
1105.909 599.602
1106.221 668.607
1106.534 638.612
1106.847 510.618
1107.160 440.623
1107.473 454.628
1107.786 527.634
1108.099 439.639
1108.412 549.644
1108.725 651.649
1109.038 517.655
1109.351 614.660
1109.664 639.665
1109.977 532.671
1110.289 569.676
1110.602 582.681
1110.915 592.686
1111.228 531.692
1111.541 455.697
1111.854 483.702
1112.167 423.707
1112.480 449.712
1112.793 558.718
1113.106 613.723
1113.419 630.728
1113.732 591.733
1114.044 457.739
1114.357 508.744
1114.670 562.749
1114.983 494.754
1115.296 536.759
1115.609 659.765
1115.922 636.770
1116.235 642.775
1116.548 632.780
1116.861 592.785
1117.174 555.790
1117.487 551.796
1117.800 783.801
1118.112 669.806
1118.425 594.811
1118.738 535.816
1119.051 541.821
1119.364 552.826
1119.677 632.831
1119.990 620.837
1120.303 679.842
1120.616 758.847
1120.929 574.852
1121.242 638.857
1121.555 665.862
1121.868 653.867
1122.180 622.872
1122.493 459.877
1122.806 480.883
1123.119 599.888
1123.432 662.893
1123.745 657.898
1124.058 566.903
1124.371 511.908
1124.684 657.913
1124.997 655.918
1125.310 544.923
1125.623 456.928
1125.935 446.933
1126.248 580.938
1126.561 650.943
1126.874 587.948
1127.187 671.953
1127.500 708.958
1127.813 658.963
1128.126 631.968
1128.439 647.973
1128.752 779.978
1129.065 535.983
1129.378 358.988
1129.691 512.993
1130.003 542.998
1130.316 516.003
1130.629 549.008
1130.942 594.013
1131.255 529.018
1131.568 516.023
1131.881 603.028
1132.194 697.033
1132.507 651.038
1132.820 591.043
1133.133 684.048
1133.446 529.053
1133.759 684.058
1134.071 1190.063
1134.384 856.068
1134.697 766.073
1135.010 825.078
1135.323 617.082
1135.636 514.087
1135.949 552.092
1136.262 598.097
1136.575 591.102
1136.888 569.107
1137.201 578.112
1137.514 551.117
1137.826 606.122
1138.139 577.127
1138.452 580.131
1138.765 767.136
1139.078 776.141
1139.391 738.146
1139.704 723.151
1140.017 683.156
1140.330 576.161
1140.643 500.165
1140.956 508.170
1141.269 565.175
1141.582 620.180
1141.894 557.185
1142.207 756.190
1142.520 651.194
1142.833 731.199
1143.146 592.204
1143.459 508.209
1143.772 587.214
1144.085 643.219
1144.398 577.223
1144.711 583.228
1145.024 565.233
1145.337 602.238
1145.650 640.242
1145.962 580.247
1146.275 598.252
1146.588 526.257
1146.901 686.262
1147.214 609.266
1147.527 495.271
1147.840 642.276
1148.153 597.281
1148.466 589.285
1148.779 568.290
1149.092 672.295
1149.405 567.300
1149.718 636.304
1150.030 681.309
1150.343 592.314
1150.656 515.319
1150.969 509.323
1151.282 761.328
1151.595 709.333
1151.908 581.337
1152.221 430.342
1152.534 487.347
1152.847 748.352
1153.160 669.356
1153.473 686.361
1153.785 707.366
1154.098 666.370
1154.411 706.375
1154.724 657.380
1155.037 783.384
1155.350 653.389
1155.663 658.394
1155.976 565.398
1156.289 641.403
1156.602 522.408
1156.915 450.412
1157.228 485.417
1157.541 566.422
1157.853 591.426
1158.166 642.431
1158.479 717.435
1158.792 610.440
1159.105 607.445
1159.418 594.449
1159.731 601.454
1160.044 643.459
1160.357 778.463
1160.670 718.468
1160.983 508.472
1161.296 629.477
1161.609 727.482
1161.921 578.486
1162.234 525.491
1162.547 396.495
1162.860 456.500
1163.173 460.504
1163.486 569.509
1163.799 639.514
1164.112 594.518
1164.425 573.523
1164.738 480.527
1165.051 429.532
1165.364 515.536
1165.676 604.541
1165.989 644.545
1166.302 566.550
1166.615 704.555
1166.928 661.559
1167.241 706.564
1167.554 718.568
1167.867 663.573
1168.180 610.577
1168.493 508.582
1168.806 575.586
1169.119 571.591
1169.432 625.595
1169.744 636.600
1170.057 620.604
1170.370 712.609
1170.683 640.613
1170.996 571.618
1171.309 583.622
1171.622 559.627
1171.935 566.631
1172.248 761.636
1172.561 711.640
1172.874 621.644
1173.187 657.649
1173.500 660.653
1173.812 726.658
1174.125 677.662
1174.438 638.667
1174.751 532.671
1175.064 536.676
1175.377 640.680
1175.690 573.684
1176.003 523.689
1176.316 587.693
1176.629 608.698
1176.942 576.702
1177.255 548.707
1177.567 507.711
1177.880 532.715
1178.193 637.720
1178.506 547.724
1178.819 632.729
1179.132 695.733
1179.445 540.737
1179.758 655.742
1180.071 683.746
1180.384 559.751
1180.697 563.755
1181.010 640.759
1181.323 767.764
1181.635 768.768
1181.948 702.772
1182.261 557.777
1182.574 501.781
1182.887 584.785
1183.200 772.790
1183.513 706.794
1183.826 612.798
1184.139 660.803
1184.452 610.807
1184.765 581.811
1185.078 500.816
1185.391 522.820
1185.703 502.824
1186.016 445.829
1186.329 468.833
1186.642 597.837
1186.955 747.842
1187.268 591.846
1187.581 614.850
1187.894 580.855
1188.207 647.859
1188.520 598.863
1188.833 553.867
1189.146 469.872
1189.459 427.876
1189.771 521.880
1190.084 707.885
1190.397 568.889
1190.710 573.893
1191.023 656.897
1191.336 693.902
1191.649 619.906
1191.962 622.910
1192.275 548.914
1192.588 673.919
1192.901 772.923
1193.214 621.927
1193.526 611.931
1193.839 667.936
1194.152 568.940
1194.465 636.944
1194.778 592.948
1195.091 594.952
1195.404 528.957
1195.717 585.961
1196.030 695.965
1196.343 598.969
1196.656 538.974
1196.969 601.978
1197.282 693.982
1197.594 633.986
1197.907 743.990
1198.220 774.994
1198.533 657.999
1198.846 588.003
1199.159 510.007
1199.472 543.011
1199.785 652.015
1200.098 565.020
1200.411 694.024
1200.724 656.028
1201.037 588.032
1201.350 543.036
1201.662 505.040
1201.975 592.044
1202.288 597.049
1202.601 228.053
