165.028 169.949
165.288 117.615
165.547 218.284
165.807 202.956
166.067 138.632
166.327 59.312
166.587 43.994
166.847 114.680
167.107 171.369
167.367 199.061
167.627 234.756
167.886 215.455
168.146 194.156
168.406 382.861
168.666 352.568
168.926 232.279
169.186 273.992
169.446 250.709
169.706 117.428
169.966 207.151
170.225 226.876
170.485 261.604
170.745 287.334
171.005 413.068
171.265 280.804
171.525 223.543
171.785 148.284
172.045 174.029
172.305 310.775
172.564 242.525
172.824 122.277
173.084 286.031
173.344 243.788
173.604 260.547
173.864 342.309
174.124 268.073
174.384 264.840
174.644 366.609
174.903 470.380
175.163 433.153
175.423 451.929
175.683 256.707
175.943 286.487
176.203 273.269
176.463 227.054
176.723 159.840
176.983 234.629
177.242 321.419
177.502 463.212
177.762 474.007
178.022 236.803
178.282 205.602
178.542 210.402
178.802 238.204
179.062 170.009
179.322 400.814
179.581 460.622
179.841 274.432
180.101 300.243
180.361 338.056
180.621 360.870
180.881 284.686
181.141 247.504
181.401 255.324
181.661 363.145
181.920 459.967
182.180 358.791
182.440 247.617
182.700 227.444
182.960 267.272
183.220 289.102
183.480 485.933
183.740 375.765
184.000 353.599
184.259 207.434
184.519 289.270
184.779 270.108
185.039 372.947
185.299 467.787
185.559 469.628
185.819 457.470
186.079 409.314
186.339 372.158
186.598 316.003
186.858 159.850
187.118 210.698
187.378 355.546
187.638 341.396
187.898 478.246
188.158 499.097
188.418 309.949
188.678 269.803
188.937 369.656
189.197 421.511
189.457 435.367
189.717 363.223
189.977 219.080
190.237 219.937
190.497 414.796
190.757 427.655
191.017 388.515
191.276 266.375
191.536 322.236
191.796 299.097
192.056 296.959
192.316 330.822
192.576 267.685
192.836 240.548
193.096 293.412
193.356 279.277
193.616 297.142
193.875 322.007
194.135 280.872
194.395 413.738
194.655 416.605
194.915 387.471
195.175 372.338
195.435 489.205
195.695 271.073
195.955 121.940
196.214 309.808
196.474 458.676
196.734 382.544
196.994 357.413
197.254 447.281
197.514 347.150
197.774 332.018
198.034 269.887
198.294 232.756
198.553 301.625
198.813 264.494
199.073 161.362
199.333 248.231
199.593 416.100
199.853 392.968
200.113 464.837
200.373 438.705
200.633 214.574
200.892 168.442
201.152 227.310
201.412 209.178
201.672 313.046
201.932 518.913
202.192 429.780
202.452 282.647
202.712 303.514
202.972 388.380
203.231 445.247
203.491 370.112
203.751 308.978
204.011 348.843
204.271 449.708
204.531 208.572
204.791 154.436
205.051 226.300
205.311 311.163
205.570 189.026
205.830 223.888
206.090 206.750
206.350 269.612
206.610 504.473
206.870 296.333
207.130 235.193
207.390 353.052
207.650 315.911
207.909 286.769
208.169 269.627
208.429 299.484
208.689 184.340
208.949 301.196
209.209 428.051
209.469 209.906
209.729 162.759
209.989 235.612
210.248 143.465
210.508 417.317
210.768 407.168
211.028 265.018
211.288 304.868
211.548 267.716
211.808 298.565
212.068 457.412
212.328 454.258
212.587 385.104
212.847 313.949
213.107 387.793
213.367 402.636
213.627 370.479
213.887 304.320
214.147 189.161
214.407 278.001
214.667 275.839
214.926 347.677
215.186 307.514
215.446 360.351
215.706 282.186
215.966 279.020
216.226 276.853
216.486 225.686
216.746 286.517
217.006 334.348
217.265 244.177
217.525 220.006
217.785 307.833
218.045 347.659
218.305 283.485
218.565 289.309
218.825 270.132
219.085 356.955
219.345 243.776
219.604 175.596
219.864 292.415
220.124 309.233
220.384 307.050
220.644 312.866
220.904 241.680
221.164 281.494
221.424 240.306
221.684 230.118
221.943 264.928
222.203 370.737
222.463 291.544
222.723 178.351
222.983 308.157
223.243 270.961
223.503 295.764
223.763 228.566
224.023 228.367
224.282 345.166
224.542 344.965
224.802 372.762
225.062 383.558
225.322 437.352
225.582 401.146
225.842 368.938
226.102 352.729
226.362 298.518
226.621 357.307
226.881 311.094
227.141 310.880
227.401 349.664
227.661 279.448
227.921 482.230
228.181 412.011
228.441 309.790
228.701 450.568
228.960 506.345
229.220 307.121
229.480 201.895
229.740 405.668
230.000 550.439
230.260 353.209
230.520 274.978
230.780 296.746
231.040 347.512
231.299 303.277
231.559 330.041
231.819 367.803
232.079 415.563
232.339 386.323
232.599 238.081
232.859 348.838
233.119 458.593
233.379 310.347
233.638 359.100
233.898 475.851
234.158 459.601
234.418 312.349
234.678 390.096
234.938 438.842
235.198 320.586
235.458 266.329
235.718 334.070
235.978 354.810
236.237 344.549
236.497 353.286
236.757 376.022
237.017 330.756
237.277 325.489
237.537 356.220
237.797 335.950
238.057 420.679
238.317 306.406
238.576 159.132
238.836 279.856
239.096 416.579
239.356 368.301
239.616 331.021
239.876 347.739
240.136 307.457
240.396 454.172
240.656 536.886
240.915 378.599
241.175 327.311
241.435 277.020
241.695 347.729
241.955 472.436
242.215 543.141
242.475 467.846
242.735 287.548
242.995 339.249
243.254 399.949
243.514 365.647
243.774 218.344
244.034 297.039
244.294 535.733
244.554 438.426
244.814 349.116
245.074 318.806
245.334 385.494
245.593 392.180
245.853 369.865
246.113 302.549
246.373 433.231
246.633 494.912
246.893 417.591
247.153 429.269
247.413 427.945
247.673 439.620
247.932 426.293
248.192 458.965
248.452 491.635
248.712 439.304
248.972 263.971
249.232 413.637
249.492 359.302
249.752 216.965
250.012 388.626
250.271 327.286
250.531 327.945
250.791 604.602
251.051 566.257
251.311 393.912
251.571 211.564
251.831 367.216
252.091 494.865
252.351 438.514
252.610 394.160
252.870 461.806
253.130 354.450
253.390 361.092
253.650 489.733
253.911 468.372
254.172 489.011
254.433 407.647
254.694 320.282
254.955 395.916
255.216 338.548
255.477 516.179
255.738 493.808
255.999 322.436
256.261 507.062
256.522 513.687
256.783 497.311
257.044 305.933
257.305 208.553
257.566 266.172
257.827 257.790
258.088 328.406
258.349 291.021
258.610 344.634
258.871 386.246
259.132 487.856
259.393 385.465
259.654 315.073
259.915 247.679
260.176 313.284
260.437 469.887
260.698 410.489
260.959 314.089
261.221 434.688
261.482 527.285
261.743 417.882
262.004 391.476
262.265 563.069
262.526 528.661
262.787 337.252
263.048 332.841
263.309 357.428
263.570 486.014
263.831 416.599
264.092 387.182
264.353 250.764
264.614 519.345
264.875 515.924
265.136 391.501
265.397 608.078
265.658 654.652
265.919 644.226
266.181 544.798
266.442 425.369
266.703 347.938
266.964 319.506
267.225 336.072
267.486 398.637
267.747 457.201
268.008 504.763
268.269 546.324
268.530 492.884
268.791 454.442
269.052 495.999
269.313 440.554
269.574 430.109
269.835 438.661
270.096 453.213
270.357 488.763
270.618 409.311
270.879 330.858
271.141 425.404
271.402 447.949
271.663 340.492
271.924 421.034
272.185 502.574
272.446 477.114
272.707 424.651
272.968 355.188
273.229 333.723
273.490 434.257
273.751 355.789
274.012 349.320
274.273 454.850
274.534 415.379
274.795 450.906
275.056 493.432
275.317 348.956
275.578 273.479
275.839 365.001
276.101 337.522
276.362 313.041
276.623 357.559
276.884 502.075
277.145 536.591
277.406 498.105
277.667 396.618
277.928 339.129
278.189 472.639
278.450 465.148
278.711 459.656
278.972 457.162
279.233 391.667
279.494 509.170
279.755 617.673
280.016 628.174
280.277 482.674
280.538 471.173
280.799 351.670
281.061 390.166
281.322 407.661
281.583 402.154
281.844 305.647
282.105 321.138
282.366 466.628
282.627 473.116
282.888 561.603
283.149 511.090
283.410 394.574
283.671 479.058
283.932 467.540
284.193 300.021
284.454 374.501
284.715 422.980
284.976 345.457
285.237 485.934
285.498 756.409
285.759 603.882
286.021 588.355
286.282 495.826
286.543 505.296
286.804 490.765
287.065 528.233
287.326 561.700
287.587 390.165
287.848 453.629
288.109 547.092
288.370 522.554
288.631 334.014
288.892 314.474
289.153 315.932
289.414 287.389
289.675 505.845
289.936 641.299
290.197 640.753
290.458 519.205
290.719 407.656
290.981 554.106
291.242 598.555
291.503 571.003
291.764 445.449
292.025 259.895
292.286 340.339
292.547 512.782
292.808 428.224
293.069 454.665
293.330 480.105
293.591 490.543
293.852 463.980
294.113 379.417
294.374 394.852
294.635 496.286
294.896 513.719
295.157 569.150
295.418 553.581
295.679 542.011
295.941 517.439
296.202 506.866
296.463 489.293
296.724 552.718
296.985 584.142
297.246 557.565
297.507 418.986
297.768 399.407
298.029 500.827
298.290 635.245
298.551 653.663
298.812 709.079
299.073 508.494
299.334 394.909
299.595 547.322
299.856 554.734
300.117 662.145
300.378 592.555
300.639 392.964
300.901 386.372
301.162 498.778
301.423 578.184
301.684 691.589
301.945 705.992
302.206 507.395
302.467 503.796
302.728 452.197
302.989 467.596
303.250 535.995
303.511 596.392
303.772 611.789
304.033 574.184
304.294 552.578
304.555 507.971
304.816 612.364
305.077 607.755
305.338 483.145
305.599 452.534
305.861 509.923
306.122 533.310
306.383 474.696
306.644 493.081
306.905 392.465
307.166 580.848
307.427 570.231
307.688 516.612
307.949 476.992
308.210 497.371
308.471 535.750
308.732 491.127
308.993 412.503
309.254 436.879
309.515 365.253
309.776 518.626
310.037 512.999
310.298 334.370
310.559 390.741
310.821 563.110
311.082 533.479
311.343 426.846
311.604 353.213
311.865 305.579
312.126 351.943
312.387 437.307
312.648 473.670
312.909 469.032
313.170 467.393
313.434 566.753
313.698 490.112
313.963 502.471
314.227 454.828
314.491 464.184
314.755 488.540
315.019 519.894
315.284 358.248
315.548 450.600
315.812 470.952
316.076 607.303
316.340 554.653
316.604 531.002
316.869 598.350
317.133 545.698
317.397 613.044
317.661 583.389
317.925 512.734
318.190 493.078
318.454 467.421
318.718 454.762
318.982 564.103
319.246 667.444
319.511 751.783
319.775 561.121
320.039 575.459
320.303 542.796
320.567 578.131
320.832 601.466
321.096 480.800
321.360 450.134
321.624 429.466
321.888 423.797
322.153 431.128
322.417 364.458
322.681 334.787
322.945 496.115
323.209 519.442
323.473 485.769
323.738 485.094
324.002 458.419
324.266 642.743
324.530 692.066
324.794 516.388
325.059 416.710
325.323 390.030
325.587 448.350
325.851 452.669
326.115 685.987
326.380 623.304
326.644 577.621
326.908 588.937
327.172 504.251
327.436 528.566
327.701 547.879
327.965 510.191
328.229 532.503
328.493 403.814
328.757 459.124
329.022 557.433
329.286 435.742
329.550 390.049
329.814 413.356
330.078 479.663
330.342 439.968
330.607 442.272
330.871 530.576
331.135 594.879
331.399 608.182
331.663 489.483
331.928 565.784
332.192 618.084
332.456 549.383
332.720 560.681
332.984 512.979
333.249 523.276
333.513 501.572
333.777 381.867
334.041 373.162
334.305 467.456
334.570 472.749
334.834 405.042
335.098 620.333
335.362 719.624
335.626 574.914
335.891 427.204
336.155 492.492
336.419 446.780
336.683 304.068
336.947 452.354
337.211 456.640
337.476 391.925
337.740 448.209
338.004 445.493
338.268 396.776
338.532 466.058
338.797 471.340
339.061 576.620
339.325 655.901
339.589 654.180
339.853 515.459
340.118 494.736
340.382 628.014
340.646 681.290
340.910 485.566
341.174 471.841
341.439 445.116
341.703 533.390
341.967 533.663
342.231 466.935
342.495 405.207
342.759 571.478
343.024 561.748
343.288 619.018
343.552 603.287
343.816 390.555
344.080 403.823
344.345 490.090
344.609 412.356
344.873 315.622
345.137 458.887
345.401 556.151
345.666 373.414
345.930 522.677
346.194 643.940
346.458 468.201
346.722 428.462
346.987 419.723
347.251 494.983
347.515 668.242
347.779 501.500
348.043 454.758
348.308 495.015
348.572 406.271
348.836 330.527
349.100 386.782
349.364 379.037
349.628 418.291
349.893 448.544
350.157 525.797
350.421 533.049
350.685 510.300
350.949 454.551
351.214 357.801
351.478 462.051
351.742 519.300
352.006 503.548
352.270 497.796
352.535 466.043
352.799 424.289
353.063 490.535
353.327 397.780
353.591 348.025
353.856 447.269
354.120 484.512
354.384 565.755
354.648 609.998
354.912 599.239
355.177 511.480
355.441 443.721
355.705 653.960
355.969 654.200
356.233 555.438
356.497 517.676
356.762 465.914
357.026 503.151
357.290 533.387
357.554 552.623
357.818 595.858
358.083 588.093
358.347 549.327
358.611 525.560
358.875 500.793
359.139 490.025
359.404 413.257
359.668 543.488
359.932 676.719
360.196 648.949
360.460 539.178
360.725 549.407
360.989 621.635
361.253 724.863
361.517 650.090
361.781 611.317
362.046 599.543
362.310 635.769
362.574 627.994
362.838 521.218
363.102 556.442
363.366 554.665
363.631 501.888
363.895 481.110
364.159 585.332
364.423 570.553
364.687 599.774
364.952 627.994
365.216 646.214
365.480 596.433
365.747 450.651
366.013 475.869
366.280 507.087
366.546 613.304
366.813 502.520
367.079 557.736
367.346 641.951
367.612 591.166
367.879 561.381
368.145 628.594
368.412 521.808
368.678 478.020
368.945 565.233
369.211 545.444
369.478 607.656
369.744 567.866
370.011 571.077
370.278 569.286
370.544 531.496
370.811 534.704
371.077 520.912
371.344 459.120
371.610 502.327
371.877 539.534
372.143 599.740
372.410 666.946
372.676 715.151
372.943 637.356
373.209 577.560
373.476 492.764
373.742 467.967
374.009 587.170
374.276 609.372
374.542 570.574
374.809 509.775
375.075 322.976
375.342 333.177
375.608 410.376
375.875 444.576
376.141 657.775
376.408 600.973
376.674 562.171
376.941 526.369
377.207 521.566
377.474 934.762
377.740 771.959
378.007 496.154
378.273 625.349
378.540 648.544
378.807 546.738
379.073 465.932
379.340 468.125
379.606 530.318
379.873 572.511
380.139 563.703
380.406 542.894
380.672 514.085
380.939 472.276
381.205 465.466
381.472 408.656
381.738 392.845
382.005 542.034
382.271 575.222
382.538 603.410
382.804 704.598
383.071 592.785
383.338 519.971
383.604 456.157
383.871 553.343
384.137 617.528
384.404 591.713
384.670 581.898
384.937 524.082
385.203 624.265
385.470 585.448
385.736 629.631
386.003 586.813
386.269 568.995
386.536 502.177
386.802 525.358
387.069 611.538
387.336 781.718
387.602 791.898
387.869 498.077
388.135 442.256
388.402 443.435
388.668 467.613
388.935 569.791
389.201 705.968
389.468 685.145
389.734 695.321
390.001 614.497
390.267 545.673
390.534 664.848
390.800 645.023
391.067 675.197
391.333 660.371
391.600 533.544
391.867 609.718
392.133 639.890
392.400 582.063
392.666 501.235
392.933 678.406
393.199 758.577
393.466 608.748
393.732 560.919
393.999 625.089
394.265 647.258
394.532 573.427
394.798 632.596
395.065 602.765
395.331 670.933
395.598 730.100
395.864 759.268
396.131 908.435
396.398 1078.601
396.664 1216.767
396.931 1365.933
397.197 1745.098
397.464 1988.263
397.730 2375.428
397.997 2581.592
398.263 2628.756
398.530 2706.919
398.796 2917.083
399.063 3014.245
399.329 2912.408
399.596 3081.570
399.862 3010.731
400.129 2986.893
400.396 3061.053
400.662 2839.214
400.929 2868.374
401.195 2840.534
401.462 2981.693
401.728 3127.852
401.995 3259.011
402.261 3392.169
402.528 3590.327
402.794 3830.485
403.061 4050.642
403.327 4528.799
403.594 4598.956
403.860 4568.112
404.127 4710.268
404.393 4944.423
404.660 4928.579
404.931 5048.733
405.202 5302.888
405.473 5573.042
405.745 5878.196
406.016 6271.349
406.287 6217.502
406.558 6109.655
406.829 6238.807
407.100 6165.959
407.371 6476.111
407.642 6617.262
407.914 6541.413
408.185 6470.564
408.456 6427.714
408.727 6659.864
408.998 6656.014
409.269 6827.163
409.540 6844.312
409.811 6542.461
410.083 6562.609
410.354 6530.757
410.625 6290.905
410.896 6304.052
411.167 6241.199
411.438 5994.346
411.709 5551.492
411.981 5512.638
412.252 5050.784
412.523 4580.930
412.794 4422.075
413.065 4224.219
413.336 3830.364
413.607 3781.508
413.878 3538.652
414.150 3241.795
414.421 2918.938
414.692 2686.081
414.963 2564.224
415.234 2599.366
415.505 2424.508
415.776 2378.649
416.047 2185.790
416.319 1964.931
416.590 1732.072
416.861 1411.212
417.132 1414.352
417.403 1320.492
417.674 1192.631
417.945 1056.770
418.217 998.909
418.488 1072.048
418.759 932.186
419.030 805.324
419.301 766.461
419.572 837.599
419.843 861.736
420.114 769.872
420.386 752.009
420.657 821.145
420.928 713.280
421.199 675.416
421.470 676.551
421.741 606.686
422.012 653.820
422.283 678.955
422.555 680.089
422.826 713.222
423.097 754.356
423.368 726.489
423.639 621.622
423.910 720.754
424.181 607.887
424.453 579.019
424.724 885.150
424.995 931.282
425.266 704.413
425.537 639.544
425.808 778.674
426.079 815.804
426.350 820.934
426.622 761.064
426.893 822.194
427.164 778.323
427.435 699.452
427.706 689.580
427.977 685.708
428.248 671.836
428.519 769.964
428.791 646.092
429.062 711.219
429.333 638.346
429.604 590.472
429.875 764.599
430.146 785.725
430.417 810.851
430.689 712.976
430.960 571.102
431.231 612.227
431.502 826.351
431.773 864.476
432.044 669.600
432.315 828.724
432.586 815.848
432.858 775.971
433.129 618.094
433.400 605.217
433.671 702.340
433.942 684.462
434.213 550.585
434.484 564.706
434.755 629.828
435.027 524.949
435.298 639.070
435.569 686.191
435.840 587.312
436.116 629.432
436.391 666.552
436.667 656.672
436.942 743.792
437.218 780.911
437.493 758.030
437.769 802.149
438.045 702.267
438.320 655.386
438.596 680.504
438.871 690.621
439.147 668.739
439.422 592.856
439.698 498.973
439.974 553.090
440.249 703.207
440.525 715.323
440.800 509.439
441.076 633.555
441.351 783.670
441.627 853.786
441.903 778.901
442.178 595.016
442.454 622.130
442.729 801.245
443.005 672.359
443.281 699.473
443.556 830.586
443.832 744.700
444.107 569.813
444.383 582.926
444.658 629.039
444.934 568.151
445.210 700.263
445.485 759.375
445.761 748.487
446.036 687.599
446.312 767.710
446.587 805.821
446.863 622.932
447.139 652.043
447.414 703.153
447.690 706.263
447.965 741.373
448.241 675.483
448.516 733.592
448.792 746.702
449.068 700.811
449.343 703.919
449.619 649.028
449.894 711.136
450.170 679.244
450.445 845.352
450.721 899.460
450.997 593.567
451.272 734.675
451.548 713.782
451.823 648.889
452.099 727.995
452.375 681.101
452.650 666.208
452.926 711.313
453.201 784.419
453.477 1026.525
453.752 890.630
454.028 733.735
454.304 787.840
454.579 922.944
454.855 853.049
455.130 798.153
455.406 969.257
455.681 882.361
455.957 764.464
456.233 722.568
456.508 706.671
456.784 732.774
457.059 746.877
457.335 907.979
457.610 786.081
457.886 738.183
458.162 685.285
458.437 642.387
458.713 725.488
458.988 727.590
459.264 761.691
459.539 778.792
459.815 703.892
460.091 618.993
460.366 609.093
460.642 578.193
460.917 642.293
461.193 700.392
461.468 588.492
461.744 591.591
462.020 571.690
462.295 610.789
462.571 592.888
462.846 646.986
463.122 728.084
463.397 748.182
463.673 651.629
463.949 669.708
464.224 711.764
464.500 688.884
464.775 622.670
465.051 711.344
465.327 862.001
465.602 1046.866
465.878 1064.991
466.153 914.323
466.429 1198.050
466.704 1458.427
466.980 1448.439
467.256 1474.534
467.531 1614.244
467.807 1565.856
468.082 1599.017
468.358 1619.533
468.633 1620.490
468.909 1588.456
469.185 1622.308
469.460 1702.505
469.736 1709.349
470.011 1433.512
470.287 1488.502
470.562 1568.209
470.838 1406.414
471.114 1462.474
471.389 1439.335
471.665 1355.949
471.940 1371.585
472.216 1291.719
472.491 1170.527
472.767 1171.807
473.043 1274.334
473.318 1290.653
473.594 1071.824
473.869 1051.644
474.145 1019.183
474.421 898.217
474.696 918.655
474.972 839.234
475.247 890.130
475.523 1002.350
475.798 959.630
476.074 884.406
476.350 933.377
476.625 886.509
476.901 884.561
477.176 867.457
477.452 786.299
477.727 788.423
478.003 650.517
478.279 869.102
478.554 990.126
478.830 947.479
479.105 954.781
479.381 886.964
479.656 789.690
479.932 839.636
480.208 922.883
480.483 957.426
480.759 953.469
481.034 878.856
481.310 877.933
481.585 870.202
481.861 919.683
482.137 833.244
482.412 915.993
482.688 916.247
482.963 941.492
483.239 998.750
483.514 824.487
483.790 898.922
484.066 1117.889
484.341 962.167
484.617 864.582
484.892 944.537
485.168 959.546
485.443 849.331
485.719 948.818
485.995 1039.280
486.270 965.983
486.546 875.134
486.821 789.163
487.097 758.071
487.373 859.969
487.648 1088.672
487.924 1052.285
488.199 846.027
488.475 672.237
488.750 769.039
489.026 930.816
489.302 870.052
489.577 891.827
489.853 929.231
490.128 1042.925
490.404 969.576
490.679 781.789
490.955 977.584
491.231 1079.324
491.506 1047.191
491.782 1013.036
492.057 950.479
492.333 972.083
492.608 903.668
492.884 983.981
493.160 824.567
493.435 859.595
493.711 1022.418
493.986 959.789
494.262 956.886
494.537 958.924
494.813 1013.916
495.089 869.606
495.364 920.763
495.640 996.479
495.915 941.545
496.191 1111.782
496.467 1120.836
496.742 1033.227
497.018 1019.549
497.293 951.511
497.569 1054.306
497.844 1035.677
498.120 1073.377
498.396 1017.051
498.671 993.311
498.947 1084.747
499.222 1122.680
499.498 1113.923
499.773 1147.829
500.049 1171.130
500.325 1086.546
500.600 1140.795
500.876 1250.120
501.151 1437.257
501.427 1456.848
501.702 1574.970
501.978 1631.326
502.254 1713.237
502.529 1676.377
502.805 1801.000
503.080 1957.124
503.356 1879.456
503.631 1804.662
503.907 1829.645
504.183 1768.990
504.458 1858.134
504.734 1873.518
505.009 1905.948
505.285 1901.878
505.560 1773.639
505.836 1715.791
506.112 1699.670
506.387 1589.420
506.663 1536.318
506.938 1492.913
507.214 1514.220
507.490 1552.157
507.765 1469.937
508.041 1483.127
508.316 1521.544
508.592 1343.325
508.867 1320.919
509.143 1417.150
509.419 1301.644
509.694 1177.740
509.970 1157.751
510.245 1000.348
510.521 1115.418
510.796 1079.409
511.072 1016.543
511.348 1038.514
511.623 1020.637
511.899 936.152
512.174 1012.750
512.450 1043.560
512.725 1026.764
513.001 948.511
513.277 847.640
513.552 971.528
513.828 930.232
514.103 943.176
514.379 1069.421
514.654 897.108
514.930 863.978
515.206 1223.354
515.481 1103.696
515.757 885.147
516.032 827.596
516.308 949.092
516.583 1099.452
516.859 1088.613
517.135 1085.758
517.410 1122.586
517.686 1178.045
517.961 1153.815
518.237 1118.664
518.513 1047.831
518.788 1337.017
519.064 1471.566
519.339 1427.642
519.615 1380.961
519.890 1446.231
520.166 1525.827
520.442 1753.488
520.717 1854.610
520.993 1827.559
521.268 1733.466
521.544 1782.615
521.819 1711.050
522.095 1807.359
522.371 1905.401
522.646 1941.897
522.922 2118.260
523.197 1943.993
523.473 1978.558
523.748 2003.500
524.024 1893.514
524.300 1825.633
524.575 1753.924
524.851 1844.895
525.126 1912.982
525.402 1893.821
525.677 1970.437
525.953 1876.836
526.229 1912.270
526.504 1839.520
526.780 1922.908
527.055 1894.186
527.331 1966.017
527.606 1997.654
527.882 1961.353
528.158 1818.656
528.433 2009.347
528.709 1963.342
528.984 1954.764
529.260 1958.584
529.535 1965.408
529.811 1813.690
530.087 1713.295
530.362 1738.127
530.638 1808.698
530.913 1840.211
531.189 1820.811
531.465 1622.029
531.740 1542.496
532.016 1567.258
532.291 1520.896
532.567 1514.212
532.842 1529.775
533.118 1490.581
533.394 1457.136
533.669 1271.314
533.945 1173.123
534.220 1192.637
534.496 1286.360
534.771 1158.043
535.047 1185.573
535.323 1157.492
535.598 1195.446
535.874 1220.109
536.149 1232.113
536.425 1134.551
536.700 1161.028
536.976 1317.284
537.252 1555.142
537.527 1576.374
537.803 1743.426
538.078 2080.498
538.354 2443.388
538.629 2652.543
538.905 2917.365
539.181 3230.869
539.456 3504.102
539.732 4027.856
540.007 4206.591
540.283 4192.030
540.558 4322.204
540.834 4567.211
541.110 4600.503
541.385 4661.947
541.661 4826.360
541.936 4901.567
542.212 4842.159
542.488 4905.645
542.763 4937.417
543.039 4861.022
543.314 4856.119
543.590 4875.893
543.865 5023.914
544.141 4871.041
544.417 4709.230
544.692 4463.010
544.968 4472.004
545.243 4404.935
545.519 4097.736
545.794 4009.420
546.070 4051.225
546.348 4009.541
546.627 3861.476
546.905 3895.224
547.183 3755.468
547.461 3796.238
547.740 3901.556
548.018 3709.665
548.296 3601.766
548.575 3616.716
548.853 3622.729
549.131 3797.560
549.409 3853.371
549.688 4036.957
549.966 4163.996
550.244 4338.653
550.523 4399.819
550.801 4545.021
551.079 4704.773
551.357 4959.031
551.636 4980.864
551.914 4902.060
552.192 4863.651
552.471 5023.491
552.749 5086.552
553.027 5020.575
553.306 5185.799
553.584 5355.960
553.862 5436.213
554.140 5472.611
554.419 5357.660
554.697 5642.727
554.975 5951.348
555.254 6108.828
555.532 5981.820
555.810 6110.670
556.088 6362.696
556.367 6397.801
556.645 6237.932
556.923 6229.228
557.202 6231.972
557.480 6305.584
557.758 6067.705
558.036 5912.566
558.315 5742.408
558.593 5776.341
558.871 5576.972
559.150 5257.066
559.428 5031.964
559.706 4735.427
559.984 4506.967
560.263 4424.561
560.541 4063.832
560.819 3747.950
561.098 3579.253
561.376 3334.110
561.654 3003.390
561.932 2645.406
562.211 2514.531
562.489 2356.079
562.767 2088.031
563.046 1794.216
563.324 1662.984
563.602 1597.387
563.880 1436.593
564.159 1428.964
564.437 1451.611
564.715 1216.009
564.994 1067.304
565.272 1114.377
565.550 1035.696
565.828 905.259
566.107 984.017
566.385 919.673
566.663 785.441
566.942 812.179
567.220 885.233
567.498 1032.286
567.776 876.564
568.055 780.457
568.333 869.927
568.611 838.895
568.890 762.834
569.168 705.474
569.446 740.019
569.725 742.964
570.003 635.765
570.281 569.695
570.559 709.974
570.838 694.251
571.116 755.048
571.394 785.134
571.673 806.310
571.951 771.217
572.229 722.720
572.507 721.525
572.786 696.009
573.064 674.338
573.342 662.700
573.621 559.649
573.899 648.476
574.177 883.530
574.455 828.721
574.734 693.571
575.012 754.282
575.290 713.931
575.569 767.618
575.847 823.373
576.125 767.482
576.403 589.500
576.682 644.206
576.960 724.339
577.243 795.522
577.527 691.918
577.810 567.826
578.093 584.210
578.377 649.640
578.660 668.460
578.944 652.695
579.227 609.479
579.510 702.299
579.794 638.557
580.077 559.674
580.360 664.441
580.644 680.042
580.927 617.145
581.210 618.184
581.494 598.545
581.777 694.512
582.061 670.348
582.344 632.178
582.627 604.307
582.911 623.295
583.194 611.986
583.477 711.831
583.761 729.840
584.044 756.830
584.327 730.658
584.611 635.797
584.894 613.864
585.178 620.901
585.461 663.903
585.744 715.895
586.028 657.655
586.311 701.699
586.594 727.743
586.878 612.787
587.161 583.831
587.444 660.875
587.728 648.919
588.011 675.963
588.295 578.006
588.578 621.428
588.861 780.313
589.145 691.137
589.428 691.872
589.711 596.223
589.995 571.695
590.278 766.543
590.562 693.353
590.845 605.790
591.128 786.865
591.412 741.998
591.695 655.869
591.978 800.966
592.262 761.848
592.545 477.221
592.828 693.309
593.112 653.776
593.395 590.010
593.679 504.803
593.962 649.268
594.245 703.390
594.529 601.940
594.812 500.985
595.095 446.799
595.379 678.327
595.662 698.924
595.945 594.001
596.229 543.850
596.512 556.676
596.796 654.395
597.079 707.253
597.362 813.235
597.646 837.199
597.929 672.057
598.212 671.434
598.496 712.977
598.779 758.710
599.062 792.315
599.346 631.447
599.629 557.886
599.913 603.683
600.196 653.969
600.479 660.255
600.763 621.537
601.046 540.709
601.329 670.218
601.613 747.278
601.896 652.923
602.179 712.242
602.463 647.449
602.746 736.880
603.030 826.310
603.313 725.440
603.596 543.929
603.880 649.318
604.163 684.651
604.446 636.027
604.730 555.753
605.013 616.892
605.296 716.458
605.580 650.874
605.863 739.062
606.147 616.672
606.430 541.294
606.713 662.134
606.997 702.978
607.280 884.324
607.563 743.462
607.847 664.573
608.130 703.131
608.414 751.405
608.697 679.036
608.980 645.459
609.264 757.895
609.547 676.877
609.830 691.607
610.114 731.801
610.397 680.909
610.680 680.280
610.964 674.789
611.247 730.709
611.531 664.732
611.814 550.932
612.097 609.851
612.381 746.545
612.664 865.078
612.947 697.304
613.231 670.845
613.514 712.798
613.797 765.881
614.081 755.112
614.364 738.450
614.648 700.177
614.931 677.621
615.214 647.206
615.498 676.394
615.781 774.538
616.064 738.157
616.348 875.005
616.631 907.431
616.914 953.819
617.198 861.199
617.481 749.906
617.765 796.047
618.048 848.202
618.331 760.381
618.615 670.259
618.898 825.434
619.181 902.546
619.465 851.051
619.748 705.687
620.031 690.581
620.315 691.301
620.598 760.476
620.882 861.565
621.165 1020.510
621.448 931.082
621.732 848.463
622.015 687.305
622.298 600.975
622.582 694.425
622.865 720.130
623.148 633.253
623.432 731.654
623.715 673.632
623.999 882.642
624.282 839.387
624.565 842.118
624.849 671.128
625.132 566.671
625.415 880.215
625.699 980.029
625.982 845.857
626.265 754.580
626.549 670.015
626.832 799.344
627.116 869.076
627.399 678.203
627.682 656.710
627.966 639.971
628.249 660.489
628.532 678.956
628.816 852.153
629.099 742.115
629.383 732.399
629.666 711.989
629.949 677.028
630.233 662.794
630.516 737.171
630.799 727.834
631.083 599.482
631.366 575.698
631.649 593.082
631.933 530.830
632.216 651.719
632.500 760.513
632.783 740.855
633.066 657.088
633.350 720.917
633.633 808.092
633.916 777.132
634.200 640.701
634.483 691.844
634.766 775.854
635.050 662.241
635.333 576.962
635.617 623.382
635.900 684.791
636.183 745.968
636.467 734.898
636.750 761.845
637.033 823.197
637.317 774.809
637.600 711.143
637.883 672.009
638.167 679.852
638.450 706.700
638.734 764.784
639.017 819.122
639.300 824.771
639.584 787.548
639.867 929.768
640.150 882.090
640.434 911.120
640.717 928.991
641.000 838.368
641.284 865.501
641.567 785.892
641.851 825.538
642.134 974.915
642.417 956.277
642.701 1074.134
642.984 1087.179
643.267 1000.294
643.551 875.793
643.834 802.605
644.117 852.445
644.401 879.516
644.684 915.160
644.968 1042.731
645.251 1013.640
645.534 880.462
645.818 900.192
646.101 1102.006
646.384 1154.618
646.668 1206.291
646.951 1146.227
647.235 1149.214
647.518 1168.981
647.801 1318.447
648.085 1461.839
648.368 1525.273
648.651 1560.077
648.935 1660.032
649.218 1847.444
649.501 1896.340
649.785 1929.424
650.068 2115.169
650.352 2262.616
650.635 2362.138
650.918 2460.902
651.202 2745.924
651.485 3057.204
651.768 3173.257
652.052 3257.672
652.335 3446.350
652.618 3731.701
652.902 4004.213
653.185 4391.751
653.469 4499.471
653.752 4621.958
654.035 4947.100
654.319 5255.393
654.602 5383.374
654.885 5504.506
655.169 5684.318
655.452 5742.782
655.735 5877.171
656.019 5966.033
656.302 5826.625
656.586 5956.917
656.869 6126.818
657.152 6069.988
657.436 6016.964
657.719 6058.258
658.002 6119.010
658.286 6002.999
658.569 5778.115
658.852 5586.656
659.136 5495.491
659.419 5259.989
659.703 5188.953
659.986 5308.780
660.269 5187.364
660.553 4911.797
660.836 4884.388
661.119 5036.857
661.403 5064.457
661.686 4945.398
661.969 4809.111
662.253 4758.522
662.536 4698.592
662.820 4704.305
663.103 4606.971
663.386 4548.178
663.670 4521.838
663.953 4348.747
664.236 4509.210
664.520 4360.304
664.803 4214.437
665.086 4236.516
665.370 4234.759
665.653 4119.287
665.937 4024.102
666.220 3815.207
666.503 3724.972
666.787 3590.113
667.070 3362.683
667.353 3315.965
667.637 3085.130
667.920 3057.775
668.204 2834.176
668.487 2670.421
668.770 2708.811
669.054 2433.891
669.337 2168.307
669.620 2094.941
669.904 1968.601
670.187 1923.745
670.470 1943.084
670.754 1745.154
671.037 1535.050
671.321 1447.709
671.604 1586.232
671.887 1523.402
672.171 1460.994
672.454 1487.137
672.737 1478.942
673.021 1352.282
673.304 1277.724
673.587 1386.582
673.871 1370.945
674.154 1354.812
674.438 1433.314
674.721 1399.427
675.004 1334.023
675.288 1288.784
675.571 1204.660
675.854 1131.568
676.138 1054.413
676.421 1016.313
676.704 938.879
676.988 1086.545
677.271 1298.440
677.555 1190.194
677.838 1065.093
678.121 1026.830
678.405 1087.991
678.688 1154.271
678.971 874.537
679.255 990.747
679.538 1095.547
679.821 1023.998
680.105 882.826
680.388 829.895
680.672 875.484
680.955 872.393
681.238 861.883
681.522 793.447
681.805 774.059
682.088 933.697
682.372 981.623
682.655 843.844
682.938 969.133
683.222 945.152
683.505 844.809
683.789 929.477
684.072 924.280
684.355 869.063
684.639 859.696
684.922 764.734
685.205 744.928
685.489 932.847
685.772 982.961
686.056 930.669
686.339 936.973
686.622 786.819
686.906 760.750
687.189 944.493
687.472 1103.184
687.756 975.888
688.039 842.278
688.322 697.211
688.606 917.489
688.889 972.839
689.173 881.008
689.456 977.069
689.739 921.772
690.023 861.401
690.306 912.522
690.589 868.890
690.873 936.691
691.156 988.747
691.439 904.486
691.723 856.646
692.006 934.648
692.290 909.863
692.573 957.750
692.856 1037.657
693.140 998.305
693.423 916.552
693.706 907.165
693.990 947.714
694.273 909.571
694.556 1116.089
694.840 1170.130
695.123 1029.484
695.407 1018.127
695.690 932.637
695.973 967.645
696.257 1036.705
696.540 1179.697
696.830 1047.986
697.120 1061.372
697.410 1168.111
697.699 1093.092
697.989 1293.842
698.279 1151.604
698.569 1055.163
698.859 1183.262
699.149 1238.127
699.439 1191.944
699.729 1110.140
700.018 1113.227
700.308 1216.092
700.598 1090.735
700.888 1011.215
701.178 1113.766
701.468 1114.690
701.758 1039.624
702.048 1106.195
702.337 1064.871
702.627 1086.964
702.917 1067.816
703.207 1011.309
703.497 1035.467
703.787 933.948
704.077 966.099
704.366 1035.468
704.656 927.132
704.946 827.374
705.236 763.635
705.526 881.659
705.816 1011.423
706.106 734.267
706.396 752.484
706.685 796.939
706.975 621.193
707.265 558.538
707.555 734.448
707.845 750.855
708.135 681.503
708.425 555.988
708.715 583.267
709.004 829.750
709.294 778.390
709.584 738.416
709.874 776.901
710.164 718.738
710.454 714.253
710.744 695.802
711.034 761.214
711.323 774.502
711.613 651.493
711.903 761.987
712.193 853.455
712.483 721.718
712.773 706.991
713.063 696.794
713.352 677.822
713.642 655.014
713.932 780.588
714.222 721.641
714.512 671.351
714.802 676.523
715.092 779.258
715.382 675.258
715.671 686.525
715.961 730.504
716.251 622.626
716.541 657.660
716.831 700.318
717.121 581.355
717.411 680.743
717.701 781.243
717.990 707.580
718.280 635.572
718.570 625.088
718.860 640.734
719.150 659.515
719.440 626.464
719.730 572.642
720.019 828.797
720.309 718.817
720.599 661.532
720.889 693.441
721.179 714.515
721.469 705.642
721.759 663.195
722.049 709.238
722.338 613.382
722.628 607.857
722.918 716.700
723.208 784.446
723.498 593.121
723.788 644.723
724.078 832.425
724.368 783.907
724.657 680.090
724.947 727.054
725.237 746.117
725.527 768.339
725.817 688.545
726.107 636.405
726.397 576.465
726.686 527.163
726.976 616.159
727.266 764.149
727.556 674.228
727.846 770.739
728.136 753.573
728.426 644.589
728.716 644.610
729.005 767.693
729.295 652.404
729.585 556.604
729.875 559.422
730.165 674.438
730.455 735.564
730.745 730.474
731.035 710.106
731.324 765.010
731.614 747.041
731.904 688.506
732.194 741.977
732.484 695.054
732.774 748.576
733.064 708.714
733.354 545.310
733.643 614.244
733.933 640.956
734.223 605.889
734.513 791.095
734.803 797.740
735.093 678.737
735.383 633.521
735.672 639.401
735.962 729.714
736.252 553.068
736.542 637.423
736.832 631.567
737.122 516.520
737.412 586.149
737.702 726.096
737.991 726.117
738.281 694.133
738.571 676.772
738.861 611.196
739.151 581.688
739.441 746.328
739.731 639.171
740.021 670.992
740.310 783.114
740.600 760.215
740.890 561.693
741.180 607.245
741.470 619.111
741.760 708.963
742.050 827.443
742.339 711.395
742.629 615.470
742.919 790.564
743.209 594.151
743.499 525.520
743.789 588.437
744.079 678.556
744.369 727.361
744.658 630.705
744.948 465.744
745.238 600.022
745.528 653.560
745.818 805.022
746.108 676.073
746.398 655.910
746.688 643.020
746.977 789.018
747.267 646.039
747.557 690.439
747.847 789.862
748.137 720.021
748.427 625.513
748.717 579.343
749.006 491.224
749.296 657.071
749.586 697.233
749.876 751.732
750.166 579.441
750.456 604.963
750.746 664.469
751.036 560.696
751.325 693.450
751.615 654.202
751.905 717.159
752.195 756.895
752.485 655.915
752.775 630.565
753.065 586.540
753.355 791.765
753.644 810.803
753.934 693.787
754.224 690.101
754.514 857.480
754.804 607.893
755.094 474.512
755.384 589.877
755.674 637.038
755.963 700.247
756.253 637.716
756.543 733.384
756.833 799.199
757.123 750.223
757.413 664.564
757.703 617.347
757.992 596.261
758.282 670.982
758.572 659.615
758.862 575.212
759.152 647.593
759.442 610.817
759.732 697.882
760.022 788.353
760.311 702.646
760.601 544.717
760.891 680.551
761.181 710.037
761.471 697.691
761.761 591.665
762.051 608.804
762.341 727.929
762.630 781.047
762.920 634.036
763.210 687.114
763.500 748.877
763.793 594.818
764.086 623.034
764.379 639.528
764.671 697.897
764.964 638.559
765.257 721.072
765.550 743.714
765.843 543.128
766.136 627.824
766.429 652.036
766.722 646.362
767.014 569.272
767.307 424.848
767.600 486.297
767.893 535.192
768.186 544.283
768.479 647.124
768.772 755.005
769.064 738.894
769.357 631.421
769.650 612.923
769.943 764.388
770.236 703.983
770.529 607.937
770.822 635.173
771.115 706.763
771.407 794.276
771.700 747.876
771.993 781.983
772.286 722.685
772.579 744.152
772.872 579.855
773.165 570.801
773.457 719.004
773.750 730.848
774.043 565.376
774.336 572.026
774.629 659.600
774.922 648.174
775.215 582.602
775.508 605.615
775.800 624.139
776.093 685.208
776.386 692.584
776.679 638.919
776.972 684.254
777.265 897.766
777.558 920.019
777.850 765.343
778.143 726.165
778.436 688.683
778.729 655.848
779.022 689.031
779.315 591.561
779.608 554.393
779.900 628.782
780.193 630.809
780.486 651.278
780.779 653.651
781.072 563.835
781.365 626.604
781.658 670.423
781.951 624.256
782.243 620.016
782.536 703.607
782.829 692.580
783.122 663.481
783.415 697.938
783.708 733.060
784.001 748.123
784.293 710.025
784.586 726.365
784.879 786.502
785.172 661.608
785.465 585.133
785.758 657.295
786.051 646.290
786.344 754.014
786.636 864.896
786.929 664.712
787.222 665.059
787.515 649.731
787.808 648.449
788.101 627.487
788.394 751.380
788.686 892.256
788.979 793.165
789.272 743.438
789.565 734.729
789.858 607.999
790.151 558.673
790.444 586.661
790.737 563.264
791.029 546.189
791.322 660.976
791.615 607.492
791.908 663.667
792.201 640.067
792.494 598.568
792.787 663.725
793.079 813.954
793.372 706.586
793.665 742.202
793.958 652.488
794.251 701.358
794.544 778.365
794.837 851.939
795.130 741.287
795.422 702.420
795.715 719.385
796.008 708.143
796.301 666.908
796.594 664.932
796.887 749.609
797.180 743.394
797.472 557.966
797.765 416.407
798.058 560.431
798.351 608.862
798.644 528.120
798.937 471.307
799.230 574.439
799.523 960.870
799.815 944.934
800.108 647.841
800.401 528.216
800.694 651.513
800.987 641.906
801.280 685.163
801.573 713.151
801.865 793.087
802.158 692.511
802.451 605.700
802.744 625.676
803.037 624.694
803.330 599.359
803.623 720.533
803.915 703.583
804.208 596.409
804.501 627.649
804.794 682.720
805.087 680.053
805.380 529.127
805.673 494.579
805.966 630.730
806.258 604.324
806.551 683.866
806.844 714.002
807.137 780.062
807.430 599.576
807.723 551.398
808.016 800.410
808.308 835.235
808.601 638.794
808.894 597.842
809.187 671.974
809.480 678.355
809.773 655.579
810.066 715.610
810.359 781.804
810.651 712.762
810.944 468.107
811.237 451.440
811.530 630.063
811.825 573.139
812.119 476.713
812.414 522.137
812.709 645.912
813.003 650.272
813.298 646.596
813.593 681.356
813.887 617.929
814.182 943.741
814.476 872.634
814.771 795.491
815.066 687.257
815.360 551.412
815.655 567.687
815.950 678.148
816.244 701.561
816.539 780.478
816.834 748.893
817.128 730.285
817.423 833.531
817.718 951.645
818.012 732.024
818.307 506.904
818.602 615.526
818.896 744.115
819.191 709.952
819.486 649.637
819.780 755.729
820.075 901.782
820.369 854.025
820.664 705.856
820.959 728.645
821.253 710.763
821.548 693.161
821.843 756.921
822.137 749.407
822.432 688.484
822.727 677.747
823.021 639.847
823.316 768.013
823.611 768.589
823.905 636.954
824.200 522.139
824.495 650.893
824.789 786.984
825.084 765.095
825.379 639.335
825.673 667.481
825.968 790.602
826.262 721.539
826.557 765.300
826.852 768.749
827.146 719.932
827.441 650.255
827.736 749.687
828.030 681.423
828.325 490.694
828.620 726.378
828.914 811.118
829.209 653.894
829.504 816.851
829.798 801.381
830.093 699.069
830.388 670.542
830.682 580.092
830.977 703.538
831.271 698.924
831.566 558.985
831.861 599.586
832.155 584.634
832.450 680.571
832.745 826.233
833.039 708.592
833.334 616.027
833.629 616.350
833.923 590.406
834.218 557.302
834.513 529.059
834.807 568.837
835.102 529.790
835.397 529.686
835.691 501.067
835.986 498.624
836.281 506.967
836.575 543.666
836.870 636.368
837.164 629.184
837.459 562.176
837.754 590.510
838.048 550.583
838.343 523.712
838.638 599.336
838.932 647.032
839.227 602.913
839.522 591.442
839.816 558.428
840.111 583.792
840.406 585.146
840.700 725.347
840.995 886.240
841.290 891.570
841.584 717.070
841.879 789.343
842.174 704.971
842.468 613.271
842.763 545.555
843.057 682.463
843.352 670.501
843.647 660.208
843.941 661.256
844.236 722.924
844.531 753.256
844.825 664.490
845.120 723.405
845.415 768.507
845.709 756.691
846.004 795.397
846.299 661.915
846.593 770.536
846.888 739.148
847.183 694.606
847.477 619.784
847.772 703.907
848.066 752.449
848.361 724.566
848.656 686.638
848.950 688.223
849.245 838.911
849.540 746.249
849.834 857.084
850.129 899.367
850.424 738.531
850.718 700.315
851.013 834.813
851.308 751.206
851.602 787.960
851.897 825.462
852.192 911.986
852.486 798.800
852.781 646.467
853.076 716.356
853.370 731.569
853.665 816.252
853.959 784.723
854.254 688.062
854.549 952.669
854.843 775.007
855.138 695.543
855.433 822.743
855.727 858.026
856.022 692.099
856.317 657.473
856.611 726.952
856.906 665.035
857.201 755.111
857.495 894.376
857.790 891.156
858.085 843.650
858.379 706.560
858.674 582.268
858.969 579.419
859.263 628.341
859.558 638.393
859.852 550.191
860.147 676.191
860.442 818.251
860.736 591.189
861.031 735.857
861.326 844.617
861.620 672.869
861.915 778.000
862.210 775.510
862.504 671.079
862.799 725.800
863.094 748.737
863.388 648.434
863.683 656.244
863.978 587.395
864.272 621.961
864.567 616.868
864.861 636.531
865.156 571.324
865.451 501.470
865.745 678.679
866.040 791.473
866.335 775.437
866.629 826.093
866.924 688.179
867.219 606.947
867.513 719.100
867.808 643.959
868.103 606.914
868.397 687.283
868.692 702.069
868.987 609.547
869.281 550.827
869.576 713.512
869.871 780.878
870.165 638.195
870.460 538.966
870.754 584.626
871.049 521.970
871.344 581.345
871.638 663.544
871.933 619.884
872.228 627.160
872.522 632.816
872.817 706.672
873.112 910.206
873.406 727.066
873.701 778.786
873.996 735.411
874.290 608.248
874.585 603.195
874.880 666.638
875.174 641.504
875.469 599.350
875.764 650.907
876.058 665.720
876.353 534.897
876.647 495.077
876.942 541.638
877.237 632.918
877.531 678.827
877.826 724.903
878.121 626.839
878.415 594.916
878.710 556.305
879.005 692.316
879.299 625.336
879.594 534.801
879.889 463.821
880.183 507.990
880.478 611.346
880.773 612.083
881.067 598.837
881.362 574.478
881.656 493.583
881.951 576.470
882.246 520.406
882.540 539.734
882.835 562.153
883.130 595.624
883.424 507.918
883.719 492.375
884.014 625.040
884.308 598.070
884.603 502.900
884.898 497.015
885.192 632.083
885.487 648.354
885.782 562.828
886.076 636.466
886.371 591.348
886.666 458.093
886.960 537.442
887.255 528.018
887.549 517.255
887.844 675.442
888.139 744.947
888.433 707.155
888.728 565.589
889.023 570.040
889.317 667.444
889.612 552.602
889.907 570.707
890.201 611.425
890.496 600.285
890.791 594.464
891.085 572.767
891.380 529.529
891.675 552.975
891.969 626.306
892.264 533.031
892.559 537.920
892.853 649.614
893.148 562.245
893.442 548.048
893.737 623.498
894.032 550.711
894.326 467.021
894.621 557.780
894.916 527.417
895.210 525.200
895.505 631.726
895.800 564.213
896.094 416.713
896.389 474.975
896.684 498.373
896.978 467.934
897.273 451.088
897.568 601.759
897.862 599.648
898.157 524.503
898.451 689.579
898.746 667.465
899.041 719.439
899.335 648.589
899.630 560.522
899.925 602.550
900.219 615.846
900.514 669.300
900.809 567.004
901.103 439.008
901.398 563.352
901.693 539.933
901.987 543.989
902.282 622.766
902.577 539.141
902.871 478.065
903.166 606.065
903.461 653.938
903.755 617.892
904.050 571.175
904.344 449.230
904.639 476.640
904.934 537.221
905.228 526.506
905.523 507.201
905.818 560.808
906.112 677.935
906.407 572.670
906.702 506.807
906.996 579.530
907.291 598.503
907.586 521.341
907.880 665.369
908.175 661.438
908.470 667.812
908.764 649.050
909.059 721.871
909.354 654.767
909.648 534.827
909.943 565.887
910.237 721.552
910.532 724.718
910.827 765.058
911.121 744.668
911.416 656.892
911.711 639.439
912.005 622.210
912.300 625.213
912.599 673.211
912.898 612.166
913.196 663.044
913.495 685.318
913.794 756.304
914.093 677.617
914.391 636.097
914.690 710.648
914.989 617.950
915.288 694.809
915.586 656.865
915.885 561.663
916.184 463.289
916.483 475.494
916.782 603.277
917.080 625.843
917.379 596.900
917.678 539.037
917.977 708.817
918.275 732.203
918.574 654.600
918.873 671.376
919.172 666.955
919.471 587.433
919.769 602.469
920.068 604.585
920.367 554.077
920.666 504.343
920.964 617.337
921.263 558.806
921.562 531.903
921.861 699.963
922.159 617.916
922.458 583.009
922.757 607.093
923.056 612.404
923.355 611.275
923.653 753.303
923.952 686.463
924.251 567.069
924.550 732.170
924.848 756.090
925.147 633.472
925.446 563.673
925.745 682.100
926.043 717.334
926.342 661.551
926.641 603.223
926.940 684.286
927.239 667.246
927.537 724.498
927.836 684.477
928.135 631.108
928.434 670.003
928.732 684.993
929.031 700.412
929.330 691.603
929.629 640.619
929.927 627.531
930.226 573.853
930.525 659.410
930.824 793.913
931.123 683.444
931.421 781.323
931.720 761.765
932.019 746.979
932.318 742.717
932.616 706.018
932.915 617.921
933.214 684.860
933.513 740.949
933.812 705.225
934.110 757.157
934.409 873.445
934.708 733.660
935.007 937.145
935.305 933.000
935.604 732.310
935.903 865.486
936.202 912.857
936.500 941.904
936.799 1062.646
937.098 1014.263
937.397 923.125
937.696 791.882
937.994 764.491
938.293 871.584
938.592 786.426
938.891 812.500
939.189 860.100
939.488 922.492
939.787 1062.454
940.086 921.972
940.384 925.729
940.683 861.720
940.982 750.272
941.281 838.836
941.580 1164.108
941.878 1126.399
942.177 901.202
942.476 983.610
942.775 935.211
943.073 777.913
943.372 757.725
943.671 929.293
943.970 1056.789
944.268 945.529
944.567 859.366
944.866 920.783
945.165 836.241
945.464 792.459
945.762 706.595
946.061 911.637
946.360 1037.212
946.659 1065.719
946.957 1019.802
947.256 911.776
947.555 857.001
947.854 965.973
948.153 919.829
948.451 871.408
948.750 954.143
949.049 924.273
949.348 1031.446
949.646 882.786
949.945 868.707
950.244 1021.570
950.543 922.242
950.841 842.669
951.140 795.771
951.439 699.107
951.738 752.320
952.037 825.798
952.335 954.901
952.634 975.652
952.933 845.354
953.232 811.321
953.530 628.426
953.829 902.251
954.128 897.501
954.427 854.798
954.725 973.056
955.024 963.350
955.323 955.103
955.622 792.656
955.921 709.128
956.219 838.561
956.518 744.535
956.817 781.951
957.116 816.798
957.414 741.985
957.713 659.873
958.012 630.668
958.311 638.219
958.610 794.703
958.908 819.202
959.207 808.781
959.506 879.299
959.805 900.313
960.103 873.194
960.402 798.746
960.701 725.765
961.000 689.889
961.298 618.499
961.597 774.164
961.896 790.555
962.195 816.145
962.494 813.446
962.792 725.373
963.091 699.419
963.390 650.969
963.689 612.449
963.987 706.637
964.286 823.270
964.585 880.759
964.884 826.927
965.182 684.396
965.481 1008.004
965.780 1144.418
966.080 1003.722
966.380 899.539
966.680 794.095
966.981 753.726
967.281 772.384
967.581 705.230
967.881 818.245
968.181 816.122
968.481 751.095
968.781 739.427
969.082 641.551
969.382 663.736
969.682 793.445
969.982 837.618
970.282 870.869
970.582 687.730
970.882 641.467
971.183 854.785
971.483 748.028
971.783 698.984
972.083 775.662
972.383 837.637
972.683 776.732
972.983 829.877
973.284 715.124
973.584 664.963
973.884 707.925
974.184 721.454
974.484 789.386
974.784 619.438
975.084 608.722
975.385 632.752
975.685 688.125
975.985 666.068
976.285 730.638
976.585 772.118
976.885 672.866
977.185 628.204
977.486 653.282
977.786 686.089
978.086 797.988
978.386 799.006
978.686 604.872
978.986 555.832
979.286 583.840
979.587 664.849
979.887 606.857
980.187 629.865
980.487 591.874
980.787 647.882
981.087 658.891
981.387 889.899
981.688 746.907
981.988 548.916
982.288 572.924
982.588 668.932
982.888 727.941
983.188 676.949
983.488 753.957
983.789 726.966
984.089 710.974
984.389 699.982
984.689 662.991
984.989 576.999
985.289 563.007
985.589 742.015
985.890 699.024
986.190 536.032
986.490 556.040
986.790 723.048
987.090 652.057
987.390 739.065
987.690 768.073
987.991 599.081
988.291 603.089
988.591 642.098
988.891 537.106
989.191 510.114
989.491 701.122
989.791 664.130
990.092 645.138
990.392 760.147
990.692 700.155
990.992 655.163
991.292 569.171
991.592 668.179
991.892 668.187
992.193 770.195
992.493 747.203
992.793 650.211
993.093 662.219
993.393 646.228
993.693 665.236
993.993 726.244
994.294 797.252
994.594 705.260
994.894 651.268
995.194 627.276
995.494 522.284
995.794 579.292
996.094 600.300
996.395 641.308
996.695 698.316
996.995 565.324
997.295 523.332
997.595 558.340
997.895 504.348
998.195 490.356
998.496 526.363
998.796 532.371
999.096 759.379
999.396 667.387
999.696 697.395
999.996 739.403
1000.296 803.411
1000.597 779.419
1000.897 651.427
1001.197 669.435
1001.497 825.442
1001.797 612.450
1002.097 529.458
1002.397 639.466
1002.698 672.474
1002.998 749.482
1003.298 714.489
1003.598 562.497
1003.898 481.505
1004.198 682.513
1004.498 798.521
1004.799 722.528
1005.099 731.536
1005.399 720.544
1005.699 756.552
1005.999 719.559
1006.299 607.567
1006.599 789.575
1006.900 787.583
1007.200 624.590
1007.500 686.598
1007.800 680.606
1008.100 562.614
1008.400 540.621
1008.700 628.629
1009.001 589.637
1009.301 554.644
1009.601 731.652
1009.901 782.660
1010.201 683.667
1010.501 699.675
1010.801 855.683
1011.102 693.690
1011.402 687.698
1011.702 545.705
1012.002 531.713
1012.302 690.721
1012.602 669.728
1012.902 618.736
1013.203 663.743
1013.503 709.751
1013.803 722.759
1014.103 543.766
1014.403 602.774
1014.703 544.781
1015.003 496.789
1015.304 745.796
1015.604 792.804
1015.904 582.811
1016.204 553.819
1016.504 581.826
1016.804 626.834
1017.104 585.841
1017.405 588.849
1017.705 541.856
1018.005 553.864
1018.305 583.871
1018.605 550.879
1018.905 477.886
1019.205 522.894
1019.506 856.901
1019.806 880.908
1020.106 754.916
1020.406 735.923
1020.706 714.931
1021.006 726.938
1021.306 792.946
1021.607 701.953
1021.907 788.960
1022.207 759.968
1022.507 627.975
1022.807 668.982
1023.107 705.990
1023.407 586.997
1023.708 574.004
1024.008 520.012
1024.308 579.019
1024.608 607.026
1024.908 502.034
1025.208 641.041
1025.508 853.048
1025.809 791.056
1026.109 592.063
1026.409 687.070
1026.709 683.078
1027.009 662.085
1027.309 710.092
1027.609 629.099
1027.910 596.107
1028.210 689.114
1028.510 754.121
1028.810 918.128
1029.110 873.136
1029.410 718.143
1029.710 811.150
1030.011 778.157
1030.311 811.164
1030.611 715.172
1030.911 686.179
1031.211 690.186
1031.511 586.193
1031.811 748.200
1032.112 786.207
1032.412 685.215
1032.712 571.222
1033.012 635.229
1033.312 823.236
1033.612 791.243
1033.912 663.250
1034.212 571.257
1034.513 528.264
1034.813 506.272
1035.113 657.279
1035.413 593.286
1035.713 609.293
1036.013 718.300
1036.313 683.307
1036.614 758.314
1036.914 676.321
1037.214 537.328
1037.514 682.335
1037.814 659.342
1038.114 598.349
1038.414 618.356
1038.715 774.363
1039.015 592.370
1039.315 496.377
1039.615 658.384
1039.915 637.391
1040.215 562.398
1040.515 606.405
1040.816 735.412
1041.116 669.419
1041.416 627.426
1041.716 547.433
1042.016 509.440
1042.316 712.447
1042.616 710.454
1042.917 622.461
1043.217 572.468
1043.517 589.475
1043.817 645.482
1044.117 656.489
1044.417 695.495
1044.717 650.502
1045.018 617.509
1045.318 744.516
1045.618 750.523
1045.918 617.530
1046.218 515.537
1046.518 583.544
1046.818 678.550
1047.119 558.557
1047.419 769.564
1047.719 770.571
1048.019 652.578
1048.319 693.585
1048.619 653.591
1048.919 666.598
1049.220 628.605
1049.520 689.612
1049.820 647.619
1050.120 574.625
1050.420 801.632
1050.720 722.639
1051.020 708.646
1051.321 735.652
1051.621 779.659
1051.921 668.666
1052.221 545.673
1052.521 532.679
1052.821 505.686
1053.121 649.693
1053.422 786.700
1053.722 838.706
1054.022 697.713
1054.322 785.720
1054.622 636.726
1054.922 554.733
1055.222 731.740
1055.523 708.746
1055.823 654.753
1056.123 758.760
1056.423 749.766
1056.723 783.773
1057.023 696.780
1057.323 509.786
1057.624 653.793
1057.924 738.800
1058.224 710.806
1058.524 574.813
1058.824 678.820
1059.124 697.826
1059.424 614.833
1059.725 720.839
1060.025 630.846
1060.325 637.853
1060.625 661.859
1060.925 661.866
1061.225 650.872
1061.525 747.879
1061.826 685.885
1062.126 675.892
1062.426 679.898
1062.726 765.905
1063.026 764.911
1063.326 866.918
1063.626 807.925
1063.927 700.931
1064.227 722.938
1064.527 626.944
1064.827 720.951
1065.127 698.957
1065.427 553.964
1065.727 602.970
1066.028 725.976
1066.328 707.983
1066.628 558.989
1066.928 601.996
1067.228 646.002
1067.528 611.009
1067.828 612.015
1068.129 504.022
1068.429 664.028
1068.729 777.035
1069.029 605.041
1069.329 474.047
1069.629 637.054
1069.929 740.060
1070.230 767.067
1070.530 769.073
1070.830 708.079
1071.130 774.086
1071.430 666.092
1071.730 688.098
1072.030 779.105
1072.331 616.111
1072.631 621.118
1072.931 712.124
1073.231 689.130
1073.531 656.137
1073.831 610.143
1074.131 729.149
1074.432 826.156
1074.732 706.162
1075.032 589.168
1075.332 572.174
1075.632 597.181
1075.932 536.187
1076.232 551.193
1076.533 560.200
1076.833 694.206
1077.133 711.212
1077.433 630.218
1077.733 551.225
1078.033 712.231
1078.333 741.237
1078.634 703.243
1078.934 761.250
1079.234 577.256
1079.534 742.262
1079.834 797.268
1080.134 752.275
1080.434 776.281
1080.735 681.287
1081.035 689.293
1081.335 565.299
1081.635 571.306
1081.935 601.312
1082.235 608.318
1082.535 627.324
1082.836 646.330
1083.136 680.336
1083.436 744.343
1083.736 772.349
1084.036 616.355
1084.336 593.361
1084.636 667.367
1084.937 767.373
1085.237 810.379
1085.537 714.385
1085.837 727.392
1086.137 659.398
1086.437 708.404
1086.737 613.410
1087.038 651.416
1087.338 836.422
1087.638 841.428
1087.938 615.434
1088.238 461.440
1088.538 613.446
1088.838 753.452
1089.139 771.459
1089.439 589.465
1089.739 716.471
1090.039 751.477
1090.339 790.483
1090.639 666.489
1090.939 732.495
1091.240 641.501
1091.540 651.507
1091.840 617.513
1092.140 716.519
1092.453 696.525
1092.766 595.531
1093.079 572.537
1093.392 619.543
1093.705 571.549
1094.018 625.555
1094.330 834.561
1094.643 767.567
1094.956 799.573
1095.269 685.579
1095.582 678.585
1095.895 602.590
1096.208 606.596
1096.521 652.602
1096.834 706.608
1097.147 687.614
1097.460 669.620
1097.773 750.626
1098.085 592.632
1098.398 516.638
1098.711 588.644
1099.024 524.650
1099.337 646.656
1099.650 780.661
1099.963 775.667
1100.276 614.673
1100.589 597.679
1100.902 691.685
1101.215 691.691
1101.528 731.697
1101.841 631.702
1102.153 689.708
1102.466 769.714
1102.779 593.720
1103.092 569.726
1103.405 662.732
1103.718 578.737
1104.031 581.743
1104.344 691.749
1104.657 664.755
1104.970 951.761
1105.283 778.766
1105.596 621.772
1105.909 651.778
1106.221 684.784
1106.534 642.790
1106.847 525.795
1107.160 488.801
1107.473 508.807
1107.786 630.813
1108.099 516.818
1108.412 592.824
1108.725 703.830
1109.038 607.836
1109.351 690.841
1109.664 701.847
1109.977 571.853
1110.289 583.859
1110.602 563.864
1110.915 590.870
1111.228 627.876
1111.541 560.881
1111.854 554.887
1112.167 477.893
1112.480 482.898
1112.793 542.904
1113.106 573.910
1113.419 664.915
1113.732 632.921
1114.044 536.927
1114.357 625.932
1114.670 652.938
1114.983 604.944
1115.296 613.949
1115.609 672.955
1115.922 591.961
1116.235 646.966
1116.548 644.972
1116.861 607.977
1117.174 540.983
1117.487 594.989
1117.800 831.994
1118.112 645.000
1118.425 587.005
1118.738 570.011
1119.051 532.017
1119.364 569.022
1119.677 645.028
1119.990 591.033
1120.303 625.039
1120.616 802.045
1120.929 684.050
1121.242 705.056
1121.555 725.061
1121.868 680.067
1122.180 594.072
1122.493 426.078
1122.806 492.083
1123.119 671.089
1123.432 725.094
1123.745 670.100
1124.058 538.105
1124.371 491.111
1124.684 675.116
1124.997 673.122
1125.310 610.127
1125.623 530.133
1125.935 487.138
1126.248 573.144
1126.561 667.149
1126.874 670.155
1127.187 749.160
1127.500 741.166
1127.813 712.171
1128.126 677.177
1128.439 627.182
1128.752 781.187
1129.065 612.193
1129.378 484.198
1129.691 668.204
1130.003 668.209
1130.316 536.215
1130.629 506.220
1130.942 579.225
1131.255 550.231
1131.568 479.236
1131.881 566.242
1132.194 668.247
1132.507 667.252
1132.820 620.258
1133.133 686.263
1133.446 541.269
1133.759 769.274
1134.071 1198.279
1134.384 859.285
1134.697 788.290
1135.010 868.295
1135.323 695.301
1135.636 602.306
1135.949 521.311
1136.262 540.317
1136.575 581.322
1136.888 624.327
1137.201 596.333
1137.514 586.338
1137.826 663.343
1138.139 583.349
1138.452 632.354
1138.765 801.359
1139.078 763.365
1139.391 790.370
1139.704 725.375
1140.017 734.380
1140.330 600.386
1140.643 511.391
1140.956 574.396
1141.269 645.402
1141.582 681.407
1141.894 580.412
1142.207 694.417
1142.520 653.423
1142.833 765.428
1143.146 636.433
1143.459 523.438
1143.772 577.444
1144.085 695.449
1144.398 669.454
1144.711 574.459
1145.024 563.464
1145.337 633.470
1145.650 688.475
1145.962 610.480
1146.275 576.485
1146.588 532.490
1146.901 706.496
1147.214 668.501
1147.527 541.506
1147.840 607.511
1148.153 602.516
1148.466 654.522
1148.779 636.527
1149.092 744.532
1149.405 667.537
1149.718 745.542
1150.030 735.547
1150.343 680.552
1150.656 596.558
1150.969 549.563
1151.282 739.568
1151.595 674.573
1151.908 568.578
1152.221 437.583
1152.534 479.588
1152.847 715.593
1153.160 614.599
1153.473 621.604
1153.785 684.609
1154.098 635.614
1154.411 747.619
1154.724 676.624
1155.037 765.629
1155.350 651.634
1155.663 693.639
1155.976 612.644
1156.289 680.649
1156.602 594.654
1156.915 476.659
1157.228 487.665
1157.541 560.670
1157.853 602.675
1158.166 694.680
1158.479 724.685
1158.792 650.690
1159.105 664.695
1159.418 684.700
1159.731 661.705
1160.044 597.710
1160.357 790.715
1160.670 739.720
1160.983 530.725
1161.296 674.730
1161.609 812.735
1161.921 698.740
1162.234 624.745
1162.547 460.750
1162.860 523.755
1163.173 519.760
1163.486 637.765
1163.799 639.770
1164.112 577.775
1164.425 589.780
1164.738 568.785
1165.051 556.790
1165.364 594.794
1165.676 614.799
1165.989 692.804
1166.302 645.809
1166.615 753.814
1166.928 702.819
1167.241 751.824
1167.554 756.829
1167.867 698.834
1168.180 634.839
1168.493 508.844
1168.806 576.849
1169.119 591.854
1169.432 689.858
1169.744 700.863
1170.057 697.868
1170.370 785.873
1170.683 694.878
1170.996 584.883
1171.309 638.888
1171.622 635.893
1171.935 594.897
1172.248 798.902
1172.561 768.907
1172.874 669.912
1173.187 758.917
1173.500 732.922
1173.812 733.927
1174.125 684.931
1174.438 661.936
1174.751 567.941
1175.064 579.946
1175.377 700.951
1175.690 624.956
1176.003 568.960
1176.316 646.965
1176.629 675.970
1176.942 628.975
1177.255 560.980
1177.567 536.984
1177.880 588.989
1178.193 688.994
1178.506 544.999
1178.819 683.004
1179.132 771.008
1179.445 580.013
1179.758 713.018
1180.071 723.023
1180.384 578.027
1180.697 652.032
1181.010 658.037
1181.323 769.042
1181.635 822.046
1181.948 740.051
1182.261 603.056
1182.574 619.061
1182.887 708.065
1183.200 837.070
1183.513 774.075
1183.826 656.080
1184.139 668.084
1184.452 644.089
1184.765 599.094
1185.078 553.098
1185.391 591.103
1185.703 571.108
1186.016 509.112
1186.329 530.117
1186.642 624.122
1186.955 752.127
1187.268 650.131
1187.581 681.136
1187.894 649.141
1188.207 666.145
1188.520 643.150
1188.833 623.155
1189.146 552.159
1189.459 491.164
1189.771 557.169
1190.084 713.173
1190.397 627.178
1190.710 644.182
1191.023 683.187
1191.336 696.192
1191.649 676.196
1191.962 714.201
1192.275 556.206
1192.588 693.210
1192.901 837.215
1193.214 616.219
1193.526 590.224
1193.839 684.229
1194.152 597.233
1194.465 692.238
1194.778 699.242
1195.091 692.247
1195.404 658.252
1195.717 639.256
1196.030 662.261
1196.343 553.265
1196.656 536.270
1196.969 632.275
1197.282 647.279
1197.594 676.284
1197.907 833.288
1198.220 813.293
1198.533 633.297
1198.846 636.302
1199.159 563.306
1199.472 574.311
1199.785 684.315
1200.098 575.320
1200.411 728.325
1200.724 669.329
1201.037 587.334
1201.350 534.338
1201.662 512.343
1201.975 614.347
1202.288 608.352
1202.601 214.356
