165.028 157.766
165.288 105.415
165.547 179.068
165.807 245.724
166.067 182.383
166.327 46.046
166.587 27.711
166.847 191.380
167.107 213.052
167.367 235.727
167.627 283.405
167.886 251.087
168.146 222.771
168.406 405.458
168.666 370.148
168.926 271.841
169.186 299.537
169.446 260.236
169.706 101.937
169.966 191.642
170.225 180.349
170.485 261.059
170.745 364.772
171.005 470.487
171.265 289.205
171.525 261.926
171.785 164.649
172.045 143.375
172.305 287.103
172.564 265.834
172.824 129.567
173.084 258.303
173.344 253.041
173.604 308.782
173.864 360.525
174.124 298.270
174.384 263.018
174.644 362.768
174.903 458.520
175.163 481.275
175.423 542.031
175.683 303.790
175.943 333.551
176.203 293.314
176.463 235.079
176.723 218.846
176.983 312.615
177.242 358.386
177.502 484.159
177.762 507.934
178.022 271.711
178.282 253.490
178.542 226.271
178.802 212.053
179.062 234.837
179.322 451.623
179.581 490.411
179.841 301.201
180.101 381.992
180.361 375.785
180.621 314.579
180.881 280.375
181.141 307.173
181.401 363.972
181.661 439.773
181.920 516.575
182.180 377.379
182.440 303.184
182.700 255.990
182.960 255.798
183.220 298.607
183.480 503.418
183.740 375.230
184.000 318.043
184.259 203.858
184.519 324.673
184.779 296.490
185.039 358.308
185.299 480.128
185.559 449.948
185.819 466.769
186.079 454.592
186.339 335.416
186.598 297.240
186.858 217.066
187.118 242.893
187.378 403.720
187.638 419.549
187.898 533.378
188.158 527.208
188.418 404.040
188.678 361.872
188.937 377.704
189.197 430.538
189.457 432.372
189.717 332.207
189.977 193.043
190.237 259.880
190.497 467.717
190.757 422.555
191.017 396.393
191.276 314.232
191.536 335.072
191.796 317.912
192.056 311.753
192.316 305.594
192.576 257.436
192.836 200.278
193.096 314.121
193.356 275.964
193.616 278.808
193.875 310.651
194.135 252.496
194.395 380.340
194.655 406.185
194.915 375.030
195.175 353.876
195.435 408.722
195.695 212.568
195.955 97.414
196.214 277.260
196.474 412.107
196.734 371.954
196.994 343.801
197.254 345.648
197.514 293.495
197.774 262.342
198.034 167.189
198.294 227.037
198.553 291.884
198.813 205.731
199.073 95.579
199.333 137.426
199.593 328.273
199.853 358.121
200.113 437.968
200.373 417.815
200.633 236.662
200.892 190.508
201.152 169.355
201.412 253.201
201.672 374.048
201.932 511.894
202.192 454.740
202.452 258.585
202.712 240.431
202.972 296.276
203.231 385.120
203.491 317.965
203.751 270.809
204.011 359.653
204.271 404.496
204.531 212.339
204.791 193.182
205.051 235.025
205.311 282.867
205.570 251.708
205.830 270.549
206.090 230.390
206.350 292.230
206.610 453.069
206.870 262.909
207.130 232.747
207.390 307.585
207.650 232.423
207.909 245.260
208.169 351.096
208.429 347.932
208.689 187.768
208.949 345.602
209.209 442.436
209.469 218.270
209.729 182.102
209.989 220.935
210.248 133.766
210.508 407.597
210.768 400.427
211.028 296.256
211.288 326.085
211.548 264.913
211.808 361.740
212.068 436.566
212.328 440.392
212.587 483.217
212.847 373.041
213.107 433.864
213.367 408.686
213.627 354.508
213.887 291.329
214.147 177.149
214.407 246.968
214.667 305.786
214.926 403.603
215.186 356.420
215.446 402.235
215.706 325.050
215.966 303.863
216.226 268.676
216.486 234.488
216.746 279.299
217.006 356.109
217.265 282.918
217.525 238.726
217.785 333.533
218.045 375.339
218.305 307.144
218.565 232.948
218.825 325.751
219.085 415.553
219.345 237.354
219.604 169.154
219.864 291.953
220.124 355.750
220.384 360.547
220.644 306.343
220.904 251.137
221.164 306.931
221.424 266.723
221.684 215.514
221.943 281.304
222.203 432.093
222.463 355.881
222.723 237.668
222.983 379.454
223.243 339.238
223.503 314.021
223.763 232.804
224.023 247.585
224.282 379.364
224.542 392.143
224.802 397.921
225.062 370.697
225.322 481.472
225.582 396.246
225.842 401.018
226.102 399.790
226.362 348.560
226.621 351.329
226.881 278.097
227.141 346.863
227.401 390.628
227.661 312.392
227.921 443.155
228.181 315.917
228.441 263.677
228.701 485.436
228.960 500.193
229.220 305.950
229.480 244.705
229.740 409.459
230.000 537.211
230.260 350.962
230.520 263.712
230.780 270.461
231.040 287.208
231.299 298.954
231.559 345.699
231.819 405.442
232.079 456.184
232.339 440.925
232.599 256.665
232.859 331.403
233.119 466.139
233.379 284.875
233.638 295.609
233.898 464.341
234.158 453.073
234.418 330.803
234.678 453.531
234.938 447.258
235.198 303.984
235.458 305.709
235.718 379.432
235.978 379.154
236.237 360.874
236.497 372.593
236.757 422.311
237.017 338.027
237.277 359.742
237.537 389.455
237.797 298.167
238.057 429.878
238.317 346.587
238.576 212.295
238.836 317.001
239.096 399.706
239.356 326.410
239.616 306.112
239.876 345.813
240.136 310.513
240.396 460.211
240.656 515.907
240.915 395.603
241.175 430.296
241.435 326.989
241.695 399.680
241.955 524.369
242.215 566.057
242.475 473.744
242.735 349.429
242.995 473.113
243.254 452.796
243.514 358.477
243.774 229.156
244.034 300.834
244.294 571.511
244.554 480.186
244.814 418.860
245.074 328.533
245.334 292.204
245.593 368.873
245.853 352.541
246.113 276.208
246.373 408.873
246.633 468.537
246.893 409.200
247.153 415.861
247.413 466.520
247.673 418.178
247.932 385.835
248.192 381.490
248.452 487.144
248.712 421.796
248.972 329.447
249.232 486.097
249.492 353.745
249.752 248.391
250.012 494.037
250.271 431.680
250.531 414.323
250.791 627.964
251.051 595.603
251.311 386.241
251.571 242.878
251.831 374.513
252.091 502.147
252.351 426.779
252.610 359.410
252.870 447.039
253.130 382.667
253.390 327.294
253.650 424.919
253.911 457.543
254.172 511.165
254.433 444.786
254.694 356.405
254.955 415.023
255.216 390.640
255.477 539.255
255.738 467.869
255.999 360.481
256.261 477.092
256.522 493.701
256.783 462.309
257.044 303.916
257.305 242.521
257.566 227.125
257.827 215.728
258.088 314.329
258.349 325.928
258.610 393.526
258.871 457.123
259.132 555.718
259.393 421.312
259.654 283.905
259.915 211.496
260.176 287.086
260.437 405.674
260.698 391.261
260.959 359.847
261.221 446.431
261.482 502.014
261.743 444.595
262.004 443.175
262.265 673.754
262.526 595.331
262.787 365.907
263.048 327.481
263.309 322.054
263.570 496.626
263.831 447.196
264.092 351.765
264.353 262.332
264.614 548.899
264.875 523.463
265.136 368.027
265.397 533.589
265.658 545.149
265.919 561.709
266.181 555.267
266.442 414.823
266.703 362.379
266.964 319.932
267.225 322.485
267.486 375.036
267.747 475.586
268.008 516.134
268.269 505.682
268.530 518.227
268.791 503.772
269.052 524.315
269.313 496.857
269.574 437.397
269.835 455.936
270.096 496.474
270.357 523.010
270.618 392.545
270.879 306.079
271.141 380.611
271.402 375.143
271.663 347.672
271.924 460.201
272.185 496.728
272.446 467.254
272.707 405.778
272.968 347.302
273.229 303.824
273.490 379.344
273.751 374.863
274.012 413.382
274.273 545.898
274.534 484.414
274.795 463.928
275.056 486.441
275.317 360.952
275.578 293.462
275.839 380.971
276.101 369.479
276.362 342.986
276.623 356.491
276.884 493.995
277.145 573.497
277.406 533.999
277.667 376.499
277.928 325.997
278.189 529.495
278.450 501.991
278.711 442.486
278.972 481.980
279.233 384.473
279.494 494.964
279.755 642.454
280.016 621.943
280.277 456.430
280.538 454.917
280.799 405.402
281.061 425.886
281.322 438.368
281.583 469.850
281.844 367.330
282.105 378.809
282.366 520.286
282.627 438.763
282.888 517.238
283.149 502.712
283.410 434.185
283.671 519.657
283.932 479.127
284.193 320.597
284.454 413.065
284.715 487.531
284.976 403.997
285.237 497.462
285.498 708.925
285.759 598.387
286.021 532.848
286.282 439.308
286.543 487.766
286.804 475.223
287.065 492.680
287.326 552.135
287.587 439.588
287.848 529.041
288.109 642.493
288.370 591.943
288.631 393.392
288.892 311.840
289.153 373.287
289.414 369.733
289.675 571.178
289.936 633.621
290.197 575.063
290.458 497.504
290.719 415.944
290.981 590.383
291.242 645.821
291.503 583.258
291.764 405.693
292.025 274.128
292.286 357.561
292.547 543.993
292.808 489.424
293.069 508.854
293.330 533.283
293.591 527.711
293.852 464.137
294.113 421.563
294.374 428.987
294.635 468.410
294.896 480.833
295.157 541.254
295.418 544.674
295.679 551.093
295.941 501.510
296.202 505.927
296.463 521.343
296.724 564.758
296.985 562.171
297.246 539.584
297.507 405.995
297.768 422.405
298.029 509.815
298.290 678.223
298.551 729.630
298.812 742.036
299.073 538.441
299.334 386.845
299.595 536.248
299.856 585.650
300.117 700.051
300.378 599.451
300.639 371.850
300.901 369.247
301.162 491.644
301.423 593.040
301.684 725.434
301.945 724.828
302.206 471.221
302.467 505.612
302.728 492.003
302.989 519.393
303.250 525.781
303.511 566.169
303.772 627.555
304.033 584.941
304.294 616.325
304.555 536.709
304.816 509.092
305.077 518.473
305.338 441.854
305.599 457.233
305.861 521.612
306.122 582.990
306.383 551.366
306.644 493.742
306.905 418.117
307.166 615.490
307.427 606.863
307.688 533.235
307.949 487.606
308.210 517.976
308.471 510.345
308.732 450.713
308.993 409.080
309.254 457.446
309.515 383.811
309.776 539.175
310.037 551.538
310.298 395.900
310.559 445.262
310.821 599.622
311.082 565.982
311.343 398.340
311.604 348.698
311.865 362.055
312.126 425.410
312.387 479.765
312.648 446.119
312.909 450.472
313.170 496.824
313.434 476.175
313.698 429.526
313.963 557.875
314.227 452.224
314.491 455.571
314.755 503.918
315.019 509.264
315.284 364.608
315.548 468.952
315.812 493.296
316.076 605.638
316.340 535.979
316.604 514.320
316.869 617.659
317.133 555.998
317.397 617.336
317.661 645.673
317.925 488.009
318.190 461.344
318.454 461.678
318.718 420.012
318.982 566.344
319.246 673.676
319.511 782.007
319.775 571.337
320.039 500.666
320.303 438.995
320.567 550.322
320.832 540.649
321.096 478.975
321.360 485.300
321.624 458.624
321.888 438.947
322.153 457.270
322.417 412.591
322.681 307.912
322.945 428.232
323.209 571.551
323.473 540.870
323.738 515.187
324.002 520.504
324.266 579.820
324.530 559.135
324.794 485.449
325.059 458.763
325.323 377.075
325.587 458.387
325.851 489.698
326.115 635.009
326.380 597.318
326.644 564.627
326.908 509.935
327.172 520.242
327.436 590.548
327.701 532.854
327.965 506.159
328.229 529.463
328.493 356.766
328.757 384.068
329.022 570.370
329.286 454.671
329.550 430.971
329.814 484.270
330.078 511.569
330.342 435.867
330.607 481.164
330.871 568.460
331.135 637.756
331.399 632.050
331.663 521.344
331.928 464.638
332.192 552.930
332.456 543.222
332.720 589.513
332.984 494.803
333.249 537.093
333.513 491.382
333.777 352.670
334.041 301.957
334.305 439.244
334.570 573.530
334.834 469.815
335.098 608.100
335.362 650.383
335.626 564.666
335.891 486.949
336.155 518.230
336.419 537.511
336.683 406.791
336.947 458.071
337.211 464.350
337.476 379.628
337.740 417.905
338.004 453.182
338.268 454.458
338.532 543.733
338.797 499.007
339.061 512.281
339.325 628.554
339.589 697.827
339.853 588.099
340.118 511.370
340.382 551.640
340.646 665.910
340.910 492.179
341.174 446.447
341.439 446.715
341.703 501.982
341.967 464.248
342.231 496.514
342.495 468.779
342.759 569.043
343.024 532.307
343.288 625.570
343.552 601.832
343.816 376.094
344.080 442.355
344.345 543.615
344.609 386.875
344.873 306.134
345.137 504.393
345.401 583.650
345.666 368.908
345.930 552.164
346.194 657.420
346.458 486.675
346.722 445.930
346.987 389.184
347.251 530.437
347.515 725.690
347.779 510.942
348.043 447.193
348.308 525.444
348.572 443.694
348.836 356.943
349.100 421.192
349.364 361.441
349.628 395.688
349.893 444.935
350.157 563.182
350.421 528.428
350.685 511.673
350.949 458.917
351.214 381.161
351.478 497.405
351.742 480.648
352.006 456.890
352.270 495.131
352.535 417.372
352.799 435.613
353.063 573.853
353.327 499.092
353.591 384.330
353.856 459.568
354.120 510.806
354.384 603.043
354.648 720.279
354.912 678.515
355.177 576.750
355.441 457.984
355.705 631.218
355.969 637.451
356.233 572.684
356.497 552.916
356.762 546.148
357.026 524.379
357.290 546.610
357.554 562.839
357.818 572.069
358.083 526.298
358.347 509.526
358.611 576.753
358.875 594.981
359.139 503.207
359.404 441.433
359.668 634.659
359.932 748.883
360.196 683.108
360.460 545.332
360.725 558.555
360.989 617.778
361.253 714.000
361.517 677.221
361.781 642.442
362.046 647.663
362.310 707.883
362.574 672.102
362.838 537.321
363.102 572.540
363.366 591.758
363.631 504.975
363.895 557.192
364.159 675.408
364.423 638.624
364.687 687.839
364.952 686.054
365.216 712.268
365.480 604.481
365.747 433.694
366.013 481.907
366.280 491.119
366.546 563.331
366.813 495.542
367.079 612.752
367.346 690.962
367.612 590.172
367.879 585.381
368.145 640.590
368.412 550.798
368.678 508.005
368.945 641.212
369.211 575.419
369.478 621.625
369.744 570.830
370.011 555.035
370.278 565.240
370.544 521.444
370.811 579.647
371.077 557.850
371.344 520.053
371.610 566.255
371.877 551.457
372.143 631.658
372.410 723.858
372.676 723.059
372.943 694.258
373.209 573.458
373.476 496.656
373.742 435.854
374.009 596.052
374.276 623.250
374.542 612.446
374.809 529.643
375.075 398.839
375.342 368.034
375.608 378.229
375.875 451.424
376.141 632.618
376.408 605.811
376.674 604.004
376.941 539.197
377.207 526.389
377.474 923.581
377.740 832.772
378.007 521.963
378.273 624.153
378.540 701.343
378.807 570.533
379.073 514.722
379.340 478.910
379.606 489.098
379.873 492.286
380.139 582.473
380.406 694.660
380.672 586.846
380.939 509.032
381.205 466.218
381.472 383.403
381.738 408.587
382.005 554.772
382.271 622.955
382.538 630.139
382.804 749.321
383.071 662.504
383.338 570.686
383.604 523.867
383.871 647.049
384.137 680.229
384.404 616.410
384.670 621.589
384.937 589.769
385.203 652.948
385.470 601.127
385.736 642.305
386.003 590.482
386.269 557.660
386.536 522.837
386.802 570.013
387.069 701.189
387.336 829.365
387.602 799.540
387.869 532.715
388.135 487.890
388.402 489.064
388.668 588.238
388.935 695.411
389.201 820.584
389.468 754.756
389.734 810.928
390.001 776.100
390.267 654.271
390.534 719.442
390.800 732.612
391.067 754.783
391.333 720.952
391.600 612.122
391.867 636.290
392.133 675.459
392.400 619.627
392.666 516.795
392.933 713.962
393.199 797.129
393.466 634.296
393.732 657.462
393.999 781.628
394.265 753.793
394.532 706.958
394.798 801.123
395.065 716.287
395.331 824.451
395.598 975.614
395.864 1025.778
396.131 1153.940
396.398 1360.103
396.664 1690.265
396.931 2137.426
397.197 2779.588
397.464 3360.749
397.730 4004.909
397.997 4479.069
398.263 4853.229
398.530 5225.389
398.796 5615.548
399.063 5872.706
399.329 5963.865
399.596 6141.023
399.862 6153.180
400.129 6263.338
400.396 6270.495
400.662 6064.651
400.929 6112.807
401.195 6265.963
401.462 6460.119
401.728 6632.274
401.995 6829.429
402.261 7066.583
402.528 7354.737
402.794 7774.891
403.061 8361.044
403.327 8743.197
403.594 8921.350
403.860 9285.502
404.127 9341.654
404.393 9517.806
404.660 9863.957
404.931 10227.108
405.202 10570.259
405.473 11101.409
405.745 11598.559
406.016 12117.709
406.287 12230.858
406.558 12190.007
406.829 12343.156
407.100 12416.304
407.371 12780.452
407.642 12875.600
407.914 13057.747
408.185 13213.894
408.456 13119.040
408.727 13192.187
408.998 13443.333
409.269 13621.478
409.540 13679.624
409.811 13241.769
410.083 13012.913
410.354 12911.058
410.625 12472.202
410.896 12235.345
411.167 11989.489
411.438 11694.632
411.709 11204.775
411.981 10796.917
412.252 10053.059
412.523 9284.201
412.794 8940.342
413.065 8440.484
413.336 7643.624
413.607 7240.765
413.878 6752.905
414.150 6258.045
414.421 5853.185
414.692 5349.324
414.963 5009.463
415.234 4853.602
415.505 4501.740
415.776 4215.878
416.047 3806.016
416.319 3408.153
416.590 2924.291
416.861 2417.427
417.132 2421.564
417.403 2218.700
417.674 1909.836
417.945 1659.972
418.217 1481.107
418.488 1473.242
418.759 1265.377
419.030 1135.511
419.301 1118.646
419.572 1079.780
419.843 1075.913
420.114 918.046
420.386 928.179
420.657 1069.312
420.928 911.444
421.199 848.577
421.470 785.708
421.741 659.840
422.012 708.971
422.283 762.102
422.555 769.233
422.826 845.363
423.097 951.493
423.368 857.623
423.639 709.753
423.910 823.882
424.181 698.011
424.453 637.140
424.724 923.268
424.995 998.396
425.266 854.524
425.537 745.652
425.808 946.779
426.079 1002.906
426.350 921.033
426.622 907.160
426.893 1078.286
427.164 980.412
427.435 865.537
427.706 869.663
427.977 905.788
428.248 880.913
428.519 937.037
428.791 916.162
429.062 1056.286
429.333 899.410
429.604 854.533
429.875 1008.656
430.146 1007.779
430.417 1032.902
430.689 1011.025
430.960 851.147
431.231 862.269
431.502 1006.390
431.773 1027.512
432.044 891.633
432.315 995.754
432.586 987.875
432.858 957.995
433.129 758.115
433.400 753.235
433.671 833.355
433.942 777.474
434.213 613.593
434.484 649.712
434.755 809.831
435.027 649.949
435.298 750.067
435.569 820.185
435.840 731.302
436.116 740.420
436.391 756.537
436.667 755.654
436.942 818.770
437.218 883.887
437.493 859.003
437.769 881.119
438.045 772.234
438.320 808.350
438.596 795.465
438.871 633.580
439.147 672.694
439.422 691.809
439.698 564.923
439.974 688.037
440.249 888.151
440.525 887.264
440.800 605.377
441.076 704.490
441.351 884.603
441.627 928.715
441.903 901.828
442.178 695.940
442.454 696.052
442.729 873.163
443.005 735.274
443.281 878.385
443.556 1020.496
443.832 851.607
444.107 704.717
444.383 733.828
444.658 711.937
444.934 585.047
445.210 774.157
445.485 920.266
445.761 938.375
446.036 856.484
446.312 907.592
446.587 874.701
446.863 728.809
447.139 752.917
447.414 797.024
447.690 857.132
447.965 892.239
448.241 818.346
448.516 842.453
448.792 820.559
449.068 761.666
449.343 814.772
449.619 766.878
449.894 843.983
450.170 814.089
450.445 1023.194
450.721 1167.299
450.997 859.404
451.272 956.508
451.548 959.613
451.823 927.717
452.099 1040.821
452.375 982.925
452.650 962.028
452.926 1002.131
453.201 1021.235
453.477 1278.337
453.752 1169.440
454.028 1042.543
454.304 1098.645
454.579 1217.747
454.855 1126.849
455.130 1131.950
455.406 1204.052
455.681 1178.153
455.957 1109.254
456.233 1038.355
456.508 1047.455
456.784 1059.556
457.059 1058.656
457.335 1178.756
457.610 1015.856
457.886 963.955
458.162 920.055
458.437 893.154
458.713 960.253
458.988 907.351
459.264 946.450
459.539 976.548
459.815 872.647
460.091 773.745
460.366 724.842
460.642 684.940
460.917 787.037
461.193 768.134
461.468 693.231
461.744 674.328
462.020 701.425
462.295 728.521
462.571 709.617
462.846 759.713
463.122 870.809
463.397 880.905
463.673 792.208
463.949 830.265
464.224 845.345
464.500 918.367
464.775 904.380
465.051 944.585
465.327 1091.477
465.602 1346.969
465.878 1497.260
466.153 1439.971
466.429 1671.273
466.704 1965.107
466.980 1959.131
467.256 2086.224
467.531 2343.660
467.807 2410.229
468.082 2441.384
468.358 2450.044
468.633 2602.094
468.909 2535.921
469.185 2502.381
469.460 2618.673
469.736 2642.550
470.011 2569.127
470.287 2559.592
470.562 2553.755
470.838 2388.916
471.114 2461.117
471.389 2423.834
471.665 2329.309
471.940 2291.271
472.216 2208.366
472.491 2006.034
472.767 1955.420
473.043 2029.547
473.318 2062.092
473.594 1818.406
473.869 1656.562
474.145 1495.919
474.421 1386.141
474.696 1297.726
474.972 1205.451
475.247 1276.086
475.523 1244.326
475.798 1175.347
476.074 1091.755
476.350 1038.890
476.625 1022.709
476.901 1065.610
477.176 1058.504
477.452 929.336
477.727 888.732
478.003 780.192
478.279 1022.149
478.554 1140.123
478.830 1039.640
479.105 1059.951
479.381 1028.537
479.656 943.430
479.932 1034.759
480.208 1121.854
480.483 1092.494
480.759 1101.679
481.034 1054.187
481.310 1051.241
481.585 1067.352
481.861 1047.275
482.137 954.663
482.412 1035.275
482.688 1075.449
482.963 1086.490
483.239 1143.600
483.514 964.324
483.790 1017.478
484.066 1223.338
484.341 1071.500
484.617 1005.708
484.892 1091.351
485.168 1129.243
485.443 1007.923
485.719 1021.921
485.995 1141.006
486.270 1084.455
486.546 958.750
486.821 918.276
487.097 897.786
487.373 982.779
487.648 1127.577
487.924 1131.464
488.199 975.225
488.475 838.761
488.750 860.724
489.026 981.372
489.302 979.488
489.577 936.448
489.853 964.992
490.128 1137.449
490.404 1084.554
490.679 919.269
490.955 1150.119
491.231 1269.453
491.506 1195.429
491.782 1060.535
492.057 1000.866
492.333 1062.586
492.608 995.147
492.884 991.309
493.160 855.377
493.435 942.424
493.711 1166.029
493.986 1128.723
494.262 1013.239
494.537 1018.216
494.813 1124.295
495.089 931.958
495.364 959.537
495.640 969.435
495.915 949.864
496.191 1176.217
496.467 1196.170
496.742 1137.131
497.018 1158.207
497.293 1060.552
497.569 1174.322
497.844 1090.583
498.120 1149.073
498.396 1155.395
498.671 1081.145
498.947 1216.273
499.222 1256.324
499.498 1246.702
499.773 1392.049
500.049 1439.764
500.325 1504.149
500.600 1632.231
500.876 1658.963
501.151 1931.171
501.427 2037.601
501.702 2276.908
501.978 2374.469
502.254 2443.776
502.529 2404.167
502.805 2638.282
503.080 2814.402
503.356 2678.061
503.631 2673.769
503.907 2792.614
504.183 2744.104
504.458 2826.160
504.734 2724.285
505.009 2732.446
505.285 2668.482
505.560 2629.456
505.836 2563.363
506.112 2623.151
506.387 2582.737
506.663 2499.307
506.938 2420.511
507.214 2357.892
507.490 2375.784
507.765 2243.285
508.041 2188.866
508.316 2149.582
508.592 1840.187
508.867 1820.297
509.143 1871.803
509.419 1659.813
509.694 1484.035
509.970 1411.888
510.245 1272.994
510.521 1351.790
510.796 1214.644
511.072 1131.795
511.348 1098.699
511.623 1120.702
511.899 1135.320
512.174 1207.746
512.450 1202.647
512.725 1113.428
513.001 930.033
513.277 847.991
513.552 1038.081
513.828 1008.487
514.103 1001.648
514.379 1077.653
514.654 983.078
514.930 1032.292
515.206 1356.173
515.481 1286.562
515.757 1086.262
516.032 1055.910
516.308 1251.178
516.583 1429.534
516.859 1362.549
517.135 1379.166
517.410 1489.280
517.686 1570.005
517.961 1649.758
518.237 1689.298
518.513 1711.260
518.788 2068.469
519.064 2277.859
519.339 2350.654
519.615 2410.223
519.890 2585.396
520.166 2761.195
520.442 2974.191
520.717 3106.111
520.993 3122.653
521.268 3042.712
521.544 3112.071
521.819 3104.232
522.095 3211.679
522.371 3388.910
522.646 3392.806
522.922 3554.367
523.197 3571.669
523.473 3653.480
523.748 3531.052
524.024 3500.490
524.300 3533.086
524.575 3456.591
524.851 3590.622
525.126 3639.831
525.402 3643.373
525.677 3588.887
525.953 3493.738
526.229 3460.336
526.504 3378.539
526.780 3577.089
527.055 3551.863
527.331 3536.611
527.606 3683.736
527.882 3650.604
528.158 3477.915
528.433 3649.716
528.709 3522.136
528.984 3503.960
529.260 3540.564
529.535 3443.081
529.811 3214.513
530.087 3163.974
530.362 3077.485
530.638 3125.592
530.913 3195.323
531.189 3114.488
531.465 2893.504
531.740 2755.295
532.016 2781.228
532.291 2687.475
532.567 2647.199
532.842 2592.993
533.118 2461.715
533.394 2509.793
533.669 2247.224
533.945 1999.227
534.220 1952.592
534.496 2037.315
534.771 1982.828
535.047 1929.210
535.323 1835.448
535.598 1848.349
535.874 1970.328
536.149 1980.131
536.425 1921.460
536.700 2007.622
536.976 2402.792
537.252 3064.677
537.527 3606.054
537.803 4390.983
538.078 5192.801
538.354 5653.034
538.629 5917.513
538.905 6366.388
539.181 6880.974
539.456 7331.721
539.732 7918.481
540.007 8241.341
540.283 8322.663
540.558 8814.010
540.834 9209.345
541.110 9440.302
541.385 9751.249
541.661 10065.166
541.936 10298.190
542.212 10279.415
542.488 10421.195
542.763 10678.931
543.039 10863.191
543.314 10630.112
543.590 10572.203
543.865 10717.243
544.141 10503.792
544.417 10297.293
544.692 9926.941
544.968 9768.108
545.243 9571.113
545.519 9194.235
545.794 9041.401
546.070 9012.628
546.348 8801.750
546.627 8349.715
546.905 8397.878
547.183 8281.948
547.461 8304.842
547.740 8256.236
548.018 8049.785
548.296 8181.865
548.575 8397.410
548.853 8569.261
549.131 8812.611
549.409 9157.096
549.688 9631.356
549.966 9872.480
550.244 10340.787
550.523 10393.029
550.801 10570.910
551.079 10911.644
551.357 11059.076
551.636 11018.556
551.914 11180.307
552.192 11185.290
552.471 11307.933
552.749 11582.255
553.027 11940.001
553.306 12295.077
553.584 12841.835
553.862 13066.992
554.140 13468.811
554.419 13893.538
554.697 14609.553
554.975 14998.440
555.254 15415.892
555.532 15437.997
555.810 15558.596
556.088 15662.719
556.367 15227.520
556.645 14910.228
556.923 14749.772
557.202 14573.194
557.480 14437.736
557.758 13957.244
558.036 13579.990
558.315 13215.896
558.593 12960.379
558.871 12446.391
559.150 12016.591
559.428 11510.833
559.706 11014.756
559.984 10467.493
560.263 10212.510
560.541 9550.937
560.819 8945.543
561.098 8264.926
561.376 7491.897
561.654 6652.522
561.932 5846.653
562.211 5242.768
562.489 4788.445
562.767 4298.293
563.046 3759.722
563.324 3327.178
563.602 3078.740
563.880 2772.570
564.159 2647.857
564.437 2524.559
564.715 2219.927
564.994 2023.237
565.272 2041.518
565.550 1780.739
565.828 1562.724
566.107 1579.489
566.385 1436.557
566.663 1305.666
566.942 1302.163
567.220 1302.210
567.498 1427.546
567.776 1213.169
568.055 1081.485
568.333 1149.800
568.611 1202.158
568.890 1061.548
569.168 929.474
569.446 977.761
569.725 972.976
570.003 844.519
570.281 806.697
570.559 881.210
570.838 902.438
571.116 980.877
571.394 996.427
571.673 1020.717
571.951 942.142
572.229 870.342
572.507 875.121
572.786 891.582
573.064 874.968
573.342 829.249
573.621 684.571
573.899 792.909
574.177 1000.759
574.455 893.278
574.734 797.328
575.012 858.039
575.290 788.405
575.569 849.027
575.847 920.562
576.125 869.577
576.403 709.375
576.682 717.984
576.960 816.980
577.243 876.260
577.527 702.784
577.810 573.764
578.093 657.215
578.377 709.942
578.660 673.425
578.944 634.932
579.227 664.946
579.510 764.758
579.794 717.942
580.077 663.756
580.360 708.110
580.644 712.829
580.927 704.635
581.210 717.602
581.494 641.386
581.777 692.533
582.061 659.403
582.344 625.209
582.627 630.237
582.911 612.335
583.194 585.046
583.477 764.730
583.761 793.716
584.044 833.680
584.327 783.607
584.611 668.765
584.894 673.804
585.178 672.848
585.461 710.853
585.744 779.827
586.028 654.650
586.311 735.693
586.594 772.736
586.878 682.779
587.161 690.822
587.444 748.865
587.728 750.908
588.011 753.950
588.295 626.993
588.578 681.354
588.861 823.255
589.145 721.120
589.428 675.838
589.711 528.205
589.995 593.653
590.278 824.465
590.562 684.331
590.845 620.752
591.128 816.781
591.412 756.943
591.695 696.802
591.978 825.889
592.262 768.813
592.545 568.917
592.828 766.133
593.112 647.763
593.395 572.032
593.679 533.655
593.962 712.978
594.245 703.355
594.529 607.873
594.812 498.960
595.095 447.756
595.379 691.197
595.662 772.442
595.945 632.688
596.229 517.022
596.512 583.365
596.796 645.430
597.079 734.931
597.362 788.436
597.646 753.077
597.929 625.520
598.212 636.800
598.496 695.140
598.779 810.979
599.062 892.953
599.346 751.828
599.629 709.706
599.913 712.002
600.196 724.849
600.479 688.741
600.763 690.444
601.046 602.597
601.329 665.237
601.613 760.983
601.896 687.276
602.179 792.730
602.463 803.574
602.746 854.693
603.030 912.688
603.313 790.143
603.596 624.333
603.880 686.504
604.163 738.503
604.446 737.818
604.730 733.938
605.013 841.868
605.296 878.970
605.580 713.484
605.863 792.856
606.147 724.333
606.430 669.523
606.713 799.042
606.997 754.808
607.280 874.460
607.563 860.798
607.847 755.400
608.130 777.485
608.414 895.157
608.697 784.627
608.980 749.193
609.264 879.377
609.547 743.391
609.830 767.914
610.114 823.778
610.397 789.535
610.680 837.723
610.964 826.657
611.247 795.322
611.531 758.847
611.814 680.376
612.097 736.350
612.381 937.625
612.664 1104.431
612.947 905.252
613.231 795.377
613.514 830.576
613.797 962.243
614.081 981.925
614.364 960.350
614.648 984.945
614.931 961.405
615.214 905.449
615.498 959.473
615.781 1014.587
616.064 979.190
616.348 1112.100
616.631 1180.226
616.914 1177.132
617.198 1080.791
617.481 1044.373
617.765 1034.591
618.048 1085.006
618.331 1043.581
618.615 960.655
618.898 1134.604
619.181 1102.031
619.465 1003.255
619.748 971.639
620.031 888.478
620.315 843.804
620.598 958.764
620.882 1058.063
621.165 1194.339
621.448 1031.353
621.732 925.946
622.015 816.529
622.298 813.207
622.582 931.818
622.865 884.832
623.148 794.958
623.432 908.696
623.715 788.611
623.999 967.761
624.282 932.623
624.565 892.281
624.849 782.658
625.132 655.239
625.415 920.395
625.699 1029.331
625.982 931.485
626.265 828.247
626.549 791.081
626.832 900.207
627.116 891.151
627.399 689.166
627.682 680.754
627.966 708.301
628.249 757.924
628.532 679.810
628.816 871.058
629.099 807.093
629.383 797.311
629.666 772.774
629.949 723.686
630.233 726.257
630.516 773.686
630.799 774.167
631.083 707.807
631.366 713.337
631.649 673.317
631.933 600.213
632.216 785.220
632.500 821.698
632.783 790.211
633.066 768.363
633.350 768.101
633.633 849.438
633.916 838.511
634.200 763.264
634.483 806.626
634.766 879.800
635.050 816.365
635.333 730.939
635.617 794.159
635.900 879.888
636.183 936.911
636.467 862.333
636.750 922.057
637.033 1010.767
637.317 962.790
637.600 983.532
637.883 966.677
638.167 960.172
638.450 997.730
638.734 956.562
639.017 1007.154
639.300 1079.282
639.584 1117.592
639.867 1282.262
640.150 1199.036
640.434 1226.195
640.717 1290.499
641.000 1173.707
641.284 1198.036
641.567 1145.865
641.851 1191.374
642.134 1364.821
642.417 1331.800
642.701 1495.844
642.984 1493.541
643.267 1401.798
643.551 1317.558
643.834 1271.962
644.117 1328.853
644.401 1350.747
644.684 1474.488
644.968 1652.873
645.251 1591.314
645.534 1499.411
645.818 1604.506
646.101 1800.408
646.384 1817.339
646.668 1922.532
646.951 2030.543
647.235 2207.292
647.518 2360.517
647.801 2553.215
648.085 2824.086
648.368 3066.431
648.651 3204.618
648.935 3570.381
649.218 3979.072
649.501 4192.088
649.785 4475.364
650.068 4929.120
650.352 5214.256
650.635 5520.726
650.918 5962.118
651.202 6735.283
651.485 7536.580
651.768 8139.781
652.052 8671.191
652.335 9388.835
652.618 9996.310
652.902 10962.735
653.185 11899.231
653.469 12140.184
653.752 12484.279
654.035 12992.515
654.319 13466.265
654.602 13738.623
654.885 13893.718
655.169 14189.008
655.452 14290.787
655.735 14489.594
656.019 14657.581
656.302 14800.526
656.586 15043.428
656.869 15476.588
657.152 15494.606
657.436 15475.022
657.719 15462.451
658.002 15479.016
658.286 15273.469
658.569 14816.377
658.852 14475.981
659.136 14164.287
659.419 13654.672
659.703 12958.254
659.986 12345.086
660.269 11912.450
660.553 11591.431
660.836 11401.419
661.119 11306.937
661.403 11205.758
661.686 11082.486
661.969 11012.322
662.253 10867.013
662.536 10796.920
662.820 10734.481
663.103 10548.912
663.386 10353.200
663.670 10177.773
663.953 9965.903
664.236 9951.713
664.520 9778.490
664.803 9854.506
665.086 9825.330
665.370 9837.340
665.653 9851.553
665.937 9706.401
666.220 9617.180
666.503 9503.618
666.787 9416.425
667.070 9413.235
667.353 9251.678
667.637 8836.389
667.920 8568.669
668.204 7874.604
668.487 7077.073
668.770 6571.070
669.054 5757.453
669.337 5107.897
669.620 4345.438
669.904 3805.399
670.187 3412.772
670.470 3053.018
670.754 2572.433
671.037 2250.524
671.321 2083.800
671.604 2067.553
671.887 1877.272
672.171 1718.651
672.454 1632.054
672.737 1554.484
673.021 1409.440
673.304 1370.874
673.587 1551.600
673.871 1569.224
674.154 1485.947
674.438 1546.084
674.721 1469.030
675.004 1453.080
675.288 1488.087
675.571 1521.573
675.854 1494.824
676.138 1572.682
676.421 1603.228
676.704 1635.904
676.988 1760.146
677.271 2066.744
677.555 2004.793
677.838 1864.179
678.121 1782.736
678.405 1674.653
678.688 1705.736
678.971 1398.099
679.255 1470.741
679.538 1439.648
679.821 1468.721
680.105 1332.163
680.388 1180.581
680.672 1187.033
680.955 1249.430
681.238 1209.134
681.522 1138.258
681.805 1125.162
682.088 1218.809
682.372 1233.662
682.655 1132.681
682.938 1219.347
683.222 1174.489
683.505 1080.654
683.789 1126.658
684.072 1105.787
684.355 1077.519
684.639 1069.196
684.922 956.487
685.205 1000.356
685.489 1118.336
685.772 1131.026
686.056 1085.165
686.339 1123.894
686.622 1017.191
686.906 986.946
687.189 1092.400
687.472 1253.178
687.756 1120.511
688.039 989.139
688.322 973.508
688.606 1209.443
688.889 1172.935
689.173 1076.928
689.456 1225.179
689.739 1222.074
690.023 1169.731
690.306 1191.655
690.589 1181.065
690.873 1279.758
691.156 1358.868
691.439 1280.850
691.723 1228.847
692.006 1328.069
692.290 1321.176
692.573 1411.211
692.856 1453.908
693.140 1487.094
693.423 1419.328
693.706 1291.290
693.990 1287.611
694.273 1283.207
694.556 1482.114
694.840 1540.014
695.123 1402.085
695.407 1376.927
695.690 1346.310
695.973 1404.424
696.257 1509.079
696.540 1691.708
696.830 1608.802
697.120 1639.659
697.410 1752.990
697.699 1743.012
697.989 1995.349
698.279 1849.728
698.569 1712.612
698.859 1790.505
699.149 1868.668
699.439 1822.861
699.729 1683.271
700.018 1679.213
700.308 1776.405
700.598 1691.822
700.888 1673.476
701.178 1836.269
701.468 1767.493
701.758 1640.093
702.048 1724.036
702.337 1701.536
702.627 1732.435
702.917 1566.969
703.207 1458.097
703.497 1435.527
703.787 1285.364
704.077 1217.264
704.366 1246.972
704.656 1107.330
704.946 1020.031
705.236 955.099
705.526 1053.970
705.816 1156.788
706.106 878.489
706.396 853.733
706.685 863.129
706.975 718.167
707.265 693.971
707.555 882.066
707.845 807.992
708.135 703.951
708.425 609.002
708.715 685.789
709.004 895.608
709.294 855.117
709.584 808.088
709.874 855.448
710.164 800.244
710.454 712.915
710.744 699.400
711.034 768.753
711.323 756.435
711.613 705.276
711.903 847.181
712.193 921.933
712.483 762.663
712.773 744.003
713.063 696.441
713.352 728.400
713.642 758.278
713.932 827.065
714.222 799.186
714.512 735.201
714.802 718.807
715.092 794.410
715.382 712.624
715.671 633.084
715.961 661.751
716.251 632.871
716.541 716.017
716.831 730.735
717.121 613.602
717.411 746.420
717.701 812.469
717.990 756.031
718.280 692.526
718.570 704.963
718.860 696.678
719.150 717.422
719.440 639.468
719.730 576.107
720.019 823.670
720.309 765.261
720.599 721.347
720.889 702.652
721.179 763.917
721.469 777.122
721.759 684.887
722.049 787.496
722.338 717.526
722.628 731.414
722.918 749.926
723.208 801.389
723.498 648.525
723.788 710.768
724.078 877.295
724.368 800.897
724.657 704.771
724.947 710.293
725.237 722.582
725.527 751.560
725.817 668.888
726.107 627.329
726.397 607.040
726.686 561.606
726.976 685.418
727.266 744.433
727.556 632.267
727.846 797.469
728.136 788.014
728.426 647.120
728.716 568.652
729.005 713.052
729.295 666.561
729.585 533.895
729.875 566.795
730.165 693.456
730.455 715.785
730.745 720.384
731.035 676.714
731.324 775.327
731.614 717.531
731.904 594.828
732.194 739.649
732.484 729.688
732.774 644.105
733.064 631.479
733.354 514.768
733.643 569.953
733.933 623.024
734.223 613.297
734.513 795.578
734.803 853.936
735.093 665.663
735.383 605.786
735.672 658.540
735.962 711.708
736.252 509.664
736.542 590.016
736.832 616.480
737.122 465.144
737.412 595.556
737.702 767.897
737.991 730.625
738.281 700.617
738.571 671.461
738.861 611.779
739.151 589.161
739.441 670.214
739.731 605.337
740.021 677.485
740.310 762.000
740.600 717.362
740.890 555.377
741.180 587.095
741.470 658.191
741.760 761.863
742.050 857.638
742.339 732.747
742.629 627.919
742.919 813.894
743.209 623.385
743.499 560.718
743.789 569.213
744.079 668.243
744.369 705.188
744.658 613.443
744.948 449.489
745.238 647.179
745.528 723.511
745.818 815.518
746.108 737.165
746.398 730.965
746.688 650.547
746.977 804.489
747.267 683.356
747.557 723.816
747.847 754.650
748.137 708.654
748.427 683.798
748.717 545.056
749.006 451.000
749.296 603.859
749.586 682.879
749.876 742.344
750.166 630.809
750.456 627.469
750.746 695.978
751.036 612.165
751.325 725.956
751.615 657.770
751.905 695.751
752.195 758.465
752.485 670.484
752.775 670.173
753.065 615.137
753.355 730.271
753.644 768.328
753.934 698.372
754.224 647.540
754.514 804.836
754.804 612.472
755.094 453.013
755.384 515.218
755.674 619.550
755.963 679.749
756.253 646.314
756.543 745.985
756.833 796.749
757.123 701.591
757.413 622.917
757.703 608.866
757.992 563.658
758.282 635.400
758.572 664.198
758.862 583.814
759.152 607.953
759.442 619.410
759.732 737.639
760.022 758.763
760.311 676.043
760.601 556.343
760.891 667.026
761.181 715.620
761.471 671.087
761.761 597.259
762.051 572.101
762.341 740.558
762.630 834.978
762.920 634.593
763.210 623.154
763.500 677.933
763.793 622.563
764.086 643.729
764.379 641.088
764.671 751.770
764.964 630.057
765.257 642.148
765.550 675.719
765.843 549.729
766.136 652.569
766.429 608.233
766.722 610.659
767.014 567.809
767.307 427.412
767.600 485.839
767.893 541.790
768.186 553.905
768.479 648.680
768.772 732.368
769.064 685.006
769.357 603.770
769.650 616.494
769.943 765.941
770.236 676.331
770.529 581.264
770.822 603.460
771.115 637.751
771.407 799.866
771.700 801.901
771.993 770.406
772.286 719.192
772.579 748.726
772.872 575.357
773.165 515.899
773.457 654.021
773.750 662.771
774.043 638.571
774.336 627.112
774.629 711.550
774.922 714.304
775.215 627.540
775.508 637.371
775.800 611.596
776.093 708.906
776.386 724.307
776.679 626.363
776.972 693.852
777.265 874.131
777.558 854.154
777.850 772.911
778.143 748.807
778.436 737.505
778.729 690.550
779.022 693.582
779.315 612.192
779.608 491.606
779.900 490.618
780.193 592.143
780.486 666.866
780.779 681.259
781.072 561.355
781.365 635.155
781.658 677.978
781.951 589.641
782.243 649.599
782.536 712.165
782.829 660.977
783.122 661.997
783.415 678.401
783.708 670.394
784.001 705.516
784.293 740.638
784.586 753.940
784.879 710.871
785.172 674.140
785.465 652.788
785.758 652.804
786.051 648.813
786.344 792.532
786.636 789.337
786.929 651.216
787.222 609.409
787.515 555.152
787.808 613.001
788.101 610.020
788.394 747.898
788.686 830.832
788.979 784.679
789.272 764.930
789.565 752.207
789.858 624.478
790.151 555.188
790.444 542.218
790.737 569.776
791.029 589.613
791.322 688.431
791.615 563.135
791.908 630.210
792.201 641.573
792.494 617.021
792.787 715.028
793.079 826.425
793.372 689.164
793.665 690.864
793.958 647.011
794.251 632.072
794.544 755.960
794.837 868.395
795.130 708.889
795.422 711.896
795.715 682.999
796.008 678.706
796.301 678.366
796.594 630.573
796.887 697.322
797.180 676.098
797.472 531.548
797.765 449.809
798.058 551.966
798.351 533.589
798.644 499.706
798.937 507.698
799.230 621.749
799.523 1011.218
799.815 882.620
800.108 582.536
800.401 560.617
800.694 675.962
800.987 639.412
801.280 712.633
801.573 799.561
801.865 813.563
802.158 705.980
802.451 612.183
802.744 576.270
803.037 601.235
803.330 580.872
803.623 721.026
803.915 718.048
804.208 585.913
804.501 658.173
804.794 700.230
805.087 650.545
805.380 539.639
805.673 538.114
805.966 655.246
806.258 580.767
806.551 619.097
806.844 648.229
807.137 730.303
807.430 566.934
807.723 585.022
808.016 818.972
808.308 782.406
808.601 576.031
808.894 496.722
809.187 583.844
809.480 650.676
809.773 674.157
810.066 690.947
810.359 774.236
810.651 705.178
810.944 439.361
811.237 490.274
811.530 702.196
811.825 555.446
812.119 505.455
812.414 503.452
812.709 619.127
813.003 664.929
813.298 614.727
813.593 694.002
813.887 565.784
814.182 894.533
814.476 819.314
814.771 740.141
815.066 680.624
815.360 622.020
815.655 578.336
815.950 602.337
816.244 697.977
816.539 775.868
816.834 754.476
817.128 762.404
817.423 821.784
817.718 974.626
818.012 762.256
818.307 441.817
818.602 602.693
818.896 747.682
819.191 669.329
819.486 652.185
819.780 749.007
820.075 832.095
820.369 803.841
820.664 632.846
820.959 699.113
821.253 765.137
821.548 708.157
821.843 779.217
822.137 769.647
822.432 685.849
822.727 676.151
823.021 631.987
823.316 784.177
823.611 761.750
823.905 633.248
824.200 541.579
824.495 696.745
824.789 789.587
825.084 713.954
825.379 629.279
825.673 658.469
825.968 731.835
826.262 677.541
826.557 730.725
826.852 768.181
827.146 702.379
827.441 659.231
827.736 741.686
828.030 671.289
828.325 514.540
828.620 703.514
828.914 769.101
829.209 620.485
829.504 820.522
829.798 816.683
830.093 667.843
830.388 600.205
830.682 476.037
830.977 625.075
831.271 710.961
831.566 623.273
831.861 615.723
832.155 578.873
832.450 680.010
832.745 785.468
833.039 655.619
833.334 585.819
833.629 689.984
833.923 623.190
834.218 575.851
834.513 532.518
834.807 539.381
835.102 475.731
835.397 487.686
835.691 497.581
835.986 547.204
836.281 532.876
836.575 523.562
836.870 574.310
837.164 564.132
837.459 555.782
837.754 617.319
838.048 598.970
838.343 559.413
838.638 621.368
838.932 666.195
839.227 611.255
839.522 659.281
839.816 633.427
840.111 602.241
840.406 582.585
840.700 737.909
840.995 920.163
841.290 942.078
841.584 751.340
841.879 728.917
842.174 686.744
842.468 669.119
842.763 590.095
843.057 695.634
843.352 692.228
843.647 673.504
843.941 631.627
844.236 707.171
844.531 756.999
844.825 703.227
845.120 775.484
845.415 834.045
845.709 732.845
846.004 792.553
846.299 657.944
846.593 785.589
846.888 740.769
847.183 664.664
847.477 584.164
847.772 641.978
848.066 696.131
848.361 676.092
848.656 678.018
848.950 657.868
849.245 742.159
849.540 687.254
849.834 841.550
850.129 884.961
850.424 742.478
850.718 708.864
851.013 819.223
851.308 723.004
851.602 735.648
851.897 876.597
852.192 1020.408
852.486 839.390
852.781 676.747
853.076 742.054
853.370 798.428
853.665 838.488
853.959 777.227
854.254 688.556
854.549 956.579
854.843 822.197
855.138 654.084
855.433 736.030
855.727 830.234
856.022 694.847
856.317 701.977
856.611 713.924
856.906 601.545
857.201 717.477
857.495 850.114
857.790 793.312
858.085 789.562
858.379 773.629
858.674 582.743
858.969 541.091
859.263 621.079
859.558 660.891
859.852 579.232
860.147 642.669
860.442 784.837
860.736 554.617
861.031 711.347
861.326 804.949
861.620 636.651
861.915 772.000
862.210 780.257
862.504 630.848
862.799 721.988
863.094 717.273
863.388 637.207
863.683 665.176
863.978 593.115
864.272 613.985
864.567 633.051
864.861 638.021
865.156 591.577
865.451 490.462
865.745 690.514
866.040 744.436
866.335 722.318
866.629 770.970
866.924 695.789
867.219 628.871
867.513 709.314
867.808 671.852
868.103 635.707
868.397 660.379
868.692 660.067
868.987 590.796
869.281 557.277
869.576 734.972
869.871 768.283
870.165 645.589
870.460 550.337
870.754 593.986
871.049 510.478
871.344 616.410
871.638 689.621
871.933 612.411
872.228 669.891
872.522 656.799
872.817 742.302
873.112 986.932
873.406 778.201
873.701 793.823
873.996 745.550
874.290 643.669
874.585 653.110
874.880 710.684
875.174 635.132
875.469 629.699
875.764 660.956
876.058 568.719
876.353 455.637
876.647 447.440
876.942 588.097
877.237 645.750
877.531 644.867
877.826 688.114
878.121 666.201
878.415 593.404
878.710 590.783
879.005 717.276
879.299 620.065
879.594 598.214
879.889 496.158
880.183 458.653
880.478 558.406
880.773 546.169
881.067 536.774
881.362 589.739
881.656 535.664
881.951 557.401
882.246 497.695
882.540 565.913
882.835 563.444
883.130 574.874
883.424 511.950
883.719 479.032
884.014 614.469
884.308 562.007
884.603 497.816
884.898 551.727
885.192 645.996
885.487 592.709
885.782 535.261
886.076 660.208
886.371 609.661
886.666 369.663
886.960 458.051
887.255 507.785
887.549 487.227
887.844 697.246
888.139 797.887
888.433 718.186
888.728 562.391
889.023 589.044
889.317 617.264
889.612 511.325
889.907 572.829
890.201 615.316
890.496 603.288
890.791 588.631
891.085 541.342
891.380 534.291
891.675 561.275
891.969 614.288
892.264 510.471
892.559 542.677
892.853 684.384
893.148 552.002
893.442 512.272
893.737 644.127
894.032 544.009
894.326 441.816
894.621 520.240
894.916 493.372
895.210 513.211
895.505 587.902
895.800 525.655
896.094 472.663
896.389 555.638
896.684 592.357
896.978 568.014
897.273 515.093
897.568 652.457
897.862 640.665
898.157 573.477
898.451 720.897
898.746 638.605
899.041 690.554
899.335 678.163
899.630 552.887
899.925 582.522
900.219 704.763
900.514 754.826
900.809 552.223
901.103 397.611
901.398 621.421
901.693 527.810
901.987 509.574
902.282 629.343
902.577 514.508
902.871 466.821
903.166 572.510
903.461 627.495
903.755 625.385
904.050 600.193
904.344 475.607
904.639 485.056
904.934 489.989
905.228 531.347
905.523 526.482
905.818 541.332
906.112 630.531
906.407 576.625
906.702 542.415
906.996 604.265
907.291 577.070
907.586 528.027
907.880 672.073
908.175 653.602
908.470 629.975
908.764 685.725
909.059 732.235
909.354 614.055
909.648 526.041
909.943 558.014
910.237 696.281
910.532 685.651
910.827 783.736
911.121 766.116
911.416 659.078
911.711 647.138
912.005 663.073
912.300 642.165
912.599 715.187
912.898 632.866
913.196 662.466
913.495 667.113
913.794 727.842
914.093 664.966
914.391 627.143
914.690 662.490
914.989 594.023
915.288 684.897
915.586 628.242
915.885 528.305
916.184 468.330
916.483 479.596
916.782 653.440
917.080 671.306
917.379 656.573
917.678 570.490
917.977 718.620
918.275 723.094
918.574 627.439
918.873 689.772
919.172 683.483
919.471 598.242
919.769 558.971
920.068 541.901
920.367 520.938
920.666 521.989
920.964 635.962
921.263 573.613
921.562 509.093
921.861 637.396
922.159 593.055
922.458 640.591
922.757 645.389
923.056 617.646
923.355 644.936
923.653 764.436
923.952 709.439
924.251 553.651
924.550 671.447
924.848 737.677
925.147 638.789
925.446 602.727
925.745 660.595
926.043 642.996
926.342 654.923
926.641 575.588
926.940 640.519
927.239 731.999
927.537 784.461
927.836 691.930
928.135 701.457
928.434 792.323
928.732 720.057
929.031 674.171
929.330 761.718
929.629 723.211
929.927 662.919
930.226 631.164
930.525 669.141
930.824 773.434
931.123 757.043
931.421 801.617
931.720 743.138
932.019 773.872
932.318 767.595
932.616 681.778
932.915 653.869
933.214 711.280
933.513 767.513
933.812 773.676
934.110 812.864
934.409 890.566
934.708 794.873
935.007 1045.138
935.305 1015.884
935.604 767.568
935.903 867.081
936.202 928.701
936.500 1028.662
936.799 1099.531
937.098 1033.198
937.397 989.903
937.696 910.053
937.994 887.550
938.293 996.074
938.592 837.870
938.891 877.957
939.189 1009.369
939.488 1029.728
939.787 1213.417
940.086 1038.805
940.384 931.792
940.683 846.745
940.982 876.835
941.281 1065.511
941.580 1300.520
941.878 1275.321
942.177 1034.851
942.476 1110.759
942.775 1030.894
943.073 803.392
943.372 805.160
943.671 1008.986
943.970 1130.509
944.268 1112.953
944.567 969.527
944.866 981.236
945.165 990.036
945.464 940.414
945.762 898.683
946.061 1086.997
946.360 1129.800
946.659 1107.766
946.957 1041.697
947.256 993.237
947.555 996.107
947.854 1056.860
948.153 909.081
948.451 906.809
948.750 910.241
949.049 893.113
949.348 1112.743
949.646 973.176
949.945 965.251
950.244 1108.407
950.543 1000.454
950.841 948.463
951.140 891.719
951.439 749.495
951.738 746.251
952.037 870.459
952.335 960.506
952.634 985.092
952.933 856.023
953.232 829.616
953.530 627.596
953.829 935.304
954.128 1093.174
954.427 926.031
954.725 1000.571
955.024 1021.439
955.323 1005.459
955.622 808.848
955.921 709.540
956.219 870.335
956.518 828.575
956.817 870.137
957.116 840.869
957.414 788.377
957.713 715.437
958.012 640.422
958.311 629.301
958.610 889.174
958.908 891.104
959.207 904.353
959.506 897.951
959.805 871.152
960.103 874.713
960.402 833.104
960.701 693.378
961.000 713.890
961.298 706.223
961.597 809.256
961.896 749.637
962.195 716.630
962.494 809.394
962.792 798.351
963.091 784.685
963.390 713.976
963.689 706.805
963.987 787.525
964.286 864.939
964.585 936.619
964.884 869.589
965.182 736.537
965.481 1064.278
965.780 1140.480
966.080 977.200
966.380 873.044
966.680 797.661
966.981 778.655
967.281 779.136
967.581 729.039
967.881 798.344
968.181 823.940
968.481 775.864
968.781 754.642
969.082 708.428
969.382 740.115
969.682 791.691
969.982 780.133
970.282 861.724
970.582 738.819
970.882 701.499
971.183 865.624
971.483 711.686
971.783 737.951
972.083 824.964
972.383 822.403
972.683 758.496
972.983 785.705
973.284 740.205
973.584 708.555
973.884 726.820
974.184 758.752
974.484 796.941
974.784 670.134
975.084 625.434
975.385 670.803
975.685 832.042
975.985 767.422
976.285 740.145
976.585 817.165
976.885 757.461
977.185 729.043
977.486 711.363
977.786 762.562
978.086 903.261
978.386 845.752
978.686 630.453
978.986 635.157
979.286 727.165
979.587 779.173
979.887 654.181
980.187 593.190
980.487 581.198
980.787 697.206
981.087 634.214
981.387 806.222
981.688 750.230
981.988 599.239
982.288 645.247
982.588 711.255
982.888 693.263
983.188 632.271
983.488 811.279
983.789 851.287
984.089 756.295
984.389 687.303
984.689 604.312
984.989 558.320
985.289 632.328
985.589 765.336
985.890 692.344
986.190 550.352
986.490 581.360
986.790 706.368
987.090 684.376
987.390 704.384
987.690 769.392
987.991 635.400
988.291 631.408
988.591 619.416
988.891 538.424
989.191 560.432
989.491 715.440
989.791 658.448
990.092 686.456
990.392 747.464
990.692 728.472
990.992 701.480
991.292 575.487
991.592 674.495
991.892 648.503
992.193 743.511
992.493 720.519
992.793 591.527
993.093 631.535
993.393 654.543
993.693 658.551
993.993 737.558
994.294 766.566
994.594 643.574
994.894 652.582
995.194 686.590
995.494 582.598
995.794 596.605
996.094 563.613
996.395 605.621
996.695 758.629
996.995 601.636
997.295 520.644
997.595 585.652
997.895 553.660
998.195 489.667
998.496 506.675
998.796 529.683
999.096 749.691
999.396 674.698
999.696 657.706
999.996 653.714
1000.296 756.722
1000.597 765.729
1000.897 630.737
1001.197 666.745
1001.497 883.752
1001.797 655.760
1002.097 545.768
1002.397 639.775
1002.698 644.783
1002.998 747.790
1003.298 733.798
1003.598 567.806
1003.898 494.813
1004.198 650.821
1004.498 762.829
1004.799 720.836
1005.099 724.844
1005.399 741.851
1005.699 750.859
1005.999 735.866
1006.299 634.874
1006.599 860.882
1006.900 812.889
1007.200 623.897
1007.500 655.904
1007.800 690.912
1008.100 609.919
1008.400 598.927
1008.700 576.934
1009.001 524.942
1009.301 549.949
1009.601 764.957
1009.901 821.964
1010.201 707.972
1010.501 674.979
1010.801 819.986
1011.102 659.994
1011.402 648.001
1011.702 578.009
1012.002 506.016
1012.302 686.024
1012.602 679.031
1012.902 668.038
1013.203 681.046
1013.503 745.053
1013.803 728.061
1014.103 570.068
1014.403 658.075
1014.703 601.083
1015.003 511.090
1015.304 701.097
1015.604 811.105
1015.904 626.112
1016.204 537.119
1016.504 607.127
1016.804 636.134
1017.104 593.141
1017.405 580.149
1017.705 590.156
1018.005 581.163
1018.305 597.170
1018.605 578.178
1018.905 472.185
1019.205 510.192
1019.506 843.200
1019.806 868.207
1020.106 718.214
1020.406 691.221
1020.706 667.229
1021.006 698.236
1021.306 828.243
1021.607 682.250
1021.907 755.257
1022.207 716.265
1022.507 574.272
1022.807 593.279
1023.107 589.286
1023.407 541.293
1023.708 567.300
1024.008 572.308
1024.308 674.315
1024.608 616.322
1024.908 505.329
1025.208 649.336
1025.508 836.343
1025.809 805.350
1026.109 670.357
1026.409 725.365
1026.709 715.372
1027.009 653.379
1027.309 710.386
1027.609 576.393
1027.910 532.400
1028.210 683.407
1028.510 806.414
1028.810 960.421
1029.110 827.428
1029.410 676.435
1029.710 770.442
1030.011 778.449
1030.311 793.456
1030.611 632.463
1030.911 634.470
1031.211 685.477
1031.511 594.484
1031.811 775.491
1032.112 814.498
1032.412 688.505
1032.712 531.512
1033.012 609.519
1033.312 781.526
1033.612 738.533
1033.912 653.540
1034.212 616.547
1034.513 573.554
1034.813 591.561
1035.113 646.568
1035.413 549.575
1035.713 597.582
1036.013 635.589
1036.313 628.595
1036.614 736.602
1036.914 656.609
1037.214 445.616
1037.514 609.623
1037.814 637.630
1038.114 592.637
1038.414 586.644
1038.715 703.650
1039.015 558.657
1039.315 465.664
1039.615 600.671
1039.915 609.678
1040.215 615.685
1040.515 624.691
1040.816 669.698
1041.116 631.705
1041.416 627.712
1041.716 582.718
1042.016 543.725
1042.316 689.732
1042.616 675.739
1042.917 568.746
1043.217 586.752
1043.517 590.759
1043.817 691.766
1044.117 649.773
1044.417 606.779
1044.717 631.786
1045.018 667.793
1045.318 742.799
1045.618 753.806
1045.918 643.813
1046.218 561.820
1046.518 607.826
1046.818 648.833
1047.119 530.840
1047.419 801.846
1047.719 782.853
1048.019 660.860
1048.319 726.866
1048.619 662.873
1048.919 638.880
1049.220 612.886
1049.520 676.893
1049.820 555.899
1050.120 475.906
1050.420 721.913
1050.720 667.919
1051.020 678.926
1051.321 730.932
1051.621 760.939
1051.921 647.946
1052.221 535.952
1052.521 474.959
1052.821 481.965
1053.121 661.972
1053.422 770.978
1053.722 810.985
1054.022 683.991
1054.322 739.998
1054.622 611.005
1054.922 574.011
1055.222 710.018
1055.523 675.024
1055.823 711.031
1056.123 730.037
1056.423 684.044
1056.723 750.050
1057.023 634.057
1057.323 490.063
1057.624 587.070
1057.924 702.076
1058.224 714.082
1058.524 618.089
1058.824 714.095
1059.124 653.102
1059.424 551.108
1059.725 673.115
1060.025 584.121
1060.325 567.128
1060.625 578.134
1060.925 635.140
1061.225 677.147
1061.525 753.153
1061.826 633.160
1062.126 633.166
1062.426 726.172
1062.726 777.179
1063.026 702.185
1063.326 873.191
1063.626 825.198
1063.927 685.204
1064.227 653.210
1064.527 576.217
1064.827 725.223
1065.127 680.229
1065.427 489.236
1065.727 456.242
1066.028 664.248
1066.328 715.255
1066.628 557.261
1066.928 504.267
1067.228 615.274
1067.528 613.280
1067.828 579.286
1068.129 492.293
1068.429 682.299
1068.729 792.305
1069.029 659.311
1069.329 543.318
1069.629 636.324
1069.929 709.330
1070.230 760.336
1070.530 711.343
1070.830 621.349
1071.130 711.355
1071.430 684.361
1071.730 660.367
1072.030 678.374
1072.331 584.380
1072.631 666.386
1072.931 744.392
1073.231 715.398
1073.531 643.405
1073.831 615.411
1074.131 743.417
1074.432 796.423
1074.732 654.429
1075.032 559.435
1075.332 551.442
1075.632 571.448
1075.932 576.454
1076.232 558.460
1076.533 577.466
1076.833 667.472
1077.133 642.478
1077.433 544.484
1077.733 528.490
1078.033 705.497
1078.333 714.503
1078.634 712.509
1078.934 697.515
1079.234 569.521
1079.534 726.527
1079.834 744.533
1080.134 643.539
1080.434 651.545
1080.735 611.551
1081.035 611.557
1081.335 495.563
1081.635 536.569
1081.935 615.575
1082.235 589.581
1082.535 608.587
1082.836 614.593
1083.136 615.599
1083.436 708.605
1083.736 722.611
1084.036 617.617
1084.336 604.623
1084.636 585.629
1084.937 699.635
1085.237 730.641
1085.537 645.647
1085.837 667.653
1086.137 651.659
1086.437 716.665
1086.737 630.671
1087.038 629.677
1087.338 761.683
1087.638 761.689
1087.938 575.695
1088.238 452.701
1088.538 600.707
1088.838 746.713
1089.139 791.719
1089.439 589.724
1089.739 678.730
1090.039 728.736
1090.339 755.742
1090.639 652.748
1090.939 672.754
1091.240 579.760
1091.540 591.766
1091.840 549.772
1092.140 708.777
1092.453 763.783
1092.766 612.789
1093.079 569.795
1093.392 598.801
1093.705 563.807
1094.018 650.812
1094.330 786.818
1094.643 682.824
1094.956 767.830
1095.269 727.836
1095.582 726.841
1095.895 647.847
1096.208 587.853
1096.521 620.859
1096.834 682.865
1097.147 650.870
1097.460 679.876
1097.773 736.882
1098.085 644.888
1098.398 571.893
1098.711 550.899
1099.024 498.905
1099.337 612.911
1099.650 727.916
1099.963 739.922
1100.276 572.928
1100.589 535.934
1100.902 677.939
1101.215 655.945
1101.528 715.951
1101.841 597.956
1102.153 677.962
1102.466 780.968
1102.779 580.974
1103.092 544.979
1103.405 639.985
1103.718 579.991
1104.031 555.996
1104.344 628.002
1104.657 588.008
1104.970 909.013
1105.283 762.019
1105.596 621.025
1105.909 656.030
1106.221 736.036
1106.534 689.041
1106.847 534.047
1107.160 443.053
1107.473 454.058
1107.786 592.064
1108.099 484.070
1108.412 504.075
1108.725 615.081
1109.038 508.086
1109.351 595.092
1109.664 658.098
1109.977 570.103
1110.289 584.109
1110.602 572.114
1110.915 612.120
1111.228 661.125
1111.541 588.131
1111.854 526.137
1112.167 416.142
1112.480 472.148
1112.793 546.153
1113.106 564.159
1113.419 689.164
1113.732 628.170
1114.044 506.175
1114.357 616.181
1114.670 636.186
1114.983 569.192
1115.296 567.197
1115.609 673.203
1115.922 656.208
1116.235 643.214
1116.548 650.219
1116.861 607.225
1117.174 616.230
1117.487 648.236
1117.800 829.241
1118.112 638.247
1118.425 558.252
1118.738 520.258
1119.051 536.263
1119.364 592.268
1119.677 663.274
1119.990 633.279
1120.303 659.285
1120.616 739.290
1120.929 617.296
1121.242 658.301
1121.555 694.306
1121.868 694.312
1122.180 655.317
1122.493 525.323
1122.806 554.328
1123.119 663.333
1123.432 714.339
1123.745 662.344
1124.058 577.349
1124.371 523.355
1124.684 678.360
1124.997 654.366
1125.310 624.371
1125.623 562.376
1125.935 498.382
1126.248 566.387
1126.561 657.392
1126.874 650.398
1127.187 725.403
1127.500 734.408
1127.813 695.414
1128.126 615.419
1128.439 655.424
1128.752 813.430
1129.065 570.435
1129.378 376.440
1129.691 556.445
1130.003 564.451
1130.316 527.456
1130.629 505.461
1130.942 571.467
1131.255 582.472
1131.568 549.477
1131.881 613.482
1132.194 672.488
1132.507 631.493
1132.820 562.498
1133.133 682.503
1133.446 569.509
1133.759 753.514
1134.071 1247.519
1134.384 902.524
1134.697 765.530
1135.010 892.535
1135.323 723.540
1135.636 578.545
1135.949 480.550
1136.262 539.556
1136.575 560.561
1136.888 548.566
1137.201 578.571
1137.514 605.576
1137.826 725.582
1138.139 649.587
1138.452 619.592
1138.765 846.597
1139.078 856.602
1139.391 824.607
1139.704 738.613
1140.017 692.618
1140.330 603.623
1140.643 563.628
1140.956 585.633
1141.269 680.638
1141.582 705.644
1141.894 566.649
1142.207 702.654
1142.520 623.659
1142.833 677.664
1143.146 575.669
1143.459 534.674
1143.772 582.679
1144.085 675.684
1144.398 586.690
1144.711 571.695
1145.024 532.700
1145.337 626.705
1145.650 729.710
1145.962 603.715
1146.275 600.720
1146.588 560.725
1146.901 662.730
1147.214 646.735
1147.527 564.740
1147.840 585.745
1148.153 582.750
1148.466 624.755
1148.779 621.760
1149.092 715.765
1149.405 593.770
1149.718 697.775
1150.030 719.781
1150.343 611.786
1150.656 512.791
1150.969 502.796
1151.282 745.801
1151.595 658.806
1151.908 590.811
1152.221 460.816
1152.534 482.821
1152.847 774.826
1153.160 719.830
1153.473 684.835
1153.785 752.840
1154.098 726.845
1154.411 758.850
1154.724 661.855
1155.037 786.860
1155.350 718.865
1155.663 715.870
1155.976 634.875
1156.289 646.880
1156.602 549.885
1156.915 449.890
1157.228 455.895
1157.541 560.900
1157.853 535.905
1158.166 636.910
1158.479 767.915
1158.792 734.919
1159.105 705.924
1159.418 731.929
1159.731 595.934
1160.044 559.939
1160.357 671.944
1160.670 671.949
1160.983 493.954
1161.296 606.959
1161.609 718.963
1161.921 676.968
1162.234 630.973
1162.547 470.978
1162.860 451.983
1163.173 497.988
1163.486 655.993
1163.799 680.997
1164.112 661.002
1164.425 659.007
1164.738 558.012
1165.051 524.017
1165.364 593.022
1165.676 663.026
1165.989 619.031
1166.302 590.036
1166.615 733.041
1166.928 666.046
1167.241 776.050
1167.554 788.055
1167.867 738.060
1168.180 643.065
1168.493 517.070
1168.806 580.074
1169.119 601.079
1169.432 666.084
1169.744 657.089
1170.057 621.094
1170.370 752.098
1170.683 729.103
1170.996 610.108
1171.309 617.113
1171.622 605.117
1171.935 582.122
1172.248 779.127
1172.561 744.132
1172.874 688.136
1173.187 724.141
1173.500 742.146
1173.812 765.150
1174.125 686.155
1174.438 701.160
1174.751 625.165
1175.064 617.169
1175.377 701.174
1175.690 635.179
1176.003 532.183
1176.316 607.188
1176.629 640.193
1176.942 615.197
1177.255 597.202
1177.567 545.207
1177.880 590.212
1178.193 724.216
1178.506 650.221
1178.819 717.226
1179.132 743.230
1179.445 544.235
1179.758 710.239
1180.071 709.244
1180.384 599.249
1180.697 633.253
1181.010 719.258
1181.323 817.263
1181.635 800.267
1181.948 716.272
1182.261 578.277
1182.574 536.281
1182.887 663.286
1183.200 841.290
1183.513 718.295
1183.826 591.300
1184.139 659.304
1184.452 634.309
1184.765 533.313
1185.078 487.318
1185.391 545.323
1185.703 536.327
1186.016 523.332
1186.329 510.336
1186.642 596.341
1186.955 760.345
1187.268 622.350
1187.581 620.355
1187.894 593.359
1188.207 662.364
1188.520 619.368
1188.833 595.373
1189.146 497.377
1189.459 437.382
1189.771 508.386
1190.084 687.391
1190.397 622.395
1190.710 717.400
1191.023 693.405
1191.336 654.409
1191.649 639.414
1191.962 662.418
1192.275 565.423
1192.588 644.427
1192.901 799.432
1193.214 612.436
1193.526 587.441
1193.839 677.445
1194.152 549.450
1194.465 635.454
1194.778 615.459
1195.091 656.463
1195.404 607.467
1195.717 595.472
1196.030 706.476
1196.343 665.481
1196.656 563.485
1196.969 581.490
1197.282 667.494
1197.594 629.499
1197.907 793.503
1198.220 809.508
1198.533 607.512
1198.846 586.516
1199.159 592.521
1199.472 575.525
1199.785 685.530
1200.098 601.534
1200.411 694.539
1200.724 668.543
1201.037 648.547
1201.350 542.552
1201.662 515.556
1201.975 638.561
1202.288 659.565
1202.601 224.569
