165.028 208.321
165.288 72.936
165.547 94.555
165.807 174.177
166.067 92.802
166.327 22.429
166.587 14.060
166.847 161.694
167.107 165.331
167.367 185.971
167.627 259.614
167.886 176.259
168.146 167.908
168.406 352.559
168.666 300.213
168.926 242.870
169.186 223.529
169.446 205.191
169.706 109.856
169.966 181.524
170.225 218.194
170.485 249.867
170.745 290.543
171.005 477.221
171.265 317.901
171.525 225.584
171.785 189.269
172.045 205.957
172.305 342.648
172.564 259.340
172.824 119.035
173.084 230.733
173.344 203.432
173.604 175.134
173.864 283.838
174.124 287.545
174.384 249.253
174.644 314.964
174.903 423.677
175.163 433.392
175.423 414.109
175.683 230.828
175.943 297.551
176.203 237.314
176.463 150.079
176.723 177.846
176.983 267.615
177.242 265.386
177.502 481.159
177.762 467.934
178.022 200.711
178.282 221.490
178.542 208.271
178.802 213.053
179.062 194.837
179.322 410.623
179.581 462.411
179.841 334.201
180.101 408.992
180.361 457.785
180.621 428.579
180.881 333.375
181.141 295.173
181.401 311.972
181.661 379.773
181.920 433.575
182.180 302.379
182.440 233.184
182.700 242.990
182.960 310.798
183.220 314.607
183.480 558.418
183.740 404.230
184.000 295.043
184.259 215.858
184.519 347.673
184.779 337.490
185.039 342.308
185.299 426.128
185.559 434.948
185.819 467.769
186.079 462.592
186.339 355.416
186.598 276.240
186.858 222.066
187.118 281.893
187.378 409.720
187.638 354.549
187.898 478.378
188.158 551.208
188.418 395.040
188.678 306.872
188.937 373.704
189.197 456.538
189.457 446.372
189.717 353.207
189.977 260.043
190.237 253.880
190.497 442.717
190.757 419.555
191.017 343.393
191.276 241.232
191.536 258.072
191.796 250.912
192.056 206.753
192.316 301.594
192.576 284.436
192.836 270.278
193.096 327.121
193.356 258.964
193.616 274.808
193.875 309.651
194.135 271.496
194.395 356.340
194.655 385.185
194.915 357.030
195.175 333.876
195.435 384.722
195.695 155.568
195.955 13.414
196.214 215.260
196.474 392.107
196.734 348.954
196.994 314.801
197.254 312.648
197.514 237.495
197.774 225.342
198.034 127.189
198.294 170.037
198.553 262.884
198.813 227.731
199.073 129.579
199.333 168.426
199.593 319.273
199.853 310.121
200.113 375.968
200.373 349.815
200.633 157.662
200.892 128.508
201.152 153.355
201.412 220.201
201.672 332.048
201.932 476.894
202.192 442.740
202.452 258.585
202.712 244.431
202.972 271.276
203.231 372.120
203.491 352.965
203.751 309.809
204.011 336.653
204.271 430.496
204.531 228.339
204.791 174.182
205.051 225.025
205.311 256.867
205.570 196.708
205.830 204.549
206.090 167.390
206.350 306.230
206.610 501.069
206.870 297.909
207.130 237.747
207.390 339.585
207.650 296.423
207.909 271.260
208.169 369.096
208.429 369.932
208.689 179.768
208.949 289.602
209.209 416.436
209.469 197.270
209.729 147.102
209.989 235.935
210.248 134.766
210.508 446.597
210.768 393.427
211.028 247.256
211.288 334.085
211.548 259.913
211.808 276.740
212.068 442.566
212.328 469.392
212.587 422.217
212.847 332.041
213.107 393.864
213.367 327.686
213.627 301.508
213.887 300.329
214.147 202.149
214.407 252.968
214.667 306.786
214.926 423.603
215.186 357.420
215.446 371.235
215.706 298.050
215.966 322.863
216.226 305.676
216.486 278.488
216.746 321.299
217.006 360.109
217.265 282.918
217.525 211.726
217.785 272.533
218.045 349.339
218.305 280.144
218.565 220.948
218.825 284.751
219.085 402.553
219.345 306.354
219.604 281.154
219.864 376.953
220.124 310.750
220.384 268.547
220.644 327.343
220.904 266.137
221.164 281.931
221.424 282.723
221.684 234.514
221.943 274.304
222.203 420.093
222.463 324.881
222.723 225.668
222.983 341.454
223.243 280.238
223.503 353.021
223.763 253.804
224.023 188.585
224.282 358.364
224.542 447.143
224.802 415.921
225.062 333.697
225.322 455.472
225.582 373.246
225.842 282.018
226.102 289.790
226.362 279.560
226.621 361.329
226.881 267.097
227.141 332.863
227.401 409.628
227.661 290.392
227.921 443.155
228.181 353.917
228.441 329.677
228.701 477.436
228.960 452.193
229.220 309.950
229.480 246.705
229.740 418.459
230.000 499.211
230.260 326.962
230.520 293.712
230.780 246.461
231.040 297.208
231.299 319.954
231.559 325.699
231.819 296.442
232.079 423.184
232.339 409.925
232.599 220.665
232.859 364.403
233.119 395.139
233.379 230.875
233.638 294.609
233.898 424.341
234.158 377.073
234.418 246.803
234.678 354.531
234.938 426.258
235.198 299.984
235.458 239.709
235.718 309.432
235.978 282.154
236.237 303.874
236.497 348.593
236.757 395.311
237.017 395.027
237.277 349.742
237.537 357.455
237.797 293.167
238.057 392.878
238.317 389.587
238.576 259.295
238.836 297.001
239.096 415.706
239.356 397.410
239.616 347.112
239.876 401.813
240.136 399.513
240.396 458.211
240.656 488.907
240.915 398.603
241.175 300.296
241.435 281.989
241.695 383.680
241.955 517.369
242.215 619.057
242.475 540.744
242.735 357.429
242.995 406.113
243.254 404.796
243.514 326.477
243.774 197.156
244.034 343.834
244.294 593.511
244.554 435.186
244.814 419.860
245.074 394.533
245.334 357.204
245.593 386.873
245.853 377.541
246.113 302.208
246.373 437.873
246.633 489.537
246.893 378.200
247.153 399.861
247.413 460.520
247.673 394.178
247.932 361.835
248.192 448.490
248.452 473.144
248.712 409.796
248.972 262.447
249.232 475.097
249.492 400.745
249.752 260.391
250.012 456.037
250.271 426.680
250.531 432.323
250.791 606.964
251.051 579.603
251.311 426.241
251.571 221.878
251.831 375.513
252.091 419.147
252.351 329.779
252.610 397.410
252.870 452.039
253.130 334.667
253.390 354.294
253.650 482.919
253.911 511.543
254.172 516.165
254.433 447.786
254.694 367.405
254.955 387.023
255.216 297.640
255.477 484.255
255.738 479.869
255.999 340.481
256.261 479.092
256.522 460.701
256.783 456.309
257.044 296.916
257.305 227.521
257.566 236.125
257.827 199.728
258.088 334.329
258.349 298.928
258.610 367.526
258.871 449.123
259.132 486.718
259.393 410.312
259.654 287.905
259.915 244.496
260.176 342.086
260.437 433.674
260.698 390.261
260.959 321.847
261.221 416.431
261.482 494.014
261.743 450.595
262.004 431.175
262.265 601.754
262.526 553.331
262.787 347.907
263.048 309.481
263.309 340.054
263.570 485.626
263.831 423.196
264.092 351.765
264.353 251.332
264.614 485.899
264.875 441.463
265.136 315.027
265.397 518.589
265.658 629.149
265.919 680.709
266.181 596.267
266.442 417.823
266.703 361.379
266.964 326.932
267.225 291.485
267.486 371.036
267.747 481.586
268.008 547.134
268.269 577.682
268.530 501.227
268.791 471.772
269.052 504.315
269.313 462.857
269.574 445.397
269.835 442.936
270.096 469.474
270.357 498.010
270.618 417.545
270.879 329.079
271.141 378.611
271.402 404.143
271.663 360.672
271.924 427.201
272.185 422.728
272.446 430.254
272.707 394.778
272.968 355.302
273.229 366.824
273.490 420.344
273.751 364.863
274.012 367.382
274.273 542.898
274.534 462.414
274.795 483.928
275.056 506.441
275.317 318.952
275.578 246.462
275.839 352.971
276.101 342.479
276.362 321.986
276.623 329.491
276.884 470.995
277.145 508.497
277.406 506.999
277.667 403.499
277.928 349.997
278.189 494.495
278.450 469.991
278.711 417.486
278.972 462.980
279.233 386.473
279.494 468.964
279.755 570.454
280.016 621.943
280.277 463.430
280.538 476.917
280.799 341.402
281.061 394.886
281.322 421.368
281.583 419.850
281.844 352.330
282.105 331.809
282.366 440.286
282.627 416.763
282.888 491.238
283.149 466.712
283.410 377.185
283.671 439.657
283.932 373.127
284.193 254.597
284.454 369.065
284.715 498.531
284.976 436.997
285.237 477.462
285.498 677.925
285.759 606.387
286.021 544.848
286.282 516.308
286.543 560.766
286.804 551.223
287.065 568.680
287.326 552.135
287.587 330.588
287.848 434.041
288.109 546.493
288.370 508.943
288.631 382.392
288.892 389.840
289.153 424.287
289.414 305.733
289.675 554.178
289.936 665.621
290.197 591.063
290.458 483.504
290.719 427.944
290.981 573.383
291.242 625.821
291.503 563.258
291.764 412.693
292.025 291.128
292.286 332.561
292.547 399.993
292.808 375.424
293.069 467.854
293.330 496.283
293.591 493.711
293.852 453.137
294.113 433.563
294.374 437.987
294.635 489.410
294.896 530.833
295.157 504.254
295.418 559.674
295.679 565.093
295.941 529.510
296.202 490.927
296.463 492.343
296.724 565.758
296.985 633.171
297.246 553.584
297.507 433.995
297.768 380.405
298.029 508.815
298.290 681.223
298.551 687.630
298.812 680.036
299.073 505.441
299.334 387.845
299.595 512.248
299.856 514.650
300.117 665.051
300.378 599.451
300.639 376.850
300.901 406.247
301.162 535.644
301.423 578.040
301.684 666.434
301.945 697.828
302.206 503.221
302.467 500.612
302.728 406.003
302.989 475.393
303.250 523.781
303.511 587.169
303.772 587.555
304.033 550.941
304.294 527.325
304.555 472.709
304.816 535.092
305.077 515.473
305.338 444.854
305.599 401.233
305.861 444.612
306.122 542.990
306.383 531.366
306.644 485.742
306.905 393.117
307.166 563.490
307.427 531.863
307.688 473.235
307.949 472.606
308.210 507.976
308.471 521.345
308.732 458.713
308.993 382.080
309.254 488.446
309.515 352.811
309.776 464.175
310.037 504.538
310.298 360.900
310.559 387.262
310.821 517.622
311.082 549.982
311.343 435.340
311.604 371.698
311.865 329.055
312.126 312.410
312.387 414.765
312.648 414.119
312.909 426.472
313.170 496.824
313.434 523.175
313.698 439.526
313.963 515.875
314.227 428.224
314.491 421.571
314.755 474.918
315.019 461.264
315.284 323.608
315.548 445.952
315.812 510.296
316.076 601.638
316.340 564.979
316.604 487.320
316.869 582.659
317.133 541.998
317.397 580.336
317.661 570.673
317.925 512.009
318.190 485.344
318.454 456.678
318.718 418.012
318.982 572.344
319.246 629.676
319.511 690.007
319.775 529.337
320.039 523.666
320.303 508.995
320.567 569.322
320.832 543.649
321.096 422.975
321.360 486.300
321.624 465.624
321.888 400.947
322.153 427.270
322.417 399.591
322.681 334.912
322.945 471.232
323.209 533.551
323.473 455.870
323.738 474.187
324.002 484.504
324.266 662.820
324.530 646.135
324.794 489.449
325.059 415.763
325.323 392.075
325.587 470.387
325.851 482.698
326.115 686.009
326.380 604.318
326.644 533.627
326.908 586.935
327.172 505.242
327.436 576.548
327.701 552.854
327.965 458.159
328.229 556.463
328.493 420.766
328.757 377.068
329.022 535.370
329.286 450.671
329.550 399.971
329.814 448.270
330.078 465.569
330.342 450.867
330.607 485.164
330.871 555.460
331.135 632.756
331.399 675.050
331.663 543.344
331.928 498.638
332.192 600.930
332.456 534.222
332.720 538.513
332.984 465.803
333.249 566.093
333.513 509.382
333.777 399.670
334.041 422.957
334.305 524.244
334.570 517.530
334.834 393.815
335.098 590.100
335.362 653.383
335.626 526.666
335.891 471.949
336.155 522.230
336.419 528.511
336.683 365.791
336.947 438.071
337.211 444.350
337.476 386.628
337.740 456.905
338.004 480.182
338.268 432.458
338.532 598.733
338.797 532.007
339.061 514.281
339.325 652.554
339.589 726.827
339.853 603.099
340.118 474.370
340.382 478.640
340.646 596.910
340.910 463.179
341.174 446.447
341.439 469.715
341.703 542.982
341.967 463.248
342.231 479.514
342.495 471.779
342.759 588.043
343.024 564.307
343.288 650.570
343.552 617.832
343.816 351.094
344.080 345.355
344.345 483.615
344.609 396.875
344.873 305.134
345.137 416.393
345.401 486.650
345.666 351.908
345.930 602.164
346.194 634.420
346.458 483.675
346.722 451.930
346.987 458.184
347.251 574.437
347.515 693.690
347.779 513.942
348.043 432.193
348.308 506.444
348.572 426.694
348.836 340.943
349.100 433.192
349.364 383.441
349.628 399.688
349.893 479.935
350.157 593.182
350.421 562.428
350.685 536.673
350.949 516.917
351.214 396.161
351.478 449.405
351.742 528.648
352.006 517.890
352.270 500.131
352.535 419.372
352.799 386.613
353.063 491.853
353.327 445.092
353.591 403.330
353.856 465.568
354.120 516.806
354.384 624.043
354.648 710.279
354.912 579.515
355.177 474.750
355.441 474.984
355.705 693.218
355.969 672.451
356.233 581.684
356.497 552.916
356.762 552.148
357.026 526.379
357.290 476.610
357.554 515.839
357.818 545.069
358.083 517.298
358.347 518.526
358.611 517.753
358.875 524.981
359.139 556.207
359.404 457.433
359.668 501.659
359.932 698.883
360.196 694.108
360.460 549.332
360.725 586.555
360.989 615.778
361.253 715.000
361.517 663.221
361.781 630.442
362.046 654.663
362.310 653.883
362.574 595.102
362.838 512.321
363.102 591.540
363.366 567.758
363.631 469.975
363.895 529.192
364.159 645.408
364.423 620.624
364.687 623.839
364.952 639.054
365.216 717.268
365.480 593.481
365.747 430.694
366.013 485.907
366.280 514.119
366.546 624.331
366.813 561.542
367.079 583.752
367.346 607.962
367.612 545.172
367.879 601.381
368.145 669.590
368.412 506.798
368.678 439.005
368.945 558.212
369.211 565.419
369.478 592.625
369.744 519.830
370.011 523.035
370.278 523.240
370.544 505.444
370.811 561.647
371.077 541.850
371.344 492.053
371.610 545.255
371.877 591.457
372.143 638.658
372.410 678.858
372.676 747.059
372.943 701.258
373.209 591.458
373.476 483.656
373.742 446.854
374.009 589.052
374.276 622.250
374.542 559.446
374.809 538.643
375.075 435.839
375.342 398.034
375.608 406.229
375.875 417.424
376.141 674.618
376.408 642.811
376.674 588.004
376.941 530.197
377.207 559.389
377.474 934.581
377.740 841.772
378.007 513.963
378.273 572.153
378.540 702.343
378.807 566.533
379.073 466.722
379.340 467.910
379.606 539.098
379.873 559.286
380.139 588.473
380.406 619.660
380.672 580.846
380.939 529.032
381.205 469.218
381.472 403.403
381.738 401.587
382.005 516.772
382.271 579.955
382.538 618.139
382.804 734.321
383.071 593.504
383.338 554.686
383.604 552.867
383.871 691.049
384.137 710.229
384.404 571.410
384.670 578.589
384.937 567.769
385.203 634.948
385.470 587.127
385.736 676.305
386.003 643.482
386.269 586.660
386.536 572.837
386.802 565.013
387.069 637.189
387.336 854.365
387.602 815.540
387.869 534.715
388.135 479.890
388.402 439.064
388.668 487.238
388.935 633.411
389.201 800.584
389.468 764.756
389.734 810.928
390.001 720.100
390.267 589.271
390.534 718.442
390.800 619.612
391.067 659.783
391.333 706.952
391.600 549.122
391.867 608.290
392.133 697.459
392.400 631.627
392.666 495.795
392.933 667.962
393.199 767.129
393.466 607.296
393.732 608.462
393.999 696.628
394.265 728.793
394.532 632.958
394.798 712.123
395.065 661.287
395.331 770.451
395.598 869.614
395.864 909.778
396.131 1107.940
396.398 1311.103
396.664 1544.265
396.931 1873.426
397.197 2436.588
397.464 3021.749
397.730 3711.909
397.997 4071.069
398.263 4364.229
398.530 4647.389
398.796 5062.548
399.063 5340.706
399.329 5441.865
399.596 5632.023
399.862 5496.180
400.129 5543.338
400.396 5547.495
400.662 5218.651
400.929 5245.807
401.195 5450.963
401.462 5640.119
401.728 5860.274
401.995 6136.429
402.261 6337.583
402.528 6643.737
402.794 6953.891
403.061 7430.044
403.327 7937.197
403.594 8198.350
403.860 8402.502
404.127 8388.654
404.393 8627.806
404.660 8861.957
404.931 9130.108
405.202 9529.259
405.473 9909.409
405.745 10405.559
406.016 10949.709
406.287 11107.858
406.558 11179.007
406.829 11339.156
407.100 11332.304
407.371 11754.452
407.642 11856.600
407.914 11963.747
408.185 12041.894
408.456 12055.040
408.727 12280.187
408.998 12402.333
409.269 12635.478
409.540 12746.624
409.811 12398.769
410.083 12307.913
410.354 12062.058
410.625 11671.202
410.896 11579.345
411.167 11454.489
411.438 11069.632
411.709 10515.775
411.981 10277.917
412.252 9514.059
412.523 8763.201
412.794 8354.342
413.065 7843.484
413.336 7176.624
413.607 6837.765
413.878 6341.905
414.150 5989.045
414.421 5471.185
414.692 5168.324
414.963 4762.463
415.234 4525.602
415.505 4210.740
415.776 3926.878
416.047 3579.016
416.319 3154.153
416.590 2758.291
416.861 2350.427
417.132 2307.564
417.403 2065.700
417.674 1805.836
417.945 1559.972
418.217 1431.107
418.488 1417.242
418.759 1106.377
419.030 966.511
419.301 1035.646
419.572 1034.780
419.843 990.913
420.114 870.046
420.386 890.179
420.657 960.312
420.928 850.444
421.199 787.577
421.470 750.708
421.741 643.840
422.012 683.971
422.283 678.102
422.555 674.233
422.826 769.363
423.097 872.493
423.368 819.623
423.639 658.753
423.910 709.882
424.181 699.011
424.453 598.140
424.724 899.268
424.995 996.396
425.266 816.524
425.537 746.652
425.808 915.779
426.079 924.906
426.350 824.033
426.622 812.160
426.893 939.286
427.164 895.412
427.435 788.537
427.706 771.663
427.977 823.788
428.248 769.913
428.519 847.037
428.791 847.162
429.062 927.286
429.333 764.410
429.604 728.533
429.875 886.656
430.146 960.779
430.417 927.902
430.689 856.025
430.960 722.147
431.231 726.269
431.502 934.390
431.773 941.512
432.044 796.633
432.315 884.754
432.586 842.875
432.858 881.995
433.129 704.115
433.400 697.235
433.671 759.355
433.942 707.474
434.213 597.593
434.484 604.712
434.755 698.831
435.027 597.949
435.298 680.067
435.569 755.185
435.840 677.302
436.116 617.420
436.391 672.537
436.667 721.654
436.942 817.770
437.218 808.887
437.493 824.003
437.769 899.119
438.045 771.234
438.320 721.350
438.596 728.465
438.871 667.580
439.147 688.694
439.422 622.809
439.698 552.923
439.974 606.037
440.249 799.151
440.525 827.264
440.800 559.377
441.076 628.490
441.351 830.603
441.627 842.715
441.903 760.828
442.178 618.940
442.454 625.052
442.729 818.163
443.005 697.274
443.281 795.385
443.556 929.496
443.832 805.607
444.107 654.717
444.383 701.828
444.658 715.937
444.934 623.047
445.210 818.157
445.485 867.266
445.761 853.375
446.036 799.484
446.312 879.592
446.587 870.701
446.863 645.809
447.139 712.917
447.414 779.024
447.690 842.132
447.965 867.239
448.241 802.346
448.516 783.453
448.792 774.559
449.068 782.666
449.343 788.772
449.619 697.878
449.894 762.983
450.170 810.089
450.445 1008.194
450.721 1052.299
450.997 778.404
451.272 955.508
451.548 940.613
451.823 860.717
452.099 921.821
452.375 860.925
452.650 888.028
452.926 937.131
453.201 927.235
453.477 1227.337
453.752 1145.440
454.028 952.543
454.304 1047.645
454.579 1113.747
454.855 1062.849
455.130 1064.950
455.406 1145.052
455.681 1066.153
455.957 1021.254
456.233 976.355
456.508 936.455
456.784 966.556
457.059 901.656
457.335 1031.756
457.610 947.856
457.886 905.955
458.162 764.055
458.437 767.154
458.713 839.253
458.988 835.351
459.264 842.450
459.539 874.548
459.815 883.647
460.091 768.745
460.366 684.842
460.642 633.940
460.917 675.037
461.193 767.134
461.468 729.231
461.744 673.328
462.020 644.425
462.295 751.521
462.571 725.617
462.846 736.713
463.122 843.809
463.397 901.905
463.673 779.221
463.949 759.336
464.224 793.397
464.500 819.466
464.775 810.380
465.051 899.675
465.327 1093.475
465.602 1301.061
465.878 1374.382
466.153 1276.298
466.429 1604.340
466.704 1886.265
466.980 1893.131
467.256 1986.224
467.531 2142.459
467.807 2217.845
468.082 2177.857
468.358 2184.778
468.633 2362.134
468.909 2303.993
469.185 2275.245
469.460 2430.544
469.736 2455.239
470.011 2211.624
470.287 2255.769
470.562 2374.319
470.838 2165.909
471.114 2217.683
471.389 2134.946
471.665 2055.294
471.940 2107.061
472.216 2056.544
472.491 1792.255
472.767 1686.658
473.043 1798.310
473.318 1846.068
473.594 1596.861
473.869 1418.515
474.145 1330.100
474.421 1287.464
474.696 1228.550
474.972 1128.058
475.247 1125.220
475.523 1120.090
475.798 1063.217
476.074 979.738
476.350 962.516
476.625 929.946
476.901 982.022
477.176 928.157
477.452 849.987
477.727 877.541
478.003 747.672
478.279 916.458
478.554 1003.944
478.830 981.655
479.105 1089.393
479.381 1016.366
479.656 875.479
479.932 934.455
480.208 1052.016
480.483 1051.038
480.759 1061.234
481.034 958.227
481.310 940.130
481.585 987.715
481.861 990.823
482.137 893.233
482.412 981.955
482.688 994.123
482.963 995.216
483.239 1080.474
483.514 865.126
483.790 949.478
484.066 1197.364
484.341 994.654
484.617 917.971
484.892 1066.475
485.168 1063.571
485.443 931.383
485.719 936.434
485.995 1035.847
486.270 989.311
486.546 840.055
486.821 805.516
487.097 810.916
487.373 921.635
487.648 1107.892
487.924 1073.450
488.199 874.046
488.475 706.148
488.750 765.626
489.026 971.559
489.302 892.147
489.577 811.938
489.853 865.090
490.128 1011.102
490.404 994.535
490.679 851.755
490.955 1087.558
491.231 1125.758
491.506 1067.249
491.782 899.909
492.057 859.965
492.333 1024.425
492.608 989.276
492.884 1027.512
493.160 865.162
493.435 906.149
493.711 1021.911
493.986 923.043
494.262 907.356
494.537 930.961
494.813 1002.607
495.089 833.726
495.364 837.730
495.640 902.638
495.915 894.854
496.191 1069.918
496.467 1049.372
496.742 982.451
497.018 961.761
497.293 920.374
497.569 987.563
497.844 919.296
498.120 1024.320
498.396 1103.808
498.671 1075.187
498.947 1160.663
499.222 1161.890
499.498 1100.433
499.773 1202.995
500.049 1294.201
500.325 1340.476
500.600 1497.231
500.876 1545.850
501.151 1790.750
501.427 1926.155
501.702 2057.813
501.978 2117.182
502.254 2214.168
502.529 2225.092
502.805 2439.894
503.080 2599.684
503.356 2481.290
503.631 2468.718
503.907 2523.383
504.183 2413.132
504.458 2502.274
504.734 2535.205
505.009 2558.533
505.285 2478.199
505.560 2449.476
505.836 2385.225
506.112 2392.382
506.387 2279.093
506.663 2146.425
506.938 2131.330
507.214 2096.012
507.490 2091.945
507.765 2053.578
508.041 1996.131
508.316 1927.584
508.592 1687.115
508.867 1703.597
509.143 1778.336
509.419 1579.411
509.694 1386.743
509.970 1295.539
510.245 1108.830
510.521 1133.790
510.796 1108.750
511.072 1042.884
511.348 996.007
511.623 1068.857
511.899 1020.012
512.174 1081.629
512.450 1105.424
512.725 1039.023
513.001 886.426
513.277 779.674
513.552 992.627
513.828 977.915
514.103 921.845
514.379 1078.639
514.654 932.881
514.930 939.954
515.206 1316.919
515.481 1195.296
515.757 995.175
516.032 1000.137
516.308 1202.350
516.583 1271.485
516.859 1193.124
517.135 1314.902
517.410 1470.816
517.686 1554.456
517.961 1591.449
518.237 1595.214
518.513 1629.943
518.788 1995.935
519.064 2207.395
519.339 2353.552
519.615 2414.084
519.890 2490.893
520.166 2626.320
520.442 2879.870
520.717 2990.615
520.993 3024.387
521.268 2866.581
521.544 2964.814
521.819 3071.571
522.095 3171.371
522.371 3353.435
522.646 3308.434
522.922 3356.092
523.197 3346.574
523.473 3486.015
523.748 3426.746
524.024 3363.648
524.300 3297.679
524.575 3277.644
524.851 3365.742
525.126 3428.549
525.402 3432.847
525.677 3559.222
525.953 3471.749
526.229 3368.558
526.504 3308.683
526.780 3460.455
527.055 3427.461
527.331 3464.841
527.606 3504.617
527.882 3416.155
528.158 3344.773
528.433 3568.142
528.709 3415.610
528.984 3383.998
529.260 3339.603
529.535 3380.641
529.811 3159.758
530.087 3064.840
530.362 2958.024
530.638 3028.383
530.913 3009.209
531.189 3000.589
531.465 2858.755
531.740 2721.478
532.016 2752.214
532.291 2689.409
532.567 2613.284
532.842 2529.039
533.118 2408.368
533.394 2403.968
533.669 2131.465
533.945 1915.569
534.220 1919.518
534.496 2017.841
534.771 1937.994
535.047 1930.186
535.323 1793.456
535.598 1786.885
535.874 1897.086
536.149 1909.750
536.425 1863.730
536.700 1918.581
536.976 2329.263
537.252 2995.001
537.527 3540.239
537.803 4345.797
538.078 5150.520
538.354 5601.904
538.629 5883.064
538.905 6320.128
539.181 6810.954
539.456 7153.220
539.732 7888.866
540.007 8208.764
540.283 8163.572
540.558 8481.334
540.834 8938.327
541.110 9309.609
541.385 9631.447
541.661 9885.958
541.936 10048.437
542.212 10170.396
542.488 10298.301
542.763 10528.287
543.039 10634.025
543.314 10557.691
543.590 10548.370
543.865 10560.341
544.141 10340.932
544.417 10150.322
544.692 9828.629
544.968 9803.858
545.243 9602.922
545.519 9166.429
545.794 9079.174
546.070 9030.521
546.348 8712.197
546.627 8290.073
546.905 8338.177
547.183 8242.226
547.461 8231.356
547.740 8252.264
548.018 8080.601
548.296 8036.880
548.575 8261.362
548.853 8510.671
549.131 8830.486
549.409 9167.017
549.688 9531.157
549.966 9722.678
550.244 10079.874
550.523 10180.938
550.801 10347.148
551.079 10423.019
551.357 10694.090
551.636 10762.627
551.914 10899.242
552.192 10932.824
552.471 11092.731
552.749 11437.427
553.027 11632.915
553.306 11928.312
553.584 12490.802
553.862 12818.466
554.140 13268.418
554.419 13507.642
554.697 14086.537
554.975 14539.536
555.254 15058.121
555.532 15060.067
555.810 15189.815
556.088 15247.918
556.367 14810.772
556.645 14411.201
556.923 14404.441
557.202 14122.271
557.480 13901.813
557.758 13531.444
558.036 13146.430
558.315 12766.719
558.593 12589.614
558.871 12039.808
559.150 11510.311
559.428 11117.010
559.706 10709.442
559.984 10265.756
560.263 9853.783
560.541 9154.402
560.819 8591.978
561.098 7957.234
561.376 7338.051
561.654 6387.137
561.932 5547.327
562.211 5081.385
562.489 4646.274
562.767 4182.170
563.046 3601.220
563.324 3237.926
563.602 3088.346
563.880 2678.520
564.159 2470.313
564.437 2332.805
564.715 2073.094
564.994 1807.306
565.272 1785.280
565.550 1653.222
565.828 1516.659
566.107 1545.932
566.385 1406.778
566.663 1262.480
566.942 1234.920
567.220 1276.273
567.498 1310.239
567.776 1185.285
568.055 1060.331
568.333 1077.685
568.611 1115.452
568.890 1001.818
569.168 933.335
569.446 997.084
569.725 951.719
570.003 765.292
570.281 736.097
570.559 849.295
570.838 889.853
571.116 945.025
571.394 953.791
571.673 950.882
571.951 924.666
572.229 870.342
572.507 885.811
572.786 880.881
573.064 826.283
573.342 780.564
573.621 646.522
573.899 667.055
574.177 914.822
574.455 876.660
574.734 716.115
575.012 846.297
575.290 793.302
575.569 793.144
575.847 824.390
576.125 839.155
576.403 666.153
576.682 705.201
576.960 777.571
577.243 855.591
577.527 757.956
577.810 588.543
578.093 570.430
578.377 594.329
578.660 609.196
578.944 629.003
579.227 611.481
579.510 714.213
579.794 728.854
580.077 620.149
580.360 630.729
580.644 663.177
580.927 674.814
581.210 680.823
581.494 604.534
581.777 696.513
582.061 684.303
582.344 591.310
582.627 554.465
582.911 605.356
583.194 584.048
583.477 679.900
583.761 744.814
584.044 814.717
584.327 785.605
584.611 661.772
584.894 672.805
585.178 657.863
585.461 644.919
585.744 709.897
586.028 622.650
586.311 654.693
586.594 694.736
586.878 618.779
587.161 595.822
587.444 661.865
587.728 690.908
588.011 703.950
588.295 538.993
588.578 647.388
588.861 809.269
589.145 643.120
589.428 652.815
589.711 586.205
589.995 570.676
590.278 729.559
590.562 644.331
590.845 603.769
591.128 835.743
591.412 778.899
591.695 654.844
591.978 791.956
592.262 743.838
592.545 518.069
592.828 663.338
593.112 615.859
593.395 564.056
593.679 538.635
593.962 687.082
594.245 686.439
594.529 636.729
594.812 518.841
595.095 490.542
595.379 731.912
595.662 745.603
595.945 669.431
596.229 536.863
596.512 546.731
596.796 667.234
597.079 720.079
597.362 763.683
597.646 774.838
597.929 690.802
598.212 687.195
598.496 671.424
598.779 745.826
599.062 825.826
599.346 681.739
599.629 610.100
599.913 602.642
600.196 613.519
600.479 721.222
600.763 718.031
601.046 555.399
601.329 662.284
601.613 771.799
601.896 681.376
602.179 762.278
602.463 701.413
602.746 745.656
603.030 868.484
603.313 860.801
603.596 692.046
603.880 711.994
604.163 718.895
604.446 654.566
604.730 616.406
605.013 739.129
605.296 776.129
605.580 679.204
605.863 712.542
606.147 601.904
606.430 627.407
606.713 781.430
606.997 683.310
607.280 855.869
607.563 775.671
607.847 729.007
608.130 776.506
608.414 748.386
608.697 727.875
608.980 764.864
609.264 820.553
609.547 648.386
609.830 727.757
610.114 785.580
610.397 759.173
610.680 816.197
610.964 830.579
611.247 842.380
611.531 760.810
611.814 591.072
612.097 695.133
612.381 873.899
612.664 1022.978
612.947 820.856
613.231 740.421
613.514 744.132
613.797 802.125
614.081 897.446
614.364 936.775
614.648 899.483
614.931 826.827
615.214 822.934
615.498 909.325
615.781 956.516
616.064 930.961
616.348 1028.438
616.631 1030.473
616.914 1082.644
617.198 1019.707
617.481 952.748
617.765 953.723
618.048 968.520
618.331 970.530
618.615 879.628
618.898 1031.837
619.181 1072.386
619.465 980.505
619.748 898.444
620.031 843.923
620.315 804.161
620.598 868.486
620.882 934.925
621.165 1043.246
621.448 995.567
621.732 900.076
622.015 780.708
622.298 737.435
622.582 808.066
622.865 765.951
623.148 699.053
623.432 814.602
623.715 761.584
623.999 936.668
624.282 883.426
624.565 944.595
624.849 781.652
625.132 676.409
625.415 973.823
625.699 1040.431
625.982 864.885
626.265 787.802
626.549 760.778
626.832 881.015
627.116 893.171
627.399 714.418
627.682 702.932
627.966 696.216
628.249 747.864
628.532 728.051
628.816 874.067
629.099 770.019
629.383 724.237
629.666 742.804
629.949 704.762
630.233 686.496
630.516 738.998
630.799 786.036
631.083 740.351
631.366 647.392
631.649 588.023
631.933 557.118
632.216 749.123
632.500 753.539
632.783 786.328
633.066 752.860
633.350 740.082
633.633 744.226
633.916 739.472
634.200 722.037
634.483 743.407
634.766 799.571
635.050 769.698
635.333 670.996
635.617 704.890
635.900 813.538
636.183 906.637
636.467 874.620
636.750 895.642
637.033 943.786
637.317 907.287
637.600 916.803
637.883 904.705
638.167 926.401
638.450 920.015
638.734 909.746
639.017 1001.536
639.300 1076.473
639.584 1014.692
639.867 1168.136
640.150 1102.685
640.434 1142.004
640.717 1232.555
641.000 1126.978
641.284 1192.428
641.567 1139.317
641.851 1178.302
642.134 1324.597
642.417 1243.015
642.701 1406.976
642.984 1464.569
643.267 1374.645
643.551 1262.315
643.834 1246.658
644.117 1313.872
644.401 1273.896
644.684 1420.130
644.968 1583.389
645.251 1535.029
645.534 1456.259
645.818 1488.183
646.101 1707.450
646.384 1873.677
646.668 2007.039
646.951 2021.153
647.235 2215.751
647.518 2374.615
647.801 2650.960
648.085 2965.870
648.368 3123.762
648.651 3280.746
648.935 3586.388
649.218 4084.534
649.501 4316.499
649.785 4514.912
650.068 4871.572
650.352 5346.456
650.635 5690.858
650.918 5994.284
651.202 6743.822
651.485 7353.294
651.768 7911.644
652.052 8523.431
652.335 9412.712
652.618 10237.228
652.902 10879.242
653.185 11584.808
653.469 11984.778
653.752 12353.592
654.035 12792.515
654.319 13205.564
654.602 13338.232
654.885 13578.650
655.169 13903.153
655.452 13982.716
655.735 14308.764
656.019 14512.883
656.302 14451.272
656.586 14654.594
656.869 15126.588
657.152 15116.851
657.436 15108.187
657.719 15145.549
658.002 15214.637
658.286 14934.075
658.569 14539.781
658.852 13937.987
659.136 13638.398
659.419 12993.758
659.703 12411.046
659.986 12045.594
660.269 11724.251
660.553 11381.065
660.836 11277.436
661.119 11205.311
661.403 11178.263
661.686 11077.399
661.969 10976.716
662.253 10874.127
662.536 10665.823
662.820 10582.351
663.103 10332.887
663.386 10202.085
663.670 10069.254
663.953 9803.960
664.236 9959.819
664.520 9923.373
664.803 9958.863
665.086 9860.755
665.370 9970.065
665.653 9925.514
665.937 9925.467
666.220 9870.729
666.503 9710.514
666.787 9559.427
667.070 9221.162
667.353 9004.727
667.637 8570.669
667.920 8383.070
668.204 7626.384
668.487 6890.909
668.770 6322.598
669.054 5475.376
669.337 4779.660
669.620 4119.138
669.904 3556.927
670.187 3129.388
670.470 2877.507
670.754 2549.984
671.037 2165.657
671.321 1906.067
671.604 1882.482
671.887 1784.130
672.171 1610.156
672.454 1574.795
672.737 1512.476
673.021 1316.106
673.304 1292.845
673.587 1489.998
673.871 1497.207
674.154 1457.200
674.438 1496.752
674.721 1457.725
675.004 1416.043
675.288 1442.819
675.571 1525.692
675.854 1540.138
676.138 1608.764
676.421 1700.235
676.704 1669.995
676.988 1890.177
677.271 2150.422
677.555 2044.090
677.838 1870.384
678.121 1734.182
678.405 1620.822
678.688 1584.618
678.971 1292.290
679.255 1359.745
679.538 1441.722
679.821 1457.310
680.105 1306.202
680.388 1140.082
680.672 1154.808
680.955 1145.480
681.238 1101.954
681.522 1072.769
681.805 1115.777
682.088 1135.475
682.372 1165.884
682.655 1063.787
682.938 1096.174
683.222 1083.675
683.505 1017.958
683.789 1039.929
684.072 1016.967
684.355 1035.766
684.639 1052.494
684.922 954.400
685.205 946.076
685.489 1074.495
685.772 1066.240
686.056 1113.407
686.339 1088.330
686.622 940.990
686.906 882.562
687.189 964.008
687.472 1186.373
687.756 1081.929
688.039 921.290
688.322 854.510
688.606 1136.374
688.889 1133.269
689.173 1034.130
689.456 1170.900
689.739 1187.627
690.023 1164.517
690.306 1124.919
690.589 1053.981
690.873 1229.810
691.156 1293.311
691.439 1247.551
691.723 1162.250
692.006 1257.236
692.290 1284.794
692.573 1387.327
692.856 1436.291
693.140 1490.203
693.423 1376.884
693.706 1256.057
693.990 1210.051
694.273 1222.256
694.556 1403.683
694.840 1477.966
695.123 1321.506
695.407 1396.535
695.690 1383.385
695.973 1436.383
696.257 1462.735
696.540 1604.259
696.830 1633.468
697.120 1671.519
697.410 1746.830
697.699 1705.063
697.989 1983.054
698.279 1845.626
698.569 1684.948
698.859 1789.481
699.149 1848.218
699.439 1758.510
699.729 1656.740
700.018 1624.111
700.308 1837.567
700.598 1769.293
700.888 1647.054
701.178 1864.695
701.468 1820.232
701.758 1694.805
702.048 1732.117
702.337 1683.336
702.627 1681.981
702.917 1543.761
703.207 1411.773
703.497 1410.376
703.787 1276.319
704.077 1252.476
704.366 1191.751
704.656 1031.101
704.946 988.031
705.236 901.153
705.526 995.088
705.816 1078.943
706.106 821.659
706.396 857.717
706.685 824.400
706.975 734.056
707.265 657.302
707.555 853.267
707.845 848.626
708.135 653.406
708.425 573.428
708.715 639.300
709.004 843.237
709.294 786.935
709.584 795.268
709.874 867.282
710.164 816.023
710.454 709.950
710.744 628.324
711.034 674.078
711.323 730.845
711.613 697.402
711.903 786.218
712.193 859.986
712.483 742.014
712.773 737.120
713.063 686.628
713.352 706.852
713.642 712.335
713.932 792.918
714.222 783.606
714.512 737.146
714.802 694.582
715.092 727.549
715.382 666.202
715.671 647.563
715.961 667.532
716.251 568.324
716.541 658.270
716.831 771.120
717.121 625.107
717.411 679.434
717.701 805.771
717.990 711.055
718.280 623.758
718.570 598.946
718.860 569.770
719.150 595.168
719.440 607.979
719.730 606.671
720.019 818.899
720.309 792.004
720.599 760.506
720.889 698.824
721.179 719.898
721.469 719.650
721.759 628.319
722.049 720.382
722.338 587.133
722.628 652.643
722.918 681.788
723.208 711.966
723.498 583.141
723.788 684.781
724.078 849.383
724.368 786.433
724.657 677.796
724.947 669.791
725.237 711.964
725.527 760.247
725.817 713.247
726.107 631.198
726.397 612.843
726.686 532.593
726.976 622.555
727.266 752.170
727.556 635.169
727.846 747.130
728.136 714.513
728.426 615.143
728.716 571.559
729.005 714.021
729.295 676.251
729.585 581.468
729.875 541.601
730.165 633.320
730.455 674.078
730.745 664.073
731.035 680.598
731.324 732.526
731.614 673.842
731.904 565.674
732.194 729.931
732.484 714.124
732.774 648.969
733.064 607.160
733.354 508.931
733.643 626.538
733.933 643.492
734.223 561.640
734.513 734.175
734.803 787.594
735.093 672.492
735.383 670.239
735.672 711.275
735.962 715.622
736.252 547.787
736.542 615.481
736.832 634.110
737.122 486.712
737.412 564.183
737.702 725.699
737.991 706.092
738.281 626.871
738.571 626.275
738.861 638.354
739.151 644.279
739.441 655.465
739.731 544.373
740.021 624.284
740.310 729.455
740.600 757.836
740.890 592.815
741.180 588.082
741.470 601.922
741.760 723.363
742.050 854.676
742.339 757.475
742.629 667.484
742.919 757.514
743.209 577.931
743.499 568.631
743.789 565.253
744.079 598.936
744.369 663.645
744.658 620.381
744.948 489.093
745.238 707.635
745.528 708.645
745.818 773.852
746.108 700.458
746.398 690.250
746.688 660.477
746.977 806.475
747.267 659.523
747.557 693.995
747.847 752.662
748.137 670.843
748.427 664.892
748.717 590.873
749.006 479.856
749.296 615.811
749.586 602.282
749.876 732.383
750.166 592.960
750.456 585.594
750.746 685.000
751.036 548.293
751.325 717.972
751.615 698.729
751.905 679.767
752.195 709.465
752.485 648.484
752.775 658.161
753.065 564.086
753.355 779.320
753.644 819.379
753.934 684.316
754.224 687.660
754.514 856.040
754.804 635.542
755.094 451.007
755.384 536.281
755.674 624.565
755.963 731.906
756.253 708.563
756.543 751.000
756.833 749.513
757.123 672.474
757.413 592.767
757.703 528.464
757.992 526.472
758.282 615.320
758.572 610.931
758.862 526.528
759.152 618.004
759.442 626.438
759.732 744.674
760.022 807.004
760.311 659.947
760.601 467.812
760.891 617.730
761.181 647.278
761.471 658.008
761.761 564.026
762.051 520.742
762.341 712.389
762.630 831.956
762.920 683.938
763.210 629.203
763.500 641.679
763.793 613.500
764.086 653.800
764.379 679.317
764.671 776.921
764.964 651.184
765.257 699.492
765.550 682.775
765.843 519.487
766.136 623.335
766.429 564.886
766.722 583.469
767.014 532.598
767.307 397.200
767.600 463.684
767.893 506.508
768.186 513.582
768.479 617.430
768.772 720.271
769.064 700.127
769.357 620.890
769.650 632.623
769.943 776.011
770.236 655.183
770.529 569.168
770.822 650.839
771.115 690.171
771.407 764.548
771.700 754.475
771.993 808.790
772.286 728.274
772.579 729.573
772.872 619.712
773.165 604.608
773.457 687.287
773.750 685.980
774.043 590.135
774.336 607.920
774.629 618.808
774.922 649.723
775.215 609.377
775.508 616.223
775.800 593.488
776.093 703.871
776.386 714.247
776.679 639.454
776.972 648.535
777.265 830.828
777.558 809.889
777.850 667.383
778.143 681.471
778.436 687.204
778.729 645.324
779.022 659.411
779.315 582.041
779.608 506.682
779.900 536.849
780.193 554.957
780.486 562.449
780.779 605.031
781.072 554.341
781.365 686.308
781.658 654.886
781.951 555.505
782.243 643.587
782.536 733.249
782.829 697.121
783.122 669.026
783.415 691.440
783.708 698.478
784.001 703.510
784.293 762.704
784.586 779.993
784.879 759.969
785.172 651.117
785.465 558.599
785.758 602.704
786.051 636.789
786.344 707.532
786.636 846.394
786.929 642.207
787.222 596.370
787.515 633.230
787.808 595.018
788.101 556.074
788.394 730.915
788.686 840.822
788.979 800.679
789.272 695.999
789.565 659.392
789.858 623.480
790.151 540.203
790.444 530.230
790.737 557.776
791.029 520.751
791.322 643.521
791.615 598.030
791.908 664.176
792.201 683.490
792.494 669.863
792.787 713.036
793.079 812.467
793.372 699.124
793.665 714.792
793.958 674.928
794.251 683.917
794.544 782.853
794.837 850.449
795.130 706.895
795.422 703.920
795.715 702.939
796.008 677.708
796.301 695.298
796.594 606.669
796.887 731.186
797.180 694.045
797.472 515.596
797.765 452.800
798.058 553.958
798.351 544.556
798.644 482.757
798.937 488.755
799.230 573.941
799.523 891.577
799.815 817.814
800.108 560.601
800.401 526.719
800.694 666.980
800.987 576.600
801.280 609.735
801.573 713.647
801.865 721.655
802.158 645.101
802.451 577.253
802.744 553.316
803.037 572.293
803.330 626.826
803.623 765.937
803.915 672.140
804.208 579.919
804.501 643.158
804.794 683.213
805.087 656.545
805.380 501.563
805.673 493.069
805.966 636.227
806.258 653.914
806.551 743.595
806.844 677.346
807.137 678.041
807.430 513.721
807.723 496.668
808.016 789.856
808.308 802.527
808.601 632.256
808.894 566.139
809.187 620.097
809.480 671.803
809.773 606.821
810.066 659.760
810.359 763.159
810.651 698.115
810.944 462.547
811.237 517.519
811.530 672.933
811.825 600.900
812.119 527.655
812.414 471.161
812.709 585.793
813.003 630.517
813.298 564.171
813.593 624.093
813.887 630.561
814.182 900.618
814.476 788.857
814.771 792.933
815.066 731.489
815.360 619.988
815.655 583.417
815.950 613.527
816.244 670.511
816.539 738.151
816.834 622.978
817.128 704.240
817.423 794.261
817.718 934.749
818.012 733.538
818.307 426.448
818.602 563.758
818.896 733.309
819.191 634.385
819.486 620.259
819.780 779.903
820.075 882.663
820.369 837.967
820.664 677.359
820.959 671.163
821.253 710.215
821.548 678.106
821.843 724.181
822.137 742.620
822.432 647.307
822.727 644.869
823.021 654.951
823.316 767.458
823.611 776.410
823.905 623.805
824.200 555.263
824.495 703.074
824.789 725.241
825.084 671.804
825.379 610.292
825.673 645.798
825.968 723.370
826.262 644.702
826.557 694.594
826.852 737.396
827.146 762.888
827.441 721.797
827.736 753.364
828.030 617.091
828.325 483.754
828.620 723.684
828.914 760.600
829.209 596.121
829.504 829.005
829.798 819.858
830.093 593.848
830.388 543.122
830.682 502.437
830.977 690.338
831.271 755.079
831.566 603.398
831.861 543.698
832.155 617.335
832.450 725.559
832.745 757.633
833.039 623.759
833.334 547.987
833.629 617.830
833.923 580.766
834.218 586.906
834.513 587.573
834.807 547.357
835.102 540.151
835.397 560.737
835.691 506.431
835.986 540.327
836.281 527.000
836.575 495.186
836.870 566.498
837.164 622.783
837.459 523.555
837.754 549.936
838.048 534.391
838.343 507.504
838.638 557.580
838.932 658.313
839.227 619.152
839.522 630.540
839.816 582.732
840.111 548.241
840.406 572.545
840.700 737.909
840.995 895.823
841.290 908.370
841.584 744.168
841.879 768.133
842.174 653.514
842.468 602.244
842.763 558.615
843.057 692.459
843.352 651.846
843.647 673.504
843.941 710.122
844.236 709.336
844.531 742.869
844.825 703.227
845.120 786.461
845.415 836.250
845.709 708.508
846.004 793.665
846.299 641.203
846.593 794.547
846.888 789.138
847.183 640.988
847.477 623.668
847.772 653.329
848.066 657.495
848.361 639.645
848.656 674.597
848.950 673.868
849.245 808.521
849.540 714.714
849.834 840.404
850.129 873.493
850.424 666.703
850.718 665.185
851.013 796.235
851.308 719.560
851.602 724.167
851.897 846.677
852.192 926.263
852.486 728.279
852.781 641.238
853.076 807.346
853.370 820.167
853.665 830.479
853.959 813.757
854.254 707.941
854.549 931.522
854.843 808.530
855.138 702.836
855.433 786.992
855.727 876.614
856.022 717.446
856.317 708.749
856.611 694.780
856.906 628.481
857.201 675.997
857.495 812.083
857.790 840.240
858.085 749.473
858.379 691.498
858.674 580.524
858.969 571.025
859.263 661.963
859.558 647.675
859.852 604.507
860.147 684.335
860.442 817.624
860.736 591.654
861.031 705.918
861.326 807.118
861.620 674.407
861.915 791.375
862.210 767.382
862.504 655.473
862.799 704.930
863.094 736.422
863.388 615.975
863.683 623.819
863.978 617.377
864.272 606.616
864.567 656.136
864.861 633.832
865.156 568.636
865.451 490.462
865.745 699.841
866.040 740.308
866.335 697.601
866.629 738.048
866.924 625.020
867.219 590.999
867.513 758.344
867.808 727.803
868.103 643.812
868.397 669.488
868.692 677.239
868.987 572.632
869.281 601.498
869.576 665.834
869.871 717.232
870.165 613.685
870.460 525.436
870.754 606.909
871.049 561.073
871.344 651.063
871.638 689.621
871.933 569.062
872.228 635.442
872.522 643.046
872.817 715.884
873.112 961.492
873.406 751.860
873.701 813.335
873.996 778.656
874.290 651.451
874.585 582.236
874.880 647.638
875.174 583.875
875.469 592.018
875.764 593.388
876.058 594.756
876.353 531.453
876.647 471.456
876.942 508.442
877.237 587.377
877.531 631.508
877.826 627.104
878.121 616.771
878.415 546.871
878.710 524.495
879.005 692.701
879.299 641.743
879.594 547.414
879.889 443.527
880.183 504.619
880.478 591.146
880.773 567.644
881.067 583.372
881.362 612.065
881.656 508.787
881.951 554.623
882.246 513.393
882.540 575.130
882.835 571.716
883.130 592.322
883.424 552.243
883.719 529.306
884.014 630.877
884.308 541.971
884.603 488.733
884.898 540.857
885.192 621.606
885.487 616.196
885.782 550.577
886.076 640.424
886.371 627.615
886.666 483.564
886.960 527.048
887.255 479.137
887.549 474.716
887.844 674.905
888.139 736.390
888.433 655.019
888.728 562.391
889.023 570.394
889.317 610.172
889.612 517.525
889.907 548.050
890.201 606.467
890.496 667.833
890.791 638.101
891.085 592.534
891.380 568.713
891.675 582.476
891.969 604.571
892.264 491.969
892.559 539.150
892.853 642.901
893.148 535.232
893.442 544.871
893.737 652.063
894.032 557.225
894.326 458.557
894.621 468.258
894.916 440.462
895.210 516.735
895.505 567.584
895.800 543.339
896.094 478.841
896.389 484.146
896.684 480.167
896.978 495.639
897.273 475.305
897.568 610.054
897.862 610.603
898.157 500.975
898.451 647.446
898.746 658.075
899.041 709.154
899.335 690.563
899.630 554.660
899.925 590.493
900.219 625.047
900.514 692.714
900.809 581.583
901.103 455.337
901.398 595.667
901.693 538.496
901.987 497.987
902.282 576.805
902.577 524.320
902.871 465.039
903.166 575.187
903.461 679.281
903.755 618.235
904.050 559.871
904.344 478.300
904.639 458.150
904.934 516.021
905.228 539.441
905.523 480.495
905.818 523.314
906.112 668.369
906.407 617.238
906.702 534.277
906.996 567.228
907.291 585.237
907.586 550.672
907.880 682.972
908.175 628.148
908.470 609.066
908.764 665.743
909.059 742.253
909.354 617.705
909.648 532.433
909.943 538.835
910.237 682.557
910.532 700.317
910.827 741.573
911.121 710.152
911.416 637.938
911.711 633.352
912.005 614.270
912.300 623.715
912.599 699.461
912.898 636.566
913.196 663.393
913.495 683.811
913.794 753.865
914.093 703.963
914.391 657.841
914.690 704.467
914.989 603.360
915.288 697.024
915.586 675.906
915.885 519.878
916.184 437.373
916.483 490.853
916.782 656.259
917.080 653.449
917.379 611.375
917.678 544.100
917.977 625.993
918.275 688.089
918.574 710.930
918.873 685.024
919.172 669.211
919.471 617.253
919.769 580.896
920.068 539.036
920.367 554.431
920.666 539.280
920.964 603.269
921.263 565.906
921.562 527.433
921.861 609.322
922.159 539.709
922.458 628.952
922.757 644.416
923.056 588.349
923.355 546.013
923.653 687.061
923.952 649.458
924.251 536.918
924.550 736.472
924.848 771.273
925.147 605.093
925.446 584.869
925.745 694.392
926.043 667.896
926.342 631.946
926.641 574.588
926.940 642.525
927.239 677.673
927.537 801.633
927.836 700.027
928.135 645.676
928.434 719.152
928.732 703.730
929.031 728.419
929.330 751.462
929.629 687.240
929.927 646.441
930.226 583.545
930.525 659.785
930.824 790.118
931.123 734.030
931.421 775.411
931.720 722.019
932.019 767.510
932.318 805.933
932.616 751.371
932.915 687.274
933.214 743.818
933.513 714.078
933.812 730.866
934.110 784.102
934.409 841.514
934.708 704.783
935.007 939.816
935.305 965.483
935.604 654.908
935.903 800.101
936.202 912.094
936.500 1017.871
936.799 1074.015
937.098 996.206
937.397 957.363
937.696 855.623
937.994 807.090
938.293 972.818
938.592 815.648
938.891 855.411
939.189 936.983
939.488 1035.133
939.787 1123.130
940.086 947.392
940.384 920.650
940.683 859.403
940.982 825.843
941.281 985.853
941.580 1271.908
941.878 1190.307
942.177 982.753
942.476 987.033
942.775 1000.148
943.073 838.634
943.372 843.283
943.671 1073.502
943.970 1178.825
944.268 1080.742
944.567 854.030
944.866 912.522
945.165 952.080
945.464 877.640
945.762 710.004
946.061 987.286
946.360 1174.405
946.659 1114.929
946.957 1068.801
947.256 1011.703
947.555 970.647
947.854 972.114
948.153 885.205
948.451 841.166
948.750 933.820
949.049 904.117
949.348 1114.113
949.646 1000.424
949.945 942.247
950.244 1086.814
950.543 974.984
950.841 880.463
951.140 822.754
951.439 669.337
951.738 799.706
952.037 854.855
952.335 990.184
952.634 1048.074
952.933 902.059
953.232 865.331
953.530 633.917
953.829 890.134
954.128 959.256
954.427 911.124
954.725 1042.443
955.024 930.641
955.323 916.543
955.622 753.022
955.921 740.941
956.219 864.304
956.518 776.006
956.817 702.878
957.116 728.443
957.414 752.999
957.713 684.920
958.012 602.995
958.311 574.587
958.610 816.003
958.908 854.195
959.207 795.408
959.506 807.768
959.805 812.061
960.103 791.853
960.402 844.429
960.701 727.277
961.000 673.396
961.298 682.707
961.597 786.860
961.896 688.253
962.195 736.608
962.494 818.243
962.792 748.846
963.091 715.225
963.390 662.328
963.689 646.696
963.987 762.498
964.286 814.939
964.585 881.124
964.884 808.852
965.182 697.702
965.481 1025.568
965.780 1107.183
966.080 911.608
966.380 775.300
966.680 750.602
966.981 764.766
967.281 762.079
967.581 736.501
967.881 794.080
968.181 820.741
968.481 735.524
968.781 728.102
969.082 618.670
969.382 676.758
969.682 794.845
969.982 850.585
970.282 815.311
970.582 654.253
970.882 634.483
971.183 782.728
971.483 733.699
971.783 746.302
972.083 780.172
972.383 781.904
972.683 746.112
972.983 825.042
973.284 753.607
973.584 693.107
973.884 749.501
974.184 762.858
974.484 821.683
974.784 672.190
975.084 608.034
975.385 622.892
975.685 783.163
975.985 758.239
976.285 741.164
976.585 826.312
976.885 708.730
977.185 685.388
977.486 742.771
977.786 751.395
978.086 857.853
978.386 842.725
978.686 671.867
978.986 661.157
979.286 658.165
979.587 700.173
979.887 609.181
980.187 586.190
980.487 550.198
980.787 657.206
981.087 658.214
981.387 817.222
981.688 700.230
981.988 581.239
982.288 667.247
982.588 689.255
982.888 701.263
983.188 656.271
983.488 755.279
983.789 757.287
984.089 782.295
984.389 704.303
984.689 657.312
984.989 585.320
985.289 627.328
985.589 763.336
985.890 749.344
986.190 580.352
986.490 603.360
986.790 763.368
987.090 702.376
987.390 708.384
987.690 754.392
987.991 598.400
988.291 548.408
988.591 609.416
988.891 550.424
989.191 523.432
989.491 676.440
989.791 671.448
990.092 651.456
990.392 711.464
990.692 652.472
990.992 680.480
991.292 584.487
991.592 650.495
991.892 675.503
992.193 745.511
992.493 712.519
992.793 656.527
993.093 611.535
993.393 561.543
993.693 620.551
993.993 692.558
994.294 752.566
994.594 681.574
994.894 632.582
995.194 641.590
995.494 570.598
995.794 566.605
996.094 554.613
996.395 631.621
996.695 711.629
996.995 494.636
997.295 452.644
997.595 534.652
997.895 504.660
998.195 457.667
998.496 533.675
998.796 530.683
999.096 731.691
999.396 634.698
999.696 679.706
999.996 735.714
1000.296 759.722
1000.597 724.729
1000.897 579.737
1001.197 618.745
1001.497 808.752
1001.797 600.760
1002.097 526.768
1002.397 651.775
1002.698 624.783
1002.998 702.790
1003.298 675.798
1003.598 572.806
1003.898 502.813
1004.198 683.821
1004.498 734.829
1004.799 660.836
1005.099 708.844
1005.399 702.851
1005.699 768.859
1005.999 735.866
1006.299 612.874
1006.599 756.882
1006.900 764.889
1007.200 645.897
1007.500 646.904
1007.800 649.912
1008.100 567.919
1008.400 508.927
1008.700 555.934
1009.001 547.942
1009.301 512.949
1009.601 734.957
1009.901 804.964
1010.201 733.972
1010.501 681.979
1010.801 785.986
1011.102 621.994
1011.402 658.001
1011.702 562.009
1012.002 490.016
1012.302 677.024
1012.602 696.031
1012.902 620.038
1013.203 644.046
1013.503 711.053
1013.803 679.061
1014.103 528.068
1014.403 653.075
1014.703 579.083
1015.003 516.090
1015.304 755.097
1015.604 826.105
1015.904 574.112
1016.204 492.119
1016.504 546.127
1016.804 584.134
1017.104 544.141
1017.405 554.149
1017.705 570.156
1018.005 592.163
1018.305 603.170
1018.605 616.178
1018.905 504.185
1019.205 444.192
1019.506 761.200
1019.806 782.207
1020.106 695.214
1020.406 710.221
1020.706 692.229
1021.006 709.236
1021.306 827.243
1021.607 637.250
1021.907 749.257
1022.207 708.265
1022.507 557.272
1022.807 584.279
1023.107 634.286
1023.407 582.293
1023.708 561.300
1024.008 546.308
1024.308 608.315
1024.608 581.322
1024.908 496.329
1025.208 594.336
1025.508 814.343
1025.809 768.350
1026.109 550.357
1026.409 657.365
1026.709 680.372
1027.009 603.379
1027.309 646.386
1027.609 567.393
1027.910 554.400
1028.210 675.407
1028.510 780.414
1028.810 939.421
1029.110 861.428
1029.410 695.435
1029.710 838.442
1030.011 833.449
1030.311 819.456
1030.611 669.463
1030.911 687.470
1031.211 655.477
1031.511 577.484
1031.811 777.491
1032.112 767.498
1032.412 678.505
1032.712 521.512
1033.012 594.519
1033.312 821.526
1033.612 766.533
1033.912 666.540
1034.212 578.547
1034.513 530.554
1034.813 568.561
1035.113 673.568
1035.413 573.575
1035.713 666.582
1036.013 744.589
1036.313 704.595
1036.614 746.602
1036.914 600.609
1037.214 474.616
1037.514 655.623
1037.814 640.630
1038.114 631.637
1038.414 611.644
1038.715 708.650
1039.015 549.657
1039.315 478.664
1039.615 630.671
1039.915 631.678
1040.215 583.685
1040.515 579.691
1040.816 713.698
1041.116 712.705
1041.416 594.712
1041.716 519.718
1042.016 488.725
1042.316 679.732
1042.616 654.739
1042.917 572.746
1043.217 590.752
1043.517 625.759
1043.817 687.766
1044.117 684.773
1044.417 631.779
1044.717 529.786
1045.018 571.793
1045.318 686.799
1045.618 702.806
1045.918 565.813
1046.218 483.820
1046.518 527.826
1046.818 622.833
1047.119 553.840
1047.419 774.846
1047.719 705.853
1048.019 599.860
1048.319 690.866
1048.619 638.873
1048.919 643.880
1049.220 586.886
1049.520 678.893
1049.820 637.899
1050.120 546.906
1050.420 713.913
1050.720 663.919
1051.020 646.926
1051.321 695.932
1051.621 775.939
1051.921 694.946
1052.221 594.952
1052.521 491.959
1052.821 490.965
1053.121 681.972
1053.422 742.978
1053.722 771.985
1054.022 664.991
1054.322 768.998
1054.622 648.005
1054.922 567.011
1055.222 711.018
1055.523 659.024
1055.823 683.031
1056.123 742.037
1056.423 676.044
1056.723 751.050
1057.023 658.057
1057.323 515.063
1057.624 669.070
1057.924 765.076
1058.224 693.082
1058.524 581.089
1058.824 667.095
1059.124 664.102
1059.424 589.108
1059.725 663.115
1060.025 632.121
1060.325 644.128
1060.625 600.134
1060.925 574.140
1061.225 569.147
1061.525 706.153
1061.826 644.160
1062.126 684.166
1062.426 730.172
1062.726 763.179
1063.026 728.185
1063.326 879.191
1063.626 810.198
1063.927 723.204
1064.227 698.210
1064.527 556.217
1064.827 736.223
1065.127 684.229
1065.427 490.236
1065.727 516.242
1066.028 698.248
1066.328 708.255
1066.628 506.261
1066.928 540.267
1067.228 614.274
1067.528 608.280
1067.828 634.286
1068.129 536.293
1068.429 695.299
1068.729 743.305
1069.029 591.311
1069.329 527.318
1069.629 666.324
1069.929 721.330
1070.230 782.336
1070.530 741.343
1070.830 602.349
1071.130 674.355
1071.430 697.361
1071.730 712.367
1072.030 722.374
1072.331 565.380
1072.631 644.386
1072.931 747.392
1073.231 720.398
1073.531 616.405
1073.831 597.411
1074.131 692.417
1074.432 768.423
1074.732 695.429
1075.032 560.435
1075.332 528.442
1075.632 574.448
1075.932 559.454
1076.232 565.460
1076.533 578.466
1076.833 635.472
1077.133 589.478
1077.433 509.484
1077.733 560.490
1078.033 704.497
1078.333 702.503
1078.634 714.509
1078.934 714.515
1079.234 562.521
1079.534 726.527
1079.834 821.533
1080.134 699.539
1080.434 702.545
1080.735 634.551
1081.035 642.557
1081.335 507.563
1081.635 527.569
1081.935 630.575
1082.235 591.581
1082.535 587.587
1082.836 644.593
1083.136 647.599
1083.436 764.605
1083.736 749.611
1084.036 635.617
1084.336 578.623
1084.636 617.629
1084.937 782.635
1085.237 801.641
1085.537 720.647
1085.837 738.653
1086.137 630.659
1086.437 710.665
1086.737 665.671
1087.038 654.677
1087.338 793.683
1087.638 769.689
1087.938 574.695
1088.238 418.701
1088.538 542.707
1088.838 719.713
1089.139 735.719
1089.439 588.724
1089.739 733.730
1090.039 741.736
1090.339 762.742
1090.639 639.748
1090.939 680.754
1091.240 591.760
1091.540 599.766
1091.840 620.772
1092.140 679.777
1092.453 671.783
1092.766 598.789
1093.079 574.795
1093.392 641.801
1093.705 627.807
1094.018 675.812
1094.330 793.818
1094.643 718.824
1094.956 733.830
1095.269 611.836
1095.582 619.841
1095.895 575.847
1096.208 548.853
1096.521 627.859
1096.834 666.865
1097.147 605.870
1097.460 668.876
1097.773 758.882
1098.085 663.888
1098.398 571.893
1098.711 592.899
1099.024 555.905
1099.337 674.911
1099.650 773.916
1099.963 751.922
1100.276 638.928
1100.589 544.934
1100.902 597.939
1101.215 628.945
1101.528 704.951
1101.841 655.956
1102.153 734.962
1102.466 786.968
1102.779 570.974
1103.092 567.979
1103.405 635.985
1103.718 587.991
1104.031 545.996
1104.344 656.002
1104.657 613.008
1104.970 949.013
1105.283 799.019
1105.596 625.025
1105.909 586.030
1106.221 670.036
1106.534 668.041
1106.847 557.047
1107.160 480.053
1107.473 481.058
1107.786 597.064
1108.099 533.070
1108.412 611.075
1108.725 682.081
1109.038 557.086
1109.351 622.092
1109.664 640.098
1109.977 562.103
1110.289 571.109
1110.602 577.114
1110.915 637.120
1111.228 613.125
1111.541 558.131
1111.854 514.137
1112.167 450.142
1112.480 505.148
1112.793 579.153
1113.106 532.159
1113.419 636.164
1113.732 659.170
1114.044 563.175
1114.357 647.181
1114.670 642.186
1114.983 598.192
1115.296 590.197
1115.609 652.203
1115.922 621.208
1116.235 650.214
1116.548 662.219
1116.861 624.225
1117.174 580.230
1117.487 668.236
1117.800 838.241
1118.112 640.247
1118.425 546.252
1118.738 516.258
1119.051 531.263
1119.364 596.268
1119.677 601.274
1119.990 597.279
1120.303 667.285
1120.616 711.290
1120.929 590.296
1121.242 692.301
1121.555 682.306
1121.868 687.312
1122.180 665.317
1122.493 497.323
1122.806 511.328
1123.119 607.333
1123.432 634.339
1123.745 613.344
1124.058 560.349
1124.371 521.355
1124.684 732.360
1124.997 670.366
1125.310 628.371
1125.623 551.376
1125.935 487.382
1126.248 596.387
1126.561 686.392
1126.874 600.398
1127.187 709.403
1127.500 790.408
1127.813 720.414
1128.126 704.419
1128.439 700.424
1128.752 799.430
1129.065 628.435
1129.378 462.440
1129.691 579.445
1130.003 616.451
1130.316 588.456
1130.629 542.461
1130.942 589.467
1131.255 560.472
1131.568 523.477
1131.881 591.482
1132.194 669.488
1132.507 619.493
1132.820 574.498
1133.133 689.503
1133.446 591.509
1133.759 785.514
1134.071 1207.519
1134.384 857.524
1134.697 769.530
1135.010 854.535
1135.323 696.540
1135.636 553.545
1135.949 497.550
1136.262 512.556
1136.575 575.561
1136.888 561.566
1137.201 599.571
1137.514 577.576
1137.826 666.582
1138.139 585.587
1138.452 611.592
1138.765 857.597
1139.078 859.602
1139.391 772.607
1139.704 711.613
1140.017 725.618
1140.330 611.623
1140.643 564.628
1140.956 589.633
1141.269 616.638
1141.582 628.644
1141.894 573.649
1142.207 752.654
1142.520 651.659
1142.833 693.664
1143.146 569.669
1143.459 502.674
1143.772 602.679
1144.085 689.684
1144.398 625.690
1144.711 611.695
1145.024 587.700
1145.337 633.705
1145.650 679.710
1145.962 606.715
1146.275 616.720
1146.588 504.725
1146.901 704.730
1147.214 739.735
1147.527 522.740
1147.840 593.745
1148.153 582.750
1148.466 609.755
1148.779 616.760
1149.092 733.765
1149.405 624.770
1149.718 647.775
1150.030 733.781
1150.343 639.786
1150.656 522.791
1150.969 522.796
1151.282 716.801
1151.595 652.806
1151.908 552.811
1152.221 403.816
1152.534 440.821
1152.847 759.826
1153.160 650.830
1153.473 657.835
1153.785 724.840
1154.098 665.845
1154.411 779.850
1154.724 705.855
1155.037 787.860
1155.350 725.865
1155.663 721.870
1155.976 613.875
1156.289 647.880
1156.602 605.885
1156.915 501.890
1157.228 445.895
1157.541 591.900
1157.853 595.905
1158.166 629.910
1158.479 736.915
1158.792 674.919
1159.105 660.924
1159.418 645.929
1159.731 576.934
1160.044 633.939
1160.357 763.944
1160.670 709.949
1160.983 512.954
1161.296 624.959
1161.609 777.963
1161.921 665.968
1162.234 604.973
1162.547 463.978
1162.860 475.983
1163.173 520.988
1163.486 640.993
1163.799 640.997
1164.112 538.002
1164.425 571.007
1164.738 557.012
1165.051 488.017
1165.364 539.022
1165.676 602.026
1165.989 618.031
1166.302 555.036
1166.615 680.041
1166.928 650.046
1167.241 673.050
1167.554 696.055
1167.867 780.060
1168.180 683.065
1168.493 481.070
1168.806 558.074
1169.119 569.079
1169.432 709.084
1169.744 704.089
1170.057 666.094
1170.370 786.098
1170.683 736.103
1170.996 635.108
1171.309 574.113
1171.622 524.117
1171.935 566.122
1172.248 754.127
1172.561 732.132
1172.874 691.136
1173.187 683.141
1173.500 684.146
1173.812 722.150
1174.125 718.155
1174.438 743.160
1174.751 592.165
1175.064 552.169
1175.377 660.174
1175.690 605.179
1176.003 526.183
1176.316 604.188
1176.629 659.193
1176.942 603.197
1177.255 581.202
1177.567 504.207
1177.880 544.212
1178.193 666.216
1178.506 606.221
1178.819 754.226
1179.132 778.230
1179.445 558.235
1179.758 725.239
1180.071 770.244
1180.384 611.249
1180.697 643.253
1181.010 673.258
1181.323 782.263
1181.635 771.267
1181.948 741.272
1182.261 621.277
1182.574 552.281
1182.887 627.286
1183.200 751.290
1183.513 691.295
1183.826 589.300
1184.139 662.304
1184.452 655.309
1184.765 523.313
1185.078 446.318
1185.391 593.323
1185.703 595.327
1186.016 444.332
1186.329 449.336
1186.642 581.341
1186.955 739.345
1187.268 587.350
1187.581 645.355
1187.894 595.359
1188.207 635.364
1188.520 659.368
1188.833 666.373
1189.146 539.377
1189.459 441.382
1189.771 480.386
1190.084 658.391
1190.397 571.395
1190.710 647.400
1191.023 663.405
1191.336 663.409
1191.649 654.414
1191.962 696.418
1192.275 549.423
1192.588 649.427
1192.901 833.432
1193.214 617.436
1193.526 547.441
1193.839 621.445
1194.152 553.450
1194.465 629.454
1194.778 584.459
1195.091 622.463
1195.404 606.467
1195.717 641.472
1196.030 728.476
1196.343 645.481
1196.656 560.485
1196.969 601.490
1197.282 677.494
1197.594 666.499
1197.907 740.503
1198.220 705.508
1198.533 630.512
1198.846 601.516
1199.159 562.521
1199.472 605.525
1199.785 725.530
1200.098 641.534
1200.411 787.539
1200.724 699.543
1201.037 630.547
1201.350 573.552
1201.662 500.556
1201.975 648.561
1202.288 665.565
1202.601 233.569
