165.028 188.002
165.288 105.655
165.547 194.311
165.807 250.970
166.067 135.633
166.327 11.299
166.587 27.968
166.847 197.640
167.107 230.316
167.367 264.994
167.627 275.676
167.886 199.360
168.146 229.048
168.406 420.738
168.666 392.432
168.926 274.129
169.186 266.828
169.446 266.530
169.706 161.236
169.966 298.944
170.225 288.654
170.485 308.368
170.745 364.084
171.005 491.803
171.265 289.525
171.525 265.249
171.785 175.976
172.045 187.706
172.305 356.438
172.564 303.172
172.824 148.909
173.084 299.649
173.344 222.391
173.604 242.135
173.864 343.882
174.124 332.631
174.384 266.382
174.644 374.136
174.903 514.892
175.163 543.650
175.423 592.411
175.683 371.173
175.943 376.938
176.203 286.705
176.463 260.474
176.723 255.245
176.983 294.018
177.242 343.793
177.502 504.570
177.762 482.349
178.022 267.130
178.282 246.912
178.542 240.697
178.802 273.483
179.062 316.272
179.322 548.062
179.581 542.853
179.841 373.647
180.101 407.442
180.361 448.239
180.621 423.037
180.881 387.837
181.141 342.639
181.401 340.442
181.661 453.247
181.920 495.053
182.180 352.861
182.440 306.670
182.700 280.481
182.960 296.293
183.220 365.106
183.480 601.921
183.740 443.737
184.000 375.554
184.259 285.373
184.519 425.193
184.779 446.014
185.039 494.836
185.299 529.659
185.559 505.484
185.819 543.310
186.079 540.136
186.339 424.964
186.598 363.793
186.858 302.623
187.118 331.454
187.378 400.285
187.638 435.118
187.898 496.952
188.158 531.786
188.418 403.622
188.678 342.458
188.937 397.295
189.197 489.133
189.457 467.971
189.717 422.810
189.977 315.651
190.237 297.491
190.497 465.333
190.757 459.175
191.017 441.018
191.276 335.861
191.536 381.705
191.796 347.549
192.056 333.394
192.316 405.240
192.576 334.086
192.836 270.932
193.096 268.779
193.356 292.627
193.616 333.474
193.875 342.322
194.135 260.171
194.395 416.020
194.655 502.869
194.915 431.719
195.175 404.568
195.435 486.418
195.695 243.269
195.955 59.119
196.214 268.970
196.474 398.821
196.734 333.672
196.994 320.523
197.254 318.374
197.514 303.226
197.774 326.077
198.034 253.929
198.294 215.780
198.553 291.632
198.813 248.484
199.073 92.335
199.333 158.187
199.593 324.039
199.853 322.890
200.113 401.742
200.373 414.593
200.633 198.444
200.892 172.295
201.152 193.146
201.412 174.997
201.672 288.847
201.932 509.698
202.192 441.548
202.452 259.398
202.712 237.247
202.972 289.097
203.231 426.946
203.491 411.794
203.751 349.643
204.011 339.491
204.271 438.339
204.531 245.186
204.791 180.033
205.051 258.880
205.311 384.726
205.570 301.572
205.830 272.417
206.090 222.262
206.350 286.106
206.610 482.950
206.870 318.793
207.130 247.636
207.390 302.479
207.650 307.321
207.909 329.162
208.169 373.002
208.429 352.843
208.689 211.682
208.949 340.521
209.209 452.359
209.469 245.197
209.729 238.034
209.989 294.870
210.248 209.706
210.508 495.541
210.768 438.375
211.028 293.208
211.288 382.041
211.548 351.873
211.808 373.705
212.068 518.535
212.328 539.365
212.587 521.194
212.847 368.022
213.107 418.850
213.367 376.676
213.627 297.502
213.887 306.327
214.147 219.151
214.407 301.974
214.667 331.797
214.926 420.618
215.186 346.439
215.446 346.258
215.706 292.077
215.966 270.895
216.226 307.712
216.486 270.528
216.746 287.343
217.006 374.157
217.265 330.970
217.525 276.782
217.785 333.593
218.045 353.403
218.305 283.212
218.565 251.020
218.825 306.827
219.085 471.633
219.345 283.438
219.604 208.242
219.864 393.045
220.124 389.847
220.384 370.648
220.644 353.447
220.904 298.246
221.164 353.043
221.424 359.840
221.684 257.635
221.943 275.429
222.203 404.222
222.463 325.014
222.723 249.805
222.983 379.594
223.243 289.383
223.503 330.170
223.763 265.956
224.023 228.741
224.282 374.525
224.542 380.307
224.802 439.089
225.062 431.869
225.322 527.648
225.582 413.426
225.842 354.202
226.102 386.978
226.362 344.752
226.621 395.524
226.881 352.296
227.141 406.066
227.401 413.836
227.661 296.603
227.921 488.370
228.181 400.135
228.441 296.899
228.701 497.662
228.960 502.424
229.220 325.184
229.480 261.943
229.740 385.701
230.000 474.457
230.260 375.212
230.520 310.966
230.780 263.718
231.040 326.469
231.299 316.219
231.559 367.967
231.819 348.714
232.079 424.460
232.339 440.205
232.599 231.948
232.859 347.690
233.119 475.430
233.379 338.169
233.638 383.907
233.898 488.643
234.158 436.378
234.418 291.112
234.678 383.844
234.938 458.575
235.198 303.305
235.458 253.033
235.718 303.759
235.978 314.485
236.237 361.209
236.497 400.931
236.757 430.653
237.017 407.373
237.277 426.091
237.537 412.808
237.797 322.524
238.057 406.238
238.317 328.951
238.576 216.662
238.836 362.372
239.096 467.081
239.356 403.788
239.616 400.494
239.876 398.198
240.136 394.901
240.396 493.603
240.656 557.303
240.915 466.002
241.175 414.699
241.435 274.395
241.695 382.090
241.955 529.783
242.215 593.474
242.475 520.164
242.735 376.853
242.995 413.540
243.254 431.226
243.514 386.911
243.774 225.594
244.034 354.275
244.294 624.956
244.554 498.634
244.814 483.312
245.074 405.987
245.334 326.662
245.593 313.335
245.853 305.006
246.113 307.676
246.373 419.345
246.633 481.012
246.893 446.678
247.153 463.342
247.413 510.005
247.673 488.667
247.932 402.327
248.192 465.985
248.452 548.642
248.712 499.298
248.972 328.952
249.232 446.605
249.492 380.256
249.752 230.906
250.012 416.555
250.271 417.202
250.531 426.847
250.791 648.491
251.051 630.134
251.311 421.775
251.571 257.415
251.831 398.053
252.091 504.690
252.351 459.326
252.610 428.960
252.870 481.592
253.130 400.224
253.390 398.853
253.650 481.482
253.911 497.109
254.172 505.734
254.433 435.358
254.694 398.981
254.955 428.602
255.216 304.221
255.477 433.840
255.738 440.457
255.999 364.072
256.261 514.686
256.522 476.299
256.783 474.910
257.044 323.519
257.305 243.128
257.566 216.735
257.827 176.340
258.088 286.944
258.349 288.547
258.610 359.148
258.871 416.748
259.132 486.346
259.393 364.943
259.654 259.539
259.915 201.133
260.176 331.725
260.437 420.317
260.698 348.907
260.959 284.495
261.221 429.082
261.482 520.668
261.743 474.252
262.004 440.835
262.265 598.417
262.526 519.997
262.787 283.576
263.048 297.153
263.309 339.729
263.570 445.303
263.831 397.877
264.092 401.448
264.353 290.019
264.614 559.588
264.875 506.155
265.136 345.722
265.397 523.287
265.658 619.850
265.919 638.412
266.181 537.973
266.442 389.532
266.703 307.090
266.964 337.647
267.225 341.202
267.486 408.756
267.747 464.309
268.008 477.860
268.269 529.410
268.530 492.959
268.791 464.506
269.052 508.052
269.313 460.596
269.574 410.139
269.835 432.681
270.096 487.222
270.357 463.761
270.618 361.298
270.879 344.835
271.141 458.370
271.402 425.904
271.663 334.436
271.924 481.967
272.185 530.497
272.446 473.026
272.707 421.553
272.968 376.079
273.229 347.603
273.490 430.127
273.751 403.649
274.012 401.169
274.273 460.689
274.534 452.207
274.795 475.723
275.056 474.239
275.317 327.753
275.578 272.266
275.839 364.777
276.101 336.288
276.362 338.797
276.623 390.304
276.884 516.811
277.145 535.316
277.406 514.820
277.667 396.322
277.928 359.824
278.189 561.324
278.450 497.823
278.711 431.320
278.972 402.816
279.233 344.312
279.494 491.805
279.755 577.298
280.016 638.789
280.277 508.279
280.538 503.768
280.799 359.255
281.061 402.742
281.322 401.227
281.583 368.711
281.844 313.193
282.105 333.675
282.366 498.155
282.627 418.634
282.888 496.111
283.149 505.588
283.410 390.063
283.671 420.537
283.932 417.010
284.193 287.481
284.454 358.952
284.715 495.421
284.976 469.889
285.237 508.356
285.498 675.822
285.759 597.286
286.021 552.749
286.282 498.211
286.543 533.672
286.804 523.132
287.065 541.590
287.326 511.048
287.587 340.504
287.848 465.959
288.109 548.413
288.370 497.865
288.631 348.317
288.892 368.767
289.153 416.216
289.414 348.664
289.675 539.111
289.936 627.557
290.197 597.001
290.458 498.445
290.719 428.887
290.981 619.328
291.242 619.768
291.503 548.207
291.764 414.645
292.025 309.081
292.286 325.517
292.547 468.951
292.808 440.384
293.069 445.816
293.330 510.247
293.591 546.677
293.852 509.106
294.113 421.533
294.374 415.960
294.635 481.385
294.896 550.810
295.157 579.233
295.418 548.655
295.679 547.076
295.941 534.496
296.202 507.915
296.463 535.333
296.724 581.750
296.985 606.165
297.246 603.580
297.507 459.993
297.768 375.406
298.029 543.817
298.290 717.227
298.551 719.637
298.812 714.045
299.073 523.452
299.334 443.858
299.595 595.263
299.856 585.667
300.117 693.070
300.378 667.472
300.639 438.872
300.901 406.272
301.162 524.671
301.423 603.069
301.684 716.465
301.945 749.861
302.206 496.256
302.467 498.649
302.728 455.042
302.989 518.433
303.250 576.824
303.511 672.213
303.772 665.602
304.033 591.989
304.294 525.376
304.555 486.761
304.816 562.146
305.077 577.529
305.338 448.912
305.599 430.294
305.861 518.674
306.122 586.054
306.383 529.432
306.644 496.810
306.905 404.186
307.166 629.562
307.427 551.937
307.688 489.310
307.949 482.683
308.210 517.055
308.471 572.426
308.732 548.795
308.993 422.164
309.254 393.532
309.515 334.899
309.776 492.265
310.037 544.630
310.298 379.994
310.559 420.358
310.821 607.720
311.082 565.081
311.343 433.441
311.604 392.801
311.865 364.159
312.126 378.517
312.387 451.874
312.648 456.229
312.909 486.584
313.170 507.938
313.434 523.291
313.698 478.643
313.963 563.994
314.227 503.344
314.491 442.694
314.755 482.042
315.019 486.390
315.284 316.736
315.548 499.082
315.812 542.427
316.076 625.771
316.340 605.114
316.604 578.456
316.869 609.797
317.133 587.138
317.397 622.477
317.661 610.816
317.925 571.154
318.190 556.491
318.454 506.827
318.718 475.162
318.982 587.496
319.246 588.830
319.511 710.162
319.775 568.494
320.039 553.825
320.303 545.155
320.567 593.484
320.832 557.812
321.096 489.140
321.360 489.466
321.624 487.792
321.888 409.117
322.153 448.441
322.417 385.765
322.681 292.087
322.945 464.409
323.209 570.730
323.473 542.049
323.738 493.369
324.002 484.687
324.266 675.004
324.530 602.321
324.794 493.637
325.059 411.952
325.323 324.266
325.587 445.580
325.851 485.893
326.115 696.204
326.380 576.515
326.644 554.826
326.908 574.135
327.172 489.444
327.436 489.752
327.701 538.059
327.965 493.365
328.229 536.671
328.493 380.975
328.757 419.279
329.022 549.583
329.286 429.885
329.550 436.187
329.814 485.487
330.078 501.788
330.342 502.087
330.607 536.385
330.871 568.683
331.135 651.980
331.399 651.277
331.663 571.572
331.928 538.867
332.192 591.161
332.456 583.454
332.720 590.747
332.984 455.039
333.249 494.330
333.513 491.620
333.777 428.910
334.041 410.198
334.305 474.486
334.570 542.774
334.834 455.060
335.098 621.346
335.362 678.632
335.626 555.916
335.891 478.200
336.155 557.483
336.419 550.765
336.683 400.047
336.947 494.327
337.211 491.608
337.476 387.887
337.740 486.166
338.004 462.444
338.268 419.721
338.532 510.998
338.797 495.274
339.061 597.549
339.325 678.824
339.589 718.097
339.853 595.371
340.118 483.643
340.382 652.915
340.646 751.186
340.910 549.456
341.174 524.726
341.439 524.995
341.703 573.263
341.967 495.531
342.231 440.798
342.495 496.064
342.759 616.330
343.024 571.595
343.288 625.860
343.552 549.123
343.816 360.386
344.080 429.649
344.345 543.910
344.609 444.171
344.873 388.432
345.137 508.691
345.401 547.951
345.666 405.209
345.930 538.467
346.194 640.724
346.458 475.980
346.722 451.236
346.987 451.491
347.251 523.746
347.515 702.000
347.779 504.253
348.043 443.506
348.308 529.758
348.572 472.009
348.836 399.260
349.100 440.510
349.364 388.760
349.628 417.009
349.893 500.257
350.157 584.505
350.421 573.752
350.685 550.998
350.949 501.244
351.214 354.489
351.478 419.734
351.742 530.978
352.006 524.221
352.270 514.464
352.535 447.706
352.799 407.948
353.063 531.189
353.327 467.429
353.591 401.669
353.856 473.908
354.120 522.147
354.384 615.385
354.648 692.623
354.912 598.859
355.177 491.096
355.441 421.331
355.705 642.567
355.969 687.801
356.233 624.035
356.497 566.268
356.762 597.501
357.026 594.733
357.290 564.965
357.554 541.196
357.818 590.427
358.083 531.657
358.347 496.886
358.611 511.115
358.875 529.343
359.139 530.571
359.404 425.798
359.668 550.024
359.932 681.251
360.196 666.476
360.460 557.701
360.725 568.925
360.989 632.149
361.253 784.372
361.517 736.595
361.781 663.817
362.046 633.039
362.310 712.260
362.574 678.481
362.838 546.701
363.102 570.920
363.366 558.139
363.631 487.358
363.895 511.575
364.159 680.793
364.423 644.010
364.687 651.226
364.952 698.442
365.216 705.657
365.480 634.872
365.747 477.086
366.013 519.300
366.280 537.513
366.546 675.725
366.813 540.937
367.079 566.149
367.346 625.360
367.612 540.571
367.879 601.781
368.145 715.991
368.412 596.200
368.678 544.408
368.945 627.616
369.211 581.824
369.478 598.031
369.744 566.237
370.011 594.444
370.278 561.649
370.544 531.854
370.811 557.059
371.077 550.263
371.344 507.466
371.610 599.670
371.877 598.872
372.143 605.074
372.410 695.276
372.676 778.477
372.943 708.678
373.209 594.878
373.476 527.078
373.742 516.277
374.009 636.476
374.276 600.674
374.542 589.872
374.809 526.069
375.075 426.266
375.342 416.463
375.608 383.659
375.875 412.854
376.141 678.049
376.408 651.244
376.674 638.438
376.941 573.631
377.207 541.824
377.474 910.017
377.740 822.209
378.007 534.401
378.273 635.592
378.540 684.783
378.807 557.974
379.073 504.164
379.340 485.353
379.606 541.542
379.873 489.731
380.139 566.919
380.406 646.107
380.672 602.294
380.939 532.481
381.205 484.667
381.472 408.853
381.738 417.039
382.005 595.224
382.271 640.409
382.538 620.593
382.804 750.777
383.071 652.960
383.338 634.143
383.604 603.325
383.871 717.507
384.137 731.689
384.404 644.870
384.670 661.051
384.937 566.231
385.203 637.411
385.470 589.591
385.736 603.770
386.003 597.949
386.269 566.127
386.536 576.305
386.802 606.482
387.069 714.659
387.336 884.836
387.602 877.012
387.869 624.188
388.135 565.363
388.402 509.538
388.668 603.713
388.935 683.887
389.201 784.061
389.468 776.234
389.734 844.407
390.001 803.579
390.267 701.751
390.534 744.923
390.800 719.094
391.067 776.265
391.333 778.436
391.600 696.606
391.867 708.776
392.133 721.945
392.400 636.114
392.666 558.283
392.933 774.451
393.199 884.619
393.466 702.786
393.732 707.953
393.999 809.120
394.265 850.286
394.532 816.452
394.798 880.617
395.065 782.783
395.331 847.947
395.598 957.112
395.864 1064.276
396.131 1312.439
396.398 1597.602
396.664 1958.765
396.931 2444.928
397.197 3193.090
397.464 3926.252
397.730 4759.413
397.997 5409.574
398.263 5849.734
398.530 6284.895
398.796 6850.055
399.063 7178.214
399.329 7342.373
399.596 7591.532
399.862 7599.691
400.129 7618.849
400.396 7643.006
400.662 7493.164
400.929 7521.321
401.195 7619.477
401.462 7881.634
401.728 8153.790
401.995 8423.945
402.261 8678.100
402.528 9058.255
402.794 9501.410
403.061 9894.564
403.327 10357.718
403.594 10762.871
403.860 11024.024
404.127 11169.177
404.393 11319.330
404.660 11400.482
404.931 11787.633
405.202 12294.785
405.473 12683.936
405.745 13494.087
406.016 14033.237
406.287 14046.387
406.558 14133.537
406.829 14456.686
407.100 14562.835
407.371 14877.984
407.642 14952.132
407.914 15103.280
408.185 15151.428
408.456 15150.575
408.727 15417.722
408.998 15547.869
409.269 15800.015
409.540 15950.161
409.811 15409.307
410.083 15134.453
410.354 14962.598
410.625 14490.742
410.896 14232.887
411.167 13926.031
411.438 13504.175
411.709 12918.318
411.981 12409.461
412.252 11571.604
412.523 10847.747
412.794 10249.889
413.065 9582.031
413.336 8824.172
413.607 8302.314
413.878 7772.455
414.150 7207.595
414.421 6602.735
414.692 6204.875
414.963 5744.015
415.234 5418.155
415.505 5003.294
415.776 4622.432
416.047 4141.571
416.319 3770.709
416.590 3307.847
416.861 2755.984
417.132 2614.122
417.403 2409.259
417.674 2084.395
417.945 1757.532
418.217 1646.668
418.488 1604.803
418.759 1346.939
419.030 1257.074
419.301 1273.209
419.572 1278.343
419.843 1183.478
420.114 1047.612
420.386 1021.745
420.657 1080.879
420.928 1002.012
421.199 958.144
421.470 893.277
421.741 790.409
422.012 828.541
422.283 877.673
422.555 856.804
422.826 929.935
423.097 1008.066
423.368 931.196
423.639 791.327
423.910 849.457
424.181 792.586
424.453 725.716
424.724 978.845
424.995 1099.973
425.266 915.102
425.537 878.230
425.808 1049.358
426.079 1136.486
426.350 1099.613
426.622 1035.740
426.893 1192.867
427.164 1129.994
427.435 1030.120
427.706 1047.246
427.977 1015.372
428.248 973.498
428.519 1119.623
428.791 1084.748
429.062 1112.872
429.333 967.997
429.604 909.121
429.875 1076.245
430.146 1184.369
430.417 1124.492
430.689 1045.615
430.960 887.738
431.231 842.860
431.502 1060.983
431.773 1140.105
432.044 979.226
432.315 1112.348
432.586 1083.469
432.858 1070.590
433.129 855.711
433.400 881.831
433.671 921.952
433.942 864.072
434.213 693.191
434.484 690.311
434.755 804.430
435.027 663.549
435.298 739.668
435.569 871.786
435.840 764.904
436.116 802.022
436.391 893.140
436.667 856.257
436.942 889.375
437.218 910.492
437.493 913.608
437.769 941.725
438.045 809.841
438.320 817.957
438.596 847.073
438.871 786.188
439.147 805.303
439.422 695.418
439.698 605.533
439.974 698.648
440.249 860.762
440.525 922.876
440.800 704.990
441.076 763.103
441.351 903.216
441.627 1004.330
441.903 896.442
442.178 660.555
442.454 676.667
442.729 949.779
443.005 807.891
443.281 890.003
443.556 1049.114
443.832 879.226
444.107 737.337
444.383 756.447
444.658 745.558
444.934 687.668
445.210 895.778
445.485 908.888
445.761 939.997
446.036 883.107
446.312 959.216
446.587 972.325
446.863 767.433
447.139 828.542
447.414 894.650
447.690 951.758
447.965 952.866
448.241 871.973
448.516 950.081
448.792 930.188
449.068 909.295
449.343 942.401
449.619 906.508
449.894 937.614
450.170 946.720
450.445 1121.826
450.721 1183.931
450.997 913.037
451.272 1069.142
451.548 1090.247
451.823 1065.351
452.099 1116.456
452.375 1007.560
452.650 970.664
452.926 1047.768
453.201 1151.871
453.477 1406.975
453.752 1270.078
454.028 1121.181
454.304 1270.284
454.579 1359.386
454.855 1257.489
455.130 1272.591
455.406 1398.693
455.681 1245.794
455.957 1164.896
456.233 1111.997
456.508 1167.098
456.784 1181.199
457.059 1125.300
457.335 1213.400
457.610 1059.501
457.886 976.601
458.162 967.701
458.437 972.800
458.713 1029.900
458.988 1009.999
459.264 1046.098
459.539 1090.197
459.815 960.296
460.091 891.394
460.366 818.492
460.642 748.590
460.917 862.688
461.193 889.786
461.468 814.883
461.744 777.981
462.020 741.078
462.295 826.175
462.571 815.271
462.846 813.368
463.122 918.464
463.397 932.560
463.673 815.840
463.949 865.886
464.224 914.933
464.500 972.970
464.775 952.038
465.051 1117.897
465.327 1278.949
465.602 1516.290
465.878 1679.737
466.153 1631.248
466.429 1923.681
466.704 2231.236
466.980 2263.792
467.256 2448.886
467.531 2730.710
467.807 2802.677
468.082 2845.857
468.358 2941.199
468.633 3091.717
468.909 3053.657
469.185 2968.376
469.460 3045.902
469.736 3158.830
470.011 2978.661
470.287 3035.112
470.562 3098.783
470.838 2932.476
471.114 2989.065
471.389 2924.510
471.665 2848.691
471.940 2835.472
472.216 2711.069
472.491 2438.324
472.767 2337.440
473.043 2339.559
473.318 2286.912
473.594 2059.943
473.869 1960.400
474.145 1781.447
474.421 1638.099
474.696 1502.889
474.972 1355.833
475.247 1359.344
475.523 1359.068
475.798 1252.489
476.074 1120.957
476.350 1078.276
476.625 1058.058
476.901 1102.999
477.176 1139.643
477.452 1036.842
477.727 1000.308
478.003 932.306
478.279 1144.792
478.554 1155.042
478.830 1163.426
479.105 1181.455
479.381 1134.705
479.656 1041.485
479.932 1126.636
480.208 1242.991
480.483 1180.142
480.759 1219.661
481.034 1139.727
481.310 1059.004
481.585 1172.881
481.861 1156.837
482.137 1041.960
482.412 1123.491
482.688 1103.247
482.963 1175.444
483.239 1219.440
483.514 955.996
483.790 1039.167
484.066 1275.974
484.341 1129.075
484.617 1125.040
484.892 1199.500
485.168 1197.592
485.443 1096.086
485.719 1137.917
485.995 1248.835
486.270 1268.491
486.546 1120.662
486.821 1005.015
487.097 975.470
487.373 1028.829
487.648 1231.607
487.924 1220.643
488.199 1010.289
488.475 803.099
488.750 883.956
489.026 1041.918
489.302 1062.605
489.577 1021.446
489.853 1027.379
490.128 1181.228
490.404 1176.236
490.679 1054.004
490.955 1197.723
491.231 1267.204
491.506 1177.523
491.782 1082.769
492.057 1056.346
492.333 1178.732
492.608 1094.659
492.884 1144.638
493.160 1061.544
493.435 1092.133
493.711 1222.601
493.986 1131.371
494.262 1134.517
494.537 1085.573
494.813 1126.949
495.089 1030.882
495.364 1067.303
495.640 1182.310
495.915 1196.137
496.191 1328.488
496.467 1234.305
496.742 1171.326
497.018 1205.303
497.293 1140.224
497.569 1201.702
497.844 1113.067
498.120 1232.944
498.396 1302.925
498.671 1249.675
498.947 1296.423
499.222 1268.959
499.498 1346.912
499.773 1483.305
500.049 1577.064
500.325 1632.604
500.600 1824.944
500.876 1906.924
501.151 2173.612
501.427 2304.382
501.702 2451.495
501.978 2596.293
502.254 2766.751
502.529 2692.613
502.805 2978.379
503.080 3288.914
503.356 3237.816
503.631 3207.826
503.907 3219.453
504.183 3165.883
504.458 3296.522
504.734 3264.951
505.009 3238.734
505.285 3237.024
505.560 3251.012
505.836 3133.929
506.112 3126.917
506.387 2981.240
506.663 2929.763
506.938 2829.734
507.214 2712.515
507.490 2663.382
507.765 2592.147
508.041 2563.964
508.316 2477.254
508.592 2174.248
508.867 2124.848
509.143 2156.953
509.419 1924.862
509.694 1738.523
509.970 1568.081
510.245 1442.889
510.521 1497.515
510.796 1379.205
511.072 1278.375
511.348 1301.817
511.623 1268.984
511.899 1215.566
512.174 1309.759
512.450 1343.250
512.725 1267.921
513.001 1030.855
513.277 929.901
513.552 1169.237
513.828 1126.564
514.103 1056.555
514.379 1215.454
514.654 1122.576
514.930 1083.109
515.206 1421.660
515.481 1352.050
515.757 1213.326
516.032 1208.290
516.308 1363.222
516.583 1489.761
516.859 1403.186
517.135 1440.251
517.410 1638.682
517.686 1780.631
517.961 1842.892
518.237 1939.284
518.513 1930.752
518.788 2294.519
519.064 2462.932
519.339 2626.727
519.615 2737.189
519.890 2979.550
520.166 3188.688
520.442 3397.423
520.717 3506.244
520.993 3568.451
521.268 3430.333
521.544 3476.593
521.819 3466.133
522.095 3656.726
522.371 3901.604
522.646 3846.056
522.922 4011.016
523.197 3973.720
523.473 4033.136
523.748 4020.757
524.024 3905.028
524.300 3986.428
524.575 3968.307
524.851 4000.903
525.126 4099.432
525.402 4147.434
525.677 4094.863
525.953 3944.736
526.229 3998.333
526.504 3943.845
526.780 4029.045
527.055 4042.529
527.331 4081.823
527.606 4138.474
527.882 4136.486
528.158 3977.672
528.433 4083.255
528.709 4024.772
528.984 4018.113
529.260 3966.284
529.535 3941.399
529.811 3698.422
530.087 3632.452
530.362 3648.534
530.638 3617.170
530.913 3562.488
531.189 3457.877
531.465 3206.969
531.740 3155.054
532.016 3166.867
532.291 3000.581
532.567 2881.454
532.842 2869.884
533.118 2699.108
533.394 2699.844
533.669 2476.555
533.945 2279.142
534.220 2226.671
534.496 2293.161
534.771 2175.571
535.047 2120.190
535.323 2021.732
535.598 2019.817
535.874 2102.901
536.149 2145.092
536.425 2114.959
536.700 2221.669
536.976 2663.338
537.252 3306.833
537.527 3901.494
537.803 4773.849
538.078 5554.411
538.354 6114.940
538.629 6521.606
538.905 7052.174
539.181 7555.292
539.456 7905.447
539.732 8521.403
540.007 8914.351
540.283 9107.999
540.558 9462.341
540.834 9838.189
541.110 10216.302
541.385 10469.824
541.661 10808.494
541.936 11124.514
542.212 11204.848
542.488 11360.503
542.763 11645.990
543.039 11841.131
543.314 11840.194
543.590 11775.543
543.865 11715.022
544.141 11361.552
544.417 11224.566
544.692 11012.109
544.968 10844.339
545.243 10525.154
545.519 10060.933
545.794 9904.985
546.070 9780.785
546.348 9612.462
546.627 9186.461
546.905 9113.069
547.183 8963.941
547.461 9030.529
547.740 8992.848
548.018 8876.592
548.296 8964.157
548.575 9174.737
548.853 9435.962
549.131 9741.875
549.409 10073.534
549.688 10684.698
549.966 10980.386
550.244 11360.400
550.523 11507.767
550.801 11717.218
551.079 12000.438
551.357 12228.978
551.636 12420.504
551.914 12326.038
552.192 12379.345
552.471 12812.150
552.749 13058.878
553.027 13330.525
553.306 13690.134
553.584 14243.775
553.862 14470.502
554.140 14950.907
554.419 15384.012
554.697 16143.122
554.975 16733.053
555.254 17191.820
555.532 17225.863
555.810 17234.474
556.088 17207.777
556.367 16992.638
556.645 16792.306
556.923 16515.119
557.202 16332.938
557.480 16085.092
557.758 15590.394
558.036 15070.559
558.315 14734.557
558.593 14539.060
558.871 14022.168
559.150 13458.889
559.428 12987.453
559.706 12517.924
559.984 11945.079
560.263 11452.413
560.541 10657.558
560.819 10060.937
561.098 9291.638
561.376 8423.417
561.654 7424.426
561.932 6515.354
562.211 5842.942
562.489 5358.840
562.767 4702.114
563.046 4189.867
563.324 3695.491
563.602 3408.022
563.880 3056.430
564.159 2867.418
564.437 2732.405
564.715 2379.988
564.994 2104.603
565.272 2087.376
565.550 1841.893
565.828 1613.381
566.107 1685.706
566.385 1633.276
566.663 1427.341
566.942 1364.397
567.220 1396.144
567.498 1523.494
567.776 1303.348
568.055 1138.971
568.333 1207.287
568.611 1252.048
568.890 1145.158
569.168 1048.959
569.446 1085.768
569.725 1060.693
570.003 914.845
570.281 866.453
570.559 958.375
570.838 1012.592
571.116 1048.502
571.394 1037.889
571.673 1106.837
571.951 1025.433
572.229 902.177
572.507 881.720
572.786 890.405
573.064 878.659
573.342 834.888
573.621 711.684
573.899 821.973
574.177 1027.899
574.455 955.636
574.734 818.651
575.012 917.522
575.290 896.919
575.569 889.019
575.847 927.228
576.125 897.833
576.403 718.013
576.682 777.761
576.960 837.467
577.243 936.097
577.527 830.660
577.810 682.922
578.093 695.474
578.377 720.609
578.660 734.487
578.944 687.101
579.227 678.605
579.510 772.484
579.794 751.470
580.077 698.242
580.360 744.614
580.644 726.530
580.927 698.469
581.210 689.567
581.494 618.276
581.777 730.143
582.061 756.811
582.344 685.825
582.627 602.120
582.911 662.982
583.194 638.737
583.477 758.541
583.761 787.527
584.044 862.421
584.327 843.347
584.611 746.487
584.894 802.475
585.178 691.629
585.461 643.721
585.744 766.641
586.028 699.451
586.311 740.495
586.594 804.538
586.878 739.581
587.161 679.624
587.444 700.667
587.728 659.710
588.011 733.753
588.295 645.796
588.578 710.128
588.861 789.092
589.145 666.924
589.428 649.616
589.711 551.008
589.995 563.487
590.278 723.370
590.562 709.135
590.845 656.521
591.128 824.571
591.412 795.670
591.695 677.626
591.978 766.812
592.262 752.635
592.545 579.690
592.828 772.925
593.112 672.495
593.395 603.743
593.679 585.255
593.962 776.531
594.245 753.909
594.529 659.423
594.812 585.250
595.095 499.306
595.379 677.104
595.662 753.364
595.945 707.970
596.229 590.245
596.512 636.641
596.796 738.403
597.079 764.445
597.362 779.336
597.646 846.855
597.929 736.114
598.212 722.580
598.496 742.383
598.779 842.381
599.062 875.985
599.346 739.795
599.629 685.851
599.913 730.535
600.196 742.397
600.479 728.910
600.763 739.520
601.046 664.359
601.329 713.280
601.613 814.879
601.896 749.038
602.179 842.644
602.463 776.867
602.746 780.836
603.030 888.929
603.313 891.040
603.596 702.658
603.880 772.596
604.163 836.360
604.446 784.649
604.730 722.003
605.013 838.752
605.296 878.789
605.580 747.583
605.863 805.407
606.147 723.173
606.430 720.273
606.713 872.248
606.997 801.641
607.280 918.311
607.563 834.200
607.847 800.187
608.130 811.586
608.414 843.119
608.697 821.630
608.980 822.472
609.264 929.198
609.547 850.950
609.830 847.070
610.114 854.942
610.397 864.774
610.680 863.964
610.964 848.048
611.247 887.301
611.531 841.104
611.814 716.509
612.097 765.613
612.381 944.311
612.664 1117.993
612.947 998.304
613.231 914.926
613.514 954.171
613.797 1040.652
614.081 1094.716
614.364 1073.141
614.648 1027.009
614.931 989.717
615.214 1023.152
615.498 1085.158
615.781 1114.805
616.064 1093.188
616.348 1203.460
616.631 1298.278
616.914 1305.895
617.198 1189.976
617.481 1115.135
617.765 1144.870
618.048 1209.215
618.331 1157.918
618.615 1121.548
618.898 1212.493
619.181 1259.960
619.465 1161.341
619.748 1037.736
620.031 996.225
620.315 958.596
620.598 1034.979
620.882 1125.417
621.165 1221.005
621.448 1133.565
621.732 1022.290
622.015 939.739
622.298 908.747
622.582 966.575
622.865 901.642
623.148 856.723
623.432 901.516
623.715 801.451
623.999 1009.714
624.282 958.554
624.565 1023.899
624.849 823.733
625.132 668.171
625.415 956.512
625.699 1094.748
625.982 928.284
626.265 813.918
626.549 788.888
626.832 879.832
627.116 898.049
627.399 770.811
627.682 761.228
627.966 742.369
628.249 801.013
628.532 778.132
628.816 956.144
629.099 897.104
629.383 846.190
629.666 764.613
629.949 717.542
630.233 747.958
630.516 803.251
630.799 818.510
631.083 751.034
631.366 758.447
631.649 736.878
631.933 630.411
632.216 730.423
632.500 788.429
632.783 805.583
633.066 811.806
633.350 829.775
633.633 859.895
633.916 806.619
634.200 788.991
634.483 836.160
634.766 907.339
635.050 882.874
635.333 756.471
635.617 815.844
635.900 947.978
636.183 997.303
636.467 978.434
636.750 1015.298
637.033 1049.291
637.317 961.695
637.600 1008.754
637.883 994.692
638.167 1037.879
638.450 1052.820
638.734 1035.061
639.017 1146.514
639.300 1170.889
639.584 1183.856
639.867 1357.881
640.150 1292.429
640.434 1278.428
640.717 1318.384
641.000 1264.209
641.284 1310.968
641.567 1262.645
641.851 1358.356
642.134 1489.085
642.417 1472.770
642.701 1638.817
642.984 1642.923
643.267 1561.760
643.551 1469.093
643.834 1372.093
644.117 1500.987
644.401 1478.994
644.684 1556.811
644.968 1802.957
645.251 1735.629
645.534 1603.389
645.818 1666.270
646.101 1900.728
646.384 2073.527
646.668 2251.021
646.951 2320.534
647.235 2423.308
647.518 2566.195
647.801 2877.314
648.085 3235.205
648.368 3466.658
648.651 3541.875
648.935 3998.669
649.218 4413.952
649.501 4634.918
649.785 5033.596
650.068 5586.518
650.352 5906.270
650.635 6232.297
650.918 6711.259
651.202 7367.962
651.485 8148.967
651.768 8915.297
652.052 9613.845
652.335 10473.690
652.618 11216.046
652.902 12091.184
653.185 12936.581
653.469 13445.053
653.752 13910.072
654.035 14463.238
654.319 15018.643
654.602 15250.190
654.885 15260.494
655.169 15541.508
655.452 15727.643
655.735 15998.335
656.019 16165.852
656.302 16573.507
656.586 16908.678
656.869 17156.434
657.152 17123.711
657.436 16898.988
657.719 17026.683
658.002 17309.336
658.286 17097.557
658.569 16631.825
658.852 16134.387
659.136 15743.827
659.419 14884.974
659.703 14130.689
659.986 13669.805
660.269 13256.141
660.553 12589.244
660.836 12505.940
661.119 12713.287
661.403 12626.174
661.686 12397.693
661.969 12043.704
662.253 11963.404
662.536 11993.921
662.820 11920.941
663.103 11584.256
663.386 11320.593
663.670 11278.026
663.953 11085.185
664.236 11134.945
664.520 10884.721
664.803 10939.461
665.086 10740.158
665.370 10727.766
665.653 10804.796
665.937 10799.556
666.220 10646.440
666.503 10448.700
666.787 10352.380
667.070 10409.019
667.353 10155.999
667.637 9746.989
667.920 9455.942
668.204 8734.066
668.487 7929.415
668.770 7369.290
669.054 6478.280
669.337 5674.515
669.620 4944.676
669.904 4244.149
670.187 3732.704
670.470 3316.133
670.754 2874.324
671.037 2471.233
671.321 2249.125
671.604 2341.432
671.887 2155.525
672.171 1933.445
672.454 1774.032
672.737 1675.236
673.021 1518.008
673.304 1498.034
673.587 1620.239
673.871 1615.370
674.154 1568.960
674.438 1570.601
674.721 1554.185
675.004 1554.783
675.288 1479.708
675.571 1562.619
675.854 1578.095
676.138 1636.450
676.421 1700.087
676.704 1740.094
676.988 2063.403
677.271 2316.596
677.555 2228.016
677.838 2041.901
678.121 1916.885
678.405 1823.573
678.688 1810.143
678.971 1511.021
679.255 1555.655
679.538 1640.745
679.821 1616.913
680.105 1461.818
680.388 1320.620
680.672 1278.361
680.955 1288.784
681.238 1221.474
681.522 1197.362
681.805 1255.358
682.088 1322.828
682.372 1298.166
682.655 1152.367
682.938 1250.515
683.222 1219.227
683.505 1145.293
683.789 1206.971
684.072 1191.324
684.355 1162.968
684.639 1150.469
684.922 1075.339
685.205 1083.717
685.489 1178.733
685.772 1146.554
686.056 1135.228
686.339 1201.154
686.622 1009.738
686.906 965.924
687.189 1117.307
687.472 1324.015
687.756 1234.027
688.039 1085.028
688.322 1053.739
688.606 1286.543
688.889 1258.385
689.173 1095.572
689.456 1263.657
689.739 1345.103
690.023 1303.060
690.306 1358.352
690.589 1326.755
690.873 1391.998
691.156 1443.012
691.439 1316.087
691.723 1227.664
692.006 1368.552
692.290 1420.826
692.573 1595.908
692.856 1646.512
693.140 1611.305
693.423 1478.193
693.706 1419.647
693.990 1408.463
694.273 1337.819
694.556 1514.998
694.840 1599.853
695.123 1515.581
695.407 1518.170
695.690 1387.365
695.973 1487.790
696.257 1664.449
696.540 1831.487
696.830 1791.603
697.120 1819.377
697.410 1934.577
697.699 1944.926
697.989 2165.294
698.279 2101.898
698.569 1895.876
698.859 1970.696
699.149 2011.680
699.439 1944.277
699.729 1827.012
700.018 1793.363
700.308 1918.980
700.598 1789.545
700.888 1775.983
701.178 2007.707
701.468 1962.085
701.758 1837.527
702.048 1911.781
702.337 1774.203
702.627 1783.765
702.917 1708.107
703.207 1586.866
703.497 1567.185
703.787 1396.789
704.077 1319.748
704.366 1306.077
704.656 1175.402
704.946 1047.900
705.236 995.927
705.526 1103.739
705.816 1123.723
706.106 878.358
706.396 913.363
706.685 943.436
706.975 810.391
707.265 749.343
707.555 883.923
707.845 880.211
708.135 805.903
708.425 714.604
708.715 701.486
709.004 898.444
709.294 840.167
709.584 843.463
709.874 876.030
710.164 860.274
710.454 818.518
710.744 747.644
711.034 803.142
711.323 822.253
711.613 734.677
711.903 835.256
712.193 872.643
712.483 745.821
712.773 756.660
713.063 742.439
713.352 747.863
713.642 758.153
713.932 823.038
714.222 795.167
714.512 749.668
714.802 740.001
715.092 834.984
715.382 693.159
715.671 656.128
715.961 740.627
716.251 646.236
716.541 663.922
716.831 751.767
717.121 653.749
717.411 775.964
717.701 860.195
717.990 740.599
718.280 621.727
718.570 657.088
718.860 638.352
719.150 698.199
719.440 641.257
719.730 598.910
720.019 891.298
720.309 822.448
720.599 741.284
720.889 715.930
721.179 716.908
721.469 726.236
721.759 642.581
722.049 733.685
722.338 646.458
722.628 664.051
722.918 740.210
723.208 822.424
723.498 671.483
723.788 738.560
724.078 870.438
724.368 805.600
724.657 715.249
724.947 740.067
725.237 751.420
725.527 777.503
725.817 675.520
726.107 668.796
726.397 676.554
726.686 639.824
726.976 695.937
727.266 750.117
727.556 647.623
727.846 786.702
728.136 810.140
728.426 683.823
728.716 611.169
729.005 776.887
729.295 701.326
729.585 598.825
729.875 627.724
730.165 679.759
730.455 697.238
730.745 713.470
731.035 733.878
731.324 794.665
731.614 742.657
731.904 639.414
732.194 730.785
732.484 715.952
732.774 702.354
733.064 672.218
733.354 525.351
733.643 543.494
733.933 623.881
734.223 575.168
734.513 780.841
734.803 826.501
735.093 645.058
735.383 633.013
735.672 652.564
735.962 714.526
736.252 597.523
736.542 653.562
736.832 643.788
737.122 514.047
737.412 599.361
737.702 708.899
737.991 733.453
738.281 719.183
738.571 669.380
738.861 614.615
739.151 634.320
739.441 697.630
739.731 617.020
740.021 664.561
740.310 803.303
740.600 786.347
740.890 555.261
741.180 622.517
741.470 657.088
741.760 715.350
742.050 865.419
742.339 769.228
742.629 644.619
742.919 780.148
743.209 588.685
743.499 548.733
743.789 587.910
744.079 694.860
744.369 735.735
744.658 606.390
744.948 417.691
745.238 610.394
745.528 692.673
745.818 812.427
746.108 754.907
746.398 758.655
746.688 728.883
746.977 841.117
747.267 643.519
747.557 740.600
747.847 796.285
748.137 695.604
748.427 621.992
748.717 553.905
749.006 468.796
749.296 620.677
749.586 660.874
749.876 762.150
750.166 655.595
750.456 641.313
750.746 707.840
751.036 642.989
751.325 749.794
751.615 661.652
751.905 678.654
752.195 699.351
752.485 636.370
752.775 680.069
753.065 593.001
753.355 790.218
753.644 782.229
753.934 691.230
754.224 702.592
754.514 804.722
754.804 543.151
755.094 459.920
755.384 562.246
755.674 631.473
755.963 709.726
756.253 681.341
756.543 699.734
756.833 707.189
757.123 763.727
757.413 702.201
757.703 633.878
757.992 609.777
758.282 638.299
758.572 596.749
758.862 568.626
759.152 644.022
759.442 625.322
759.732 668.180
760.022 819.957
760.311 706.112
760.601 533.093
760.891 670.938
761.181 734.604
761.471 657.896
761.761 540.753
762.051 635.434
762.341 839.038
762.630 852.993
762.920 657.644
763.210 648.245
763.500 681.850
763.793 608.353
764.086 690.950
764.379 633.935
764.671 718.460
764.964 669.182
765.257 703.406
765.550 706.858
765.843 527.441
766.136 584.919
766.429 604.090
766.722 680.035
767.014 597.880
767.307 461.542
767.600 463.574
767.893 530.591
768.186 566.900
768.479 620.345
768.772 727.218
769.064 698.002
769.357 631.858
769.650 643.602
769.943 823.234
770.236 733.624
770.529 620.470
770.822 632.584
771.115 685.022
771.407 793.702
771.700 829.038
771.993 837.974
772.286 728.165
772.579 698.215
772.872 572.224
773.165 593.411
773.457 669.034
773.750 691.926
774.043 639.471
774.336 636.095
774.629 684.225
774.922 680.896
775.215 596.151
775.508 607.052
775.800 598.411
776.093 703.764
776.386 710.115
776.679 612.157
776.972 676.625
777.265 895.172
777.558 960.687
777.850 730.593
778.143 718.550
778.436 753.496
778.729 728.635
779.022 745.737
779.315 618.116
779.608 543.761
779.900 518.653
780.193 531.735
780.486 580.415
780.779 664.103
781.072 588.304
781.365 657.116
781.658 626.668
781.951 565.440
782.243 668.532
782.536 725.112
782.829 693.000
783.122 704.061
783.415 679.300
783.708 642.205
784.001 670.306
784.293 778.648
784.586 798.926
784.879 793.933
785.172 662.024
785.465 573.525
785.758 631.658
786.051 677.767
786.344 782.428
786.636 896.341
786.929 667.128
787.222 607.299
787.515 603.097
787.808 576.933
788.101 590.936
788.394 737.805
788.686 826.733
788.979 791.576
789.272 710.881
789.565 692.224
789.858 628.368
790.151 540.101
790.444 546.111
790.737 521.674
791.029 492.704
791.322 649.407
791.615 664.728
791.908 693.045
792.201 686.382
792.494 656.800
792.787 784.648
793.079 914.061
793.372 704.999
793.665 709.706
793.958 645.913
794.251 671.852
794.544 751.876
794.837 837.387
795.130 728.729
795.422 712.793
795.715 724.773
796.008 707.548
796.301 695.198
796.594 666.329
796.887 763.955
797.180 746.786
797.472 561.358
797.765 484.604
798.058 582.743
798.351 594.306
798.644 535.499
798.937 542.493
799.230 656.510
799.523 920.391
799.815 823.697
800.108 588.418
800.401 528.613
800.694 661.891
800.987 648.285
801.280 689.556
801.573 773.488
801.865 814.462
802.158 642.008
802.451 568.172
802.744 568.187
803.037 605.129
803.330 627.727
803.623 778.812
803.915 724.935
804.208 638.762
804.501 686.102
804.794 695.126
805.087 628.447
805.380 490.443
805.673 563.040
805.966 685.178
806.258 612.733
806.551 625.023
806.844 672.227
807.137 712.114
807.430 535.711
807.723 532.715
808.016 782.730
808.308 792.368
808.601 609.065
808.894 543.908
809.187 643.162
809.480 728.043
809.773 686.120
810.066 722.037
810.359 771.117
810.651 753.516
810.944 525.957
811.237 498.249
811.530 673.844
811.825 561.408
812.119 492.239
812.414 471.064
812.709 632.161
813.003 623.334
813.298 597.441
813.593 665.536
813.887 616.294
814.182 918.776
814.476 844.597
814.771 814.155
815.066 752.754
815.360 590.419
815.655 550.800
815.950 587.998
816.244 607.341
816.539 742.131
816.834 726.856
817.128 782.715
817.423 798.241
817.718 953.057
818.012 733.440
818.307 469.384
818.602 615.915
818.896 720.891
819.191 662.037
819.486 589.265
819.780 677.849
820.075 835.093
820.369 831.665
820.664 710.388
820.959 765.268
821.253 716.335
821.548 676.972
821.843 719.929
822.137 675.994
822.432 677.417
822.727 695.865
823.021 602.661
823.316 746.461
823.611 753.275
823.905 613.213
824.200 542.533
824.495 697.701
824.789 715.648
825.084 679.082
825.379 630.235
825.673 681.602
825.968 786.763
826.262 722.993
826.557 720.000
826.852 789.314
827.146 760.666
827.441 696.248
827.736 776.620
828.030 656.312
828.325 484.717
828.620 676.877
828.914 825.326
829.209 695.599
829.504 832.089
829.798 798.596
830.093 627.577
830.388 566.281
830.682 525.571
830.977 667.083
831.271 707.713
831.566 631.545
831.861 630.241
832.155 616.200
832.450 702.690
832.745 807.023
833.039 667.858
833.334 575.501
833.629 684.810
833.923 617.037
834.218 600.885
834.513 583.478
834.807 577.177
835.102 517.266
835.397 559.660
835.691 547.639
835.986 540.238
836.281 498.507
836.575 540.107
836.870 583.011
837.164 652.998
837.459 588.897
837.754 606.488
838.048 587.140
838.343 537.778
838.638 597.727
838.932 699.604
839.227 650.653
839.522 637.388
839.816 615.445
840.111 590.151
840.406 602.575
840.700 768.091
840.995 913.987
841.290 926.665
841.584 767.642
841.879 821.704
842.174 681.459
842.468 631.409
842.763 539.634
843.057 660.619
843.352 688.946
843.647 702.255
843.941 659.488
844.236 668.114
844.531 709.077
844.825 696.572
845.120 751.237
845.415 809.691
845.709 740.490
846.004 775.769
846.299 614.318
846.593 750.775
846.888 781.165
847.183 645.398
847.477 641.627
847.772 714.523
848.066 709.668
848.361 695.354
848.656 693.881
848.950 661.196
849.245 776.384
849.540 679.144
849.834 825.413
850.129 872.245
850.424 717.119
850.718 674.280
851.013 830.617
851.308 736.681
851.602 761.954
851.897 856.933
852.192 952.569
852.486 794.617
852.781 662.902
853.076 788.919
853.370 842.951
853.665 847.542
853.959 842.197
854.254 731.787
854.549 921.173
854.843 852.850
855.138 708.407
855.433 752.919
855.727 876.516
856.022 715.088
856.317 691.722
856.611 704.818
856.906 604.816
857.201 714.017
857.495 865.678
857.790 891.540
858.085 803.943
858.379 719.149
858.674 575.989
858.969 563.169
859.263 671.813
859.558 675.114
859.852 635.182
860.147 729.198
860.442 831.738
860.736 568.685
861.031 727.541
861.326 830.887
861.620 663.528
861.915 753.609
862.210 761.926
862.504 672.513
862.799 750.682
863.094 794.842
863.388 727.350
863.683 707.504
863.978 624.672
864.272 606.527
864.567 668.639
864.861 641.074
865.156 565.420
865.451 497.658
865.745 698.717
866.040 790.788
866.335 757.246
866.629 766.768
866.924 625.959
867.219 584.772
867.513 748.044
867.808 689.061
868.103 606.240
868.397 671.428
868.692 702.407
868.987 583.648
869.281 576.288
869.576 731.883
869.871 836.267
870.165 655.476
870.460 538.302
870.754 576.011
871.049 560.991
871.344 639.100
871.638 670.782
871.933 633.019
872.228 627.487
872.522 573.220
872.817 705.039
873.112 897.810
873.406 712.755
873.701 773.254
873.996 799.998
874.290 645.534
874.585 556.914
874.880 682.476
875.174 632.151
875.469 553.291
875.764 596.205
876.058 564.783
876.353 483.389
876.647 461.771
876.942 559.227
877.237 624.619
877.531 659.101
877.826 671.830
878.121 683.233
878.415 596.176
878.710 533.887
879.005 653.872
879.299 622.816
879.594 583.085
879.889 431.232
880.183 465.143
880.478 555.523
880.773 549.828
881.067 565.589
881.362 575.710
881.656 516.126
881.951 571.215
882.246 508.701
882.540 563.995
882.835 583.590
883.130 615.204
883.424 586.052
883.719 525.576
884.014 609.837
884.308 569.220
884.603 513.183
884.898 522.668
885.192 619.726
885.487 681.164
885.782 582.937
886.076 650.244
886.371 624.850
886.666 428.784
886.960 500.094
887.255 493.390
887.549 512.178
887.844 664.110
888.139 727.406
888.433 669.183
888.728 553.439
889.023 557.890
889.317 603.010
889.612 511.254
889.907 540.900
890.201 595.777
890.496 589.071
890.791 633.614
891.085 613.647
891.380 582.765
891.675 627.459
891.969 650.437
892.264 534.190
892.559 523.207
892.853 664.897
893.148 577.528
893.442 491.938
893.737 593.793
894.032 563.323
894.326 465.536
894.621 494.620
894.916 470.375
895.210 519.309
895.505 605.501
895.800 548.575
896.094 460.237
896.389 553.804
896.684 550.769
896.978 540.584
897.273 494.688
897.568 648.854
897.862 657.395
898.157 529.200
898.451 669.501
898.746 650.041
899.041 673.656
899.335 637.350
899.630 596.258
899.925 604.597
900.219 617.892
900.514 688.209
900.809 541.478
901.103 414.416
901.398 576.060
901.693 548.223
901.987 593.284
902.282 683.593
902.577 550.121
902.871 496.165
903.166 582.254
903.461 696.177
903.755 619.954
904.050 569.659
904.344 462.971
904.639 470.637
904.934 506.078
905.228 542.070
905.523 511.084
905.818 540.363
906.112 674.606
906.407 618.072
906.702 512.508
906.996 579.805
907.291 596.965
907.586 522.523
907.880 721.050
908.175 691.715
908.470 620.815
908.764 658.408
909.059 713.951
909.354 655.044
909.648 609.990
909.943 597.214
910.237 687.063
910.532 706.663
910.827 742.420
911.121 727.514
911.416 660.846
911.711 633.282
912.005 668.528
912.300 643.941
912.599 728.069
912.898 668.874
913.196 660.541
913.495 655.912
913.794 744.501
914.093 661.182
914.391 603.817
914.690 636.300
914.989 624.766
915.288 765.051
915.586 679.574
915.885 560.070
916.184 491.712
916.483 473.898
916.782 648.670
917.080 668.417
917.379 599.064
917.678 566.650
917.977 689.249
918.275 719.239
918.574 670.063
918.873 636.520
919.172 640.596
919.471 597.221
919.769 627.537
920.068 555.202
920.367 498.858
920.666 571.870
920.964 605.121
921.263 535.969
921.562 528.327
921.861 650.877
922.159 603.653
922.458 621.121
922.757 617.107
923.056 620.504
923.355 597.851
923.653 713.434
923.952 660.202
924.251 533.893
924.550 711.769
924.848 763.296
925.147 639.708
925.446 576.860
925.745 632.689
926.043 638.939
926.342 606.898
926.641 555.515
926.940 678.560
927.239 711.805
927.537 786.408
927.836 708.050
928.135 727.752
928.434 766.843
928.732 716.921
929.031 774.404
929.330 786.259
929.629 737.525
929.927 713.308
930.226 647.652
930.525 690.895
930.824 802.556
931.123 731.863
931.421 798.397
931.720 739.894
932.019 811.972
932.318 806.922
932.616 710.609
932.915 709.826
933.214 743.740
933.513 722.724
933.812 777.988
934.110 844.864
934.409 873.764
934.708 779.027
935.007 1029.202
935.305 1018.093
935.604 788.391
935.903 906.950
936.202 983.183
936.500 1050.160
936.799 1150.477
937.098 1110.792
937.397 1001.078
937.696 893.508
937.994 861.916
938.293 967.558
938.592 875.686
938.891 869.906
939.189 887.290
939.488 1005.308
939.787 1149.025
940.086 1027.627
940.384 1050.078
940.683 925.408
940.982 868.236
941.281 1007.089
941.580 1304.711
941.878 1340.061
942.177 1094.084
942.476 1164.514
942.775 1077.644
943.073 892.863
943.372 825.585
943.671 979.558
943.970 1219.718
944.268 1136.277
944.567 1000.126
944.866 1039.613
945.165 890.664
945.464 846.882
945.762 754.896
946.061 956.839
946.360 1115.311
946.659 1164.972
946.957 1157.147
947.256 1047.115
947.555 1014.396
947.854 1100.547
948.153 963.759
948.451 828.499
948.750 972.559
949.049 957.667
949.348 1096.209
949.646 1026.215
949.945 977.336
950.244 1086.721
950.543 977.573
950.841 976.371
951.140 906.217
951.439 758.602
951.738 790.489
952.037 872.971
952.335 986.224
952.634 1022.278
952.933 936.498
953.232 902.233
953.530 683.135
953.829 941.491
954.128 1069.308
954.427 957.002
954.725 1021.423
955.024 989.453
955.323 990.759
955.622 769.930
955.921 710.665
956.219 854.572
956.518 845.220
956.817 855.822
957.116 856.173
957.414 828.391
957.713 731.789
958.012 647.360
958.311 628.058
958.610 822.893
958.908 861.038
959.207 850.377
959.506 936.686
959.805 907.439
960.103 881.447
960.402 890.785
960.701 778.048
961.000 722.813
961.298 750.940
961.597 901.006
961.896 839.964
962.195 830.872
962.494 865.735
962.792 793.876
963.091 718.459
963.390 696.320
963.689 716.568
963.987 814.655
964.286 894.214
964.585 953.956
964.884 827.217
965.182 687.921
965.481 1013.668
965.780 1157.594
966.080 1009.386
966.380 886.936
966.680 830.744
966.981 845.892
967.281 864.353
967.581 801.462
967.881 833.454
968.181 867.579
968.481 834.180
968.781 775.803
969.082 669.287
969.382 743.213
969.682 846.300
969.982 859.979
970.282 871.148
970.582 711.265
970.882 634.414
971.183 872.900
971.483 782.896
971.783 752.496
972.083 829.062
972.383 831.680
972.683 838.923
972.983 860.171
973.284 743.230
973.584 656.994
973.884 653.557
974.184 680.655
974.484 738.110
974.784 631.013
975.084 630.485
975.385 710.491
975.685 844.196
975.985 786.743
976.285 769.640
976.585 844.538
976.885 789.882
977.185 774.662
977.486 818.693
977.786 855.897
978.086 915.305
978.386 851.741
978.686 686.953
978.986 737.092
979.286 810.100
979.587 742.108
979.887 685.116
980.187 686.125
980.487 680.133
980.787 793.141
981.087 718.149
981.387 910.158
981.688 793.166
981.988 629.174
982.288 654.182
982.588 726.190
982.888 767.199
983.188 723.207
983.488 797.215
983.789 815.223
984.089 805.231
984.389 720.239
984.689 617.247
984.989 575.255
985.289 651.264
985.589 805.272
985.890 756.280
986.190 515.288
986.490 573.296
986.790 736.304
987.090 673.312
987.390 746.320
987.690 758.328
987.991 579.336
988.291 549.344
988.591 587.352
988.891 531.360
989.191 549.368
989.491 755.376
989.791 710.384
990.092 703.392
990.392 775.400
990.692 724.408
990.992 768.416
991.292 625.424
991.592 700.432
991.892 684.440
992.193 737.448
992.493 738.456
992.793 626.464
993.093 609.472
993.393 603.480
993.693 683.488
993.993 741.495
994.294 765.503
994.594 669.511
994.894 612.519
995.194 646.527
995.494 600.535
995.794 590.543
996.094 599.550
996.395 686.558
996.695 772.566
996.995 577.574
997.295 479.582
997.595 545.590
997.895 506.597
998.195 496.605
998.496 555.613
998.796 528.621
999.096 735.628
999.396 660.636
999.696 666.644
999.996 702.652
1000.296 779.659
1000.597 795.667
1000.897 617.675
1001.197 630.683
1001.497 851.690
1001.797 673.698
1002.097 563.706
1002.397 631.713
1002.698 675.721
1002.998 763.729
1003.298 719.736
1003.598 570.744
1003.898 535.752
1004.198 711.759
1004.498 770.767
1004.799 735.775
1005.099 759.782
1005.399 755.790
1005.699 780.797
1005.999 759.805
1006.299 626.813
1006.599 821.820
1006.900 854.828
1007.200 683.835
1007.500 666.843
1007.800 625.850
1008.100 570.858
1008.400 539.866
1008.700 519.873
1009.001 494.881
1009.301 560.888
1009.601 739.896
1009.901 808.903
1010.201 751.911
1010.501 739.918
1010.801 813.926
1011.102 584.933
1011.402 612.941
1011.702 569.948
1012.002 530.956
1012.302 662.963
1012.602 650.970
1012.902 605.978
1013.203 643.985
1013.503 714.993
1013.803 770.000
1014.103 590.008
1014.403 644.015
1014.703 523.022
1015.003 529.030
1015.304 781.037
1015.604 846.045
1015.904 616.052
1016.204 559.059
1016.504 603.067
1016.804 576.074
1017.104 540.081
1017.405 561.089
1017.705 586.096
1018.005 573.103
1018.305 623.111
1018.605 592.118
1018.905 507.125
1019.205 557.133
1019.506 840.140
1019.806 855.147
1020.106 762.154
1020.406 751.162
1020.706 701.169
1021.006 677.176
1021.306 816.183
1021.607 703.191
1021.907 796.198
1022.207 728.205
1022.507 607.212
1022.807 614.220
1023.107 644.227
1023.407 576.234
1023.708 612.241
1024.008 591.248
1024.308 624.256
1024.608 550.263
1024.908 508.270
1025.208 710.277
1025.508 859.284
1025.809 781.291
1026.109 619.299
1026.409 712.306
1026.709 702.313
1027.009 660.320
1027.309 672.327
1027.609 539.334
1027.910 579.341
1028.210 689.348
1028.510 763.356
1028.810 913.363
1029.110 839.370
1029.410 711.377
1029.710 806.384
1030.011 785.391
1030.311 794.398
1030.611 704.405
1030.911 683.412
1031.211 685.419
1031.511 599.426
1031.811 786.433
1032.112 839.440
1032.412 711.447
1032.712 558.454
1033.012 630.461
1033.312 809.468
1033.612 788.475
1033.912 632.482
1034.212 589.489
1034.513 602.496
1034.813 555.503
1035.113 667.510
1035.413 598.517
1035.713 629.524
1036.013 699.531
1036.313 661.538
1036.614 710.545
1036.914 654.552
1037.214 539.558
1037.514 673.565
1037.814 605.572
1038.114 576.579
1038.414 618.586
1038.715 686.593
1039.015 569.600
1039.315 511.607
1039.615 618.614
1039.915 612.620
1040.215 522.627
1040.515 570.634
1040.816 718.641
1041.116 683.648
1041.416 606.655
1041.716 554.661
1042.016 520.668
1042.316 690.675
1042.616 608.682
1042.917 526.689
1043.217 530.695
1043.517 600.702
1043.817 678.709
1044.117 641.716
1044.417 635.723
1044.717 645.729
1045.018 674.736
1045.318 737.743
1045.618 761.750
1045.918 658.756
1046.218 550.763
1046.518 609.770
1046.818 688.776
1047.119 632.783
1047.419 788.790
1047.719 744.797
1048.019 624.803
1048.319 672.810
1048.619 647.817
1048.919 615.823
1049.220 620.830
1049.520 743.837
1049.820 666.843
1050.120 531.850
1050.420 758.857
1050.720 691.863
1051.020 633.870
1051.321 682.876
1051.621 757.883
1051.921 629.890
1052.221 524.896
1052.521 546.903
1052.821 540.909
1053.121 683.916
1053.422 787.923
1053.722 815.929
1054.022 647.936
1054.322 764.942
1054.622 646.949
1054.922 570.955
1055.222 732.962
1055.523 686.969
1055.823 669.975
1056.123 691.982
1056.423 618.988
1056.723 730.995
1057.023 678.001
1057.323 515.008
1057.624 631.014
1057.924 700.021
1058.224 709.027
1058.524 653.034
1058.824 691.040
1059.124 657.047
1059.424 649.053
1059.725 710.060
1060.025 597.066
1060.325 607.073
1060.625 629.079
1060.925 617.085
1061.225 623.092
1061.525 759.098
1061.826 689.105
1062.126 662.111
1062.426 723.118
1062.726 771.124
1063.026 725.130
1063.326 887.137
1063.626 793.143
1063.927 628.150
1064.227 627.156
1064.527 576.162
1064.827 734.169
1065.127 686.175
1065.427 476.181
1065.727 481.188
1066.028 687.194
1066.328 731.200
1066.628 545.207
1066.928 569.213
1067.228 648.219
1067.528 625.226
1067.828 609.232
1068.129 525.238
1068.429 686.245
1068.729 781.251
1069.029 626.257
1069.329 521.264
1069.629 636.270
1069.929 758.276
1070.230 839.282
1070.530 745.289
1070.830 656.295
1071.130 751.301
1071.430 666.307
1071.730 684.314
1072.030 737.320
1072.331 619.326
1072.631 634.332
1072.931 675.339
1073.231 695.345
1073.531 663.351
1073.831 613.357
1074.131 720.363
1074.432 791.370
1074.732 649.376
1075.032 513.382
1075.332 527.388
1075.632 630.394
1075.932 571.400
1076.232 541.407
1076.533 567.413
1076.833 629.419
1077.133 574.425
1077.433 549.431
1077.733 580.437
1078.033 680.443
1078.333 702.450
1078.634 669.456
1078.934 693.462
1079.234 604.468
1079.534 762.474
1079.834 813.480
1080.134 717.486
1080.434 730.492
1080.735 629.498
1081.035 625.504
1081.335 478.511
1081.635 547.517
1081.935 613.523
1082.235 603.529
1082.535 602.535
1082.836 657.541
1083.136 648.547
1083.436 730.553
1083.736 750.559
1084.036 663.565
1084.336 600.571
1084.636 644.577
1084.937 778.583
1085.237 770.589
1085.537 687.595
1085.837 726.601
1086.137 637.607
1086.437 680.613
1086.737 607.619
1087.038 613.625
1087.338 755.631
1087.638 805.637
1087.938 610.643
1088.238 459.649
1088.538 601.655
1088.838 746.661
1089.139 781.667
1089.439 579.672
1089.739 736.678
1090.039 756.684
1090.339 743.690
1090.639 625.696
1090.939 658.702
1091.240 591.708
1091.540 603.714
1091.840 612.720
1092.140 712.726
1092.453 741.732
1092.766 618.737
1093.079 567.743
1093.392 618.749
1093.705 587.755
1094.018 636.761
1094.330 806.767
1094.643 716.773
1094.956 729.778
1095.269 668.784
1095.582 727.790
1095.895 640.796
1096.208 581.802
1096.521 649.808
1096.834 665.813
1097.147 662.819
1097.460 747.825
1097.773 801.831
1098.085 643.837
1098.398 565.842
1098.711 578.848
1099.024 513.854
1099.337 607.860
1099.650 756.865
1099.963 710.871
1100.276 583.877
1100.589 558.883
1100.902 640.888
1101.215 672.894
1101.528 733.900
1101.841 656.906
1102.153 715.911
1102.466 751.917
1102.779 569.923
1103.092 527.929
1103.405 617.934
1103.718 570.940
1104.031 567.946
1104.344 652.951
1104.657 651.957
1104.970 1000.963
1105.283 767.968
1105.596 570.974
1105.909 578.980
1106.221 678.985
1106.534 669.991
1106.847 528.997
1107.160 477.002
1107.473 503.008
1107.786 601.014
1108.099 532.019
1108.412 611.025
1108.725 639.031
1109.038 486.036
1109.351 603.042
1109.664 619.047
1109.977 545.053
1110.289 568.059
1110.602 621.064
1110.915 644.070
1111.228 624.075
1111.541 577.081
1111.854 544.087
1112.167 511.092
1112.480 506.098
1112.793 591.103
1113.106 602.109
1113.419 645.114
1113.732 639.120
1114.044 525.126
1114.357 632.131
1114.670 641.137
1114.983 557.142
1115.296 572.148
1115.609 622.153
1115.922 657.159
1116.235 681.164
1116.548 667.170
1116.861 630.175
1117.174 570.181
1117.487 623.186
1117.800 805.192
1118.112 670.197
1118.425 548.203
1118.738 487.208
1119.051 562.214
1119.364 615.219
1119.677 663.225
1119.990 641.230
1120.303 667.236
1120.616 731.241
1120.929 584.246
1121.242 641.252
1121.555 676.257
1121.868 672.263
1122.180 609.268
1122.493 443.274
1122.806 431.279
1123.119 625.284
1123.432 716.290
1123.745 663.295
1124.058 586.301
1124.371 560.306
1124.684 704.311
1124.997 663.317
1125.310 593.322
1125.623 486.328
1125.935 462.333
1126.248 603.338
1126.561 680.344
1126.874 643.349
1127.187 743.354
1127.500 786.360
1127.813 645.365
1128.126 604.370
1128.439 685.376
1128.752 847.381
1129.065 661.386
1129.378 462.392
1129.691 591.397
1130.003 653.402
1130.316 587.408
1130.629 522.413
1130.942 612.418
1131.255 560.424
1131.568 480.429
1131.881 569.434
1132.194 673.440
1132.507 625.445
1132.820 613.450
1133.133 702.455
1133.446 544.461
1133.759 770.466
1134.071 1273.471
1134.384 888.476
1134.697 776.482
1135.010 875.487
1135.323 689.492
1135.636 511.497
1135.949 443.503
1136.262 524.508
1136.575 605.513
1136.888 595.518
1137.201 593.524
1137.514 607.529
1137.826 663.534
1138.139 559.539
1138.452 602.544
1138.765 812.550
1139.078 823.555
1139.391 749.560
1139.704 732.565
1140.017 760.570
1140.330 625.576
1140.643 587.581
1140.956 576.586
1141.269 636.591
1141.582 679.596
1141.894 580.601
1142.207 740.606
1142.520 670.612
1142.833 737.617
1143.146 640.622
1143.459 551.627
1143.772 588.632
1144.085 686.637
1144.398 648.642
1144.711 605.648
1145.024 585.653
1145.337 649.658
1145.650 703.663
1145.962 557.668
1146.275 571.673
1146.588 545.678
1146.901 678.683
1147.214 687.688
1147.527 567.693
1147.840 652.698
1148.153 633.704
1148.466 645.709
1148.779 599.714
1149.092 701.719
1149.405 603.724
1149.718 671.729
1150.030 774.734
1150.343 690.739
1150.656 575.744
1150.969 577.749
1151.282 761.754
1151.595 679.759
1151.908 613.764
1152.221 464.769
1152.534 496.774
1152.847 761.779
1153.160 708.784
1153.473 686.789
1153.785 690.794
1154.098 668.799
1154.411 718.804
1154.724 678.809
1155.037 795.814
1155.350 690.819
1155.663 674.824
1155.976 570.829
1156.289 650.834
1156.602 577.839
1156.915 504.844
1157.228 522.849
1157.541 582.854
1157.853 579.859
1158.166 610.864
1158.479 723.869
1158.792 703.874
1159.105 688.878
1159.418 672.883
1159.731 545.888
1160.044 540.893
1160.357 703.898
1160.670 710.903
1160.983 535.908
1161.296 623.913
1161.609 769.918
1161.921 698.923
1162.234 590.928
1162.547 438.932
1162.860 477.937
1163.173 514.942
1163.486 634.947
1163.799 647.952
1164.112 586.957
1164.425 639.962
1164.738 605.966
1165.051 531.971
1165.364 568.976
1165.676 634.981
1165.989 676.986
1166.302 585.991
1166.615 728.996
1166.928 686.000
1167.241 737.005
1167.554 733.010
1167.867 707.015
1168.180 671.020
1168.493 471.024
1168.806 539.029
1169.119 576.034
1169.432 665.039
1169.744 676.044
1170.057 687.048
1170.370 793.053
1170.683 745.058
1170.996 601.063
1171.309 588.068
1171.622 546.072
1171.935 586.077
1172.248 826.082
1172.561 783.087
1172.874 698.091
1173.187 721.096
1173.500 727.101
1173.812 691.106
1174.125 689.110
1174.438 726.115
1174.751 557.120
1175.064 585.125
1175.377 709.129
1175.690 604.134
1176.003 518.139
1176.316 590.144
1176.629 684.148
1176.942 613.153
1177.255 551.158
1177.567 513.162
1177.880 576.167
1178.193 661.172
1178.506 607.176
1178.819 719.181
1179.132 727.186
1179.445 547.190
1179.758 725.195
1180.071 715.200
1180.384 540.205
1180.697 628.209
1181.010 729.214
1181.323 785.218
1181.635 784.223
1181.948 729.228
1182.261 600.232
1182.574 549.237
1182.887 682.242
1183.200 828.246
1183.513 761.251
1183.826 608.256
1184.139 661.260
1184.452 672.265
1184.765 580.269
1185.078 463.274
1185.391 546.279
1185.703 613.283
1186.016 506.288
1186.329 467.293
1186.642 583.297
1186.955 782.302
1187.268 633.306
1187.581 590.311
1187.894 572.315
1188.207 644.320
1188.520 595.325
1188.833 596.329
1189.146 494.334
1189.459 462.338
1189.771 560.343
1190.084 666.347
1190.397 595.352
1190.710 655.357
1191.023 690.361
1191.336 638.366
1191.649 587.370
1191.962 616.375
1192.275 511.379
1192.588 655.384
1192.901 824.388
1193.214 608.393
1193.526 607.397
1193.839 696.402
1194.152 569.406
1194.465 682.411
1194.778 623.415
1195.091 593.420
1195.404 606.424
1195.717 621.429
1196.030 707.433
1196.343 611.438
1196.656 492.442
1196.969 580.447
1197.282 658.451
1197.594 684.456
1197.907 805.460
1198.220 739.465
1198.533 644.469
1198.846 602.474
1199.159 518.478
1199.472 532.482
1199.785 669.487
1200.098 580.491
1200.411 672.496
1200.724 686.500
1201.037 610.505
1201.350 503.509
1201.662 493.513
1201.975 660.518
1202.288 649.522
1202.601 220.527
