165.028 187.712
165.288 99.375
165.547 175.041
165.807 250.710
166.067 122.383
166.327 31.058
166.587 70.738
166.847 141.420
167.107 218.106
167.367 203.794
167.627 280.486
167.886 293.181
168.146 301.879
168.406 440.580
168.666 397.284
168.926 304.991
169.186 288.701
169.446 257.414
169.706 146.130
169.966 261.849
170.225 277.570
170.485 291.295
170.745 357.022
171.005 503.752
171.265 311.484
171.525 268.219
171.785 175.957
172.045 183.698
172.305 367.441
172.564 298.187
172.824 151.935
173.084 336.685
173.344 302.439
173.604 286.194
173.864 360.952
174.124 352.713
174.384 295.475
174.644 318.241
174.903 478.008
175.163 485.778
175.423 489.549
175.683 313.324
175.943 375.100
176.203 297.878
176.463 276.659
176.723 209.441
176.983 285.226
177.242 384.013
177.502 461.801
177.762 465.592
178.022 267.385
178.282 252.179
178.542 226.976
178.802 267.774
179.062 240.574
179.322 460.376
179.581 508.180
179.841 358.985
180.101 419.793
180.361 411.601
180.621 412.412
180.881 350.224
181.141 321.038
181.401 360.853
181.661 411.670
181.920 569.489
182.180 430.309
182.440 336.130
182.700 308.953
182.960 316.777
183.220 420.603
183.480 602.430
183.740 444.258
184.000 319.088
184.259 236.919
184.519 334.751
184.779 372.584
185.039 427.419
185.299 553.255
185.559 538.092
185.819 476.930
186.079 466.769
186.339 401.609
186.598 354.451
186.858 212.293
187.118 258.137
187.378 483.981
187.638 451.826
187.898 501.672
188.158 578.519
188.418 433.367
188.678 366.216
188.937 407.066
189.197 439.916
189.457 438.768
189.717 421.620
189.977 353.472
190.237 302.326
190.497 470.180
190.757 464.035
191.017 361.890
191.276 289.746
191.536 371.603
191.796 357.460
192.056 314.318
192.316 354.176
192.576 310.035
192.836 273.894
193.096 322.754
193.356 320.614
193.616 330.475
193.875 369.336
194.135 308.197
194.395 401.059
194.655 454.921
194.915 373.783
195.175 358.646
195.435 493.509
195.695 301.372
195.955 124.235
196.214 267.099
196.474 367.962
196.734 337.826
196.994 366.690
197.254 396.555
197.514 345.419
197.774 348.283
198.034 231.148
198.294 211.012
198.553 260.877
198.813 233.741
199.073 101.606
199.333 208.470
199.593 384.334
199.853 326.199
200.113 400.063
200.373 462.927
200.633 276.791
200.892 232.655
201.152 246.519
201.412 211.383
201.672 290.246
201.932 478.109
202.192 427.972
202.452 257.835
202.712 217.697
202.972 300.559
203.231 425.421
203.491 350.283
203.751 322.144
204.011 375.005
204.271 461.866
204.531 216.726
204.791 198.586
205.051 302.445
205.311 359.304
205.570 239.162
205.830 192.021
206.090 151.878
206.350 344.735
206.610 556.592
206.870 334.448
207.130 263.304
207.390 297.159
207.650 294.013
207.909 350.867
208.169 380.721
208.429 320.573
208.689 206.426
208.949 314.277
209.209 405.128
209.469 279.978
209.729 226.828
209.989 249.677
210.248 168.525
210.508 482.373
210.768 409.220
211.028 277.066
211.288 364.911
211.548 324.756
211.808 330.600
212.068 449.443
212.328 486.285
212.587 400.127
212.847 363.967
213.107 432.807
213.367 416.646
213.627 359.484
213.887 333.322
214.147 244.158
214.407 286.994
214.667 350.829
214.926 428.663
215.186 359.495
215.446 406.328
215.706 343.159
215.966 330.989
216.226 316.818
216.486 264.646
216.746 356.474
217.006 408.300
217.265 345.125
217.525 263.950
217.785 259.773
218.045 369.595
218.305 351.417
218.565 311.237
218.825 340.056
219.085 432.874
219.345 276.691
219.604 215.508
219.864 329.323
220.124 361.136
220.384 359.949
220.644 336.761
220.904 296.572
221.164 309.381
221.424 284.190
221.684 230.997
221.943 309.803
222.203 425.608
222.463 347.412
222.723 217.214
222.983 328.016
223.243 304.816
223.503 319.616
223.763 263.414
224.023 256.210
224.282 377.006
224.542 467.800
224.802 517.593
225.062 441.385
225.322 514.176
225.582 393.966
225.842 333.754
226.102 365.541
226.362 353.327
226.621 405.111
226.881 333.895
227.141 364.677
227.401 343.457
227.661 268.237
227.921 506.015
228.181 383.792
228.441 313.567
228.701 512.342
228.960 516.115
229.220 323.886
229.480 265.657
229.740 435.426
230.000 493.194
230.260 349.960
230.520 294.725
230.780 342.489
231.040 344.251
231.299 272.012
231.559 328.772
231.819 395.531
232.079 500.288
232.339 506.043
232.599 298.798
232.859 381.551
233.119 486.302
233.379 348.053
233.638 397.801
233.898 492.549
234.158 467.295
234.418 325.040
234.678 431.783
234.938 458.525
235.198 316.265
235.458 297.005
235.718 383.742
235.978 361.479
236.237 365.214
236.497 398.947
236.757 422.679
237.017 394.410
237.277 426.139
237.537 407.867
237.797 331.594
238.057 437.319
238.317 355.042
238.576 211.765
238.836 322.485
239.096 440.205
239.356 379.923
239.616 342.639
239.876 361.354
240.136 374.068
240.396 452.780
240.656 560.491
240.915 492.200
241.175 419.908
241.435 284.614
241.695 357.319
241.955 496.023
242.215 583.725
242.475 534.425
242.735 385.124
242.995 397.822
243.254 432.518
243.514 407.213
243.774 236.906
244.034 301.598
244.294 546.289
244.554 454.978
244.814 425.665
245.074 414.351
245.334 350.036
245.593 356.719
245.853 404.401
246.113 289.081
246.373 388.760
246.633 481.437
246.893 405.113
247.153 453.787
247.413 494.460
247.673 451.131
247.932 426.801
248.192 453.470
248.452 510.137
248.712 451.802
248.972 301.466
249.232 470.129
249.492 401.790
249.752 292.450
250.012 458.108
250.271 437.765
250.531 493.420
250.791 665.074
251.051 622.727
251.311 422.378
251.571 191.027
251.831 361.675
252.091 503.322
252.351 417.967
252.610 402.610
252.870 479.252
253.130 396.893
253.390 352.532
253.650 494.170
253.911 471.807
254.172 500.441
254.433 459.075
254.694 406.707
254.955 417.337
255.216 308.966
255.477 502.594
255.738 486.220
255.999 359.845
256.261 511.468
256.522 455.090
256.783 463.710
257.044 304.329
257.305 244.947
257.566 247.563
257.827 233.177
258.088 317.791
258.349 312.402
258.610 396.013
258.871 457.621
259.132 517.229
259.393 404.835
259.654 312.439
259.915 253.042
260.176 324.644
260.437 464.244
260.698 384.843
260.959 317.441
261.221 437.037
261.482 548.631
261.743 442.224
262.004 431.816
262.265 648.406
262.526 627.995
262.787 361.583
263.048 312.169
263.309 348.753
263.570 473.337
263.831 390.918
264.092 379.499
264.353 284.078
264.614 521.655
264.875 487.232
265.136 381.806
265.397 587.380
265.658 601.952
265.919 606.522
266.181 580.092
266.442 481.660
266.703 314.226
266.964 323.791
267.225 343.355
267.486 412.917
267.747 491.478
268.008 541.038
268.269 574.596
268.530 544.153
268.791 459.708
269.052 517.262
269.313 525.815
269.574 513.366
269.835 455.916
270.096 442.465
270.357 497.012
270.618 429.558
270.879 314.103
271.141 396.646
271.402 379.188
271.663 354.728
271.924 446.267
272.185 450.805
272.446 479.342
272.707 436.877
272.968 430.411
273.229 473.943
273.490 475.474
273.751 370.004
274.012 347.533
274.273 437.060
274.534 423.586
274.795 479.110
275.056 500.633
275.317 346.155
275.578 251.676
275.839 335.195
276.101 320.713
276.362 327.230
276.623 404.745
276.884 481.259
277.145 474.772
277.406 472.284
277.667 353.794
277.928 319.303
278.189 488.810
278.450 491.317
278.711 447.822
278.972 487.325
279.233 443.828
279.494 530.329
279.755 669.829
280.016 621.328
280.277 480.825
280.538 511.321
280.799 375.816
281.061 395.310
281.322 424.802
281.583 447.293
281.844 382.783
282.105 365.272
282.366 485.759
282.627 451.245
282.888 473.730
283.149 457.214
283.410 460.696
283.671 472.178
283.932 439.658
284.193 301.136
284.454 357.614
284.715 479.090
284.976 433.565
285.237 501.039
285.498 755.512
285.759 647.983
286.021 587.453
286.282 540.922
286.543 575.390
286.804 599.857
287.065 606.322
287.326 582.787
287.587 342.250
287.848 441.711
288.109 589.172
288.370 532.632
288.631 408.090
288.892 376.547
289.153 411.003
289.414 371.458
289.675 574.911
289.936 644.364
290.197 557.815
290.458 505.265
290.719 448.714
290.981 592.162
291.242 679.608
291.503 613.054
291.764 435.498
292.025 290.941
292.286 395.383
292.547 481.824
292.808 438.264
293.069 505.703
293.330 552.140
293.591 557.577
293.852 505.012
294.113 447.446
294.374 484.879
294.635 509.311
294.896 569.741
295.157 589.171
295.418 536.600
295.679 544.027
295.941 548.453
296.202 550.879
296.463 500.303
296.724 596.726
296.985 582.148
297.246 540.568
297.507 459.988
297.768 382.407
298.029 504.824
298.290 710.241
298.551 744.656
298.812 732.071
299.073 529.484
299.334 439.896
299.595 622.307
299.856 618.717
300.117 656.126
300.378 606.534
300.639 448.941
300.901 440.347
301.162 547.752
301.423 592.155
301.684 708.558
301.945 714.960
302.206 554.360
302.467 531.760
302.728 425.158
302.989 524.556
303.250 604.952
303.511 687.347
303.772 658.742
304.033 599.135
304.294 544.528
304.555 480.919
304.816 543.309
305.077 581.699
305.338 455.087
305.599 482.474
305.861 529.860
306.122 600.246
306.383 541.630
306.644 537.013
306.905 450.396
307.166 647.777
307.427 608.157
307.688 536.537
307.949 508.915
308.210 540.292
308.471 574.669
308.732 525.044
308.993 438.418
309.254 504.792
309.515 379.164
309.776 523.536
310.037 560.907
310.298 385.276
310.559 468.645
310.821 595.013
311.082 581.379
311.343 487.745
311.604 411.110
311.865 361.474
312.126 411.837
312.387 483.199
312.648 470.560
312.909 420.920
313.170 467.279
313.434 552.638
313.698 459.995
313.963 538.351
314.227 453.707
314.491 431.062
314.755 493.415
315.019 472.768
315.284 359.120
315.548 504.471
315.812 528.821
316.076 605.170
316.340 557.518
316.604 516.866
316.869 600.212
317.133 648.558
317.397 647.902
317.661 634.246
317.925 541.589
318.190 538.931
318.454 514.272
318.718 447.612
318.982 571.952
319.246 645.290
319.511 761.628
319.775 599.964
320.039 566.300
320.303 582.635
320.567 597.970
320.832 508.303
321.096 469.635
321.360 516.967
321.624 500.298
321.888 407.627
322.153 480.956
322.417 465.285
322.681 331.612
322.945 476.938
323.209 547.264
323.473 496.589
323.738 489.913
324.002 449.236
324.266 600.558
324.530 574.880
324.794 495.200
325.059 399.520
325.323 355.839
325.587 474.157
325.851 471.475
326.115 679.791
326.380 620.107
326.644 571.422
326.908 575.736
327.172 519.050
327.436 526.362
327.701 511.674
327.965 513.985
328.229 555.295
328.493 399.604
328.757 459.913
329.022 575.221
329.286 461.528
329.550 434.834
329.814 478.139
330.078 504.444
330.342 481.748
330.607 480.051
330.871 570.353
331.135 687.655
331.399 646.955
331.663 563.255
331.928 528.555
332.192 595.853
332.456 589.151
332.720 590.448
332.984 533.744
333.249 551.039
333.513 510.334
333.777 428.628
334.041 454.921
334.305 519.214
334.570 527.505
334.834 395.796
335.098 590.086
335.362 659.376
335.626 575.665
335.891 522.953
336.155 527.240
336.419 459.527
336.683 343.812
336.947 477.098
337.211 508.382
337.476 401.666
337.740 451.949
338.004 500.231
338.268 434.512
338.532 513.793
338.797 512.073
339.061 542.353
339.325 588.631
339.589 669.909
339.853 589.187
340.118 525.463
340.382 610.739
340.646 724.014
340.910 548.289
341.174 528.562
341.439 483.836
341.703 534.108
341.967 534.380
342.231 491.651
342.495 429.921
342.759 543.191
343.024 555.460
343.288 636.728
343.552 580.996
343.816 342.263
344.080 401.529
344.345 508.795
344.609 442.060
344.873 334.324
345.137 482.588
345.401 601.851
345.666 414.113
345.930 621.375
346.194 686.636
346.458 467.896
346.722 459.156
346.987 458.415
347.251 550.673
347.515 677.931
347.779 503.188
348.043 436.445
348.308 501.701
348.572 422.956
348.836 354.210
349.100 450.464
349.364 374.718
349.628 354.970
349.893 468.222
350.157 566.474
350.421 505.725
350.685 482.975
350.949 479.224
351.214 400.473
351.478 469.722
351.742 510.969
352.006 533.216
352.270 517.463
352.535 433.709
352.799 445.954
353.063 553.199
353.327 500.443
353.591 386.686
353.856 431.929
354.120 528.171
354.384 626.413
354.648 730.654
354.912 677.894
355.177 523.134
355.441 466.373
355.705 704.612
355.969 708.850
356.233 629.088
356.497 582.324
356.762 560.561
357.026 535.796
357.290 569.032
357.554 564.266
357.818 551.500
358.083 555.734
358.347 510.966
358.611 487.199
358.875 519.430
359.139 519.662
359.404 442.892
359.668 542.122
359.932 686.352
360.196 664.581
360.460 516.809
360.725 531.037
360.989 651.264
361.253 704.490
361.517 670.717
361.781 702.942
362.046 704.167
362.310 720.391
362.574 634.615
362.838 529.839
363.102 564.062
363.366 592.284
363.631 502.506
363.895 574.727
364.159 708.947
364.423 620.167
364.687 671.387
364.952 672.606
365.216 667.825
365.480 639.043
365.747 459.260
366.013 447.477
366.280 494.693
366.546 607.909
366.813 537.124
367.079 562.339
367.346 647.554
367.612 557.767
367.879 599.981
368.145 684.193
368.412 569.406
368.678 514.617
368.945 637.829
369.211 577.039
369.478 602.249
369.744 554.459
370.011 566.668
370.278 583.877
370.544 542.085
370.811 578.293
371.077 623.500
371.344 523.707
371.610 582.913
371.877 595.119
372.143 643.324
372.410 739.528
372.676 779.733
372.943 772.936
373.209 690.140
373.476 558.342
373.742 481.545
374.009 579.746
374.276 641.948
374.542 683.149
374.809 549.349
375.075 369.549
375.342 359.748
375.608 385.947
375.875 448.145
376.141 664.343
376.408 645.541
376.674 644.738
376.941 563.934
377.207 537.130
377.474 915.326
377.740 868.521
378.007 566.716
378.273 662.910
378.540 721.104
378.807 585.297
379.073 483.490
379.340 513.682
379.606 613.874
379.873 586.066
380.139 591.257
380.406 692.447
380.672 604.638
380.939 521.827
381.205 500.016
381.472 403.205
381.738 415.394
382.005 577.581
382.271 643.769
382.538 672.956
382.804 767.142
383.071 655.329
383.338 634.514
383.604 636.699
383.871 743.884
384.137 706.069
384.404 648.253
384.670 673.436
384.937 586.619
385.203 611.802
385.470 573.984
385.736 681.166
386.003 653.347
386.269 589.528
386.536 575.709
386.802 600.889
387.069 730.068
387.336 881.248
387.602 840.427
387.869 579.605
388.135 566.783
388.402 522.961
388.668 633.138
388.935 736.315
389.201 860.491
389.468 803.667
389.734 799.842
390.001 756.018
390.267 639.192
390.534 727.367
390.800 759.541
391.067 842.714
391.333 809.887
391.600 670.060
391.867 709.232
392.133 720.404
392.400 618.576
392.666 605.747
392.933 788.917
393.199 842.088
393.466 748.258
393.732 755.427
393.999 826.596
394.265 830.765
394.532 786.934
394.798 885.102
395.065 800.269
395.331 967.436
395.598 993.603
395.864 1074.770
396.131 1383.936
396.398 1677.101
396.664 2048.267
396.931 2585.432
397.197 3333.596
397.464 4191.760
397.730 5134.924
397.997 5707.088
398.263 6234.251
398.530 6858.413
398.796 7411.576
399.063 7749.738
399.329 7823.899
399.596 8021.060
399.862 7968.221
400.129 8047.382
400.396 8115.542
400.662 7904.701
400.929 7972.861
401.195 8014.020
401.462 8159.178
401.728 8467.337
401.995 8753.495
402.261 8893.652
402.528 9218.809
402.794 9772.966
403.061 10307.123
403.327 10778.279
403.594 11194.435
403.860 11542.590
404.127 11557.745
404.393 11591.900
404.660 11795.054
404.931 12262.208
405.202 12767.362
405.473 13430.515
405.745 14025.668
406.016 14413.821
406.287 14527.973
406.558 14463.125
406.829 14759.277
407.100 14803.428
407.371 15288.579
407.642 15541.730
407.914 15538.880
408.185 15579.030
408.456 15701.180
408.727 15984.329
408.998 15994.478
409.269 16169.626
409.540 16249.775
409.811 16005.923
410.083 15865.070
410.354 15322.217
410.625 14805.364
410.896 14484.511
411.167 14352.657
411.438 13964.803
411.709 13115.949
411.981 12627.094
412.252 11797.239
412.523 10975.384
412.794 10547.528
413.065 9939.672
413.336 8979.816
413.607 8442.959
413.878 7921.102
414.150 7518.245
414.421 6920.387
414.692 6375.530
414.963 5818.671
415.234 5439.813
415.505 5095.954
415.776 4752.095
416.047 4258.235
416.319 3768.376
416.590 3317.516
416.861 2826.655
417.132 2641.795
417.403 2433.934
417.674 2252.072
417.945 1876.211
418.217 1685.349
418.488 1669.487
418.759 1448.624
419.030 1259.761
419.301 1197.898
419.572 1253.035
419.843 1208.171
420.114 1068.307
420.386 993.443
420.657 1055.578
420.928 953.713
421.199 886.848
421.470 890.982
421.741 801.117
422.012 781.251
422.283 804.384
422.555 817.518
422.826 887.651
423.097 1016.783
423.368 951.916
423.639 764.048
423.910 859.180
424.181 780.312
424.453 718.443
424.724 1028.574
424.995 1123.705
425.266 931.835
425.537 871.965
425.808 1041.095
426.079 1117.225
426.350 1043.354
426.622 1062.483
426.893 1206.612
427.164 1110.740
427.435 1021.869
427.706 1054.997
427.977 1066.124
428.248 1034.252
428.519 1143.379
428.791 1032.506
429.062 1126.632
429.333 1062.759
429.604 979.885
429.875 1097.010
430.146 1203.136
430.417 1201.261
430.689 1141.386
430.960 964.511
431.231 1025.635
431.502 1142.759
431.773 1101.883
432.044 965.007
432.315 1129.130
432.586 1107.253
432.858 1095.376
433.129 886.499
433.400 856.621
433.671 917.743
433.942 801.865
434.213 649.986
434.484 710.107
434.755 838.229
435.027 692.349
435.298 771.470
435.569 821.590
435.840 735.710
436.116 761.830
436.391 859.949
436.667 814.068
436.942 844.187
437.218 929.306
437.493 929.425
437.769 993.543
438.045 897.661
438.320 891.778
438.596 884.896
438.871 796.013
439.147 833.130
439.422 752.247
439.698 703.363
439.974 743.479
440.249 889.595
440.525 912.711
440.800 712.827
441.076 750.942
441.351 905.057
441.627 997.172
441.903 919.286
442.178 704.401
442.454 730.515
442.729 947.628
443.005 864.742
443.281 920.855
443.556 1054.968
443.832 905.081
444.107 765.194
444.383 825.306
444.658 802.418
444.934 691.530
445.210 883.642
445.485 963.754
445.761 934.865
446.036 922.976
446.312 990.087
446.587 983.197
446.863 777.307
447.139 846.417
447.414 915.527
447.690 962.637
447.965 966.746
448.241 905.855
448.516 964.964
448.792 889.073
449.068 830.182
449.343 904.290
449.619 881.398
449.894 1006.506
450.170 1012.613
450.445 1153.721
450.721 1220.828
450.997 952.935
451.272 1026.041
451.548 1048.148
451.823 1050.254
452.099 1156.360
452.375 1060.466
452.650 1045.572
452.926 1166.677
453.201 1195.782
453.477 1485.887
453.752 1425.992
454.028 1217.097
454.304 1279.201
454.579 1347.305
454.855 1330.409
455.130 1305.513
455.406 1370.616
455.681 1300.719
455.957 1210.822
456.233 1128.925
456.508 1129.028
456.784 1149.130
457.059 1133.232
457.335 1286.334
457.610 1152.436
457.886 1045.538
458.162 954.639
458.437 924.740
458.713 1034.841
458.988 1059.942
459.264 1063.043
459.539 1028.143
459.815 984.243
460.091 893.343
460.366 847.443
460.642 814.542
460.917 827.642
461.193 859.741
461.468 792.840
461.744 781.939
462.020 764.037
462.295 837.135
462.571 777.234
462.846 781.332
463.122 925.429
463.397 947.527
463.673 851.772
463.949 862.858
464.224 933.884
464.500 1000.914
464.775 977.012
465.051 1153.800
465.327 1322.881
465.602 1530.240
465.878 1756.639
466.153 1724.044
466.429 2039.548
466.704 2336.010
466.980 2390.777
467.256 2633.872
467.531 2885.853
467.807 2989.039
468.082 3105.366
468.358 3114.364
468.633 3282.474
468.909 3244.415
469.185 3192.493
469.460 3386.946
469.736 3361.246
470.011 3065.267
470.287 3135.718
470.562 3221.770
470.838 3049.534
471.114 3080.990
471.389 2974.013
471.665 2918.468
471.940 2955.927
472.216 2800.149
472.491 2592.339
472.767 2465.244
473.043 2493.733
473.318 2495.854
473.594 2150.409
473.869 2022.475
474.145 1887.267
474.421 1692.038
474.696 1602.608
474.972 1387.427
475.247 1348.158
475.523 1373.352
475.798 1281.061
476.074 1132.190
476.350 1134.317
476.625 1143.718
476.901 1144.828
477.176 1148.844
477.452 1018.568
477.727 989.156
478.003 850.029
478.279 1108.248
478.554 1183.540
478.830 1157.366
479.105 1180.485
479.381 1157.064
479.656 1052.689
479.932 1108.448
480.208 1191.422
480.483 1181.204
480.759 1234.881
481.034 1172.104
481.310 1108.554
481.585 1146.728
481.861 1195.202
482.137 1064.174
482.412 1144.678
482.688 1195.678
482.963 1210.612
483.239 1233.532
483.514 1058.266
483.790 1114.233
484.066 1321.996
484.341 1142.117
484.617 1088.221
484.892 1235.392
485.168 1251.396
485.443 1153.813
485.719 1151.908
485.995 1225.101
486.270 1210.094
486.546 1063.370
486.821 1007.072
487.097 975.550
487.373 1059.482
487.648 1255.312
487.924 1224.659
488.199 997.603
488.475 818.902
488.750 866.395
489.026 1075.373
489.302 1046.993
489.577 990.163
489.853 1042.162
490.128 1217.559
490.404 1196.877
490.679 1049.206
490.955 1236.920
491.231 1299.559
491.506 1213.825
491.782 1122.046
492.057 1072.102
492.333 1176.876
492.608 1113.353
492.884 1098.754
493.160 995.113
493.435 1068.710
493.711 1238.395
493.986 1152.048
494.262 1090.509
494.537 1070.978
494.813 1206.551
495.089 1046.713
495.364 1040.895
495.640 1130.363
495.915 1091.146
496.191 1247.898
496.467 1223.587
496.742 1145.831
497.018 1157.053
497.293 1073.220
497.569 1207.755
497.844 1161.708
498.120 1245.942
498.396 1226.664
498.671 1179.299
498.947 1350.178
499.222 1436.089
499.498 1414.707
499.773 1526.225
500.049 1702.823
500.325 1699.608
500.600 1848.082
500.876 1986.143
501.151 2195.819
501.427 2336.653
501.702 2608.423
501.978 2764.276
502.254 2896.807
502.529 2939.239
502.805 3132.606
503.080 3372.733
503.356 3300.530
503.631 3289.796
503.907 3382.562
504.183 3302.677
504.458 3321.982
504.734 3301.508
505.009 3382.471
505.285 3272.608
505.560 3324.984
505.836 3284.900
506.112 3186.795
506.387 3053.265
506.663 2984.528
506.938 2909.778
507.214 2873.450
507.490 2766.579
507.765 2674.051
508.041 2712.468
508.316 2604.569
508.592 2289.223
508.867 2134.074
509.143 2171.196
509.419 1973.278
509.694 1693.562
509.970 1580.293
510.245 1484.107
510.521 1523.693
510.796 1412.350
511.072 1351.481
511.348 1308.976
511.623 1327.988
511.899 1284.336
512.174 1334.768
512.450 1335.497
512.725 1191.716
513.001 1066.718
513.277 1019.196
513.552 1171.400
513.828 1139.571
514.103 1072.506
514.379 1124.913
514.654 1045.010
514.930 1092.140
515.206 1478.770
515.481 1389.533
515.757 1200.786
516.032 1222.182
516.308 1336.072
516.583 1446.054
516.859 1398.512
517.135 1514.449
517.410 1714.681
517.686 1761.393
517.961 1836.288
518.237 1951.122
518.513 1961.930
518.788 2359.517
519.064 2593.442
519.339 2757.365
519.615 2856.118
519.890 3081.972
520.166 3201.417
520.442 3402.441
520.717 3556.499
520.993 3649.583
521.268 3635.547
521.544 3637.534
521.819 3605.632
522.095 3754.826
522.371 3948.795
522.646 4010.219
522.922 4172.148
523.197 4103.245
523.473 4185.504
523.748 4119.537
524.024 4125.340
524.300 4097.650
524.575 4080.487
524.851 4154.232
525.126 4220.111
525.402 4236.650
525.677 4258.721
525.953 4198.305
526.229 4124.751
526.504 4063.687
526.780 4191.794
527.055 4169.071
527.331 4178.701
527.606 4290.043
527.882 4310.878
528.158 4188.630
528.433 4284.062
528.709 4174.717
528.984 4150.784
529.260 4139.595
529.535 4069.396
529.811 3798.562
530.087 3674.076
530.362 3660.334
530.638 3699.218
530.913 3725.698
531.189 3563.331
531.465 3263.197
531.740 3187.181
532.016 3141.967
532.291 3055.952
532.567 3006.701
532.842 2905.016
533.118 2800.230
533.394 2803.007
533.669 2589.647
533.945 2333.869
534.220 2273.617
534.496 2320.680
534.771 2195.320
535.047 2217.032
535.323 2155.779
535.598 2137.148
535.874 2182.262
536.149 2209.869
536.425 2211.111
536.700 2330.542
536.976 2729.288
537.252 3396.401
537.527 4054.019
537.803 4879.224
538.078 5835.899
538.354 6367.913
538.629 6716.758
538.905 7120.359
539.181 7807.044
539.456 8271.598
539.732 8849.416
540.007 9381.557
540.283 9587.524
540.558 9867.357
540.834 10274.669
541.110 10731.433
541.385 11023.569
541.661 11372.141
541.936 11582.676
542.212 11541.107
542.488 11823.621
542.763 12130.913
543.039 12213.440
543.314 12290.878
543.590 12320.021
543.865 12198.925
544.141 11888.157
544.417 11676.694
544.692 11234.843
544.968 11132.615
545.243 10958.846
545.519 10448.516
545.794 10244.246
546.070 10228.397
546.348 9945.097
546.627 9437.255
546.905 9454.661
547.183 9360.466
547.461 9374.424
547.740 9354.618
548.018 9170.134
548.296 9245.492
548.575 9445.149
548.853 9746.097
549.131 10242.676
549.409 10610.545
549.688 11057.028
549.966 11403.312
550.244 11753.564
550.523 11971.900
550.801 12203.665
551.079 12390.460
551.357 12654.609
551.636 12794.331
551.914 12951.595
552.192 12962.496
552.471 13282.354
552.749 13578.402
553.027 13889.893
553.306 14283.368
553.584 14931.404
553.862 15333.292
554.140 15653.580
554.419 16244.268
554.697 17042.557
554.975 17557.244
555.254 18139.351
555.532 18059.188
555.810 18339.182
556.088 18295.729
556.367 17903.375
556.645 17689.512
556.923 17453.182
557.202 17163.190
557.480 16823.276
557.758 16195.952
558.036 16095.130
558.315 15677.764
558.593 15284.784
558.871 14761.117
559.150 14230.227
559.428 13732.950
559.706 13145.302
559.984 12460.849
560.263 11892.469
560.541 11166.065
560.819 10463.962
561.098 9702.542
561.376 8810.283
561.654 7807.447
561.932 6791.911
562.211 6173.724
562.489 5615.655
562.767 4876.149
563.046 4382.322
563.324 3926.149
563.602 3503.456
563.880 3160.411
564.159 2937.810
564.437 2796.019
564.715 2393.760
564.994 2067.512
565.272 2058.922
565.550 1909.345
565.828 1706.810
566.107 1785.758
566.385 1643.223
566.663 1443.036
566.942 1397.400
567.220 1437.793
567.498 1564.222
567.776 1343.116
568.055 1227.778
568.333 1296.094
568.611 1316.943
568.890 1174.408
569.168 1099.502
569.446 1171.142
569.725 1114.184
570.003 920.994
570.281 903.556
570.559 970.334
570.838 991.649
571.116 1048.858
571.394 1035.338
571.673 1083.915
571.951 1036.470
572.229 957.876
572.507 975.374
572.786 939.404
573.064 933.549
573.342 888.804
573.621 743.267
573.899 805.752
574.177 1049.749
574.455 979.463
574.734 870.878
575.012 937.460
575.290 858.111
575.569 864.880
575.847 922.693
576.125 857.969
576.403 693.828
576.682 787.968
576.960 862.473
577.243 858.717
577.527 777.835
577.810 705.959
578.093 704.729
578.377 701.226
578.660 771.429
578.944 750.724
579.227 715.622
579.510 812.511
579.794 730.029
580.077 672.859
580.360 741.032
580.644 775.577
580.927 696.870
581.210 690.951
581.494 642.571
581.777 704.663
582.061 684.494
582.344 677.245
582.627 621.457
582.911 670.355
583.194 645.121
583.477 801.852
583.761 821.856
584.044 875.793
584.327 809.779
584.611 736.896
584.894 734.943
585.178 682.040
585.461 704.062
585.744 778.032
586.028 705.854
586.311 761.898
586.594 802.942
586.878 668.986
587.161 634.029
587.444 711.073
587.728 727.117
588.011 788.160
588.295 653.204
588.578 726.520
588.861 842.448
589.145 748.333
589.428 722.099
589.711 612.420
589.995 642.820
590.278 814.691
590.562 647.549
590.845 605.985
591.128 849.934
591.412 820.037
591.695 705.014
591.978 805.152
592.262 778.026
592.545 594.065
592.828 770.349
593.112 649.982
593.395 610.143
593.679 567.745
593.962 764.998
594.245 774.229
594.529 667.803
594.812 564.795
595.095 509.677
595.379 717.247
595.662 760.745
595.945 665.691
596.229 624.397
596.512 644.984
596.796 752.701
597.079 757.937
597.362 790.651
597.646 859.148
597.929 810.722
598.212 771.424
598.496 731.939
598.779 777.654
599.062 906.026
599.346 787.606
599.629 736.574
599.913 747.711
600.196 780.263
600.479 830.716
600.763 811.870
601.046 667.737
601.329 688.119
601.613 773.028
601.896 700.305
602.179 796.906
602.463 764.529
602.746 761.621
603.030 868.733
603.313 906.193
603.596 740.383
603.880 766.167
604.163 806.402
604.446 807.610
604.730 790.019
605.013 856.799
605.296 852.780
605.580 779.361
605.863 884.199
606.147 754.952
606.430 735.402
606.713 870.729
606.997 835.381
607.280 991.158
607.563 897.262
607.847 837.772
608.130 882.547
608.414 914.989
608.697 879.802
608.980 823.895
609.264 932.583
609.547 873.921
609.830 871.021
610.114 848.532
610.397 841.713
610.680 931.925
610.964 928.888
611.247 924.024
611.531 899.453
611.814 810.187
612.097 839.665
612.381 970.252
612.664 1110.593
612.947 985.017
613.231 962.483
613.514 1008.652
613.797 1092.187
614.081 1146.251
614.364 1128.606
614.648 1109.979
614.931 1042.236
615.214 1039.326
615.498 1106.265
615.781 1173.335
616.064 1185.183
616.348 1285.613
616.631 1291.842
616.914 1350.647
617.198 1304.723
617.481 1200.326
617.765 1176.892
618.048 1312.345
618.331 1286.715
618.615 1191.184
618.898 1339.442
619.181 1353.312
619.465 1203.352
619.748 1086.672
620.031 1075.903
620.315 1028.442
620.598 1047.356
620.882 1125.890
621.165 1254.281
621.448 1152.926
621.732 1096.397
622.015 963.100
622.298 896.263
622.582 966.056
622.865 919.104
623.148 845.214
623.432 922.017
623.715 865.997
623.999 1052.324
624.282 975.103
624.565 1013.318
624.849 888.605
625.132 729.142
625.415 1049.743
625.699 1141.655
625.982 964.092
626.265 871.032
626.549 833.824
626.832 969.213
627.116 995.511
627.399 822.820
627.682 816.156
627.966 763.002
628.249 809.554
628.532 799.730
628.816 989.735
629.099 932.666
629.383 868.704
629.666 803.067
629.949 738.949
630.233 743.479
630.516 804.731
630.799 848.673
631.083 807.735
631.366 769.761
631.649 670.698
631.933 640.691
632.216 787.493
632.500 796.703
632.783 842.959
633.066 839.421
633.350 857.310
633.633 845.898
633.916 834.023
634.200 813.440
634.483 862.502
634.766 1008.105
635.050 912.876
635.333 773.124
635.617 853.359
635.900 966.465
636.183 975.074
636.467 929.761
636.750 980.868
637.033 1059.202
637.317 1095.755
637.600 1094.756
637.883 1003.618
638.167 1039.293
638.450 1085.131
638.734 1057.072
639.017 1154.481
639.300 1206.947
639.584 1174.043
639.867 1345.262
640.150 1307.874
640.434 1374.322
640.717 1389.891
641.000 1306.744
641.284 1374.064
641.567 1339.833
641.851 1343.897
642.134 1505.469
642.417 1491.943
642.701 1638.364
642.984 1653.685
643.267 1550.071
643.551 1493.921
643.834 1409.128
644.117 1473.382
644.401 1472.919
644.684 1622.902
644.968 1815.651
645.251 1754.878
645.534 1723.951
645.818 1831.861
646.101 2031.733
646.384 2101.247
646.668 2254.328
646.951 2394.264
647.235 2656.882
647.518 2733.980
647.801 3070.476
648.085 3356.824
648.368 3599.670
648.651 3798.948
648.935 4154.531
649.218 4581.114
649.501 4909.684
649.785 5279.855
650.068 5701.167
650.352 6057.855
650.635 6517.296
650.918 7133.709
651.202 7891.234
651.485 8770.553
651.768 9403.444
652.052 10132.940
652.335 11089.288
652.618 11959.384
652.902 12898.797
653.185 13813.055
653.469 14327.807
653.752 14746.020
654.035 15197.737
654.319 15690.369
654.602 15983.135
654.885 16378.435
655.169 16581.327
655.452 16493.918
655.735 17001.829
656.019 17429.020
656.302 17548.171
656.586 17774.618
656.869 18280.972
657.152 18206.415
657.436 18118.625
657.719 18131.853
658.002 18301.809
658.286 18067.800
658.569 17578.675
658.852 17224.095
659.136 16621.535
659.419 15802.276
659.703 15062.204
659.986 14326.194
660.269 13981.008
660.553 13623.333
660.836 13498.363
661.119 13325.629
661.403 13190.884
661.686 13132.734
661.969 12888.614
662.253 12831.846
662.536 12742.445
662.820 12551.314
663.103 12264.325
663.386 12079.770
663.670 11863.776
663.953 11588.777
664.236 11683.628
664.520 11582.340
664.803 11578.317
665.086 11660.757
665.370 11643.218
665.653 11605.760
665.937 11589.162
666.220 11357.954
666.503 11281.919
666.787 11232.252
667.070 10992.916
667.353 10739.896
667.637 10331.730
667.920 10080.238
668.204 9179.189
668.487 8303.328
668.770 7636.660
669.054 6662.147
669.337 5818.814
669.620 5085.917
669.904 4399.504
670.187 3849.481
670.470 3438.132
670.754 2998.365
671.037 2630.292
671.321 2437.644
671.604 2319.511
671.887 2059.887
672.171 1902.290
672.454 1730.640
672.737 1618.436
673.021 1563.714
673.304 1474.999
673.587 1644.432
673.871 1639.613
674.154 1609.581
674.438 1654.429
674.721 1619.514
675.004 1556.394
675.288 1585.229
675.571 1652.801
675.854 1692.994
676.138 1750.438
676.421 1808.000
676.704 1894.606
676.988 2176.477
677.271 2457.679
677.555 2302.028
677.838 2139.698
678.121 1982.557
678.405 1888.346
678.688 1850.072
678.971 1480.494
679.255 1539.651
679.538 1622.666
679.821 1622.694
680.105 1533.026
680.388 1480.094
680.672 1405.777
680.955 1350.711
681.238 1277.223
681.522 1240.580
681.805 1303.925
682.088 1346.345
682.372 1340.477
682.655 1210.380
682.938 1212.495
683.222 1157.199
683.505 1132.313
683.789 1256.687
684.072 1290.153
684.355 1246.036
684.639 1172.994
684.922 1039.410
685.205 1033.174
685.489 1236.751
685.772 1225.531
686.056 1220.564
686.339 1238.374
686.622 1041.661
686.906 1033.338
687.189 1194.116
687.472 1352.807
687.756 1162.685
688.039 1063.717
688.322 1036.604
688.606 1311.161
688.889 1291.355
689.173 1213.094
689.456 1331.075
689.739 1283.085
690.023 1288.030
690.306 1317.254
690.589 1261.742
690.873 1406.137
691.156 1501.897
691.439 1434.286
691.723 1401.013
692.006 1459.791
692.290 1412.084
692.573 1536.293
692.856 1671.995
693.140 1611.917
693.423 1517.107
693.706 1445.130
693.990 1426.655
694.273 1427.274
694.556 1678.664
694.840 1740.073
695.123 1596.773
695.407 1519.815
695.690 1404.455
695.973 1526.547
696.257 1634.166
696.540 1879.424
696.830 1843.602
697.120 1818.962
697.410 1968.044
697.699 2005.025
697.989 2168.979
698.279 2074.819
698.569 1945.669
698.859 1971.309
699.149 2035.810
699.439 2017.412
699.729 1925.583
700.018 1878.669
700.308 2056.187
700.598 1921.656
700.888 1858.911
701.178 2077.353
701.468 1986.021
701.758 1849.282
702.048 1946.733
702.337 1872.891
702.627 1910.508
702.917 1795.497
703.207 1650.918
703.497 1595.962
703.787 1408.452
704.077 1372.670
704.366 1358.893
704.656 1140.904
704.946 1067.506
705.236 990.539
705.526 1089.375
705.816 1161.255
706.106 945.764
706.396 904.008
706.685 893.394
706.975 806.030
707.265 768.776
707.555 927.228
707.845 889.735
708.135 784.704
708.425 710.266
708.715 718.905
709.004 869.404
709.294 863.498
709.584 895.348
709.874 917.068
710.164 837.209
710.454 774.657
710.744 733.442
711.034 787.968
711.323 806.125
711.613 752.014
711.903 814.227
712.193 896.846
712.483 804.440
712.773 833.961
713.063 743.044
713.352 744.549
713.642 737.251
713.932 796.322
714.222 804.531
714.512 773.615
714.802 789.049
715.092 843.335
715.382 717.935
715.671 681.821
715.961 743.150
716.251 696.929
716.541 701.092
716.831 818.709
717.121 721.458
717.411 773.687
717.701 847.393
717.990 748.850
718.280 666.256
718.570 667.233
718.860 623.679
719.150 644.353
719.440 659.981
719.730 674.959
720.019 922.428
720.309 803.941
720.599 740.925
720.889 691.647
721.179 750.998
721.469 734.498
721.759 649.892
722.049 758.255
722.338 649.935
722.628 686.747
722.918 745.610
723.208 803.796
723.498 673.048
723.788 717.028
724.078 923.978
724.368 869.851
724.657 727.415
724.947 754.175
725.237 806.082
725.527 835.060
725.817 673.235
726.107 669.406
726.397 663.624
726.686 579.506
726.976 682.041
727.266 775.873
727.556 668.544
727.846 792.154
728.136 780.771
728.426 684.437
728.716 602.093
729.005 743.587
729.295 681.592
729.585 587.790
729.875 640.936
730.165 688.135
730.455 723.073
730.745 697.582
731.035 693.719
731.324 766.101
731.614 744.246
731.904 662.385
732.194 750.841
732.484 730.191
732.774 710.756
733.064 666.030
733.354 537.645
733.643 606.556
733.933 642.048
734.223 590.412
734.513 776.592
734.803 849.565
735.093 699.341
735.383 653.170
735.672 723.502
735.962 750.379
736.252 579.578
736.542 679.656
736.832 664.985
737.122 506.833
737.412 576.461
737.702 750.747
737.991 771.376
738.281 710.966
738.571 672.960
738.861 673.320
739.151 659.561
739.441 777.910
739.731 663.869
740.021 697.710
740.310 761.534
740.600 805.741
740.890 599.248
741.180 565.900
741.470 637.983
741.760 743.630
742.050 880.866
742.339 788.662
742.629 662.075
742.919 803.539
743.209 599.207
743.499 587.951
743.789 671.721
744.079 686.592
744.369 688.900
744.658 622.892
744.948 465.860
745.238 659.602
745.528 738.908
745.818 822.994
746.108 746.625
746.398 714.615
746.688 717.614
746.977 861.626
747.267 712.688
747.557 706.458
747.847 751.209
748.137 714.165
748.427 682.344
748.717 565.513
749.006 446.562
749.296 626.309
749.586 649.586
749.876 709.018
750.166 659.236
750.456 754.629
750.746 773.366
751.036 637.656
751.325 763.424
751.615 715.255
751.905 677.313
752.195 738.009
752.485 710.029
752.775 695.744
753.065 615.683
753.355 818.905
753.644 793.900
753.934 651.732
754.224 684.197
754.514 895.746
754.804 653.142
755.094 500.704
755.384 544.855
755.674 637.151
755.963 750.510
756.253 682.006
756.543 767.600
756.833 805.342
757.123 733.268
757.413 637.541
757.703 614.445
757.992 627.529
758.282 657.038
758.572 667.768
758.862 597.435
759.152 657.755
759.442 641.050
759.732 730.155
760.022 819.621
760.311 696.722
760.601 515.654
760.891 686.699
761.181 743.314
761.471 700.821
761.761 583.721
762.051 593.810
762.341 736.088
762.630 789.215
762.920 665.366
763.210 636.822
763.500 699.643
763.793 608.020
764.086 700.687
764.379 684.910
764.671 729.194
764.964 650.742
765.257 652.773
765.550 686.365
765.843 588.601
766.136 690.434
766.429 617.872
766.722 608.204
767.014 526.122
767.307 504.515
767.600 578.048
767.893 600.826
768.186 551.449
768.479 641.185
768.772 756.123
769.064 687.593
769.357 634.552
769.650 642.266
769.943 816.864
770.236 731.283
770.529 605.022
770.822 655.443
771.115 692.759
771.407 814.566
771.700 809.539
771.993 827.546
772.286 752.057
772.579 751.317
772.872 631.375
773.165 564.861
773.457 677.782
773.750 709.765
774.043 581.630
774.336 598.396
774.629 699.022
774.922 652.319
775.215 553.446
775.508 587.596
775.800 638.330
776.093 747.752
776.386 698.728
776.679 625.934
776.972 699.466
777.265 892.837
777.558 908.053
777.850 736.304
778.143 695.115
778.436 690.802
778.729 671.030
779.022 698.183
779.315 606.743
779.608 518.318
779.900 542.456
780.193 616.845
780.486 694.556
780.779 642.723
781.072 522.858
781.365 651.785
781.658 676.553
781.951 631.389
782.243 697.275
782.536 733.833
782.829 699.713
783.122 729.851
783.415 723.118
783.708 705.081
784.001 700.083
784.293 764.292
784.586 832.682
784.879 815.665
785.172 702.753
785.465 639.346
785.758 665.415
786.051 644.389
786.344 716.117
786.636 924.058
786.929 737.889
787.222 622.034
787.515 612.797
787.808 664.536
788.101 611.606
788.394 738.496
788.686 866.385
788.979 801.267
789.272 767.517
789.565 764.771
789.858 653.011
790.151 613.720
790.444 571.778
790.737 615.367
791.029 598.187
791.322 653.093
791.615 641.492
791.908 701.731
792.201 662.125
792.494 658.490
792.787 757.452
793.079 891.822
793.372 760.472
793.665 723.360
793.958 627.664
794.251 699.465
794.544 780.457
794.837 871.980
795.130 733.411
795.422 684.574
795.715 731.450
796.008 713.234
796.301 689.917
796.594 596.307
796.887 650.108
797.180 704.611
797.472 581.995
797.765 479.319
798.058 557.542
798.351 563.099
798.644 552.148
798.937 545.185
799.230 612.387
799.523 922.086
799.815 846.329
800.108 596.096
800.401 522.333
800.694 691.533
800.987 620.071
801.280 682.265
801.573 774.189
801.865 727.252
802.158 649.695
802.451 627.755
802.744 586.853
803.037 662.717
803.330 675.382
803.623 752.568
803.915 715.658
804.208 606.498
804.501 650.771
804.794 704.841
805.087 634.151
805.380 500.167
805.673 561.744
805.966 670.869
806.258 604.422
806.551 659.868
806.844 702.053
807.137 770.110
807.430 604.694
807.723 537.440
808.016 783.440
808.308 813.201
808.601 618.812
808.894 551.662
809.187 626.755
809.480 711.653
809.773 667.737
810.066 654.339
810.359 767.803
810.651 662.405
810.944 413.769
811.237 422.275
811.530 639.242
811.825 587.378
812.119 491.947
812.414 506.089
812.709 633.889
813.003 646.321
813.298 596.137
813.593 677.401
813.887 666.609
814.182 926.597
814.476 849.381
814.771 841.274
815.066 770.773
815.360 607.403
815.655 551.524
815.950 590.758
816.244 620.274
816.539 742.859
816.834 708.215
817.128 729.361
817.423 789.795
817.718 941.517
818.012 761.865
818.307 478.313
818.602 592.058
818.896 682.611
819.191 622.690
819.486 576.614
819.780 676.526
820.075 864.728
820.369 875.839
820.664 655.229
820.959 749.447
821.253 770.964
821.548 653.881
821.843 720.674
822.137 766.137
822.432 730.249
822.727 707.042
823.021 646.208
823.316 759.751
823.611 786.489
823.905 666.433
824.200 536.974
824.495 693.186
824.789 802.905
825.084 781.000
825.379 657.366
825.673 633.788
825.968 770.595
826.262 699.392
826.557 743.082
826.852 770.971
827.146 733.831
827.441 700.194
827.736 760.401
828.030 685.772
828.325 516.270
828.620 719.045
828.914 840.972
829.209 676.238
829.504 832.856
829.798 814.177
830.093 623.056
830.388 579.731
830.682 519.999
830.977 709.951
831.271 780.953
831.566 617.658
831.861 557.928
832.155 529.636
832.450 691.018
832.745 821.173
833.039 696.353
833.334 592.603
833.629 648.963
833.923 625.852
834.218 632.771
834.513 627.248
834.807 597.841
835.102 525.915
835.397 588.018
835.691 557.204
835.986 536.041
836.281 527.624
836.575 551.583
836.870 603.253
837.164 663.485
837.459 610.116
837.754 613.059
838.048 606.445
838.343 529.677
838.638 516.991
838.932 612.638
839.227 617.810
839.522 671.808
839.816 655.933
840.111 610.882
840.406 606.321
840.700 738.556
840.995 887.345
841.290 891.661
841.584 675.153
841.879 753.316
842.174 697.795
842.468 665.611
842.763 562.438
843.057 674.092
843.352 756.674
843.647 736.158
843.941 700.062
844.236 744.665
844.531 752.265
844.825 680.981
845.120 798.146
845.415 825.936
845.709 730.240
846.004 774.361
846.299 644.156
846.593 782.953
846.888 770.743
847.183 675.540
847.477 601.825
847.772 676.765
848.066 695.731
848.361 671.135
848.656 700.422
848.950 686.038
849.245 757.776
849.540 676.555
849.834 815.948
850.129 855.889
850.424 708.781
850.718 683.174
851.013 825.718
851.308 761.639
851.602 793.801
851.897 871.592
852.192 947.677
852.486 772.554
852.781 664.894
853.076 800.075
853.370 825.490
853.665 868.983
853.959 845.324
854.254 679.039
854.549 920.877
854.843 852.554
855.138 689.972
855.433 752.626
855.727 875.092
856.022 687.677
856.317 699.331
856.611 767.590
856.906 664.010
857.201 758.571
857.495 894.472
857.790 863.319
858.085 757.999
858.379 707.765
858.674 571.264
858.969 516.321
859.263 646.115
859.558 667.122
859.852 617.318
860.147 702.601
860.442 831.459
860.736 599.997
861.031 726.178
861.326 796.987
861.620 655.701
861.915 778.092
862.210 791.695
862.504 655.110
862.799 751.476
863.094 790.316
863.388 711.157
863.683 691.328
863.978 612.800
864.272 647.313
864.567 698.803
864.861 687.929
865.156 580.797
865.451 533.816
865.745 702.600
866.040 783.304
866.335 754.927
866.629 741.817
866.924 624.675
867.219 614.197
867.513 814.181
867.808 678.632
868.103 606.998
868.397 703.562
868.692 679.931
868.987 557.159
869.281 541.866
869.576 672.514
869.871 782.964
870.165 647.251
870.460 517.136
870.754 603.596
871.049 581.577
871.344 679.447
871.638 712.985
871.933 638.685
872.228 660.706
872.522 590.658
872.817 681.313
873.112 976.824
873.406 790.562
873.701 812.037
873.996 773.466
874.290 667.667
874.585 612.984
874.880 657.018
875.174 597.096
875.469 624.550
875.764 681.874
876.058 578.046
876.353 455.322
876.647 478.825
876.942 577.226
877.237 602.374
877.531 627.379
877.826 663.970
878.121 633.571
878.415 613.037
878.710 581.004
879.005 696.174
879.299 578.288
879.594 515.123
879.889 495.852
880.183 476.171
880.478 607.680
880.773 591.617
881.067 579.342
881.362 623.856
881.656 549.265
881.951 579.323
882.246 510.324
882.540 570.223
882.835 567.742
883.130 585.597
883.424 542.790
883.719 491.534
884.014 604.148
884.308 619.091
884.603 543.845
884.898 484.406
885.192 585.182
885.487 610.486
885.782 528.666
886.076 675.207
886.371 604.885
886.666 395.384
886.960 457.764
887.255 477.956
887.549 490.516
887.844 688.024
888.139 742.345
888.433 691.212
888.728 612.729
889.023 570.999
889.317 598.365
889.612 511.929
889.907 555.733
890.201 633.620
890.496 645.448
890.791 586.584
891.085 577.250
891.380 543.720
891.675 559.228
891.969 603.408
892.264 529.576
892.559 526.526
892.853 676.162
893.148 594.971
893.442 519.043
893.737 602.403
894.032 546.375
894.326 494.403
894.621 497.937
894.916 442.830
895.210 519.983
895.505 630.028
895.800 565.166
896.094 473.269
896.389 535.062
896.684 529.360
896.978 522.725
897.273 462.651
897.568 593.877
897.862 633.316
898.157 544.908
898.451 680.798
898.746 707.357
899.041 722.165
899.335 643.344
899.630 576.548
899.925 562.761
900.219 606.172
900.514 740.354
900.809 607.108
901.103 432.860
901.398 600.721
901.693 561.373
901.987 569.013
902.282 642.426
902.577 506.204
902.871 463.873
903.166 615.055
903.461 687.042
903.755 613.492
904.050 570.348
904.344 468.150
904.639 508.996
904.934 496.895
905.228 529.273
905.523 513.582
905.818 520.336
906.112 641.967
906.407 583.569
906.702 495.122
906.996 583.212
907.291 550.478
907.586 459.816
907.880 705.402
908.175 655.144
908.470 645.154
908.764 692.715
909.059 736.512
909.354 673.997
909.648 553.161
909.943 572.349
910.237 660.322
910.532 701.872
910.827 786.208
911.121 710.793
911.416 593.543
911.711 610.096
912.005 650.824
912.300 620.670
912.599 674.206
912.898 639.988
913.196 651.055
913.495 701.157
913.794 736.857
914.093 655.402
914.391 630.585
914.690 680.867
914.989 657.236
915.288 753.647
915.586 664.411
915.885 532.707
916.184 471.802
916.483 498.078
916.782 671.956
917.080 714.259
917.379 641.226
917.678 574.922
917.977 682.422
918.275 734.165
918.574 720.136
918.873 714.182
919.172 670.831
919.471 578.949
919.769 569.174
920.068 553.079
920.367 573.287
920.666 589.908
920.964 655.870
921.263 570.438
921.562 573.480
921.861 688.417
922.159 620.897
922.458 601.509
922.757 614.947
923.056 619.312
923.355 618.203
923.653 751.416
923.952 716.033
924.251 540.567
924.550 725.346
924.848 741.340
925.147 600.838
925.446 627.238
925.745 734.857
926.043 706.450
926.342 662.623
926.641 590.296
926.940 687.368
927.239 749.815
927.537 799.319
927.836 716.939
928.135 645.381
928.434 711.743
928.732 730.985
929.031 732.216
929.330 747.062
929.629 717.775
929.927 734.711
930.226 708.504
930.525 715.618
930.824 871.152
931.123 784.983
931.421 831.713
931.720 836.815
932.019 810.682
932.318 803.497
932.616 723.226
932.915 648.171
933.214 772.790
933.513 823.907
933.812 738.235
934.110 768.298
934.409 893.591
934.708 806.938
935.007 1047.079
935.305 1041.902
935.604 796.272
935.903 871.445
936.202 892.775
936.500 1040.311
936.799 1224.336
937.098 1079.702
937.397 998.308
937.696 907.162
937.994 888.464
938.293 1049.970
938.592 939.459
938.891 902.780
939.189 958.050
939.488 992.858
939.787 1078.967
940.086 989.937
940.384 987.108
940.683 943.394
940.982 872.185
941.281 1036.660
941.580 1321.576
941.878 1290.765
942.177 1132.852
942.476 1207.875
942.775 1119.794
943.073 926.327
943.372 878.062
943.671 1098.017
943.970 1215.018
944.268 1062.762
944.567 906.252
944.866 1089.014
945.165 1129.773
945.464 992.561
945.762 885.216
946.061 1144.397
946.360 1197.025
946.659 1148.913
946.957 1112.626
947.256 1069.546
947.555 1005.614
947.854 1066.354
948.153 1063.185
948.451 953.907
948.750 986.139
949.049 969.760
949.348 1208.253
949.646 1032.744
949.945 940.519
950.244 1103.985
950.543 1064.426
950.841 953.428
951.140 892.679
951.439 808.265
951.738 800.650
952.037 924.718
952.335 1072.409
952.634 1078.568
952.933 920.889
953.232 875.184
953.530 657.590
953.829 981.383
954.128 1084.070
954.427 994.013
954.725 1069.199
955.024 990.428
955.323 1048.974
955.622 844.924
955.921 691.094
956.219 851.912
956.518 836.612
956.817 830.668
957.116 876.050
957.414 818.716
957.713 731.549
958.012 685.718
958.311 660.417
958.610 928.347
958.908 932.314
959.207 875.373
959.506 911.340
959.805 890.162
960.103 928.890
960.402 863.376
960.701 763.129
961.000 724.835
961.298 675.686
961.597 804.475
961.896 835.274
962.195 873.933
962.494 877.680
962.792 751.850
963.091 678.545
963.390 718.076
963.689 753.506
963.987 781.792
964.286 905.952
964.585 951.561
964.884 812.899
965.182 675.838
965.481 1052.162
965.780 1184.232
966.080 1057.557
966.380 965.131
966.680 810.209
966.981 785.849
967.281 798.042
967.581 776.729
967.881 868.423
968.181 882.291
968.481 804.244
968.781 774.529
969.082 637.397
969.382 704.988
969.682 850.297
969.982 879.749
970.282 908.913
970.582 721.626
970.882 704.364
971.183 853.805
971.483 778.495
971.783 707.404
972.083 783.023
972.383 912.472
972.683 842.847
972.983 855.825
973.284 746.119
973.584 749.479
973.884 795.622
974.184 774.909
974.484 904.918
974.784 782.917
975.084 674.296
975.385 754.124
975.685 863.344
975.985 817.156
976.285 850.990
976.585 870.762
976.885 764.302
977.185 765.326
977.486 831.666
977.786 817.120
978.086 853.554
978.386 913.098
978.686 761.503
978.986 741.897
979.286 775.905
979.587 790.914
979.887 679.922
980.187 668.930
980.487 640.939
980.787 737.947
981.087 695.955
981.387 935.964
981.688 791.972
981.988 631.980
982.288 686.989
982.588 750.997
982.888 745.005
983.188 685.013
983.488 777.022
983.789 748.030
984.089 752.038
984.389 742.047
984.689 647.055
984.989 571.063
985.289 625.071
985.589 797.079
985.890 738.088
986.190 561.096
986.490 638.104
986.790 780.112
987.090 702.120
987.390 768.129
987.690 801.137
987.991 611.145
988.291 594.153
988.591 634.161
988.891 559.169
989.191 557.178
989.491 752.186
989.791 758.194
990.092 745.202
990.392 760.210
990.692 704.218
990.992 685.226
991.292 548.234
991.592 692.242
991.892 671.250
992.193 769.258
992.493 731.266
992.793 659.275
993.093 644.283
993.393 607.291
993.693 620.299
993.993 685.307
994.294 738.315
994.594 647.323
994.894 618.331
995.194 650.339
995.494 559.347
995.794 619.354
996.094 633.362
996.395 700.370
996.695 737.378
996.995 548.386
997.295 547.394
997.595 598.402
997.895 554.410
998.195 506.418
998.496 545.426
998.796 501.434
999.096 733.442
999.396 672.449
999.696 653.457
999.996 712.465
1000.296 773.473
1000.597 748.481
1000.897 641.489
1001.197 650.497
1001.497 817.504
1001.797 612.512
1002.097 483.520
1002.397 614.528
1002.698 671.536
1002.998 742.543
1003.298 730.551
1003.598 594.559
1003.898 521.567
1004.198 694.574
1004.498 758.582
1004.799 695.590
1005.099 723.598
1005.399 716.605
1005.699 705.613
1005.999 727.621
1006.299 659.629
1006.599 836.636
1006.900 822.644
1007.200 644.652
1007.500 676.659
1007.800 744.667
1008.100 627.675
1008.400 533.682
1008.700 573.690
1009.001 508.698
1009.301 552.705
1009.601 777.713
1009.901 836.721
1010.201 737.728
1010.501 724.736
1010.801 802.743
1011.102 574.751
1011.402 658.759
1011.702 576.766
1012.002 500.774
1012.302 673.781
1012.602 695.789
1012.902 598.796
1013.203 652.804
1013.503 754.811
1013.803 743.819
1014.103 581.826
1014.403 590.834
1014.703 521.842
1015.003 544.849
1015.304 761.857
1015.604 796.864
1015.904 586.871
1016.204 541.879
1016.504 597.886
1016.804 612.894
1017.104 626.901
1017.405 546.909
1017.705 524.916
1018.005 572.924
1018.305 590.931
1018.605 622.939
1018.905 530.946
1019.205 502.953
1019.506 799.961
1019.806 757.968
1020.106 686.976
1020.406 704.983
1020.706 653.990
1021.006 722.998
1021.306 850.005
1021.607 738.012
1021.907 833.020
1022.207 750.027
1022.507 585.034
1022.807 622.042
1023.107 658.049
1023.407 600.056
1023.708 617.064
1024.008 598.071
1024.308 641.078
1024.608 634.086
1024.908 497.093
1025.208 633.100
1025.508 819.107
1025.809 744.115
1026.109 618.122
1026.409 728.129
1026.709 688.136
1027.009 619.144
1027.309 682.151
1027.609 557.158
1027.910 618.165
1028.210 742.172
1028.510 800.180
1028.810 921.187
1029.110 798.194
1029.410 682.201
1029.710 793.208
1030.011 768.216
1030.311 807.223
1030.611 667.230
1030.911 662.237
1031.211 735.244
1031.511 623.251
1031.811 770.258
1032.112 762.266
1032.412 664.273
1032.712 516.280
1033.012 608.287
1033.312 845.294
1033.612 819.301
1033.912 685.308
1034.212 582.315
1034.513 547.322
1034.813 544.329
1035.113 663.336
1035.413 617.344
1035.713 652.351
1036.013 699.358
1036.313 672.365
1036.614 748.372
1036.914 592.379
1037.214 475.386
1037.514 663.393
1037.814 602.400
1038.114 625.407
1038.414 627.414
1038.715 707.421
1039.015 584.428
1039.315 531.435
1039.615 628.442
1039.915 577.449
1040.215 548.456
1040.515 606.462
1040.816 742.469
1041.116 669.476
1041.416 574.483
1041.716 527.490
1042.016 518.497
1042.316 736.504
1042.616 675.511
1042.917 599.518
1043.217 588.525
1043.517 596.532
1043.817 686.538
1044.117 693.545
1044.417 633.552
1044.717 601.559
1045.018 614.566
1045.318 734.573
1045.618 770.580
1045.918 630.586
1046.218 493.593
1046.518 584.600
1046.818 709.607
1047.119 618.614
1047.419 772.621
1047.719 705.627
1048.019 648.634
1048.319 697.641
1048.619 674.648
1048.919 650.654
1049.220 599.661
1049.520 695.668
1049.820 677.675
1050.120 591.682
1050.420 786.688
1050.720 733.695
1051.020 698.702
1051.321 688.708
1051.621 741.715
1051.921 682.722
1052.221 601.729
1052.521 544.735
1052.821 536.742
1053.121 672.749
1053.422 723.755
1053.722 784.762
1054.022 679.769
1054.322 770.775
1054.622 678.782
1054.922 561.789
1055.222 667.795
1055.523 677.802
1055.823 721.809
1056.123 752.815
1056.423 710.822
1056.723 758.829
1057.023 629.835
1057.323 515.842
1057.624 655.848
1057.924 759.855
1058.224 760.862
1058.524 629.868
1058.824 681.875
1059.124 672.881
1059.424 625.888
1059.725 722.894
1060.025 638.901
1060.325 631.908
1060.625 598.914
1060.925 610.921
1061.225 650.927
1061.525 778.934
1061.826 662.940
1062.126 682.947
1062.426 728.953
1062.726 758.960
1063.026 693.966
1063.326 853.973
1063.626 808.979
1063.927 744.986
1064.227 774.992
1064.527 629.999
1064.827 684.005
1065.127 713.012
1065.427 530.018
1065.727 529.024
1066.028 694.031
1066.328 744.037
1066.628 551.044
1066.928 516.050
1067.228 614.057
1067.528 616.063
1067.828 595.069
1068.129 512.076
1068.429 620.082
1068.729 760.089
1069.029 670.095
1069.329 533.101
1069.629 650.108
1069.929 739.114
1070.230 794.120
1070.530 760.127
1070.830 694.133
1071.130 778.140
1071.430 680.146
1071.730 686.152
1072.030 732.159
1072.331 621.165
1072.631 627.171
1072.931 727.178
1073.231 741.184
1073.531 666.190
1073.831 649.196
1074.131 767.203
1074.432 864.209
1074.732 685.215
1075.032 547.222
1075.332 559.228
1075.632 659.234
1075.932 632.240
1076.232 576.247
1076.533 599.253
1076.833 717.259
1077.133 675.265
1077.433 606.272
1077.733 593.278
1078.033 692.284
1078.333 667.290
1078.634 682.296
1078.934 645.303
1079.234 505.309
1079.534 750.315
1079.834 820.321
1080.134 716.327
1080.434 704.334
1080.735 703.340
1081.035 734.346
1081.335 557.352
1081.635 602.358
1081.935 661.364
1082.235 603.371
1082.535 580.377
1082.836 627.383
1083.136 632.389
1083.436 715.395
1083.736 738.401
1084.036 651.407
1084.336 567.413
1084.636 631.420
1084.937 782.426
1085.237 771.432
1085.537 689.438
1085.837 711.444
1086.137 636.450
1086.437 718.456
1086.737 674.462
1087.038 658.468
1087.338 773.474
1087.638 779.480
1087.938 602.486
1088.238 462.492
1088.538 577.498
1088.838 705.504
1089.139 754.511
1089.439 584.517
1089.739 700.523
1090.039 713.529
1090.339 751.535
1090.639 659.541
1090.939 692.547
1091.240 547.553
1091.540 626.559
1091.840 641.565
1092.140 754.571
1092.453 743.576
1092.766 597.582
1093.079 563.588
1093.392 586.594
1093.705 579.600
1094.018 616.606
1094.330 785.612
1094.643 687.618
1094.956 753.624
1095.269 715.630
1095.582 667.636
1095.895 566.642
1096.208 601.648
1096.521 655.654
1096.834 669.660
1097.147 683.665
1097.460 675.671
1097.773 725.677
1098.085 607.683
1098.398 521.689
1098.711 562.695
1099.024 558.701
1099.337 687.707
1099.650 818.712
1099.963 748.718
1100.276 566.724
1100.589 577.730
1100.902 687.736
1101.215 700.742
1101.528 775.747
1101.841 686.753
1102.153 739.759
1102.466 842.765
1102.779 603.771
1103.092 577.776
1103.405 654.782
1103.718 585.788
1104.031 623.794
1104.344 704.800
1104.657 686.805
1104.970 969.811
1105.283 789.817
1105.596 681.823
1105.909 645.828
1106.221 719.834
1106.534 685.840
1106.847 503.846
1107.160 471.851
1107.473 528.857
1107.786 615.863
1108.099 533.869
1108.412 611.874
1108.725 664.880
1109.038 547.886
1109.351 694.891
1109.664 655.897
1109.977 561.903
1110.289 632.909
1110.602 598.914
1110.915 623.920
1111.228 609.926
1111.541 513.931
1111.854 519.937
1112.167 510.943
1112.480 529.948
1112.793 591.954
1113.106 589.960
1113.419 708.965
1113.732 677.971
1114.044 533.976
1114.357 577.982
1114.670 617.988
1114.983 586.993
1115.296 588.999
1115.609 667.005
1115.922 674.010
1116.235 664.016
1116.548 627.021
1116.861 614.027
1117.174 580.032
1117.487 631.038
1117.800 848.044
1118.112 664.049
1118.425 560.055
1118.738 598.060
1119.051 585.066
1119.364 611.071
1119.677 711.077
1119.990 684.083
1120.303 737.088
1120.616 764.094
1120.929 615.099
1121.242 704.105
1121.555 759.110
1121.868 742.116
1122.180 700.121
1122.493 475.127
1122.806 473.132
1123.119 636.138
1123.432 696.143
1123.745 656.149
1124.058 568.154
1124.371 538.160
1124.684 641.165
1124.997 607.171
1125.310 580.176
1125.623 527.182
1125.935 500.187
1126.248 583.192
1126.561 716.198
1126.874 667.203
1127.187 761.209
1127.500 756.214
1127.813 710.220
1128.126 738.225
1128.439 745.230
1128.752 822.236
1129.065 603.241
1129.378 455.247
1129.691 558.252
1130.003 602.258
1130.316 550.263
1130.629 557.268
1130.942 655.274
1131.255 601.279
1131.568 506.284
1131.881 585.290
1132.194 662.295
1132.507 633.301
1132.820 618.306
1133.133 708.311
1133.446 592.317
1133.759 747.322
1134.071 1233.327
1134.384 887.333
1134.697 757.338
1135.010 864.343
1135.323 717.349
1135.636 584.354
1135.949 537.359
1136.262 542.365
1136.575 557.370
1136.888 601.375
1137.201 605.380
1137.514 614.386
1137.826 712.391
1138.139 635.396
1138.452 607.402
1138.765 795.407
1139.078 805.412
1139.391 760.417
1139.704 710.423
1140.017 752.428
1140.330 670.433
1140.643 625.438
1140.956 625.444
1141.269 702.449
1141.582 713.454
1141.894 562.459
1142.207 779.465
1142.520 730.470
1142.833 761.475
1143.146 643.480
1143.459 498.485
1143.772 586.491
1144.085 714.496
1144.398 638.501
1144.711 581.506
1145.024 544.511
1145.337 601.517
1145.650 663.522
1145.962 607.527
1146.275 626.532
1146.588 521.537
1146.901 706.543
1147.214 716.548
1147.527 576.553
1147.840 671.558
1148.153 601.563
1148.466 613.568
1148.779 625.573
1149.092 716.579
1149.405 596.584
1149.718 669.589
1150.030 753.594
1150.343 638.599
1150.656 515.604
1150.969 523.609
1151.282 769.614
1151.595 730.619
1151.908 649.625
1152.221 467.630
1152.534 466.635
1152.847 760.640
1153.160 713.645
1153.473 664.650
1153.785 693.655
1154.098 663.660
1154.411 764.665
1154.724 693.670
1155.037 751.675
1155.350 657.680
1155.663 684.685
1155.976 626.690
1156.289 687.696
1156.602 601.701
1156.915 502.706
1157.228 529.711
1157.541 604.716
1157.853 599.721
1158.166 646.726
1158.479 750.731
1158.792 665.736
1159.105 649.741
1159.418 671.746
1159.731 575.751
1160.044 553.756
1160.357 703.761
1160.670 731.766
1160.983 550.771
1161.296 680.776
1161.609 878.781
1161.921 688.786
1162.234 567.791
1162.547 493.795
1162.860 549.800
1163.173 562.805
1163.486 689.810
1163.799 686.815
1164.112 581.820
1164.425 598.825
1164.738 578.830
1165.051 508.835
1165.364 569.840
1165.676 642.845
1165.989 705.850
1166.302 654.855
1166.615 716.860
1166.928 677.864
1167.241 747.869
1167.554 764.874
1167.867 739.879
1168.180 674.884
1168.493 529.889
1168.806 617.894
1169.119 584.899
1169.432 673.904
1169.744 690.908
1170.057 682.913
1170.370 799.918
1170.683 680.923
1170.996 591.928
1171.309 552.933
1171.622 557.938
1171.935 617.942
1172.248 796.947
1172.561 728.952
1172.874 668.957
1173.187 746.962
1173.500 760.967
1173.812 762.971
1174.125 729.976
1174.438 710.981
1174.751 560.986
1175.064 587.991
1175.377 728.995
1175.690 644.000
1176.003 566.005
1176.316 626.010
1176.629 684.015
1176.942 665.019
1177.255 584.024
1177.567 513.029
1177.880 534.034
1178.193 677.038
1178.506 606.043
1178.819 679.048
1179.132 746.053
1179.445 606.057
1179.758 766.062
1180.071 734.067
1180.384 585.072
1180.697 652.076
1181.010 701.081
1181.323 805.086
1181.635 795.091
1181.948 702.095
1182.261 628.100
1182.574 595.105
1182.887 664.109
1183.200 770.114
1183.513 733.119
1183.826 591.124
1184.139 644.128
1184.452 663.133
1184.765 574.138
1185.078 522.142
1185.391 568.147
1185.703 572.152
1186.016 467.156
1186.329 461.161
1186.642 545.166
1186.955 741.170
1187.268 657.175
1187.581 616.180
1187.894 601.184
1188.207 690.189
1188.520 641.194
1188.833 661.198
1189.146 554.203
1189.459 439.207
1189.771 537.212
1190.084 687.217
1190.397 601.221
1190.710 669.226
1191.023 716.231
1191.336 685.235
1191.649 684.240
1191.962 703.244
1192.275 561.249
1192.588 663.254
1192.901 783.258
1193.214 639.263
1193.526 628.267
1193.839 728.272
1194.152 622.277
1194.465 690.281
1194.778 650.286
1195.091 629.290
1195.404 583.295
1195.717 622.299
1196.030 733.304
1196.343 660.308
1196.656 554.313
1196.969 623.318
1197.282 696.322
1197.594 689.327
1197.907 847.331
1198.220 742.336
1198.533 612.340
1198.846 590.345
1199.159 578.349
1199.472 595.354
1199.785 696.358
1200.098 583.363
1200.411 720.367
1200.724 704.372
1201.037 640.376
1201.350 553.381
1201.662 539.385
1201.975 626.390
1202.288 639.394
1202.601 210.399
