165.028 112.504
165.288 52.136
165.547 110.771
165.807 145.409
166.067 24.051
166.327 -45.305
166.587 -0.657
166.847 173.994
167.107 165.648
167.367 184.305
167.627 197.964
167.886 164.627
168.146 176.293
168.406 282.962
168.666 234.633
168.926 195.307
169.186 173.985
169.446 183.665
169.706 80.347
169.966 152.033
170.225 157.721
170.485 183.412
170.745 295.105
171.005 399.801
171.265 203.500
171.525 164.201
171.785 94.905
172.045 152.611
172.305 334.320
172.564 238.031
172.824 70.744
173.084 220.460
173.344 164.179
173.604 137.899
173.864 267.622
174.124 213.347
174.384 151.075
174.644 259.805
174.903 384.536
175.163 401.270
175.423 388.007
175.683 178.745
175.943 272.485
176.203 237.228
176.463 227.972
176.723 175.718
176.983 210.467
177.242 282.217
177.502 400.969
177.762 423.723
178.022 196.479
178.282 194.237
178.542 163.997
178.802 166.758
179.062 156.521
179.322 365.286
179.581 400.053
179.841 248.821
180.101 312.591
180.361 330.362
180.621 307.135
180.881 258.910
181.141 204.686
181.401 241.463
181.661 324.243
181.920 436.023
182.180 282.805
182.440 137.588
182.700 103.373
182.960 131.159
183.220 201.947
183.480 451.736
183.740 318.526
184.000 233.317
184.259 140.109
184.519 227.903
184.779 224.698
185.039 334.494
185.299 433.291
185.559 347.089
185.819 360.889
186.079 409.689
186.339 311.490
186.598 251.293
186.858 157.096
187.118 185.900
187.378 309.706
187.638 314.512
187.898 392.319
188.158 477.127
188.418 292.936
188.678 208.745
188.937 242.555
189.197 303.367
189.457 334.178
189.717 304.991
189.977 161.804
190.237 183.618
190.497 364.433
190.757 318.248
191.017 267.064
191.276 240.880
191.536 241.697
191.796 206.515
192.056 221.333
192.316 266.152
192.576 176.971
192.836 136.790
193.096 205.610
193.356 195.430
193.616 256.251
193.875 260.072
194.135 191.894
194.395 326.716
194.655 343.538
194.915 331.360
195.175 306.183
195.435 382.006
195.695 163.829
195.955 25.652
196.214 209.476
196.474 337.300
196.734 295.124
196.994 306.948
197.254 348.772
197.514 294.596
197.774 267.420
198.034 194.245
198.294 156.069
198.553 209.894
198.813 194.718
199.073 97.543
199.333 150.367
199.593 281.192
199.853 296.016
200.113 388.840
200.373 377.665
200.633 164.489
200.892 123.313
201.152 106.136
201.412 143.960
201.672 256.783
201.932 479.607
202.192 412.430
202.452 253.252
202.712 262.075
202.972 309.897
203.231 371.719
203.491 355.541
203.751 278.362
204.011 279.183
204.271 396.004
204.531 180.824
204.791 109.644
205.051 171.464
205.311 251.283
205.570 150.102
205.830 206.920
206.090 212.738
206.350 269.556
206.610 505.373
206.870 328.189
207.130 238.005
207.390 302.821
207.650 210.636
207.909 195.450
208.169 304.264
208.429 302.077
208.689 156.890
208.949 250.702
209.209 354.514
209.469 207.325
209.729 141.135
209.989 183.945
210.248 115.754
210.508 457.562
210.768 420.370
211.028 234.177
211.288 306.983
211.548 291.788
211.808 355.593
212.068 455.397
212.328 426.201
212.587 371.003
212.847 269.805
213.107 329.606
213.367 343.406
213.627 329.206
213.887 284.004
214.147 186.802
214.407 249.599
214.667 252.395
214.926 394.191
215.186 326.985
215.446 297.778
215.706 234.571
215.966 249.363
216.226 279.154
216.486 229.944
216.746 242.733
217.006 349.521
217.265 312.308
217.525 171.094
217.785 308.879
218.045 351.664
218.305 307.447
218.565 275.229
218.825 349.011
219.085 442.791
219.345 298.570
219.604 203.349
219.864 317.126
220.124 337.902
220.384 304.677
220.644 251.451
220.904 212.225
221.164 318.997
221.424 259.768
221.684 216.538
221.943 245.306
222.203 321.074
222.463 238.841
222.723 140.606
222.983 253.371
223.243 222.134
223.503 312.896
223.763 227.657
224.023 188.417
224.282 353.176
224.542 340.933
224.802 369.690
225.062 393.445
225.322 454.199
225.582 385.952
225.842 346.704
226.102 397.455
226.362 344.204
226.621 392.952
226.881 294.699
227.141 263.445
227.401 353.190
227.661 295.933
227.921 476.675
228.181 340.416
228.441 288.156
228.701 489.894
228.960 510.632
229.220 302.368
229.480 159.102
229.740 346.836
230.000 485.568
230.260 342.299
230.520 269.029
230.780 283.757
231.040 300.484
231.299 273.210
231.559 283.935
231.819 256.658
232.079 360.380
232.339 406.101
232.599 232.820
232.859 323.538
233.119 418.255
233.379 279.971
233.638 337.685
233.898 450.398
234.158 382.109
234.418 256.820
234.678 328.529
234.938 399.236
235.198 255.942
235.458 206.647
235.718 268.351
235.978 284.053
236.237 312.754
236.497 366.454
236.757 396.152
237.017 334.849
237.277 274.545
237.537 285.239
237.797 215.932
238.057 373.623
238.317 352.313
238.576 233.002
238.836 282.689
239.096 412.375
239.356 308.060
239.616 281.743
239.876 353.425
240.136 310.106
240.396 382.785
240.656 502.463
240.915 440.139
241.175 356.814
241.435 238.488
241.695 319.161
241.955 455.831
242.215 518.501
242.475 502.169
242.735 339.836
242.995 363.501
243.254 417.165
243.514 372.828
243.774 179.489
244.034 282.149
244.294 533.808
244.554 394.465
244.814 369.120
245.074 350.775
245.334 323.428
245.593 293.079
245.853 306.729
246.113 295.378
246.373 443.025
246.633 474.671
246.893 363.316
247.153 359.959
247.413 410.601
247.673 386.241
247.932 393.880
248.192 468.517
248.452 510.154
248.712 402.788
248.972 262.422
249.232 465.054
249.492 390.684
249.752 281.313
250.012 396.941
250.271 305.568
250.531 378.193
250.791 588.816
251.051 518.438
251.311 396.059
251.571 201.679
251.831 304.297
252.091 429.913
252.351 427.529
252.610 341.142
252.870 415.755
253.130 387.366
253.390 365.976
253.650 427.584
253.911 422.191
254.172 452.796
254.433 383.400
254.694 322.003
254.955 357.604
255.216 330.204
255.477 520.803
255.738 465.400
255.999 303.996
256.261 421.590
256.522 464.183
256.783 456.775
257.044 252.365
257.305 186.954
257.566 212.542
257.827 158.128
258.088 255.713
258.349 289.296
258.610 396.878
258.871 402.459
259.132 481.038
259.393 387.616
259.654 246.193
259.915 230.768
260.176 325.342
260.437 403.914
260.698 353.485
260.959 322.055
261.221 411.623
261.482 447.190
261.743 391.756
262.004 401.320
262.265 564.883
262.526 500.445
262.787 304.005
263.048 300.564
263.309 331.122
263.570 470.678
263.831 392.233
264.092 307.786
264.353 216.339
264.614 430.890
264.875 419.439
265.136 339.987
265.397 590.534
265.658 598.080
265.919 549.624
266.181 544.167
266.442 383.708
266.703 321.249
266.964 328.788
267.225 320.325
267.486 339.861
267.747 436.396
268.008 461.930
268.269 545.462
268.530 528.994
268.791 431.523
269.052 421.052
269.313 425.579
269.574 373.105
269.835 410.629
270.096 438.152
270.357 467.674
270.618 403.195
270.879 310.714
271.141 407.232
271.402 391.749
271.663 331.265
271.924 426.779
272.185 419.292
272.446 404.804
272.707 449.314
272.968 392.823
273.229 392.331
273.490 365.837
273.751 344.343
274.012 370.847
274.273 473.350
274.534 400.851
274.795 407.351
275.056 435.850
275.317 287.348
275.578 247.845
275.839 331.340
276.101 311.834
276.362 290.327
276.623 353.818
276.884 490.308
277.145 485.797
277.406 465.285
277.667 355.772
277.928 267.257
278.189 443.741
278.450 474.224
278.711 444.706
278.972 455.186
279.233 402.666
279.494 494.144
279.755 603.621
280.016 624.096
280.277 484.571
280.538 456.044
280.799 337.516
281.061 386.987
281.322 407.456
281.583 410.925
281.844 313.392
282.105 347.858
282.366 438.323
282.627 388.786
282.888 472.249
283.149 512.710
283.410 412.170
283.671 418.629
283.932 359.087
284.193 225.543
284.454 370.999
284.715 450.453
284.976 380.906
285.237 450.358
285.498 742.809
285.759 575.258
286.021 481.707
286.282 493.154
286.543 486.600
286.804 421.045
287.065 448.489
287.326 521.932
287.587 345.374
287.848 445.814
288.109 585.253
288.370 493.692
288.631 340.129
288.892 267.565
289.153 319.999
289.414 287.433
289.675 518.866
289.936 642.297
290.197 568.728
290.458 476.157
290.719 425.585
290.981 625.012
291.242 610.438
291.503 518.863
291.764 428.287
292.025 263.709
292.286 320.131
292.547 461.551
292.808 429.971
293.069 447.389
293.330 475.806
293.591 499.223
293.852 465.638
294.113 401.052
294.374 395.465
294.635 412.877
294.896 451.287
295.157 533.697
295.418 579.106
295.679 554.513
295.941 501.920
296.202 509.326
296.463 452.730
296.724 524.133
296.985 534.536
297.246 509.937
297.507 402.337
297.768 336.737
298.029 506.135
298.290 679.532
298.551 684.928
298.812 687.323
299.073 485.718
299.334 378.111
299.595 511.503
299.856 604.894
300.117 705.284
300.378 564.673
300.639 347.061
300.901 409.448
301.162 503.834
301.423 506.219
301.684 693.603
301.945 642.986
302.206 392.368
302.467 450.749
302.728 404.129
302.989 480.508
303.250 565.887
303.511 577.264
303.772 526.640
304.033 516.015
304.294 471.389
304.555 440.762
304.816 520.135
305.077 573.506
305.338 494.876
305.599 416.246
305.861 510.614
306.122 562.981
306.383 458.348
306.644 463.713
306.905 338.078
307.166 521.442
307.427 512.804
307.688 462.166
307.949 475.527
308.210 515.887
308.471 483.246
308.732 410.604
308.993 398.961
309.254 399.317
309.515 306.673
309.776 468.027
310.037 476.380
310.298 308.733
310.559 409.084
310.821 543.435
311.082 504.785
311.343 375.134
311.604 314.482
311.865 295.829
312.126 309.175
312.387 447.520
312.648 455.865
312.909 448.208
313.170 473.551
313.434 434.892
313.698 343.233
313.963 473.573
314.227 403.912
314.491 419.250
314.755 438.588
315.019 457.924
315.284 320.260
315.548 449.595
315.812 453.928
316.076 570.261
316.340 576.594
316.604 509.925
316.869 528.255
317.133 474.585
317.397 553.913
317.661 568.241
317.925 502.568
318.190 499.894
318.454 458.220
318.718 391.544
318.982 529.868
319.246 654.191
319.511 758.513
319.775 553.834
320.039 527.154
320.303 526.474
320.567 557.792
320.832 553.110
321.096 497.427
321.360 447.744
321.624 489.059
321.888 374.374
322.153 441.687
322.417 400.000
322.681 320.312
322.945 505.624
323.209 563.934
323.473 509.244
323.738 447.553
324.002 388.861
324.266 557.169
324.530 588.475
324.794 510.781
325.059 415.086
325.323 339.390
325.587 428.694
325.851 461.997
326.115 637.299
326.380 561.600
326.644 538.900
326.908 525.200
327.172 463.499
327.436 500.797
327.701 545.094
327.965 505.390
328.229 566.686
328.493 350.981
328.757 335.276
329.022 472.569
329.286 373.862
329.550 402.154
329.814 484.445
330.078 493.736
330.342 392.025
330.607 422.314
330.871 538.603
331.135 619.890
331.399 578.177
331.663 511.463
331.928 494.749
332.192 589.033
332.456 543.317
332.720 545.601
332.984 482.883
333.249 503.165
333.513 489.446
333.777 358.726
334.041 368.006
334.305 501.285
334.570 524.563
334.834 369.840
335.098 557.117
335.362 654.393
335.626 548.669
335.891 427.943
336.155 538.217
336.419 504.491
336.683 301.763
336.947 397.035
337.211 413.306
337.476 319.577
337.740 427.847
338.004 460.116
338.268 418.384
338.532 509.652
338.797 473.919
339.061 534.186
339.325 641.452
339.589 662.717
339.853 522.981
340.118 466.245
340.382 552.508
340.646 635.771
340.910 481.032
341.174 506.293
341.439 455.554
341.703 479.814
341.967 441.073
342.231 399.331
342.495 388.589
342.759 554.846
343.024 496.103
343.288 625.359
343.552 602.614
343.816 389.869
344.080 432.123
344.345 489.376
344.609 369.629
344.873 330.881
345.137 474.132
345.401 526.383
345.666 363.633
345.930 535.883
346.194 605.132
346.458 382.380
346.722 402.628
346.987 406.875
347.251 504.122
347.515 666.367
347.779 493.613
348.043 448.857
348.308 477.101
348.572 373.345
348.836 312.587
349.100 398.830
349.364 371.071
349.628 344.312
349.893 454.553
350.157 576.792
350.421 547.032
350.685 546.270
350.949 507.508
351.214 402.746
351.478 460.982
351.742 467.219
352.006 461.454
352.270 433.689
352.535 376.924
352.799 412.158
353.063 552.391
353.327 468.624
353.591 344.856
353.856 429.088
354.120 480.319
354.384 604.549
354.648 684.779
354.912 587.008
355.177 517.237
355.441 414.465
355.705 631.693
355.969 638.920
356.233 532.146
356.497 539.372
356.762 515.598
357.026 470.822
357.290 521.047
357.554 516.270
357.818 488.494
358.083 527.716
358.347 565.938
358.611 562.160
358.875 513.381
359.139 480.601
359.404 386.821
359.668 553.040
359.932 741.259
360.196 670.478
360.460 483.695
360.725 477.913
360.989 589.129
361.253 710.345
361.517 594.561
361.781 548.776
362.046 563.991
362.310 589.205
362.574 626.418
362.838 514.631
363.102 526.844
363.366 565.056
363.631 516.267
363.895 458.478
364.159 602.689
364.423 599.899
364.687 549.108
364.952 609.317
365.216 657.525
365.480 621.733
365.747 452.940
366.013 505.147
366.280 471.354
366.546 522.560
366.813 474.765
367.079 523.970
367.346 652.174
367.612 576.378
367.879 582.582
368.145 642.784
368.412 517.987
368.678 464.189
368.945 569.390
369.211 531.591
369.478 549.792
369.744 522.992
370.011 567.191
370.278 484.390
370.544 449.589
370.811 538.787
371.077 589.984
371.344 514.181
371.610 521.378
371.877 526.574
372.143 583.770
372.410 658.965
372.676 713.160
372.943 646.354
373.209 601.548
373.476 499.741
373.742 375.934
374.009 484.127
374.276 566.319
374.542 568.510
374.809 517.701
375.075 355.892
375.342 332.082
375.608 362.272
375.875 426.461
376.141 679.650
376.408 634.838
376.674 545.026
376.941 477.213
377.207 458.400
377.474 850.587
377.740 769.773
378.007 489.959
378.273 575.144
378.540 674.329
378.807 540.513
379.073 450.697
379.340 438.881
379.606 475.064
379.873 454.246
380.139 488.428
380.406 547.610
380.672 529.791
380.939 487.972
381.205 444.153
381.472 386.333
381.738 321.512
382.005 467.692
382.271 534.870
382.538 537.049
382.804 676.227
383.071 610.404
383.338 587.581
383.604 555.758
383.871 660.934
384.137 661.110
384.404 538.286
384.670 525.461
384.937 455.635
385.203 576.809
385.470 553.983
385.736 598.157
386.003 594.330
386.269 512.502
386.536 506.674
386.802 520.846
387.069 636.017
387.336 724.188
387.602 699.359
387.869 480.529
388.135 415.699
388.402 403.868
388.668 489.037
388.935 607.206
389.201 673.374
389.468 586.542
389.734 632.709
390.001 628.876
390.267 524.043
390.534 592.209
390.800 625.375
391.067 698.541
391.333 657.706
391.600 517.870
391.867 532.035
392.133 553.199
392.400 478.362
392.666 407.525
392.933 638.688
393.199 757.851
393.466 610.013
393.732 554.174
393.999 639.336
394.265 595.497
394.532 529.657
394.798 601.818
395.065 562.977
395.331 631.137
395.598 636.296
395.864 650.455
396.131 697.613
396.398 745.771
396.664 823.929
396.931 901.086
397.197 1099.243
397.464 1120.400
397.730 1316.556
397.997 1434.712
398.263 1507.867
398.530 1590.022
398.796 1712.177
399.063 1768.331
399.329 1679.486
399.596 1778.639
399.862 1733.793
400.129 1843.946
400.396 1882.098
400.662 1647.251
400.929 1629.403
401.195 1709.554
401.462 1821.706
401.728 1915.857
401.995 2034.007
402.261 2066.158
402.528 2159.307
402.794 2294.457
403.061 2479.606
403.327 2738.755
403.594 2817.904
403.860 2779.052
404.127 2781.200
404.393 3009.348
404.660 3139.495
404.931 3309.642
405.202 3458.788
405.473 3502.935
405.745 3893.080
406.016 4156.226
406.287 4150.371
406.558 4267.516
406.829 4303.661
407.100 4174.805
407.371 4428.949
407.642 4526.093
407.914 4391.236
408.185 4357.379
408.456 4331.522
408.727 4525.664
408.998 4558.806
409.269 4774.948
409.540 4880.089
409.811 4539.230
410.083 4509.371
410.354 4340.511
410.625 4168.652
410.896 4200.791
411.167 4205.931
411.438 4188.070
411.709 3836.209
411.981 3853.348
412.252 3502.486
412.523 3224.624
412.794 3260.762
413.065 3092.899
413.336 2760.036
413.607 2745.173
413.878 2656.309
414.150 2459.445
414.421 2132.581
414.692 1939.717
414.963 1822.852
415.234 1932.987
415.505 1851.121
415.776 1801.256
416.047 1703.390
416.319 1544.524
416.590 1340.657
416.861 1056.790
417.132 1147.923
417.403 1090.056
417.674 1006.188
417.945 834.320
418.217 775.452
418.488 901.583
418.759 760.714
419.030 669.845
419.301 756.976
419.572 797.106
419.843 746.236
420.114 609.366
420.386 601.495
420.657 770.624
420.928 664.753
421.199 616.881
421.470 590.010
421.741 456.138
422.012 563.265
422.283 622.393
422.555 596.520
422.826 705.647
423.097 771.774
423.368 653.900
423.639 521.026
423.910 657.152
424.181 565.277
424.453 462.403
424.724 744.527
424.995 852.652
425.266 654.777
425.537 543.901
425.808 694.025
426.079 693.148
426.350 599.272
426.622 599.395
426.893 715.518
427.164 630.640
427.435 544.762
427.706 511.884
427.977 562.006
428.248 538.128
428.519 631.249
428.791 549.370
429.062 632.491
429.333 499.611
429.604 482.731
429.875 585.851
430.146 718.971
430.417 730.090
430.689 658.209
430.960 512.328
431.231 512.447
431.502 673.565
431.773 717.684
432.044 640.801
432.315 778.919
432.586 710.037
432.858 662.154
433.129 546.271
433.400 567.387
433.671 567.504
433.942 543.620
434.213 456.736
434.484 506.851
434.755 610.967
435.027 456.082
435.298 548.197
435.569 572.311
435.840 500.426
436.116 556.540
436.391 622.654
436.667 623.768
436.942 728.881
437.218 727.994
437.493 742.107
437.769 805.220
438.045 609.333
438.320 583.445
438.596 643.557
438.871 560.669
439.147 552.780
439.422 471.892
439.698 387.003
439.974 468.113
440.249 681.224
440.525 688.334
440.800 440.445
441.076 536.555
441.351 702.664
441.627 795.774
441.903 679.883
442.178 491.992
442.454 499.101
442.729 713.209
443.005 597.318
443.281 646.426
443.556 741.534
443.832 641.641
444.107 530.749
444.383 550.856
444.658 538.963
444.934 504.069
445.210 687.176
445.485 742.282
445.761 688.388
446.036 634.494
446.312 745.600
446.587 730.705
446.863 541.810
447.139 557.915
447.414 661.020
447.690 701.125
447.965 687.229
448.241 578.333
448.516 570.437
448.792 575.541
449.068 607.644
449.343 643.748
449.619 556.851
449.894 607.953
450.170 628.056
450.445 836.158
450.721 845.261
450.997 565.363
451.272 612.464
451.548 561.566
451.823 535.667
452.099 633.768
452.375 566.869
452.650 593.970
452.926 671.071
453.201 669.171
453.477 894.271
453.752 784.371
454.028 608.471
454.304 622.570
454.579 714.669
454.855 677.768
455.130 688.867
455.406 836.966
455.681 810.064
455.957 714.163
456.233 630.261
456.508 630.359
456.784 660.456
457.059 608.554
457.335 735.651
457.610 660.748
457.886 624.845
458.162 573.942
458.437 605.038
458.713 717.135
458.988 664.231
459.264 669.327
459.539 689.422
459.815 653.518
460.091 539.613
460.366 498.708
460.642 473.803
460.917 562.898
461.193 657.993
461.468 596.087
461.744 551.181
462.020 561.275
462.295 598.369
462.571 508.462
462.846 605.556
463.122 729.649
463.397 719.742
463.673 587.248
463.949 580.347
464.224 573.447
464.500 606.506
464.775 568.205
465.051 632.032
465.327 709.679
465.602 817.844
465.878 808.762
466.153 666.330
466.429 897.855
466.704 1106.631
466.980 991.935
467.256 1041.025
467.531 1138.254
467.807 1132.471
468.082 1101.499
468.358 1014.400
468.633 1114.935
468.909 1057.795
469.185 936.335
469.460 1084.248
469.736 1140.817
470.011 972.729
470.287 970.834
470.562 1030.340
470.838 884.142
471.114 963.912
471.389 967.031
471.665 925.630
471.940 1016.737
472.216 1002.655
472.491 836.586
472.767 829.409
473.043 977.570
473.318 1076.035
473.594 883.188
473.869 783.462
474.145 711.322
474.421 728.703
474.696 717.600
474.972 626.768
475.247 710.063
475.523 807.187
475.798 777.515
476.074 700.435
476.350 713.760
476.625 763.503
476.901 773.783
477.176 764.934
477.452 684.892
477.727 687.012
478.003 570.546
478.279 694.614
478.554 765.837
478.830 825.704
479.105 872.843
479.381 816.261
479.656 688.556
479.932 709.218
480.208 808.786
480.483 807.041
480.759 819.257
481.034 763.967
481.310 734.757
481.585 765.616
481.861 767.714
482.137 689.480
482.412 741.182
482.688 759.855
482.963 780.237
483.239 827.633
483.514 649.357
483.790 749.138
484.066 923.295
484.341 803.691
484.617 711.245
484.892 797.471
485.168 762.724
485.443 662.642
485.719 738.267
485.995 814.262
486.270 804.613
486.546 731.883
486.821 706.244
487.097 630.890
487.373 708.254
487.648 893.945
487.924 828.246
488.199 600.593
488.475 489.668
488.750 555.450
489.026 708.181
489.302 659.190
489.577 651.756
489.853 676.659
490.128 868.703
490.404 765.188
490.679 597.944
490.955 878.959
491.231 943.550
491.506 856.485
491.782 710.484
492.057 666.810
492.333 792.129
492.608 754.042
492.884 737.482
493.160 595.677
493.435 654.762
493.711 725.423
493.986 688.547
494.262 714.786
494.537 672.702
494.813 744.093
495.089 624.072
495.364 713.536
495.640 786.300
495.915 769.673
496.191 870.670
496.467 817.413
496.742 738.668
497.018 801.403
497.293 750.143
497.569 851.747
497.844 745.585
498.120 769.419
498.396 766.058
498.671 699.363
498.947 841.441
499.222 812.528
499.498 766.642
499.773 836.365
500.049 875.991
500.325 853.983
500.600 931.762
500.876 923.758
501.151 1073.125
501.427 1089.334
501.702 1172.912
501.978 1169.968
502.254 1189.516
502.529 1071.690
502.805 1216.848
503.080 1372.380
503.356 1241.646
503.631 1162.163
503.907 1162.562
504.183 1090.770
504.458 1148.533
504.734 1152.498
505.009 1247.613
505.285 1167.975
505.560 1095.074
505.836 1097.264
506.112 1082.152
506.387 946.594
506.663 931.551
506.938 948.809
507.214 1002.468
507.490 1015.666
507.765 1017.737
508.041 1041.015
508.316 1098.601
508.592 905.117
508.867 888.178
509.143 1041.122
509.419 933.652
509.694 791.425
509.970 753.379
510.245 695.881
510.521 784.252
510.796 763.556
511.072 704.681
511.348 695.366
511.623 735.313
511.899 697.401
512.174 790.121
512.450 855.871
512.725 785.500
513.001 625.222
513.277 566.253
513.552 797.412
513.828 759.414
514.103 692.721
514.379 777.295
514.654 641.971
514.930 711.500
515.206 1084.762
515.481 963.137
515.757 787.954
516.032 724.624
516.308 828.741
516.583 894.336
516.859 842.998
517.135 874.219
517.410 960.046
517.686 978.572
517.961 954.339
518.237 954.489
518.513 931.405
518.788 1233.274
519.064 1289.834
519.339 1194.523
519.615 1173.161
519.890 1216.449
520.166 1289.519
520.442 1478.906
520.717 1545.376
520.993 1554.632
521.268 1432.888
521.544 1432.948
521.819 1373.578
522.095 1469.248
522.371 1609.797
522.646 1568.629
522.922 1753.010
523.197 1699.429
523.473 1690.206
523.748 1724.714
524.024 1617.596
524.300 1590.860
524.575 1517.234
524.851 1593.848
525.126 1640.183
525.402 1666.691
525.677 1716.510
525.953 1659.478
526.229 1556.285
526.504 1533.908
526.780 1636.706
527.055 1530.196
527.331 1577.143
527.606 1731.968
527.882 1686.348
528.158 1559.668
528.433 1758.496
528.709 1726.883
528.984 1672.238
529.260 1687.049
529.535 1640.336
529.811 1406.003
530.087 1351.018
530.362 1388.022
530.638 1442.565
530.913 1509.049
531.189 1531.798
531.465 1418.920
531.740 1366.241
532.016 1392.763
532.291 1323.187
532.567 1410.110
532.842 1381.096
533.118 1287.438
533.394 1377.094
533.669 1235.860
533.945 1054.009
534.220 1022.937
534.496 1159.334
534.771 1114.711
535.047 1129.513
535.323 1086.726
535.598 1062.307
535.874 1129.806
536.149 1170.066
536.425 1093.967
536.700 1145.881
536.976 1323.674
537.252 1631.210
537.527 1795.933
537.803 2143.729
538.078 2497.907
538.354 2682.820
538.629 2745.554
538.905 3010.373
539.181 3363.505
539.456 3447.387
539.732 3785.494
540.007 3981.995
540.283 3859.502
540.558 3980.129
540.834 4186.870
541.110 4328.694
541.385 4389.144
541.661 4492.169
541.936 4656.239
542.212 4658.275
542.488 4701.936
542.763 4853.626
543.039 4903.137
543.314 4909.143
543.590 4894.211
543.865 4847.592
544.141 4733.444
544.417 4735.484
544.692 4581.615
544.968 4598.550
545.243 4408.343
545.519 4131.923
545.794 4055.566
546.070 4203.731
546.348 3949.260
546.627 3758.508
546.905 3904.589
547.183 3859.151
547.461 3871.120
547.740 3902.950
548.018 3741.872
548.296 3665.715
548.575 3678.677
548.853 3730.368
549.131 3829.724
549.409 3905.342
549.688 4072.060
549.966 4112.786
550.244 4296.370
550.523 4368.476
550.801 4329.548
551.079 4447.968
551.357 4565.724
551.636 4591.896
551.914 4493.146
552.192 4374.853
552.471 4561.848
552.749 4627.787
553.027 4602.613
553.306 4711.215
553.584 5012.150
553.862 4973.877
554.140 5087.876
554.419 5114.112
554.697 5347.266
554.975 5527.015
555.254 5610.615
555.532 5398.154
555.810 5533.424
556.088 5559.698
556.367 5336.767
556.645 5147.772
556.923 5101.128
557.202 5154.528
557.480 5207.824
557.758 4950.638
558.036 4641.278
558.315 4508.429
558.593 4511.381
558.871 4294.584
559.150 4168.459
559.428 4027.417
559.706 3758.891
559.984 3644.306
560.263 3677.483
560.541 3454.860
560.819 3217.387
561.098 3061.246
561.376 2852.639
561.654 2481.532
561.932 2132.667
562.211 2036.397
562.489 1964.398
562.767 1777.338
563.046 1543.741
563.324 1366.681
563.602 1373.804
563.880 1222.819
564.159 1195.034
564.437 1264.883
564.715 1051.171
564.994 891.907
565.272 990.801
565.550 899.772
565.828 775.921
566.107 905.615
566.385 896.833
566.663 729.031
566.942 716.328
567.220 767.286
567.498 907.491
567.776 772.921
568.055 678.735
568.333 753.780
568.611 834.275
568.890 727.383
569.168 639.063
569.446 693.832
569.725 700.640
570.003 545.129
570.281 506.048
570.559 616.344
570.838 694.430
571.116 767.821
571.394 777.555
571.673 795.813
571.951 749.057
572.229 671.431
572.507 654.635
572.786 630.024
573.064 633.602
573.342 689.148
573.621 563.707
573.899 602.775
574.177 805.556
574.455 779.995
574.734 615.440
575.012 682.998
575.290 623.965
575.569 651.091
575.847 726.357
576.125 709.718
576.403 596.509
576.682 632.538
576.960 694.911
577.243 725.767
577.527 612.240
577.810 507.849
578.093 578.413
578.377 546.003
578.660 556.916
578.944 590.556
579.227 549.194
579.510 621.139
579.794 601.957
580.077 521.126
580.360 581.210
580.644 622.545
580.927 596.368
581.210 611.321
581.494 563.777
581.777 671.717
582.061 613.664
582.344 530.569
582.627 509.675
582.911 602.439
583.194 556.177
583.477 641.050
583.761 624.126
584.044 686.045
584.327 707.751
584.611 638.863
584.894 654.889
585.178 557.029
585.461 546.082
585.744 621.049
586.028 598.712
586.311 609.754
586.594 664.796
586.878 605.838
587.161 550.879
587.444 666.921
587.728 665.962
588.011 686.004
588.295 550.045
588.578 633.453
588.861 761.367
589.145 599.169
589.428 593.804
589.711 491.252
589.995 490.802
590.278 729.604
590.562 652.374
590.845 547.867
591.128 734.986
591.412 701.095
591.695 593.943
591.978 690.198
592.262 648.970
592.545 524.087
592.828 718.263
593.112 617.886
593.395 565.085
593.679 495.837
593.962 656.235
594.245 651.642
594.529 566.110
594.812 464.195
595.095 433.851
595.379 624.687
595.662 686.978
595.945 591.995
596.229 529.940
596.512 522.989
596.796 564.181
597.079 649.800
597.362 723.106
597.646 756.060
597.929 658.176
598.212 671.398
598.496 648.709
598.779 700.427
599.062 824.849
599.346 633.377
599.629 514.448
599.913 570.137
600.196 646.037
600.479 668.077
600.763 665.817
601.046 530.819
601.329 598.309
601.613 695.104
601.896 619.428
602.179 628.681
602.463 576.656
602.746 694.571
603.030 796.770
603.313 759.715
603.596 597.829
603.880 655.123
604.163 618.886
604.446 558.572
604.730 483.192
605.013 567.884
605.296 658.585
605.580 600.835
605.863 687.062
606.147 577.402
606.430 545.118
606.713 674.758
606.997 636.278
607.280 787.355
607.563 701.286
607.847 615.593
608.130 671.683
608.414 741.512
608.697 667.185
608.980 637.512
609.264 768.565
609.547 645.420
609.830 615.093
610.114 664.101
610.397 622.021
610.680 643.953
610.964 671.722
611.247 683.523
611.531 624.367
611.814 552.764
612.097 557.706
612.381 679.744
612.664 813.911
612.947 656.929
613.231 568.643
613.514 614.424
613.797 731.355
614.081 738.266
614.364 682.309
614.648 636.176
614.931 548.784
615.214 490.863
615.498 551.361
615.781 629.694
616.064 584.454
616.348 721.300
616.631 746.676
616.914 809.952
617.198 729.997
617.481 627.569
617.765 656.822
618.048 681.197
618.331 664.450
618.615 588.066
618.898 717.547
619.181 751.178
619.465 716.348
619.748 646.155
620.031 585.443
620.315 514.700
620.598 594.610
620.882 714.400
621.165 823.495
621.448 773.827
621.732 724.880
622.015 636.358
622.298 611.738
622.582 662.283
622.865 621.021
623.148 597.079
623.432 694.405
623.715 595.340
623.999 807.201
624.282 804.029
624.565 819.766
624.849 664.870
625.132 563.422
625.415 840.674
625.699 950.537
625.982 771.964
626.265 602.679
626.549 599.074
626.832 715.270
627.116 808.233
627.399 661.802
627.682 626.227
627.966 639.729
628.249 656.221
628.532 595.294
628.816 805.768
629.099 698.781
629.383 649.066
629.666 687.762
629.949 602.075
630.233 643.654
630.516 711.148
630.799 732.524
631.083 632.756
631.366 574.456
631.649 498.706
631.933 438.504
632.216 653.410
632.500 683.328
632.783 667.777
633.066 701.398
633.350 707.126
633.633 739.293
633.916 708.596
634.200 645.227
634.483 630.272
634.766 687.714
635.050 660.066
635.333 572.884
635.617 589.870
635.900 672.194
636.183 735.286
636.467 673.184
636.750 701.189
637.033 746.502
637.317 691.744
637.600 681.726
637.883 608.815
638.167 619.530
638.450 686.752
638.734 668.991
639.017 703.665
639.300 690.586
639.584 650.680
639.867 832.187
640.150 774.218
640.434 790.150
640.717 775.422
641.000 738.068
641.284 796.976
641.567 708.882
641.851 758.941
642.134 892.289
642.417 794.288
642.701 913.863
642.984 943.878
643.267 926.948
643.551 812.745
643.834 729.187
644.117 786.585
644.401 731.119
644.684 838.926
644.968 1002.972
645.251 915.755
645.534 772.257
645.818 794.799
646.101 939.236
646.384 1046.307
646.668 1128.025
646.951 1053.875
647.235 1022.939
647.518 1031.426
647.801 1221.304
648.085 1370.420
648.368 1413.090
648.651 1353.908
648.935 1510.911
649.218 1719.979
649.501 1664.135
649.785 1715.327
650.068 1943.120
650.352 2093.236
650.635 2163.295
650.918 2263.761
651.202 2600.404
651.485 2857.412
651.768 3026.506
652.052 3153.397
652.335 3343.785
652.618 3460.777
652.902 3683.303
653.185 4075.992
653.469 4085.966
653.752 4197.570
654.035 4408.853
654.319 4677.187
654.602 4608.571
654.885 4633.274
655.169 4814.573
655.452 4786.677
655.735 4962.740
656.019 5008.248
656.302 4949.603
656.586 5000.378
656.869 5169.408
657.152 5146.730
657.436 5060.769
657.719 5291.242
658.002 5318.388
658.286 5239.951
658.569 5159.655
658.852 5015.814
659.136 4864.606
659.419 4637.223
659.703 4402.734
659.986 4221.037
660.269 4144.201
660.553 3952.010
660.836 3919.519
661.119 4097.393
661.403 4103.730
661.686 3951.059
661.969 3848.340
662.253 3799.742
662.536 3762.169
662.820 3852.944
663.103 3765.751
663.386 3665.373
663.670 3609.620
663.953 3422.180
664.236 3605.006
664.520 3561.468
664.803 3429.784
665.086 3488.081
665.370 3577.763
665.653 3566.646
665.937 3562.177
666.220 3439.487
666.503 3291.442
666.787 3311.753
667.070 3265.667
667.353 3130.532
667.637 3042.059
667.920 3122.209
668.204 2776.729
668.487 2560.073
668.770 2505.681
669.054 2149.293
669.337 1886.476
669.620 1703.017
669.904 1543.469
670.187 1457.405
670.470 1499.736
670.754 1352.824
671.037 1069.319
671.321 1000.839
671.604 1121.521
671.887 1112.461
672.171 1042.888
672.454 998.904
672.737 933.355
673.021 825.621
673.304 856.270
673.587 1010.302
673.871 986.687
674.154 912.820
674.438 929.201
674.721 965.200
675.004 952.845
675.288 931.267
675.571 969.328
675.854 865.339
676.138 859.041
676.421 948.706
676.704 883.597
676.988 1049.895
677.271 1229.725
677.555 1104.860
677.838 968.383
678.121 930.219
678.405 890.764
678.688 1019.155
678.971 796.192
679.255 905.140
679.538 990.229
679.821 952.911
680.105 857.354
680.388 767.038
680.672 741.874
680.955 773.086
681.238 752.065
681.522 688.939
681.805 757.857
682.088 872.719
682.372 861.142
682.655 754.552
682.938 850.612
683.222 838.112
683.505 800.352
683.789 867.254
684.072 808.764
684.355 859.094
684.639 853.901
684.922 750.587
685.205 764.183
685.489 877.987
685.772 865.347
686.056 856.864
686.339 913.375
686.622 751.786
686.906 722.585
687.189 789.416
687.472 925.142
687.756 782.388
688.039 654.838
688.322 618.329
688.606 881.403
688.889 889.779
689.173 788.552
689.456 877.305
689.739 880.462
690.023 815.961
690.306 830.585
690.589 775.578
690.873 822.664
691.156 868.474
691.439 782.131
691.723 722.843
692.006 791.330
692.290 815.697
692.573 883.411
692.856 966.579
693.140 952.096
693.423 892.129
693.706 753.182
693.990 749.581
694.273 737.468
694.556 955.514
694.840 1013.357
695.123 891.467
695.407 914.308
695.690 774.447
695.973 798.981
696.257 843.497
696.540 1085.452
696.830 1023.723
697.120 965.166
697.410 957.012
697.699 906.824
697.989 1106.739
698.279 982.770
698.569 827.074
698.859 927.507
699.149 1060.604
699.439 940.035
699.729 862.569
700.018 857.490
700.308 975.906
700.598 941.271
700.888 807.328
701.178 944.603
701.468 908.171
701.758 829.260
702.048 911.619
702.337 878.186
702.627 972.300
702.917 883.524
703.207 807.246
703.497 867.825
703.787 752.403
704.077 757.207
704.366 800.890
704.656 673.730
704.946 626.732
705.236 557.197
705.526 776.225
705.816 917.964
706.106 642.894
706.396 652.236
706.685 671.170
706.975 625.512
707.265 500.409
707.555 648.397
707.845 690.741
708.135 610.486
708.425 511.860
708.715 529.204
709.004 757.952
709.294 757.974
709.584 662.813
709.874 737.785
710.164 754.572
710.454 649.366
710.744 576.684
711.034 674.756
711.323 684.277
711.613 612.448
711.903 739.694
712.193 805.596
712.483 651.242
712.773 628.648
713.063 569.536
713.352 591.948
713.642 612.318
713.932 689.193
714.222 693.714
714.512 636.641
714.802 650.667
715.092 703.983
715.382 575.949
715.671 528.526
715.961 582.442
716.251 526.586
716.541 587.698
716.831 663.115
717.121 553.846
717.411 682.950
717.701 736.559
717.990 622.704
718.280 521.249
718.570 505.987
718.860 529.380
719.150 601.539
719.440 617.207
719.730 571.971
720.019 789.003
720.309 731.515
720.599 630.294
720.889 619.080
721.179 676.517
721.469 680.059
721.759 589.647
722.049 685.545
722.338 583.935
722.628 560.101
722.918 632.520
723.208 715.488
723.498 560.700
723.788 632.482
724.078 736.448
724.368 710.888
724.657 658.200
724.947 669.462
725.237 713.565
725.527 767.639
725.817 656.986
726.107 558.332
726.397 528.371
726.686 483.904
726.976 575.800
727.266 702.512
727.556 568.103
727.846 690.648
728.136 741.257
728.426 604.147
728.716 546.027
729.005 679.768
729.295 601.300
729.585 491.807
729.875 480.215
730.165 540.836
730.455 606.811
730.745 637.517
731.035 618.119
731.324 718.563
731.614 689.032
731.904 585.737
732.194 657.671
732.484 591.210
732.774 530.918
733.064 564.984
733.354 459.946
733.643 552.043
733.933 598.308
734.223 573.961
734.513 712.382
734.803 758.950
735.093 579.457
735.383 554.652
735.672 621.078
735.962 683.956
736.252 525.927
736.542 578.886
736.832 589.679
737.122 475.571
737.412 580.492
737.702 690.993
737.991 666.478
738.281 565.546
738.571 578.763
738.861 575.000
739.151 555.334
739.441 694.434
739.731 600.057
740.021 644.609
740.310 724.159
740.600 717.983
740.890 495.898
741.180 505.780
741.470 595.632
741.760 689.431
742.050 786.193
742.339 696.768
742.629 563.256
742.919 717.578
743.209 540.998
743.499 536.607
743.789 545.078
744.079 598.562
744.369 677.118
744.658 641.810
744.948 449.114
745.238 568.507
745.528 547.713
745.818 691.133
746.108 662.382
746.398 692.850
746.688 612.432
746.977 744.526
747.267 646.233
747.557 712.500
747.847 764.209
748.137 658.520
748.427 635.653
748.717 518.775
749.006 404.845
749.296 552.677
749.586 607.867
749.876 705.105
750.166 585.601
750.456 586.204
750.746 646.687
751.036 546.906
751.325 694.629
751.615 687.349
751.905 636.418
752.195 691.073
752.485 631.092
752.775 658.769
753.065 577.706
753.355 754.902
753.644 734.900
753.934 644.763
754.224 642.128
754.514 795.402
754.804 565.936
755.094 492.735
755.384 546.916
755.674 626.172
755.963 718.467
756.253 684.066
756.543 681.392
756.833 663.684
757.123 657.012
757.413 644.625
757.703 603.437
757.992 547.174
758.282 601.863
758.572 635.652
758.862 577.378
759.152 632.673
759.442 601.935
759.732 688.990
760.022 799.561
760.311 657.526
760.601 480.482
760.891 633.417
761.181 678.024
761.471 665.646
761.761 545.488
762.051 547.520
762.341 707.953
762.630 781.191
762.920 600.947
763.210 626.772
763.500 688.596
763.793 583.880
764.086 614.110
764.379 637.654
764.671 721.173
764.964 641.714
765.257 634.689
765.550 569.454
765.843 412.213
766.136 555.376
766.429 597.732
766.722 596.141
767.014 573.426
767.307 452.168
767.600 402.840
767.893 450.642
768.186 480.901
768.479 557.532
768.772 667.428
769.064 668.453
769.357 630.537
769.650 592.883
769.943 731.276
770.236 635.624
770.529 564.709
770.822 621.178
771.115 646.397
771.407 743.938
771.700 741.937
771.993 761.895
772.286 695.553
772.579 748.297
772.872 628.354
773.165 516.476
773.457 557.824
773.750 593.721
774.043 549.339
774.336 592.335
774.629 680.875
774.922 681.579
775.215 597.842
775.508 601.690
775.800 567.903
776.093 704.443
776.386 721.860
776.679 552.412
776.972 603.789
777.265 840.462
777.558 901.001
777.850 744.333
778.143 725.255
778.436 688.778
778.729 598.655
779.022 616.762
779.315 563.512
779.608 477.096
779.900 511.284
780.193 586.677
780.486 547.952
780.779 558.452
781.072 548.891
781.365 551.463
781.658 555.046
781.951 511.889
782.243 603.064
782.536 650.476
782.829 654.508
783.122 685.649
783.415 643.854
783.708 646.880
784.001 680.998
784.293 726.150
784.586 728.444
784.879 705.414
785.172 647.667
785.465 573.182
785.758 623.298
786.051 703.475
786.344 759.084
786.636 845.946
786.929 607.723
787.222 567.835
787.515 550.698
787.808 587.576
788.101 572.607
788.394 739.456
788.686 832.379
788.979 755.227
789.272 717.525
789.565 672.913
789.858 562.150
790.151 543.746
790.444 563.742
790.737 549.322
791.029 514.309
791.322 628.097
791.615 592.591
791.908 660.724
792.201 633.134
792.494 581.671
792.787 682.700
793.079 798.053
793.372 665.799
793.665 727.296
793.958 603.682
794.251 610.677
794.544 763.470
794.837 882.891
795.130 752.298
795.422 672.553
795.715 645.649
796.008 633.335
796.301 673.921
796.594 683.897
796.887 743.673
797.180 715.516
797.472 525.103
797.765 468.289
798.058 534.570
798.351 514.181
798.644 480.298
798.937 471.340
799.230 564.512
799.523 906.067
799.815 777.468
800.108 551.162
800.401 502.323
800.694 613.618
800.987 577.129
801.280 662.213
801.573 719.171
801.865 746.159
802.158 635.649
802.451 567.800
802.744 575.799
803.037 621.722
803.330 628.352
803.623 764.467
803.915 693.623
804.208 554.471
804.501 614.655
804.794 667.723
805.087 645.070
805.380 512.109
805.673 510.610
805.966 633.748
806.258 606.342
806.551 626.650
806.844 672.850
807.137 712.737
807.430 554.406
807.723 547.392
808.016 748.210
808.308 780.918
808.601 632.778
808.894 564.649
809.187 578.324
809.480 630.071
809.773 582.216
810.066 640.161
810.359 776.772
810.651 729.918
810.944 461.052
811.237 430.250
811.530 616.945
811.825 549.906
812.119 487.811
812.414 483.790
812.709 613.586
813.003 598.648
813.298 569.746
813.593 613.468
813.887 620.959
814.182 895.052
814.476 800.544
814.771 733.554
815.066 671.988
815.360 546.320
815.655 483.326
815.950 574.372
816.244 643.562
816.539 776.387
816.834 693.833
817.128 649.657
817.423 721.384
817.718 921.976
818.012 728.930
818.307 461.804
818.602 550.958
818.896 691.734
819.191 631.822
819.486 600.182
819.780 738.198
820.075 871.832
820.369 819.875
820.664 643.719
820.959 663.402
821.253 717.990
821.548 671.373
821.843 721.587
822.137 746.260
822.432 690.538
822.727 641.220
823.021 626.246
823.316 737.678
823.611 704.682
823.905 572.912
824.200 496.841
824.495 635.035
824.789 708.889
825.084 697.619
825.379 650.901
825.673 607.252
825.968 700.615
826.262 654.762
826.557 675.992
826.852 735.799
827.146 692.289
827.441 687.327
827.736 723.103
828.030 589.986
828.325 485.340
828.620 713.592
828.914 799.381
829.209 619.948
829.504 786.049
829.798 771.701
830.093 604.938
830.388 595.438
830.682 519.850
830.977 624.539
831.271 745.089
831.566 576.714
831.861 578.655
832.155 607.448
832.450 676.375
832.745 769.476
833.039 661.259
833.334 585.295
833.629 675.236
833.923 583.278
834.218 561.265
834.513 535.007
834.807 520.922
835.102 431.614
835.397 509.883
835.691 503.957
835.986 535.892
836.281 524.535
836.575 533.820
836.870 543.532
837.164 561.672
837.459 507.425
837.754 572.867
838.048 601.399
838.343 546.173
838.638 604.176
838.932 684.402
839.227 618.639
839.522 639.935
839.816 667.701
840.111 615.720
840.406 518.809
840.700 697.019
840.995 890.222
841.290 887.408
841.584 709.821
841.879 761.401
842.174 699.700
842.468 651.853
842.763 546.523
843.057 624.179
843.352 614.094
843.647 607.772
843.941 593.428
844.236 667.641
844.531 772.732
844.825 722.323
845.120 749.658
845.415 811.413
845.709 736.686
846.004 804.201
846.299 631.685
846.593 732.365
846.888 726.676
847.183 606.570
847.477 545.192
847.772 578.947
848.066 631.892
848.361 619.678
848.656 689.955
848.950 678.975
849.245 765.578
849.540 684.357
849.834 858.122
850.129 926.781
850.424 739.570
850.718 728.940
851.013 822.058
851.308 692.540
851.602 698.295
851.897 796.579
852.192 842.985
852.486 749.430
852.781 654.370
853.076 786.113
853.370 764.633
853.665 790.963
853.959 743.509
854.254 657.156
854.549 821.570
854.843 708.828
855.138 637.600
855.433 777.322
855.727 889.579
856.022 708.926
856.317 692.338
856.611 736.964
856.906 590.838
857.201 666.422
857.495 791.343
857.790 799.411
858.085 751.097
858.379 731.961
858.674 601.009
858.969 571.531
859.263 619.374
859.558 625.050
859.852 533.579
860.147 622.335
860.442 760.198
860.736 585.614
861.031 690.125
861.326 784.834
861.620 602.621
861.915 777.870
862.210 857.997
862.504 645.252
862.799 719.272
863.094 756.052
863.388 598.409
863.683 585.061
863.978 551.397
864.272 631.301
864.567 658.708
864.861 629.068
865.156 522.181
865.451 466.997
865.745 669.218
866.040 732.515
866.335 739.257
866.629 778.632
866.924 596.762
867.219 567.916
867.513 750.629
867.808 648.909
868.103 600.698
868.397 657.795
868.692 615.063
868.987 533.728
869.281 559.735
869.576 728.404
869.871 793.753
870.165 616.122
870.460 500.978
870.754 521.863
871.049 492.069
871.344 617.839
871.638 609.110
871.933 528.118
872.228 619.145
872.522 583.559
872.817 671.306
873.112 929.634
873.406 774.729
873.701 729.862
873.996 708.004
874.290 554.603
874.585 502.081
874.880 639.335
875.174 577.530
875.469 559.592
875.764 614.082
876.058 594.214
876.353 471.412
876.647 456.506
876.942 559.726
877.237 578.225
877.531 589.940
877.826 633.239
878.121 665.665
878.415 616.610
878.710 539.111
879.005 694.058
879.299 628.958
879.594 560.993
879.889 412.920
880.183 395.270
880.478 543.844
880.773 582.988
881.067 567.000
881.362 585.491
881.656 537.918
881.951 603.171
882.246 527.641
882.540 545.112
882.835 515.127
883.130 554.150
883.424 560.879
883.719 529.699
884.014 624.888
884.308 552.380
884.603 513.646
884.898 554.833
885.192 635.543
885.487 595.806
885.782 518.530
886.076 630.017
886.371 604.659
886.666 428.342
886.960 491.588
887.255 489.367
887.549 447.394
887.844 608.261
888.139 682.402
888.433 647.390
888.728 587.635
889.023 619.616
889.317 628.279
889.612 474.499
889.907 499.752
890.201 576.753
890.496 570.948
890.791 580.170
891.085 575.254
891.380 527.603
891.675 545.746
891.969 607.593
892.264 464.146
892.559 518.357
892.853 664.455
893.148 576.203
893.442 508.237
893.737 581.005
894.032 498.564
894.326 427.208
894.621 483.605
894.916 441.713
895.210 503.007
895.505 567.070
895.800 517.183
896.094 399.774
896.389 444.797
896.684 490.252
896.978 511.012
897.273 421.739
897.568 541.517
897.862 622.465
898.157 565.887
898.451 697.370
898.746 654.017
899.041 729.893
899.335 669.672
899.630 546.162
899.925 586.431
900.219 641.356
900.514 732.122
900.809 590.847
901.103 437.942
901.398 601.361
901.693 549.549
901.987 522.418
902.282 605.667
902.577 533.608
902.871 440.450
903.166 565.740
903.461 658.219
903.755 622.176
904.050 576.367
904.344 440.068
904.639 472.866
904.934 481.379
905.228 502.938
905.523 501.602
905.818 520.979
906.112 636.304
906.407 581.505
906.702 513.850
906.996 564.885
907.291 541.141
907.586 506.656
907.880 667.900
908.175 631.244
908.470 613.071
908.764 646.129
909.059 678.869
909.354 648.183
909.648 570.245
909.943 546.510
910.237 659.139
910.532 664.023
910.827 730.943
911.121 730.706
911.416 656.690
911.711 674.163
912.005 693.830
912.300 646.226
912.599 687.807
912.898 579.583
913.196 579.350
913.495 638.728
913.794 771.895
914.093 661.624
914.391 621.934
914.690 677.788
914.989 638.280
915.288 734.709
915.586 666.933
915.885 509.015
916.184 433.994
916.483 473.403
916.782 607.761
917.080 659.462
917.379 588.208
917.678 545.417
917.977 690.640
918.275 704.547
918.574 624.019
918.873 632.218
919.172 625.819
919.471 564.397
919.769 602.245
920.068 531.772
920.367 496.435
920.666 535.816
920.964 596.917
921.263 565.322
921.562 534.569
921.861 637.776
922.159 533.300
922.458 558.528
922.757 619.506
923.056 585.802
923.355 553.253
923.653 673.733
923.952 687.208
924.251 505.807
924.550 614.689
924.848 641.225
925.147 542.050
925.446 573.351
925.745 638.119
926.043 629.440
926.342 626.341
926.641 581.976
926.940 650.939
927.239 645.871
927.537 742.429
927.836 657.909
928.135 595.359
928.434 662.635
928.732 625.554
929.031 674.567
929.330 716.986
929.629 665.027
929.927 634.480
930.226 587.049
930.525 601.974
930.824 725.869
931.123 670.625
931.421 761.140
931.720 776.279
932.019 794.428
932.318 774.393
932.616 689.684
932.915 626.265
933.214 680.242
933.513 680.690
933.812 661.034
934.110 753.552
934.409 780.625
934.708 650.033
935.007 939.115
935.305 906.355
935.604 693.679
935.903 812.299
936.202 809.342
936.500 914.011
936.799 1110.928
937.098 1005.306
937.397 924.045
937.696 818.128
937.994 700.295
938.293 829.896
938.592 756.012
938.891 802.862
939.189 857.061
939.488 926.184
939.787 1099.022
940.086 936.834
940.384 926.746
940.683 828.991
940.982 725.810
941.281 832.761
941.580 1155.136
941.878 1100.070
942.177 844.367
942.476 881.320
942.775 808.896
943.073 702.621
943.372 758.789
943.671 884.902
943.970 1015.391
944.268 909.986
944.567 768.318
944.866 885.290
945.165 895.690
945.464 866.506
945.762 745.378
946.061 1005.165
946.360 1028.177
946.659 1081.078
946.957 1012.270
947.256 921.321
947.555 849.531
947.854 909.079
948.153 809.883
948.451 739.728
948.750 880.242
949.049 900.499
949.348 1118.728
949.646 920.546
949.945 845.317
950.244 1026.583
950.543 869.580
950.841 762.288
951.140 770.192
951.439 657.994
951.738 655.465
952.037 760.404
952.335 817.754
952.634 822.324
952.933 791.275
953.232 784.165
953.530 562.319
953.829 862.990
954.128 962.217
954.427 889.218
954.725 1004.715
955.024 922.500
955.323 943.783
955.622 727.979
955.921 631.478
956.219 783.923
956.518 731.040
956.817 782.787
957.116 759.643
957.414 772.295
957.713 637.224
958.012 528.566
958.311 510.980
958.610 760.675
958.908 808.477
959.207 745.364
959.506 763.660
959.805 788.608
960.103 860.367
960.402 806.333
960.701 680.226
961.000 690.674
961.298 676.391
961.597 776.065
961.896 673.029
962.195 731.457
962.494 784.349
962.792 689.835
963.091 649.469
963.390 584.699
963.689 632.880
963.987 738.948
964.286 827.284
964.585 784.668
964.884 693.187
965.182 595.606
965.481 971.113
965.780 1107.566
966.080 929.196
966.380 840.129
966.680 732.801
966.981 688.223
967.281 726.210
967.581 646.262
967.881 701.708
968.181 761.418
968.481 669.022
968.781 637.183
969.082 575.750
969.382 679.243
969.682 772.083
969.982 813.102
970.282 819.903
970.582 649.340
970.882 603.439
971.183 777.852
971.483 716.248
971.783 684.039
972.083 788.872
972.383 815.499
972.683 741.314
972.983 798.490
973.284 689.020
973.584 612.109
973.884 657.078
974.184 657.468
974.484 746.786
974.784 631.439
975.084 535.720
975.385 565.144
975.685 633.824
975.985 558.595
976.285 600.847
976.585 604.105
976.885 532.433
977.185 568.990
977.486 599.253
977.786 625.859
978.086 773.440
978.386 746.203
978.686 547.975
978.986 502.503
979.286 544.511
979.587 638.519
979.887 568.527
980.187 514.535
980.487 486.543
980.787 613.551
981.087 619.559
981.387 840.567
981.688 699.575
981.988 525.583
982.288 571.591
982.588 643.599
982.888 702.607
983.188 654.615
983.488 671.622
983.789 694.630
984.089 698.638
984.389 635.646
984.689 571.654
984.989 544.662
985.289 623.670
985.589 752.677
985.890 629.685
986.190 534.693
986.490 563.701
986.790 672.709
987.090 608.717
987.390 660.724
987.690 730.732
987.991 556.740
988.291 545.748
988.591 601.755
988.891 561.763
989.191 546.771
989.491 677.779
989.791 610.786
990.092 660.794
990.392 701.802
990.692 647.810
990.992 622.817
991.292 552.825
991.592 684.833
991.892 673.840
992.193 700.848
992.493 662.856
992.793 626.863
993.093 624.871
993.393 626.879
993.693 634.886
993.993 717.894
994.294 732.902
994.594 653.909
994.894 643.917
995.194 659.925
995.494 559.932
995.794 532.940
996.094 559.947
996.395 653.955
996.695 683.962
996.995 494.970
997.295 444.978
997.595 545.985
997.895 508.993
998.195 429.000
998.496 451.008
998.796 437.015
999.096 718.023
999.396 671.030
999.696 649.038
999.996 699.045
1000.296 824.053
1000.597 808.060
1000.897 612.068
1001.197 535.075
1001.497 761.083
1001.797 629.090
1002.097 546.098
1002.397 587.105
1002.698 609.112
1002.998 740.120
1003.298 747.127
1003.598 592.135
1003.898 502.142
1004.198 646.150
1004.498 732.157
1004.799 627.164
1005.099 662.172
1005.399 714.179
1005.699 777.186
1005.999 725.194
1006.299 602.201
1006.599 847.208
1006.900 784.216
1007.200 631.223
1007.500 639.230
1007.800 583.238
1008.100 534.245
1008.400 506.252
1008.700 539.260
1009.001 537.267
1009.301 624.274
1009.601 810.282
1009.901 799.289
1010.201 695.296
1010.501 664.303
1010.801 797.311
1011.102 625.318
1011.402 632.325
1011.702 554.332
1012.002 471.340
1012.302 694.347
1012.602 621.354
1012.902 547.361
1013.203 657.368
1013.503 730.376
1013.803 737.383
1014.103 576.390
1014.403 644.397
1014.703 573.404
1015.003 535.411
1015.304 671.419
1015.604 770.426
1015.904 576.433
1016.204 500.440
1016.504 550.447
1016.804 549.454
1017.104 552.461
1017.405 595.468
1017.705 616.475
1018.005 632.483
1018.305 574.490
1018.605 537.497
1018.905 432.504
1019.205 466.511
1019.506 805.518
1019.806 824.525
1020.106 689.532
1020.406 762.539
1020.706 696.546
1021.006 707.553
1021.306 811.560
1021.607 697.567
1021.907 758.574
1022.207 691.581
1022.507 606.588
1022.807 634.595
1023.107 604.602
1023.407 575.609
1023.708 598.616
1024.008 510.623
1024.308 570.630
1024.608 593.637
1024.908 456.644
1025.208 626.651
1025.508 866.658
1025.809 795.665
1026.109 604.672
1026.409 686.679
1026.709 712.685
1027.009 643.692
1027.309 681.699
1027.609 563.706
1027.910 570.713
1028.210 647.720
1028.510 764.727
1028.810 1010.734
1029.110 880.740
1029.410 743.747
1029.710 825.754
1030.011 757.761
1030.311 720.768
1030.611 568.775
1030.911 625.781
1031.211 710.788
1031.511 619.795
1031.811 815.802
1032.112 833.809
1032.412 678.815
1032.712 511.822
1033.012 609.829
1033.312 758.836
1033.612 752.843
1033.912 659.849
1034.212 563.856
1034.513 580.863
1034.813 574.870
1035.113 649.876
1035.413 503.883
1035.713 554.890
1036.013 645.896
1036.313 641.903
1036.614 731.910
1036.914 662.917
1037.214 549.923
1037.514 688.930
1037.814 606.937
1038.114 605.943
1038.414 560.950
1038.715 636.957
1039.015 571.963
1039.315 510.970
1039.615 581.977
1039.915 548.983
1040.215 547.990
1040.515 608.996
1040.816 717.003
1041.116 659.010
1041.416 550.016
1041.716 499.023
1042.016 493.029
1042.316 649.036
1042.616 631.043
1042.917 539.049
1043.217 531.056
1043.517 584.062
1043.817 680.069
1044.117 650.075
1044.417 599.082
1044.717 564.089
1045.018 576.095
1045.318 719.102
1045.618 771.108
1045.918 634.115
1046.218 474.121
1046.518 569.128
1046.818 665.134
1047.119 540.141
1047.419 738.147
1047.719 742.154
1048.019 630.160
1048.319 628.167
1048.619 610.173
1048.919 608.180
1049.220 588.186
1049.520 672.192
1049.820 559.199
1050.120 482.205
1050.420 650.212
1050.720 668.218
1051.020 706.225
1051.321 693.231
1051.621 777.237
1051.921 673.244
1052.221 535.250
1052.521 502.257
1052.821 521.263
1053.121 636.269
1053.422 674.276
1053.722 780.282
1054.022 631.289
1054.322 755.295
1054.622 653.301
1054.922 545.308
1055.222 655.314
1055.523 643.320
1055.823 632.327
1056.123 694.333
1056.423 635.339
1056.723 734.346
1057.023 681.352
1057.323 558.358
1057.624 652.364
1057.924 731.371
1058.224 685.377
1058.524 566.383
1058.824 638.390
1059.124 596.396
1059.424 536.402
1059.725 657.408
1060.025 628.415
1060.325 620.421
1060.625 596.427
1060.925 617.433
1061.225 597.440
1061.525 760.446
1061.826 672.452
1062.126 652.458
1062.426 679.464
1062.726 725.471
1063.026 675.477
1063.326 814.483
1063.626 808.489
1063.927 678.495
1064.227 627.502
1064.527 588.508
1064.827 734.514
1065.127 692.520
1065.427 511.526
1065.727 555.532
1066.028 705.539
1066.328 764.545
1066.628 588.551
1066.928 532.557
1067.228 588.563
1067.528 504.569
1067.828 551.575
1068.129 539.581
1068.429 700.588
1068.729 801.594
1069.029 620.600
1069.329 470.606
1069.629 595.612
1069.929 704.618
1070.230 734.624
1070.530 714.630
1070.830 571.636
1071.130 678.642
1071.430 670.648
1071.730 604.654
1072.030 692.660
1072.331 593.666
1072.631 615.672
1072.931 685.678
1073.231 670.684
1073.531 650.690
1073.831 623.696
1074.131 673.702
1074.432 754.708
1074.732 641.714
1075.032 553.720
1075.332 536.726
1075.632 585.732
1075.932 512.738
1076.232 520.744
1076.533 536.750
1076.833 626.756
1077.133 602.762
1077.433 539.768
1077.733 563.774
1078.033 671.780
1078.333 671.786
1078.634 670.792
1078.934 685.798
1079.234 557.804
1079.534 708.810
1079.834 792.815
1080.134 677.821
1080.434 689.827
1080.735 668.833
1081.035 624.839
1081.335 472.845
1081.635 489.851
1081.935 568.857
1082.235 565.863
1082.535 583.868
1082.836 599.874
1083.136 587.880
1083.436 705.886
1083.736 753.892
1084.036 587.898
1084.336 515.903
1084.636 566.909
1084.937 704.915
1085.237 788.921
1085.537 690.927
1085.837 666.932
1086.137 608.938
1086.437 734.944
1086.737 628.950
1087.038 584.956
1087.338 745.961
1087.638 734.967
1087.938 511.973
1088.238 427.979
1088.538 592.984
1088.838 715.990
1089.139 704.996
1089.439 530.002
1089.739 669.007
1090.039 710.013
1090.339 732.019
1090.639 660.025
1090.939 680.030
1091.240 564.036
1091.540 615.042
1091.840 607.047
1092.140 715.053
1092.453 715.059
1092.766 586.065
1093.079 544.070
1093.392 598.076
1093.705 563.082
1094.018 639.087
1094.330 809.093
1094.643 737.099
1094.956 796.104
1095.269 726.110
1095.582 644.116
1095.895 587.121
1096.208 620.127
1096.521 583.132
1096.834 629.138
1097.147 627.144
1097.460 671.149
1097.773 734.155
1098.085 648.161
1098.398 581.166
1098.711 578.172
1099.024 470.177
1099.337 599.183
1099.650 761.189
1099.963 742.194
1100.276 569.200
1100.589 561.205
1100.902 682.211
1101.215 711.216
1101.528 772.222
1101.841 644.227
1102.153 643.233
1102.466 701.239
1102.779 572.244
1103.092 541.250
1103.405 647.255
1103.718 607.261
1104.031 613.266
1104.344 689.272
1104.657 642.277
1104.970 877.283
1105.283 701.288
1105.596 539.294
1105.909 582.299
1106.221 755.305
1106.534 726.310
1106.847 547.316
1107.160 498.321
1107.473 497.327
1107.786 564.332
1108.099 500.338
1108.412 545.343
1108.725 620.348
1109.038 508.354
1109.351 654.359
1109.664 661.365
1109.977 541.370
1110.289 631.376
1110.602 664.381
1110.915 627.386
1111.228 554.392
1111.541 519.397
1111.854 554.403
1112.167 469.408
1112.480 485.413
1112.793 533.419
1113.106 569.424
1113.419 645.430
1113.732 662.435
1114.044 520.440
1114.357 577.446
1114.670 617.451
1114.983 608.456
1115.296 585.462
1115.609 633.467
1115.922 644.472
1116.235 623.478
1116.548 624.483
1116.861 613.488
1117.174 574.494
1117.487 606.499
1117.800 833.504
1118.112 713.510
1118.425 589.515
1118.738 527.520
1119.051 535.526
1119.364 567.531
1119.677 620.536
1119.990 558.542
1120.303 640.547
1120.616 743.552
1120.929 597.557
1121.242 668.563
1121.555 707.568
1121.868 709.573
1122.180 634.578
1122.493 398.584
1122.806 456.589
1123.119 617.594
1123.432 672.599
1123.745 637.605
1124.058 607.610
1124.371 570.615
1124.684 698.620
1124.997 698.626
1125.310 619.631
1125.623 500.636
1125.935 480.641
1126.248 580.646
1126.561 651.652
1126.874 587.657
1127.187 705.662
1127.500 732.667
1127.813 697.672
1128.126 639.677
1128.439 675.683
1128.752 840.688
1129.065 606.693
1129.378 391.698
1129.691 560.703
1130.003 606.708
1130.316 584.714
1130.629 562.719
1130.942 618.724
1131.255 562.729
1131.568 528.734
1131.881 569.739
1132.194 684.744
1132.507 637.749
1132.820 532.755
1133.133 672.760
1133.446 561.765
1133.759 785.770
1134.071 1174.775
1134.384 797.780
1134.697 769.785
1135.010 851.790
1135.323 710.795
1135.636 570.800
1135.949 522.805
1136.262 549.810
1136.575 596.816
1136.888 641.821
1137.201 599.826
1137.514 529.831
1137.826 568.836
1138.139 568.841
1138.452 581.846
1138.765 834.851
1139.078 822.856
1139.391 741.861
1139.704 687.866
1140.017 669.871
1140.330 596.876
1140.643 527.881
1140.956 549.886
1141.269 661.891
1141.582 687.896
1141.894 582.901
1142.207 737.906
1142.520 657.911
1142.833 772.916
1143.146 648.921
1143.459 492.926
1143.772 585.931
1144.085 714.936
1144.398 637.941
1144.711 574.946
1145.024 577.951
1145.337 620.956
1145.650 660.961
1145.962 629.965
1146.275 663.970
1146.588 491.975
1146.901 640.980
1147.214 613.985
1147.527 528.990
1147.840 674.995
1148.153 613.000
1148.466 625.005
1148.779 626.010
1149.092 699.015
1149.405 547.019
1149.718 578.024
1150.030 720.029
1150.343 650.034
1150.656 549.039
1150.969 505.044
1151.282 756.049
1151.595 708.054
1151.908 577.058
1152.221 411.063
1152.534 439.068
1152.847 753.073
1153.160 662.078
1153.473 638.083
1153.785 696.088
1154.098 680.092
1154.411 767.097
1154.724 721.102
1155.037 784.107
1155.350 688.112
1155.663 646.117
1155.976 579.121
1156.289 704.126
1156.602 556.131
1156.915 462.136
1157.228 424.141
1157.541 550.145
1157.853 564.150
1158.166 577.155
1158.479 683.160
1158.792 657.164
1159.105 703.169
1159.418 693.174
1159.731 556.179
1160.044 618.184
1160.357 744.188
1160.670 688.193
1160.983 502.198
1161.296 601.203
1161.609 689.207
1161.921 617.212
1162.234 601.217
1162.547 449.221
1162.860 454.226
1163.173 476.231
1163.486 669.236
1163.799 666.240
1164.112 606.245
1164.425 615.250
1164.738 575.254
1165.051 500.259
1165.364 503.264
1165.676 569.269
1165.989 599.273
1166.302 536.278
1166.615 664.283
1166.928 639.287
1167.241 693.292
1167.554 689.297
1167.867 712.301
1168.180 627.306
1168.493 502.311
1168.806 580.315
1169.119 586.320
1169.432 652.325
1169.744 619.329
1170.057 624.334
1170.370 771.338
1170.683 689.343
1170.996 543.348
1171.309 558.352
1171.622 565.357
1171.935 595.362
1172.248 759.366
1172.561 697.371
1172.874 649.375
1173.187 631.380
1173.500 649.385
1173.812 727.389
1174.125 685.394
1174.438 689.398
1174.751 581.403
1175.064 589.408
1175.377 706.412
1175.690 600.417
1176.003 529.421
1176.316 630.426
1176.629 662.430
1176.942 585.435
1177.255 563.440
1177.567 518.444
1177.880 601.449
1178.193 674.453
1178.506 608.458
1178.819 670.462
1179.132 734.467
1179.445 562.471
1179.758 698.476
1180.071 720.480
1180.384 625.485
1180.697 626.489
1181.010 678.494
1181.323 821.498
1181.635 824.503
1181.948 698.507
1182.261 543.512
1182.574 534.516
1182.887 617.521
1183.200 812.525
1183.513 732.530
1183.826 612.534
1184.139 688.539
1184.452 676.543
1184.765 559.548
1185.078 517.552
1185.391 573.557
1185.703 525.561
1186.016 455.566
1186.329 498.570
1186.642 627.575
1186.955 758.579
1187.268 650.583
1187.581 648.588
1187.894 581.592
1188.207 626.597
1188.520 642.601
1188.833 636.606
1189.146 525.610
1189.459 460.614
1189.771 505.619
1190.084 680.623
1190.397 640.628
1190.710 644.632
1191.023 684.636
1191.336 620.641
1191.649 587.645
1191.962 667.650
1192.275 547.654
1192.588 602.658
1192.901 722.663
1193.214 632.667
1193.526 658.672
1193.839 675.676
1194.152 509.680
1194.465 625.685
1194.778 618.689
1195.091 587.693
1195.404 562.698
1195.717 626.702
1196.030 762.706
1196.343 653.711
1196.656 523.715
1196.969 622.719
1197.282 698.724
1197.594 694.728
1197.907 787.732
1198.220 764.737
1198.533 638.741
1198.846 603.745
1199.159 571.750
1199.472 568.754
1199.785 649.758
1200.098 546.763
1200.411 697.767
1200.724 652.771
1201.037 577.775
1201.350 518.780
1201.662 486.784
1201.975 630.788
1202.288 614.793
1202.601 175.797
