165.028 175.898
165.288 128.536
165.547 175.176
165.807 144.820
166.067 71.467
166.327 10.117
166.587 -9.229
166.847 109.427
167.107 149.087
167.367 177.749
167.627 211.415
167.886 144.083
168.146 132.755
168.406 304.429
168.666 275.107
168.926 182.787
169.186 172.470
169.446 197.156
169.706 94.844
169.966 195.536
170.225 200.230
170.485 246.926
170.745 300.626
171.005 471.328
171.265 276.033
171.525 141.740
171.785 100.450
172.045 102.162
172.305 275.877
172.564 211.594
172.824 84.314
173.084 224.036
173.344 204.761
173.604 156.488
173.864 256.217
174.124 274.948
174.384 158.682
174.644 259.418
174.903 441.156
175.163 481.897
175.423 409.639
175.683 183.384
175.943 269.131
176.203 249.880
176.463 244.630
176.723 188.383
176.983 212.138
177.242 243.895
177.502 378.654
177.762 398.414
178.022 206.177
178.282 142.941
178.542 144.707
178.802 240.475
179.062 230.245
179.322 440.016
179.581 415.790
179.841 305.564
180.101 386.341
180.361 348.119
180.621 318.899
180.881 294.680
181.141 263.463
181.401 262.247
181.661 333.033
181.920 414.821
182.180 313.609
182.440 215.399
182.700 178.191
182.960 224.984
183.220 262.778
183.480 455.574
183.740 343.371
184.000 200.169
184.259 97.968
184.519 248.769
184.779 265.571
185.039 297.373
185.299 463.177
185.559 461.983
185.819 434.789
186.079 402.596
186.339 347.405
186.598 291.214
186.858 211.024
187.118 243.835
187.378 355.648
187.638 381.461
187.898 424.275
188.158 438.090
188.418 315.906
188.678 298.722
188.937 312.540
189.197 418.358
189.457 442.177
189.717 370.996
189.977 243.816
190.237 233.637
190.497 345.459
190.757 318.281
191.017 320.104
191.276 245.928
191.536 280.752
191.796 252.577
192.056 216.402
192.316 333.227
192.576 270.054
192.836 255.880
193.096 285.707
193.356 226.535
193.616 252.363
193.875 273.191
194.135 242.019
194.395 422.848
194.655 376.678
194.915 318.507
195.175 317.337
195.435 372.167
195.695 189.997
195.955 53.828
196.214 186.659
196.474 369.489
196.734 383.321
196.994 363.152
197.254 276.983
197.514 189.814
197.774 195.646
198.034 153.478
198.294 173.309
198.553 202.141
198.813 199.972
199.073 108.804
199.333 122.636
199.593 300.467
199.853 346.299
200.113 418.130
200.373 377.961
200.633 159.793
200.892 138.624
201.152 118.455
201.412 181.285
201.672 297.116
201.932 490.946
202.192 414.776
202.452 205.606
202.712 145.436
202.972 199.265
203.231 336.095
203.491 300.923
203.751 270.752
204.011 323.580
204.271 362.408
204.531 183.235
204.791 152.062
205.051 221.889
205.311 281.716
205.570 180.541
205.830 203.367
206.090 154.192
206.350 285.016
206.610 505.841
206.870 307.664
207.130 224.487
207.390 316.310
207.650 304.132
207.909 230.953
208.169 281.774
208.429 321.595
208.689 162.414
208.949 303.234
209.209 403.052
209.469 218.870
209.729 168.687
209.989 256.504
210.248 112.320
210.508 388.135
210.768 364.950
211.028 244.764
211.288 324.577
211.548 271.390
211.808 269.202
212.068 432.013
212.328 435.823
212.587 404.632
212.847 301.441
213.107 349.249
213.367 340.056
213.627 308.863
213.887 289.668
214.147 184.473
214.407 255.277
214.667 249.080
214.926 336.882
215.186 278.683
215.446 284.484
215.706 227.283
215.966 256.082
216.226 284.879
216.486 248.676
216.746 325.472
217.006 382.267
217.265 273.061
217.525 229.854
217.785 265.646
218.045 308.437
218.305 267.227
218.565 227.016
218.825 307.804
219.085 428.592
219.345 257.378
219.604 218.163
219.864 332.947
220.124 291.730
220.384 326.512
220.644 330.292
220.904 217.072
221.164 303.851
221.424 293.629
221.684 226.405
221.943 327.181
222.203 428.955
222.463 285.728
222.723 172.501
222.983 303.272
223.243 252.042
223.503 308.810
223.763 277.578
224.023 252.344
224.282 357.110
224.542 364.874
224.802 417.637
225.062 373.399
225.322 455.160
225.582 361.919
225.842 322.677
226.102 410.434
226.362 394.190
226.621 392.945
226.881 292.699
227.141 371.451
227.401 412.202
227.661 234.952
227.921 423.700
228.181 354.448
228.441 297.194
228.701 467.939
228.960 451.682
229.220 317.425
229.480 219.166
229.740 371.906
230.000 488.644
230.260 294.381
230.520 243.117
230.780 239.852
231.040 254.586
231.299 267.318
231.559 301.049
231.819 296.778
232.079 344.506
232.339 393.233
232.599 253.959
232.859 384.683
233.119 399.406
233.379 242.128
233.638 313.849
233.898 444.568
234.158 425.285
234.418 348.002
234.678 406.717
234.938 377.431
235.198 235.143
235.458 249.854
235.718 329.564
235.978 271.272
236.237 330.979
236.497 383.685
236.757 393.389
237.017 318.092
237.277 307.794
237.537 305.494
237.797 240.193
238.057 373.890
238.317 378.586
238.576 230.281
238.836 297.974
239.096 412.666
239.356 356.357
239.616 336.046
239.876 392.734
240.136 353.421
240.396 382.106
240.656 486.789
240.915 420.472
241.175 340.153
241.435 236.832
241.695 372.510
241.955 547.187
242.215 516.862
242.475 402.536
242.735 287.209
242.995 355.880
243.254 443.550
243.514 382.218
243.774 155.885
244.034 261.551
244.294 556.215
244.554 490.878
244.814 406.539
245.074 306.199
245.334 299.858
245.593 350.515
245.853 363.171
246.113 272.825
246.373 383.478
246.633 421.129
246.893 361.779
247.153 359.428
247.413 426.075
247.673 372.721
247.932 320.366
248.192 375.009
248.452 467.651
248.712 428.291
248.972 307.930
249.232 489.567
249.492 365.203
249.752 237.838
250.012 453.471
250.271 408.103
250.531 438.733
250.791 596.362
251.051 598.990
251.311 432.616
251.571 256.241
251.831 350.864
252.091 392.486
252.351 340.107
252.610 312.726
252.870 385.344
253.130 361.960
253.390 375.575
253.650 425.189
253.911 417.801
254.172 505.411
254.433 451.021
254.694 328.629
254.955 376.235
255.216 287.840
255.477 456.444
255.738 411.047
255.999 293.647
256.261 468.247
256.522 477.845
256.783 457.442
257.044 295.037
257.305 224.631
257.566 218.224
257.827 168.815
258.088 274.405
258.349 279.994
258.610 381.581
258.871 440.166
259.132 512.751
259.393 379.334
259.654 229.915
259.915 175.495
260.176 285.074
260.437 386.652
260.698 372.228
260.959 346.802
261.221 430.376
261.482 469.948
261.743 428.518
262.004 373.087
262.265 554.655
262.526 510.222
262.787 325.787
263.048 336.351
263.309 362.913
263.570 490.474
263.831 446.034
264.092 381.592
264.353 216.149
264.614 456.705
264.875 465.259
265.136 377.812
265.397 548.364
265.658 599.914
265.919 642.463
266.181 549.011
266.442 404.557
266.703 309.102
266.964 288.645
267.225 259.188
267.486 341.729
267.747 476.268
268.008 491.806
268.269 524.343
268.530 511.879
268.791 477.413
269.052 487.946
269.313 419.478
269.574 405.009
269.835 431.538
270.096 446.065
270.357 475.592
270.618 355.117
270.879 322.641
271.141 393.163
271.402 431.685
271.663 338.205
271.924 415.723
272.185 438.241
272.446 427.757
272.707 425.272
272.968 326.785
273.229 350.297
273.490 369.808
273.751 323.318
274.012 342.826
274.273 474.334
274.534 427.839
274.795 449.344
275.056 449.847
275.317 328.349
275.578 298.850
275.839 331.350
276.101 334.848
276.362 313.345
276.623 372.841
276.884 538.335
277.145 501.829
277.406 432.321
277.667 347.812
277.928 288.301
278.189 485.789
278.450 503.276
278.711 460.762
278.972 468.247
279.233 360.730
279.494 424.213
279.755 547.693
280.016 642.173
280.277 511.652
280.538 434.129
280.799 310.605
281.061 388.080
281.322 410.554
281.583 414.026
281.844 346.497
282.105 303.967
282.366 430.436
282.627 444.904
282.888 495.370
283.149 470.836
283.410 351.300
283.671 422.763
283.932 367.224
284.193 256.685
284.454 383.144
284.715 471.602
284.976 383.060
285.237 449.515
285.498 721.970
285.759 622.424
286.021 529.876
286.282 495.327
286.543 518.777
286.804 464.226
287.065 472.674
287.326 514.120
287.587 352.566
287.848 421.010
288.109 545.453
288.370 468.895
288.631 320.336
288.892 316.776
289.153 331.214
289.414 305.652
289.675 524.088
289.936 583.523
290.197 540.958
290.458 478.391
290.719 374.822
290.981 536.253
291.242 634.683
291.503 598.111
291.764 382.539
292.025 241.965
292.286 302.390
292.547 432.814
292.808 430.238
293.069 527.659
293.330 568.080
293.591 559.500
293.852 461.919
294.113 362.336
294.374 362.753
294.635 464.168
294.896 517.583
295.157 536.996
295.418 566.408
295.679 530.819
295.941 497.230
296.202 482.639
296.463 482.047
296.724 563.453
296.985 537.859
297.246 516.264
297.507 370.668
297.768 375.071
298.029 510.472
298.290 671.873
298.551 703.273
298.812 677.671
299.073 503.069
299.334 355.465
299.595 477.861
299.856 512.255
300.117 672.649
300.378 570.041
300.639 355.432
300.901 352.823
301.162 490.212
301.423 555.601
301.684 674.988
301.945 685.374
302.206 422.760
302.467 410.144
302.728 396.527
302.989 472.910
303.250 530.291
303.511 595.671
303.772 576.051
304.033 520.429
304.294 479.807
304.555 466.183
304.816 490.559
305.077 521.933
305.338 415.307
305.599 405.679
305.861 515.051
306.122 535.421
306.383 461.791
306.644 467.160
306.905 390.528
307.166 543.894
307.427 520.260
307.688 500.625
307.949 484.989
308.210 500.352
308.471 494.714
308.732 446.075
308.993 398.436
309.254 430.795
309.515 352.153
309.776 469.511
310.037 467.867
310.298 332.223
310.559 375.577
310.821 554.931
311.082 537.284
311.343 430.636
311.604 410.987
311.865 356.337
312.126 329.686
312.387 389.034
312.648 407.382
312.909 477.728
313.170 476.074
313.434 481.418
313.698 470.762
313.963 521.105
314.227 394.447
314.491 401.788
314.755 468.128
315.019 487.468
315.284 344.806
315.548 484.144
315.812 495.481
316.076 586.817
316.340 560.152
316.604 520.486
316.869 504.819
317.133 480.151
317.397 606.483
317.661 582.814
317.925 500.143
318.190 472.472
318.454 452.801
318.718 418.128
318.982 529.454
319.246 583.780
319.511 750.105
319.775 524.429
320.039 488.752
320.303 528.074
320.567 599.395
320.832 573.716
321.096 464.036
321.360 463.355
321.624 460.673
321.888 378.990
322.153 409.307
322.417 333.622
322.681 297.937
322.945 431.251
323.209 496.565
323.473 472.877
323.738 471.189
324.002 496.500
324.266 598.810
324.530 526.119
324.794 439.427
325.059 447.735
325.323 378.042
325.587 406.348
325.851 450.653
326.115 601.958
326.380 533.262
326.644 533.565
326.908 554.867
327.172 517.168
327.436 520.469
327.701 460.769
327.965 431.068
328.229 494.366
328.493 374.664
328.757 410.961
329.022 514.257
329.286 370.552
329.550 358.847
329.814 429.140
330.078 502.434
330.342 496.726
330.607 465.017
330.871 546.308
331.135 703.598
331.399 681.888
331.663 548.176
331.928 467.464
332.192 540.751
332.456 560.038
332.720 563.323
332.984 485.608
333.249 512.892
333.513 487.176
333.777 372.459
334.041 339.741
334.305 437.022
334.570 487.303
334.834 360.583
335.098 569.862
335.362 668.140
335.626 572.418
335.891 497.695
336.155 517.971
336.419 477.247
336.683 356.522
336.947 475.796
337.211 488.070
337.476 385.343
337.740 450.615
338.004 470.886
338.268 455.157
338.532 533.427
338.797 425.697
339.061 495.966
339.325 573.234
339.589 611.501
339.853 489.768
340.118 455.034
340.382 602.299
340.646 696.564
340.910 532.828
341.174 482.092
341.439 473.354
341.703 560.616
341.967 497.878
342.231 465.138
342.495 452.399
342.759 598.658
343.024 629.917
343.288 674.175
343.552 640.432
343.816 413.689
344.080 382.945
344.345 437.201
344.609 352.456
344.873 300.710
345.137 452.964
345.401 533.217
345.666 398.469
345.930 553.721
346.194 588.972
346.458 397.222
346.722 420.472
346.987 420.722
347.251 491.970
347.515 702.218
347.779 503.465
348.043 434.712
348.308 489.958
348.572 407.204
348.836 362.449
349.100 448.693
349.364 380.937
349.628 402.180
349.893 494.422
350.157 559.664
350.421 507.905
350.685 530.146
350.949 479.386
351.214 372.626
351.478 453.864
351.742 509.103
352.006 496.340
352.270 469.578
352.535 380.814
352.799 389.050
353.063 540.285
353.327 493.520
353.591 395.754
353.856 483.988
354.120 527.221
354.384 552.453
354.648 628.685
354.912 544.916
355.177 459.147
355.441 381.377
355.705 615.607
355.969 649.836
356.233 565.064
356.497 547.292
356.762 526.520
357.026 420.746
357.290 479.973
357.554 548.198
357.818 569.423
358.083 507.648
358.347 449.872
358.611 505.095
358.875 568.318
359.139 536.541
359.404 428.762
359.668 544.984
359.932 658.204
360.196 636.425
360.460 490.644
360.725 526.863
360.989 625.082
361.253 694.300
361.517 630.517
361.781 595.734
362.046 570.951
362.310 571.167
362.574 602.382
362.838 486.597
363.102 500.811
363.366 588.025
363.631 476.238
363.895 482.451
364.159 642.663
364.423 618.875
364.687 584.086
364.952 614.297
365.216 686.507
365.480 596.717
365.747 468.926
366.013 503.135
366.280 515.343
366.546 545.551
366.813 450.758
367.079 551.964
367.346 638.171
367.612 542.376
367.879 568.581
368.145 638.786
368.412 546.990
368.678 490.194
368.945 559.397
369.211 471.600
369.478 532.802
369.744 502.004
370.011 533.205
370.278 528.406
370.544 480.606
370.811 553.806
371.077 579.005
371.344 482.204
371.610 519.402
371.877 547.600
372.143 584.797
372.410 646.994
372.676 731.191
372.943 666.387
373.209 578.582
373.476 552.777
373.742 490.972
374.009 592.166
374.276 601.360
374.542 595.553
374.809 501.745
375.075 336.938
375.342 339.130
375.608 378.321
375.875 409.512
376.141 630.702
376.408 660.892
376.674 618.082
376.941 538.271
377.207 485.459
377.474 865.648
377.740 776.835
378.007 486.023
378.273 578.209
378.540 651.396
378.807 525.582
379.073 446.767
379.340 485.952
379.606 509.137
379.873 482.321
380.139 536.505
380.406 588.688
380.672 534.871
380.939 474.054
381.205 486.236
381.472 396.417
381.738 358.598
382.005 490.779
382.271 534.959
382.538 540.139
382.804 690.319
383.071 574.498
383.338 509.676
383.604 541.855
383.871 676.032
384.137 661.210
384.404 537.387
384.670 535.563
384.937 510.739
385.203 591.915
385.470 556.090
385.736 565.265
386.003 544.440
386.269 553.614
386.536 548.788
386.802 575.961
387.069 617.134
387.336 740.306
387.602 719.478
387.869 486.650
388.135 430.821
388.402 407.992
388.668 489.162
388.935 576.332
389.201 705.502
389.468 662.671
389.734 688.840
390.001 597.009
390.267 507.177
390.534 598.344
390.800 573.512
391.067 622.679
391.333 645.845
391.600 547.011
391.867 603.177
392.133 596.342
392.400 479.507
392.666 437.672
392.933 627.836
393.199 693.000
393.466 566.164
393.732 548.327
393.999 626.489
394.265 612.652
394.532 563.814
394.798 632.975
395.065 564.137
395.331 612.297
395.598 690.458
395.864 740.618
396.131 820.778
396.398 883.937
396.664 978.096
396.931 1150.255
397.197 1405.413
397.464 1513.571
397.730 1889.729
397.997 1970.886
398.263 2028.043
398.530 2170.199
398.796 2388.355
399.063 2531.511
399.329 2408.667
399.596 2501.822
399.862 2459.976
400.129 2511.131
400.396 2537.285
400.662 2344.438
400.929 2389.592
401.195 2451.745
401.462 2598.897
401.728 2720.050
401.995 2848.201
402.261 2899.353
402.528 2969.504
402.794 3156.655
403.061 3380.806
403.327 3750.956
403.594 3885.106
403.860 3921.255
404.127 3960.404
404.393 4229.553
404.660 4417.702
404.931 4580.850
405.202 4840.998
405.473 4976.145
405.745 5299.293
406.016 5742.439
406.287 5774.586
406.558 5841.732
406.829 5952.878
407.100 5927.024
407.371 6176.169
407.642 6247.314
407.914 6091.458
408.185 6066.602
408.456 6061.746
408.727 6322.890
408.998 6410.033
409.269 6574.176
409.540 6593.319
409.811 6306.461
410.083 6221.603
410.354 6097.745
410.625 5908.886
410.896 5794.027
411.167 5792.168
411.438 5717.308
411.709 5235.448
411.981 5253.588
412.252 4832.728
412.523 4481.867
412.794 4413.006
413.065 4201.144
413.336 3736.282
413.607 3597.420
413.878 3440.558
414.150 3257.695
414.421 2942.832
414.692 2692.969
414.963 2543.105
415.234 2489.242
415.505 2325.377
415.776 2219.513
416.047 2134.648
416.319 1894.783
416.590 1627.918
416.861 1301.052
417.132 1397.186
417.403 1376.320
417.674 1219.453
417.945 972.586
418.217 922.719
418.488 1013.852
418.759 836.984
419.030 731.116
419.301 796.247
419.572 867.379
419.843 866.510
420.114 721.641
420.386 679.771
420.657 821.902
420.928 709.032
421.199 625.161
421.470 600.291
421.741 502.420
422.012 538.549
422.283 606.677
422.555 657.805
422.826 730.933
423.097 769.061
423.368 687.188
423.639 559.316
423.910 699.443
424.181 638.569
424.453 520.695
424.724 802.821
424.995 882.947
425.266 665.073
425.537 589.198
425.808 718.323
426.079 780.448
426.350 668.572
426.622 610.696
426.893 779.820
427.164 712.944
427.435 605.067
427.706 643.190
427.977 638.313
428.248 603.436
428.519 665.558
428.791 634.680
429.062 753.802
429.333 627.923
429.604 546.044
429.875 726.165
430.146 776.286
430.417 719.406
430.689 648.527
430.960 539.647
431.231 572.766
431.502 785.886
431.773 798.005
432.044 641.124
432.315 773.243
432.586 728.361
432.858 765.479
433.129 637.597
433.400 622.715
433.671 636.832
433.942 588.949
434.213 482.066
434.484 556.183
434.755 588.299
435.027 473.415
435.298 592.531
435.569 676.647
435.840 556.762
436.116 523.877
436.391 660.992
436.667 685.107
436.942 696.222
437.218 758.336
437.493 753.450
437.769 791.563
438.045 680.677
438.320 677.790
438.596 665.903
438.871 613.016
439.147 619.128
439.422 553.241
439.698 471.353
439.974 513.465
440.249 698.576
440.525 766.687
440.800 518.799
441.076 630.909
441.351 752.020
441.627 772.131
441.903 669.241
442.178 497.351
442.454 551.460
442.729 835.570
443.005 662.679
443.281 687.788
443.556 841.897
443.832 688.005
444.107 546.114
444.383 576.222
444.658 582.330
444.934 487.438
445.210 702.545
445.485 735.652
445.761 758.759
446.036 702.866
446.312 775.972
446.587 774.079
446.863 532.185
447.139 564.291
447.414 610.396
447.690 642.502
447.965 686.607
448.241 675.712
448.516 685.817
448.792 649.922
449.068 628.026
449.343 707.130
449.619 612.234
449.894 675.338
450.170 648.441
450.445 755.544
450.721 822.648
450.997 579.750
451.272 666.853
451.548 686.956
451.823 647.058
452.099 768.160
452.375 659.262
452.650 621.363
452.926 670.465
453.201 694.566
453.477 980.667
453.752 853.767
454.028 651.868
454.304 744.968
454.579 888.069
454.855 782.168
455.130 710.268
455.406 908.368
455.681 872.467
455.957 736.566
456.233 676.665
456.508 687.764
456.784 744.862
457.059 653.961
457.335 832.059
457.610 785.157
457.886 691.255
458.162 654.352
458.437 651.449
458.713 739.546
458.988 715.643
459.264 752.740
459.539 721.837
459.815 664.933
460.091 606.029
460.366 540.125
460.642 491.221
460.917 599.316
461.193 620.412
461.468 577.507
461.744 576.602
462.020 553.697
462.295 652.791
462.571 657.886
462.846 664.980
463.122 752.074
463.397 810.168
463.673 659.602
463.949 628.726
464.224 643.805
464.500 675.866
464.775 609.634
465.051 675.376
465.327 786.034
465.602 946.020
465.878 933.071
466.153 766.563
466.429 1001.187
466.704 1233.812
466.980 1201.371
467.256 1244.462
467.531 1348.902
467.807 1337.319
468.082 1300.336
468.358 1240.065
468.633 1269.996
468.909 1220.889
469.185 1225.222
469.460 1321.112
469.736 1403.097
470.011 1204.798
470.287 1213.736
470.562 1285.830
470.838 1138.882
471.114 1197.698
471.389 1173.545
471.665 1165.721
471.940 1212.536
472.216 1166.067
472.491 996.111
472.767 977.941
473.043 1075.393
473.318 1154.589
473.594 984.260
473.869 970.090
474.145 909.141
474.421 953.925
474.696 839.061
474.972 765.668
475.247 853.186
475.523 889.067
475.798 878.851
476.074 842.404
476.350 823.146
476.625 809.804
476.901 862.901
477.176 866.184
477.452 764.680
477.727 725.095
478.003 566.926
478.279 800.754
478.554 910.599
478.830 878.043
479.105 927.109
479.381 912.058
479.656 806.669
479.932 849.505
480.208 928.691
480.483 876.272
480.759 849.058
481.034 799.802
481.310 787.767
481.585 832.635
481.861 865.987
482.137 730.255
482.412 889.566
482.688 918.988
482.963 903.106
483.239 927.335
483.514 721.007
483.790 807.648
484.066 1027.704
484.341 867.081
484.617 728.713
484.892 899.484
485.168 937.378
485.443 779.471
485.719 806.392
485.995 866.382
486.270 916.150
486.546 821.441
486.821 774.044
487.097 700.534
487.373 738.385
487.648 961.421
487.924 981.205
488.199 775.999
488.475 605.155
488.750 603.067
489.026 772.531
489.302 767.703
489.577 735.657
489.853 748.727
490.128 951.548
490.404 877.310
490.679 694.413
490.955 922.551
491.231 993.988
491.506 932.416
491.782 789.430
492.057 725.134
492.333 852.413
492.608 858.361
492.884 873.115
493.160 716.636
493.435 707.333
493.711 884.861
493.986 855.667
494.262 815.406
494.537 786.070
494.813 868.370
495.089 769.103
495.364 788.825
495.640 834.088
495.915 839.075
496.191 970.723
496.467 958.947
496.742 875.279
497.018 931.377
497.293 846.556
497.569 922.566
497.844 850.211
498.120 881.969
498.396 873.873
498.671 820.199
498.947 941.425
499.222 965.299
499.498 931.508
499.773 1020.140
500.049 1034.213
500.325 994.401
500.600 1061.465
500.876 1058.598
501.151 1219.271
501.427 1295.871
501.702 1360.564
501.978 1364.659
502.254 1344.319
502.529 1217.287
502.805 1435.102
503.080 1571.703
503.356 1410.901
503.631 1369.976
503.907 1452.782
504.183 1412.370
504.458 1439.771
504.734 1432.322
505.009 1501.152
505.285 1447.076
505.560 1396.141
505.836 1404.712
506.112 1450.331
506.387 1301.618
506.663 1189.151
506.938 1148.778
507.214 1176.151
507.490 1249.782
507.765 1229.420
508.041 1270.864
508.316 1253.781
508.592 1067.037
508.867 1135.451
509.143 1234.883
509.419 1104.300
509.694 935.656
509.970 905.636
510.245 833.822
510.521 891.058
510.796 841.287
511.072 804.393
511.348 838.751
511.623 834.832
511.899 812.530
512.174 900.173
512.450 918.197
512.725 850.805
513.001 735.065
513.277 705.692
513.552 866.420
513.828 799.690
514.103 759.560
514.379 894.498
514.654 780.600
514.930 770.292
515.206 1130.740
515.481 1018.932
515.757 801.527
516.032 775.368
516.308 915.521
516.583 1061.035
516.859 950.952
517.135 1016.255
517.410 1095.978
517.686 1125.197
517.961 1158.303
518.237 1176.489
518.513 1075.534
518.788 1372.430
519.064 1489.535
519.339 1469.782
519.615 1447.191
519.890 1560.612
520.166 1581.330
520.442 1749.265
520.717 1842.686
520.993 1812.732
521.268 1687.855
521.544 1774.539
521.819 1741.413
522.095 1821.377
522.371 1924.199
522.646 1869.611
522.922 1957.920
523.197 1971.391
523.473 2048.992
523.748 1989.723
524.024 1921.841
524.300 1944.869
524.575 1927.705
524.851 1974.655
525.126 1929.807
525.402 1978.604
525.677 2015.028
525.953 1913.736
526.229 1919.532
526.504 1853.486
526.780 1967.453
527.055 1971.310
527.331 1975.197
527.606 2090.176
527.882 2088.235
528.158 1924.586
528.433 2096.286
528.709 2047.401
528.984 2027.306
529.260 1996.649
529.535 2053.388
529.811 1867.087
530.087 1713.859
530.362 1709.789
530.638 1751.513
530.913 1798.344
531.189 1832.957
531.465 1703.672
531.740 1648.372
532.016 1652.926
532.291 1553.372
532.567 1619.425
532.842 1614.638
533.118 1559.037
533.394 1562.551
533.669 1415.843
533.945 1228.158
534.220 1214.598
534.496 1374.553
534.771 1348.661
535.047 1320.766
535.323 1302.583
535.598 1303.321
535.874 1315.393
536.149 1362.680
536.425 1289.707
536.700 1249.647
536.976 1531.567
537.252 1871.695
537.527 2131.940
537.803 2570.112
538.078 3047.623
538.354 3310.217
538.629 3490.697
538.905 3770.282
539.181 4004.600
539.456 4258.109
539.732 4633.544
540.007 4811.291
540.283 4652.070
540.558 4814.365
540.834 5232.453
541.110 5334.719
541.385 5362.499
541.661 5492.258
541.936 5787.153
542.212 5711.887
542.488 5750.596
542.763 6030.136
543.039 6033.199
543.314 5924.128
543.590 5908.219
543.865 5985.733
544.141 5924.220
544.417 5785.249
544.692 5573.785
544.968 5574.833
545.243 5356.772
545.519 5089.343
545.794 5186.902
546.070 5084.572
546.348 4886.701
546.627 4577.724
546.905 4720.642
547.183 4612.016
547.461 4574.335
547.740 4688.590
548.018 4505.432
548.296 4531.797
548.575 4591.434
548.853 4590.495
549.131 4735.534
549.409 4923.350
549.688 5107.928
549.966 5240.918
550.244 5515.773
550.523 5544.057
550.801 5604.958
551.079 5627.162
551.357 5720.193
551.636 5653.328
551.914 5607.714
552.192 5563.388
552.471 5770.314
552.749 5916.632
553.027 5882.318
553.306 5985.730
553.584 6218.821
553.862 6251.074
554.140 6421.067
554.419 6567.776
554.697 6831.294
554.975 7081.022
555.254 7275.519
555.532 7039.950
555.810 7160.938
556.088 7292.126
556.367 7042.907
556.645 6789.997
556.923 6683.044
557.202 6623.149
557.480 6462.400
557.758 6177.812
558.036 6078.929
558.315 5912.320
558.593 5821.373
558.871 5616.195
559.150 5425.682
559.428 5223.583
559.706 5033.510
559.984 4798.006
560.263 4731.711
560.541 4417.551
560.819 4151.143
561.098 3882.631
561.376 3600.949
561.654 3142.344
561.932 2778.718
562.211 2649.508
562.489 2435.339
562.767 2192.167
563.046 1903.255
563.324 1650.996
563.602 1646.867
563.880 1512.896
564.159 1463.999
564.437 1399.364
564.715 1165.630
564.994 1015.965
565.272 1129.256
565.550 1011.251
565.828 898.065
566.107 1044.902
566.385 949.934
566.663 844.463
566.942 908.722
567.220 1001.948
567.498 1072.189
567.776 802.044
568.055 697.283
568.333 815.599
568.611 891.398
568.890 799.922
569.168 716.571
569.446 819.725
569.725 796.583
570.003 635.277
570.281 574.042
570.559 669.833
570.838 762.493
571.116 818.510
571.394 767.200
571.673 798.058
571.951 802.762
572.229 742.614
572.507 743.381
572.786 729.559
573.064 712.788
573.342 676.807
573.621 546.466
573.899 588.463
574.177 811.740
574.455 800.849
574.734 642.187
575.012 737.144
575.290 703.632
575.569 688.681
575.847 735.526
576.125 733.608
576.403 615.514
576.682 659.429
576.960 718.902
577.243 809.775
577.527 706.184
577.810 554.505
578.093 534.387
578.377 601.694
578.660 628.419
578.944 604.748
579.227 606.981
579.510 744.396
579.794 684.664
580.077 630.512
580.360 722.452
580.644 636.819
580.927 556.980
581.210 570.941
581.494 555.191
581.777 670.106
582.061 664.842
582.344 602.737
582.627 513.051
582.911 576.904
583.194 580.518
583.477 686.351
583.761 688.391
584.044 731.349
584.327 700.156
584.611 614.286
584.894 593.351
585.178 579.409
585.461 624.408
585.744 712.363
586.028 644.119
586.311 638.163
586.594 671.207
586.878 619.250
587.161 578.294
587.444 652.337
587.728 672.380
588.011 713.423
588.295 555.467
588.578 627.882
588.861 820.732
589.145 658.596
589.428 646.285
589.711 596.681
589.995 596.128
590.278 759.008
590.562 679.809
590.845 615.237
591.128 779.336
591.412 694.548
591.695 650.329
591.978 792.437
592.262 717.346
592.545 554.442
592.828 671.804
593.112 599.392
593.395 593.451
593.679 546.089
593.962 695.533
594.245 697.868
594.529 559.601
594.812 475.587
595.095 467.146
595.379 674.800
595.662 697.381
595.945 659.986
596.229 544.293
596.512 550.187
596.796 651.863
597.079 697.793
597.362 763.180
597.646 758.509
597.929 651.725
598.212 667.920
598.496 664.995
598.779 727.558
599.062 794.725
599.346 646.690
599.629 550.432
599.913 630.718
600.196 682.974
600.479 703.995
600.763 726.403
601.046 559.822
601.329 597.815
601.613 745.742
601.896 642.536
602.179 701.866
602.463 646.895
602.746 732.396
603.030 767.799
603.313 728.811
603.596 551.225
603.880 574.253
604.163 681.154
604.446 642.328
604.730 522.876
605.013 614.379
605.296 678.682
605.580 596.449
605.863 702.266
606.147 580.854
606.430 545.633
606.713 737.897
606.997 692.624
607.280 829.949
607.563 735.075
607.847 633.710
608.130 705.508
608.414 799.768
608.697 675.539
608.980 664.486
609.264 779.881
609.547 637.137
609.830 661.660
610.114 664.636
610.397 652.920
610.680 669.931
610.964 679.125
611.247 683.084
611.531 632.761
611.814 544.476
612.097 573.954
612.381 764.605
612.664 934.185
612.947 734.026
613.231 621.207
613.514 646.412
613.797 712.264
614.081 713.283
614.364 708.408
614.648 712.374
614.931 646.596
615.214 633.862
615.498 692.536
615.781 678.490
616.064 652.936
616.348 775.019
616.631 816.213
616.914 922.730
617.198 838.946
617.481 733.564
617.765 750.102
618.048 856.506
618.331 773.620
618.615 688.452
618.898 790.267
619.181 805.125
619.465 773.316
619.748 697.190
620.031 698.906
620.315 639.179
620.598 650.762
620.882 721.950
621.165 913.558
621.448 892.719
621.732 792.151
622.015 651.888
622.298 609.355
622.582 758.702
622.865 727.527
623.148 625.665
623.432 718.044
623.715 650.012
623.999 827.881
624.282 769.511
624.565 763.046
624.849 651.412
625.132 605.382
625.415 874.570
625.699 998.596
625.982 843.233
626.265 714.539
626.549 670.418
626.832 803.787
627.116 822.004
627.399 665.474
627.682 675.256
627.966 625.265
628.249 685.033
628.532 638.149
628.816 831.487
629.099 738.504
629.383 667.729
629.666 686.409
629.949 647.540
630.233 609.508
630.516 660.257
630.799 741.081
631.083 664.958
631.366 635.139
631.649 596.407
631.933 531.214
632.216 670.638
632.500 682.023
632.783 699.487
633.066 703.978
633.350 674.917
633.633 710.012
633.916 767.891
634.200 672.713
634.483 706.584
634.766 780.045
635.050 731.182
635.333 623.953
635.617 611.403
635.900 676.626
636.183 770.931
636.467 723.920
636.750 730.133
637.033 783.937
637.317 729.075
637.600 701.165
637.883 716.500
638.167 645.503
638.450 695.823
638.734 750.161
639.017 810.116
639.300 796.102
639.584 708.391
639.867 918.898
640.150 878.704
640.434 878.735
640.717 892.897
641.000 843.395
641.284 907.911
641.567 829.277
641.851 896.853
642.134 965.914
642.417 883.733
642.701 997.780
642.984 1100.615
643.267 1020.310
643.551 867.718
643.834 864.812
644.117 933.321
644.401 864.872
644.684 921.134
644.968 1072.190
645.251 988.662
645.534 891.131
645.818 918.365
646.101 1061.980
646.384 1166.235
646.668 1185.044
646.951 1127.797
647.235 1155.202
647.518 1190.946
647.801 1393.983
648.085 1554.206
648.368 1636.523
648.651 1605.537
648.935 1833.637
649.218 2090.729
649.501 2077.648
649.785 2161.408
650.068 2463.629
650.352 2630.291
650.635 2675.339
650.918 2782.913
651.202 3120.086
651.485 3433.619
651.768 3699.270
652.052 3809.020
652.335 4082.801
652.618 4498.780
652.902 4807.826
653.185 5154.601
653.469 5196.733
653.752 5306.724
654.035 5503.763
654.319 5792.710
654.602 5913.024
654.885 5969.635
655.169 6155.203
655.452 6090.578
655.735 6210.531
656.019 6302.366
656.302 6277.729
656.586 6343.118
656.869 6672.177
657.152 6590.388
657.436 6543.957
657.719 6568.679
658.002 6589.603
658.286 6502.350
658.569 6378.274
658.852 6194.920
659.136 6037.985
659.419 5795.375
659.703 5559.872
659.986 5486.806
660.269 5361.682
660.553 5061.547
660.836 5078.854
661.119 5119.534
661.403 5000.662
661.686 4915.239
661.969 4897.974
662.253 4769.043
662.536 4711.145
662.820 4842.592
663.103 4682.378
663.386 4578.960
663.670 4445.115
663.953 4320.761
664.236 4380.892
664.520 4371.803
664.803 4371.832
665.086 4340.108
665.370 4356.693
665.653 4361.788
665.937 4384.496
666.220 4276.006
666.503 4239.524
666.787 4256.794
667.070 4131.328
667.353 4011.439
667.637 3796.434
667.920 3798.491
668.204 3502.890
668.487 3225.197
668.770 3166.392
669.054 2732.612
669.337 2388.841
669.620 2208.442
669.904 1963.859
670.187 1810.945
670.470 1744.454
670.754 1547.544
671.037 1293.069
671.321 1149.795
671.604 1335.048
671.887 1326.207
672.171 1144.045
672.454 1129.612
672.737 1144.250
673.021 1029.554
673.304 971.091
673.587 1087.136
673.871 1071.912
674.154 1113.886
674.438 1137.670
674.721 1081.172
675.004 1011.325
675.288 1011.353
675.571 1010.363
675.854 941.390
676.138 926.924
676.421 937.197
676.704 976.416
676.988 1123.011
677.271 1327.712
677.555 1251.553
677.838 1130.588
678.121 1089.159
678.405 1029.330
678.688 1072.836
678.971 909.115
679.255 985.906
679.538 1072.033
679.821 1089.696
680.105 923.669
680.388 872.814
680.672 837.367
680.955 838.434
681.238 837.253
681.522 778.198
681.805 809.857
682.088 873.624
682.372 943.384
682.655 855.670
682.938 917.284
683.222 934.013
683.505 865.006
683.789 929.819
684.072 898.499
684.355 895.500
684.639 921.624
684.922 872.590
685.205 815.206
685.489 892.478
685.772 859.999
686.056 909.043
686.339 970.786
686.622 757.930
686.906 667.143
687.189 838.360
687.472 1025.234
687.756 866.736
688.039 838.440
688.322 745.565
688.606 910.519
688.889 916.809
689.173 803.057
689.456 912.687
689.739 972.212
690.023 877.377
690.306 807.539
690.589 784.849
690.873 882.914
691.156 938.092
691.439 864.236
691.723 807.031
692.006 883.939
692.290 881.088
692.573 1048.424
692.856 1099.126
693.140 1020.396
693.423 955.183
693.706 876.406
693.990 857.039
694.273 802.461
694.556 1046.240
694.840 1115.648
695.123 919.273
695.407 917.318
695.690 877.349
695.973 929.826
696.257 977.297
696.540 1079.198
696.830 1019.532
697.120 1074.028
697.410 1115.045
697.699 1054.439
697.989 1243.958
698.279 1157.054
698.569 1030.893
698.859 1124.156
699.149 1170.962
699.439 1055.388
699.729 906.377
700.018 931.912
700.308 1147.092
700.598 1092.071
700.888 921.083
701.178 1060.274
701.468 1102.834
701.758 976.108
702.048 990.346
702.337 971.149
702.627 1088.285
702.917 991.437
703.207 873.654
703.497 924.107
703.787 845.815
704.077 853.732
704.366 936.379
704.656 835.163
704.946 700.681
705.236 659.045
705.526 815.098
705.816 855.042
706.106 662.787
706.396 699.999
706.685 683.041
706.975 649.301
707.265 620.287
707.555 765.534
707.845 760.076
708.135 639.187
708.425 574.074
708.715 565.763
709.004 789.535
709.294 767.819
709.584 728.852
709.874 764.378
710.164 715.091
710.454 607.831
710.744 577.639
711.034 616.540
711.323 672.436
711.613 631.120
711.903 704.268
712.193 829.168
712.483 689.564
712.773 682.703
713.063 626.430
713.352 654.608
713.642 673.879
713.932 781.854
714.222 760.880
714.512 683.313
714.802 667.121
715.092 737.879
715.382 610.748
715.671 578.703
715.961 600.731
716.251 528.499
716.541 605.009
716.831 725.602
717.121 594.103
717.411 684.853
717.701 793.965
717.990 663.843
718.280 570.906
718.570 580.478
718.860 539.869
719.150 570.970
719.440 577.125
719.730 535.673
720.019 791.862
720.309 680.892
720.599 609.280
720.889 666.926
721.179 718.622
721.469 687.722
721.759 625.124
722.049 654.867
722.338 536.000
722.628 618.703
722.918 718.898
723.208 744.340
723.498 569.361
723.788 645.002
724.078 824.041
724.368 738.863
724.657 647.613
724.947 680.081
725.237 679.793
725.527 734.833
725.817 653.142
726.107 596.064
726.397 597.052
726.686 520.670
726.976 599.028
727.266 710.267
727.556 601.003
727.846 740.038
728.136 774.159
728.426 661.339
728.716 596.437
729.005 683.667
729.295 611.982
729.585 496.686
729.875 506.403
730.165 575.780
730.455 638.846
730.745 680.263
731.035 694.847
731.324 763.340
731.614 669.645
731.904 589.655
732.194 705.322
732.484 647.663
732.774 615.582
733.064 641.867
733.354 504.728
733.643 566.713
733.933 651.951
734.223 622.731
734.513 773.824
734.803 742.404
735.093 607.790
735.383 573.247
735.672 631.861
735.962 662.472
736.252 526.947
736.542 563.259
736.832 603.436
737.122 548.166
737.412 601.127
737.702 727.350
737.991 646.899
738.281 625.576
738.571 611.229
738.861 610.484
739.151 637.079
739.441 696.452
739.731 595.194
740.021 640.722
740.310 702.518
740.600 680.526
740.890 497.925
741.180 557.170
741.470 604.574
741.760 678.632
742.050 799.086
742.339 715.622
742.629 599.915
742.919 723.575
743.209 521.298
743.499 512.932
743.789 534.251
744.079 629.321
744.369 641.576
744.658 581.421
744.948 423.439
745.238 605.246
745.528 677.614
745.818 790.409
746.108 701.143
746.398 634.332
746.688 628.393
746.977 791.273
747.267 647.300
747.557 661.880
747.847 765.279
748.137 717.303
748.427 664.587
748.717 552.718
749.006 404.924
749.296 562.717
749.586 622.873
749.876 721.122
750.166 655.405
750.456 647.104
750.746 649.765
751.036 587.908
751.325 722.658
751.615 656.466
751.905 687.455
752.195 663.161
752.485 570.181
752.775 620.821
753.065 612.832
753.355 766.004
753.644 750.007
753.934 628.791
754.224 612.132
754.514 818.589
754.804 615.179
755.094 485.810
755.384 534.976
755.674 600.191
755.963 671.423
756.253 656.052
756.543 711.582
756.833 737.151
757.123 680.205
757.413 584.425
757.703 531.178
757.992 529.187
758.282 616.024
758.572 634.752
758.862 593.565
759.152 666.950
759.442 615.095
759.732 680.053
760.022 718.263
760.311 640.533
760.601 539.948
760.891 709.987
761.181 757.533
761.471 667.771
761.761 562.722
762.051 565.761
762.341 743.279
762.630 785.335
762.920 657.458
763.210 652.091
763.500 682.672
763.793 612.196
764.086 647.462
764.379 652.865
764.671 737.390
764.964 639.823
765.257 649.902
765.550 645.182
765.843 520.200
766.136 636.146
766.429 594.833
766.722 634.535
767.014 529.287
767.307 419.062
767.600 488.567
767.893 541.497
768.186 512.281
768.479 580.848
768.772 739.132
769.064 697.819
769.357 640.740
769.650 621.242
769.943 766.657
770.236 671.005
770.529 603.151
770.822 641.475
771.115 658.630
771.407 743.067
771.700 742.075
771.993 789.308
772.286 695.693
772.579 732.308
772.872 614.382
773.165 550.892
773.457 684.982
773.750 732.109
774.043 585.810
774.336 569.248
774.629 637.674
774.922 686.771
775.215 648.444
775.508 631.042
775.800 556.984
776.093 682.437
776.386 700.882
776.679 579.753
776.972 628.109
777.265 858.740
777.558 888.075
777.850 695.240
778.143 674.152
778.436 670.823
778.729 693.282
779.022 709.379
779.315 587.789
779.608 487.303
779.900 548.627
780.193 580.805
780.486 627.428
780.779 627.819
781.072 577.106
781.365 678.003
781.658 677.697
781.951 600.405
782.243 642.305
782.536 714.897
782.829 701.861
783.122 664.730
783.415 671.101
783.708 728.290
784.001 733.321
784.293 731.332
784.586 771.698
784.879 788.749
785.172 602.791
785.465 565.336
785.758 643.509
786.051 635.510
786.344 755.255
786.636 921.193
786.929 678.968
787.222 623.175
787.515 592.915
787.808 572.766
788.101 583.771
788.394 754.617
788.686 846.542
788.979 763.405
789.272 758.662
789.565 694.049
789.858 624.206
790.151 568.901
790.444 524.962
790.737 569.503
791.029 570.379
791.322 649.237
791.615 586.792
791.908 631.937
792.201 662.260
792.494 659.622
792.787 716.750
793.079 812.197
793.372 687.898
793.665 712.528
793.958 630.790
794.251 639.779
794.544 733.779
794.837 827.249
795.130 710.615
795.422 642.834
795.715 669.769
796.008 709.376
796.301 664.154
796.594 617.357
796.887 699.046
797.180 715.711
797.472 571.161
797.765 489.422
798.058 554.688
798.351 585.167
798.644 525.362
798.937 490.483
799.230 604.552
799.523 1006.965
799.815 887.339
800.108 622.151
800.401 571.319
800.694 664.719
800.987 596.276
801.280 609.471
801.573 663.432
801.865 745.366
802.158 691.744
802.451 614.913
802.744 589.978
803.037 606.960
803.330 609.580
803.623 701.801
803.915 698.823
804.208 583.652
804.501 623.875
804.794 667.935
805.087 607.283
805.380 502.303
805.673 540.854
805.966 632.962
806.258 579.503
806.551 677.068
806.844 680.095
807.137 708.935
807.430 546.592
807.723 507.451
808.016 745.418
808.308 851.561
808.601 658.099
808.894 606.119
809.187 669.181
809.480 696.692
809.773 634.701
810.066 610.204
810.359 683.341
810.651 695.835
810.944 449.181
811.237 451.668
811.530 611.118
811.825 564.276
812.119 493.086
812.414 421.456
812.709 606.746
813.003 661.633
813.298 608.401
813.593 582.293
813.887 571.597
814.182 924.699
814.476 833.267
814.771 775.414
815.066 693.589
815.360 588.224
815.655 488.646
815.950 559.351
816.244 592.937
816.539 748.085
816.834 722.616
817.128 706.022
817.423 796.041
817.718 940.625
818.012 721.995
818.307 507.131
818.602 646.491
818.896 729.969
819.191 632.070
819.486 550.998
819.780 675.627
820.075 820.483
820.369 847.014
820.664 678.134
820.959 681.254
821.253 712.027
821.548 651.938
821.843 649.154
822.137 698.700
822.432 692.879
822.727 679.018
823.021 670.347
823.316 773.466
823.611 821.174
823.905 669.712
824.200 553.948
824.495 715.469
824.789 772.446
825.084 718.960
825.379 607.919
825.673 620.192
825.968 746.387
826.262 666.685
826.557 770.844
826.852 794.457
827.146 713.793
827.441 675.935
827.736 726.562
828.030 646.584
828.325 490.923
828.620 717.053
828.914 781.592
829.209 627.640
829.504 843.591
829.798 809.016
830.093 622.129
830.388 594.660
830.682 545.472
830.977 687.975
831.271 726.460
831.566 546.657
831.861 579.977
832.155 575.501
832.450 666.300
832.745 804.804
833.039 704.700
833.334 578.412
833.629 658.233
833.923 653.247
834.218 588.672
834.513 525.268
834.807 523.187
835.102 472.517
835.397 523.972
835.691 505.209
835.986 547.948
836.281 577.693
836.575 558.551
836.870 540.871
837.164 592.244
837.459 563.359
837.754 599.505
838.048 576.230
838.343 552.322
838.638 515.146
838.932 596.993
839.227 636.684
839.522 675.892
839.816 638.159
840.111 626.002
840.406 639.573
840.700 743.722
840.995 900.651
841.290 903.019
841.584 736.751
841.879 765.823
842.174 737.379
842.468 692.904
842.763 594.043
843.057 669.985
843.352 647.342
843.647 636.926
843.941 646.426
844.236 699.339
844.531 713.264
844.825 697.504
845.120 763.149
845.415 844.810
845.709 691.654
846.004 741.122
846.299 617.502
846.593 738.292
846.888 775.375
847.183 665.526
847.477 573.741
847.772 730.247
848.066 740.183
848.361 717.966
848.656 703.976
848.950 712.457
849.245 800.244
849.540 646.941
849.834 792.026
850.129 821.619
850.424 705.471
850.718 710.894
851.013 824.702
851.308 722.737
851.602 707.827
851.897 799.229
852.192 920.256
852.486 795.596
852.781 650.136
853.076 737.207
853.370 746.675
853.665 807.331
853.959 764.406
854.254 631.280
854.549 827.614
854.843 742.208
855.138 660.625
855.433 813.911
855.727 926.127
856.022 722.835
856.317 687.045
856.611 708.034
856.906 667.505
857.201 769.910
857.495 840.909
857.790 841.101
858.085 764.808
858.379 677.925
858.674 594.698
858.969 622.878
859.263 708.120
859.558 704.693
859.852 635.026
860.147 723.559
860.442 813.004
860.736 600.121
861.031 724.130
861.326 784.095
861.620 633.170
861.915 758.838
862.210 817.568
862.504 674.503
862.799 736.672
863.094 782.990
863.388 640.152
863.683 633.123
863.978 577.054
864.272 657.958
864.567 673.738
864.861 607.418
865.156 571.530
865.451 490.228
865.745 638.468
866.040 728.724
866.335 734.445
866.629 808.805
866.924 639.149
867.219 606.123
867.513 785.694
867.808 637.037
868.103 579.756
868.397 612.582
868.692 627.519
868.987 592.589
869.281 602.279
869.576 716.713
869.871 761.053
870.165 610.473
870.460 546.132
870.754 607.682
871.049 545.972
871.344 622.131
871.638 684.466
871.933 575.740
872.228 596.839
872.522 594.696
872.817 704.904
873.112 952.470
873.406 757.499
873.701 809.218
873.996 773.573
874.290 637.618
874.585 587.848
874.880 724.050
875.174 657.164
875.469 613.062
875.764 651.092
876.058 594.545
876.353 529.323
876.647 517.355
876.942 560.056
877.237 584.297
877.531 588.361
877.826 659.308
878.121 614.663
878.415 593.198
878.710 529.023
879.005 668.866
879.299 624.573
879.594 532.158
879.889 447.082
880.183 471.583
880.478 586.266
880.773 574.912
881.067 570.123
881.362 623.027
881.656 580.876
881.951 616.460
882.246 536.277
882.540 587.834
882.835 577.952
883.130 561.821
883.424 495.270
883.719 510.828
884.014 610.627
884.308 543.596
884.603 475.822
884.898 507.148
885.192 613.282
885.487 567.222
885.782 513.447
886.076 595.268
886.371 579.846
886.666 439.426
886.960 495.494
887.255 476.261
887.549 500.442
887.844 710.461
888.139 778.981
888.433 643.264
888.728 536.447
889.023 581.750
889.317 573.637
889.612 430.534
889.907 523.084
890.201 587.696
890.496 672.951
890.791 664.416
891.085 575.578
891.380 542.048
891.675 573.456
891.969 590.250
892.264 466.233
892.559 508.982
892.853 673.607
893.148 558.877
893.442 515.611
893.737 629.832
894.032 557.040
894.326 468.945
894.621 506.840
894.916 441.159
895.210 491.881
895.505 570.933
895.800 537.849
896.094 479.539
896.389 544.863
896.684 577.156
896.978 522.817
897.273 437.986
897.568 582.485
897.862 650.207
898.157 598.935
898.451 666.731
898.746 627.802
899.041 700.999
899.335 670.893
899.630 546.498
899.925 576.138
900.219 610.692
900.514 712.051
900.809 580.510
901.103 426.735
901.398 617.686
901.693 546.327
901.987 542.367
902.282 612.241
902.577 508.080
902.871 390.881
903.166 509.883
903.461 613.919
903.755 626.989
904.050 651.981
904.344 523.000
904.639 553.034
904.934 523.917
905.228 479.005
905.523 510.067
905.818 536.644
906.112 626.744
906.407 603.517
906.702 532.285
906.996 586.917
907.291 599.572
907.586 533.278
907.880 674.613
908.175 612.509
908.470 627.973
908.764 687.358
909.059 707.460
909.354 607.483
909.648 513.071
909.943 585.226
910.237 730.863
910.532 729.463
910.827 754.220
911.121 720.977
911.416 629.481
911.711 617.542
912.005 643.551
912.300 626.297
912.599 700.200
912.898 616.954
913.196 617.753
913.495 658.579
913.794 737.879
914.093 609.999
914.391 520.910
914.690 632.452
914.989 633.053
915.288 725.755
915.586 700.019
915.885 574.935
916.184 475.648
916.483 453.143
916.782 546.110
917.080 627.886
917.379 615.896
917.678 545.798
917.977 679.680
918.275 771.156
918.574 704.101
918.873 704.779
919.172 710.887
919.471 543.871
919.769 546.390
920.068 533.116
920.367 543.716
920.666 547.736
920.964 648.272
921.263 558.972
921.562 529.173
921.861 695.289
922.159 643.301
922.458 574.446
922.757 580.023
923.056 619.408
923.355 600.670
923.653 722.129
923.952 721.046
924.251 532.789
924.550 661.403
924.848 644.598
925.147 535.524
925.446 553.922
925.745 656.425
926.043 614.914
926.342 568.814
926.641 550.393
926.940 641.327
927.239 689.550
927.537 758.003
927.836 647.199
928.135 572.457
928.434 686.435
928.732 659.655
929.031 697.515
929.330 782.033
929.629 728.152
929.927 678.168
930.226 667.196
930.525 658.546
930.824 744.036
931.123 675.251
931.421 719.654
931.720 692.249
932.019 735.493
932.318 792.949
932.616 730.823
932.915 674.137
933.214 702.395
933.513 707.326
933.812 673.576
934.110 733.006
934.409 841.301
934.708 718.082
935.007 990.562
935.305 956.101
935.604 709.275
935.903 819.853
936.202 876.281
936.500 952.895
936.799 1033.686
937.098 995.972
937.397 912.069
937.696 812.345
937.994 813.234
938.293 931.229
938.592 797.100
938.891 824.656
939.189 892.493
939.488 947.040
939.787 1103.720
940.086 897.269
940.384 942.671
940.683 874.610
940.982 792.998
941.281 991.275
941.580 1311.696
941.878 1231.823
942.177 923.147
942.476 908.157
942.775 922.274
943.073 807.522
943.372 788.757
943.671 983.785
943.970 1125.843
944.268 1062.899
944.567 878.610
944.866 912.250
945.165 871.515
945.464 871.529
945.762 785.206
946.061 1026.035
946.360 1074.856
946.659 1011.511
946.957 1018.607
947.256 988.712
947.555 961.898
947.854 961.965
948.153 889.158
948.451 822.751
948.750 839.250
949.049 836.462
949.348 1049.476
949.646 972.924
949.945 879.751
950.244 993.448
950.543 917.097
950.841 800.218
951.140 770.786
951.439 694.062
951.738 721.239
952.037 827.308
952.335 906.076
952.634 916.732
952.933 845.559
953.232 811.525
953.530 532.547
953.829 881.122
954.128 1002.832
954.427 821.456
954.725 903.056
955.024 943.914
955.323 960.169
955.622 787.995
955.921 723.813
956.219 769.995
956.518 692.157
956.817 799.934
957.116 821.719
957.414 761.040
957.713 655.365
958.012 581.731
958.311 634.911
958.610 833.214
958.908 843.606
959.207 795.201
959.506 805.279
959.805 801.629
960.103 775.757
960.402 776.275
960.701 664.926
961.000 620.325
961.298 597.399
961.597 723.949
961.896 736.043
962.195 720.870
962.494 832.425
962.792 756.349
963.091 657.696
963.390 612.680
963.689 651.965
963.987 777.537
964.286 828.875
964.585 853.726
964.884 730.567
965.182 639.257
965.481 1017.850
965.780 1139.215
966.080 973.782
966.380 844.926
966.680 797.470
966.981 773.123
967.281 774.682
967.581 728.849
967.881 710.735
968.181 746.992
968.481 713.043
968.781 701.375
969.082 641.715
969.382 724.089
969.682 824.102
969.982 795.720
970.282 843.606
970.582 675.208
970.882 586.131
971.183 763.656
971.483 663.284
971.783 622.945
972.083 717.489
972.383 794.183
972.683 801.658
972.983 834.177
973.284 699.818
973.584 651.732
973.884 681.279
974.184 713.397
974.484 761.709
974.784 586.707
975.084 544.395
975.385 562.572
975.685 684.207
975.985 650.918
976.285 657.399
976.585 687.923
976.885 616.167
977.185 628.359
977.486 683.831
977.786 678.122
978.086 803.187
978.386 766.869
978.686 564.621
978.986 596.983
979.286 633.992
979.587 718.000
979.887 587.008
980.187 538.017
980.487 486.025
980.787 621.033
981.087 631.042
981.387 854.050
981.688 718.058
981.988 478.066
982.288 485.075
982.588 617.083
982.888 634.091
983.188 630.099
983.488 754.108
983.789 747.116
984.089 754.124
984.389 671.132
984.689 584.140
984.989 556.149
985.289 636.157
985.589 760.165
985.890 635.173
986.190 510.181
986.490 544.189
986.790 701.198
987.090 663.206
987.390 694.214
987.690 662.222
987.991 527.230
988.291 601.238
988.591 579.246
988.891 476.254
989.191 497.262
989.491 683.270
989.791 694.278
990.092 667.287
990.392 723.295
990.692 720.303
990.992 694.311
991.292 540.319
991.592 677.327
991.892 680.335
992.193 732.343
992.493 709.351
992.793 583.359
993.093 576.367
993.393 570.375
993.693 604.383
993.993 703.391
994.294 782.398
994.594 672.406
994.894 620.414
995.194 668.422
995.494 575.430
995.794 608.438
996.094 595.446
996.395 666.454
996.695 768.462
996.995 599.470
997.295 495.478
997.595 549.485
997.895 498.493
998.195 480.501
998.496 517.509
998.796 536.517
999.096 771.525
999.396 626.532
999.696 635.540
999.996 710.548
1000.296 812.556
1000.597 778.564
1000.897 648.571
1001.197 668.579
1001.497 845.587
1001.797 640.595
1002.097 519.603
1002.397 633.610
1002.698 705.618
1002.998 748.626
1003.298 686.633
1003.598 539.641
1003.898 513.649
1004.198 695.657
1004.498 751.664
1004.799 654.672
1005.099 706.680
1005.399 732.687
1005.699 757.695
1005.999 724.703
1006.299 581.710
1006.599 796.718
1006.900 778.726
1007.200 693.733
1007.500 740.741
1007.800 684.749
1008.100 614.756
1008.400 551.764
1008.700 517.771
1009.001 515.779
1009.301 542.787
1009.601 746.794
1009.901 829.802
1010.201 732.809
1010.501 681.817
1010.801 846.824
1011.102 643.832
1011.402 622.839
1011.702 534.847
1012.002 500.855
1012.302 663.862
1012.602 662.870
1012.902 618.877
1013.203 662.885
1013.503 711.892
1013.803 712.899
1014.103 534.907
1014.403 598.914
1014.703 576.922
1015.003 586.929
1015.304 773.937
1015.604 804.944
1015.904 531.952
1016.204 455.959
1016.504 531.967
1016.804 612.974
1017.104 625.981
1017.405 612.989
1017.705 575.996
1018.005 606.004
1018.305 637.011
1018.605 607.018
1018.905 443.026
1019.205 460.033
1019.506 786.040
1019.806 789.048
1020.106 663.055
1020.406 702.062
1020.706 672.070
1021.006 691.077
1021.306 822.084
1021.607 660.092
1021.907 758.099
1022.207 749.106
1022.507 582.114
1022.807 636.121
1023.107 653.128
1023.407 576.135
1023.708 594.143
1024.008 535.150
1024.308 582.157
1024.608 600.164
1024.908 489.172
1025.208 662.179
1025.508 831.186
1025.809 770.193
1026.109 595.200
1026.409 681.208
1026.709 673.215
1027.009 658.222
1027.309 701.229
1027.609 536.236
1027.910 534.244
1028.210 674.251
1028.510 768.258
1028.810 949.265
1029.110 860.272
1029.410 741.279
1029.710 822.286
1030.011 746.294
1030.311 777.301
1030.611 661.308
1030.911 686.315
1031.211 715.322
1031.511 597.329
1031.811 769.336
1032.112 789.343
1032.412 692.350
1032.712 563.357
1033.012 614.364
1033.312 736.371
1033.612 689.378
1033.912 631.386
1034.212 587.393
1034.513 584.400
1034.813 573.407
1035.113 677.414
1035.413 612.421
1035.713 636.428
1036.013 666.435
1036.313 606.442
1036.614 658.449
1036.914 609.456
1037.214 546.463
1037.514 679.469
1037.814 630.476
1038.114 602.483
1038.414 583.490
1038.715 732.497
1039.015 584.504
1039.315 513.511
1039.615 630.518
1039.915 595.525
1040.215 540.532
1040.515 615.539
1040.816 688.546
1041.116 644.553
1041.416 569.559
1041.716 494.566
1042.016 447.573
1042.316 647.580
1042.616 631.587
1042.917 519.594
1043.217 524.601
1043.517 575.607
1043.817 697.614
1044.117 713.621
1044.417 658.628
1044.717 586.635
1045.018 592.642
1045.318 672.648
1045.618 713.655
1045.918 620.662
1046.218 505.669
1046.518 582.675
1046.818 636.682
1047.119 590.689
1047.419 824.696
1047.719 731.703
1048.019 604.709
1048.319 629.716
1048.619 646.723
1048.919 656.729
1049.220 647.736
1049.520 729.743
1049.820 610.750
1050.120 509.756
1050.420 687.763
1050.720 700.770
1051.020 662.776
1051.321 692.783
1051.621 797.790
1051.921 655.796
1052.221 590.803
1052.521 524.810
1052.821 496.816
1053.121 667.823
1053.422 715.830
1053.722 785.836
1054.022 685.843
1054.322 717.850
1054.622 610.856
1054.922 537.863
1055.222 642.869
1055.523 678.876
1055.823 667.883
1056.123 703.889
1056.423 635.896
1056.723 721.902
1057.023 612.909
1057.323 474.916
1057.624 597.922
1057.924 705.929
1058.224 734.935
1058.524 595.942
1058.824 664.948
1059.124 637.955
1059.424 530.961
1059.725 666.968
1060.025 626.974
1060.325 569.981
1060.625 583.987
1060.925 577.994
1061.225 610.000
1061.525 775.007
1061.826 655.013
1062.126 651.020
1062.426 726.026
1062.726 736.033
1063.026 668.039
1063.326 880.046
1063.626 830.052
1063.927 673.058
1064.227 656.065
1064.527 588.071
1064.827 733.078
1065.127 687.084
1065.427 449.091
1065.727 521.097
1066.028 767.103
1066.328 756.110
1066.628 547.116
1066.928 553.123
1067.228 635.129
1067.528 596.135
1067.828 556.142
1068.129 486.148
1068.429 619.154
1068.729 731.161
1069.029 623.167
1069.329 483.173
1069.629 603.180
1069.929 741.186
1070.230 798.192
1070.530 704.199
1070.830 635.205
1071.130 693.211
1071.430 641.218
1071.730 637.224
1072.030 739.230
1072.331 611.237
1072.631 636.243
1072.931 675.249
1073.231 682.255
1073.531 591.262
1073.831 577.268
1074.131 702.274
1074.432 802.280
1074.732 689.287
1075.032 550.293
1075.332 577.299
1075.632 603.305
1075.932 561.312
1076.232 511.318
1076.533 532.324
1076.833 653.330
1077.133 651.336
1077.433 608.343
1077.733 608.349
1078.033 692.355
1078.333 704.361
1078.634 708.367
1078.934 714.373
1079.234 569.380
1079.534 712.386
1079.834 788.392
1080.134 681.398
1080.434 713.404
1080.735 676.410
1081.035 670.416
1081.335 484.423
1081.635 577.429
1081.935 630.435
1082.235 606.441
1082.535 637.447
1082.836 680.453
1083.136 663.459
1083.436 750.465
1083.736 731.471
1084.036 619.477
1084.336 576.483
1084.636 612.490
1084.937 737.496
1085.237 769.502
1085.537 705.508
1085.837 688.514
1086.137 594.520
1086.437 687.526
1086.737 649.532
1087.038 656.538
1087.338 775.544
1087.638 728.550
1087.938 579.556
1088.238 500.562
1088.538 592.568
1088.838 715.574
1089.139 744.580
1089.439 578.586
1089.739 672.592
1090.039 707.598
1090.339 747.604
1090.639 628.610
1090.939 677.616
1091.240 548.622
1091.540 583.628
1091.840 633.634
1092.140 730.639
1092.453 737.645
1092.766 558.651
1093.079 516.657
1093.392 612.663
1093.705 557.669
1094.018 602.675
1094.330 837.681
1094.643 735.687
1094.956 800.693
1095.269 694.699
1095.582 657.704
1095.895 614.710
1096.208 620.716
1096.521 600.722
1096.834 622.728
1097.147 583.734
1097.460 669.740
1097.773 795.745
1098.085 607.751
1098.398 504.757
1098.711 568.763
1099.024 476.769
1099.337 595.775
1099.650 756.780
1099.963 738.786
1100.276 590.792
1100.589 527.798
1100.902 640.804
1101.215 677.809
1101.528 722.815
1101.841 610.821
1102.153 643.827
1102.466 703.833
1102.779 541.838
1103.092 486.844
1103.405 613.850
1103.718 602.856
1104.031 578.861
1104.344 711.867
1104.657 657.873
1104.970 946.879
1105.283 778.884
1105.596 592.890
1105.909 564.896
1106.221 684.901
1106.534 718.907
1106.847 548.913
1107.160 474.919
1107.473 482.924
1107.786 585.930
1108.099 522.936
1108.412 510.941
1108.725 618.947
1109.038 536.953
1109.351 619.958
1109.664 612.964
1109.977 578.970
1110.289 620.975
1110.602 614.981
1110.915 623.987
1111.228 582.992
1111.541 524.998
1111.854 559.003
1112.167 498.009
1112.480 524.015
1112.793 629.020
1113.106 616.026
1113.419 666.032
1113.732 676.037
1114.044 579.043
1114.357 625.048
1114.670 646.054
1114.983 570.059
1115.296 552.065
1115.609 638.071
1115.922 690.076
1116.235 723.082
1116.548 711.087
1116.861 642.093
1117.174 553.098
1117.487 622.104
1117.800 861.109
1118.112 697.115
1118.425 613.121
1118.738 542.126
1119.051 583.132
1119.364 613.137
1119.677 642.143
1119.990 607.148
1120.303 668.154
1120.616 730.159
1120.929 596.165
1121.242 677.170
1121.555 723.176
1121.868 704.181
1122.180 665.187
1122.493 439.192
1122.806 440.197
1123.119 565.203
1123.432 627.208
1123.745 621.214
1124.058 560.219
1124.371 569.225
1124.684 689.230
1124.997 621.236
1125.310 583.241
1125.623 529.246
1125.935 500.252
1126.248 560.257
1126.561 695.263
1126.874 664.268
1127.187 728.274
1127.500 750.279
1127.813 692.284
1128.126 714.290
1128.439 695.295
1128.752 838.300
1129.065 617.306
1129.378 385.311
1129.691 551.317
1130.003 609.322
1130.316 555.327
1130.629 563.333
1130.942 611.338
1131.255 597.343
1131.568 510.349
1131.881 559.354
1132.194 643.359
1132.507 631.365
1132.820 617.370
1133.133 716.375
1133.446 578.381
1133.759 808.386
1134.071 1232.391
1134.384 884.397
1134.697 817.402
1135.010 799.407
1135.323 591.412
1135.636 479.418
1135.949 484.423
1136.262 587.428
1136.575 609.434
1136.888 627.439
1137.201 615.444
1137.514 595.449
1137.826 716.455
1138.139 584.460
1138.452 609.465
1138.765 791.470
1139.078 775.476
1139.391 723.481
1139.704 682.486
1140.017 711.491
1140.330 613.496
1140.643 592.502
1140.956 625.507
1141.269 604.512
1141.582 613.517
1141.894 528.522
1142.207 733.528
1142.520 712.533
1142.833 779.538
1143.146 662.543
1143.459 519.548
1143.772 643.554
1144.085 726.559
1144.398 571.564
1144.711 538.569
1145.024 526.574
1145.337 575.579
1145.650 660.585
1145.962 630.590
1146.275 640.595
1146.588 561.600
1146.901 681.605
1147.214 631.610
1147.527 532.615
1147.840 606.620
1148.153 600.626
1148.466 648.631
1148.779 670.636
1149.092 762.641
1149.405 636.646
1149.718 678.651
1150.030 707.656
1150.343 644.661
1150.656 549.666
1150.969 571.671
1151.282 787.676
1151.595 725.682
1151.908 618.687
1152.221 423.692
1152.534 474.697
1152.847 794.702
1153.160 695.707
1153.473 702.712
1153.785 711.717
1154.098 653.722
1154.411 722.727
1154.724 685.732
1155.037 752.737
1155.350 685.742
1155.663 716.747
1155.976 588.752
1156.289 662.757
1156.602 563.762
1156.915 449.767
1157.228 475.772
1157.541 564.777
1157.853 577.782
1158.166 652.787
1158.479 704.792
1158.792 636.797
1159.105 688.802
1159.418 734.807
1159.731 603.812
1160.044 600.817
1160.357 756.822
1160.670 736.827
1160.983 505.832
1161.296 628.837
1161.609 789.842
1161.921 628.846
1162.234 565.851
1162.547 483.856
1162.860 543.861
1163.173 573.866
1163.486 710.871
1163.799 720.876
1164.112 586.881
1164.425 605.886
1164.738 523.891
1165.051 467.896
1165.364 562.900
1165.676 635.905
1165.989 663.910
1166.302 583.915
1166.615 743.920
1166.928 731.925
1167.241 789.930
1167.554 764.935
1167.867 708.939
1168.180 646.944
1168.493 514.949
1168.806 575.954
1169.119 585.959
1169.432 651.964
1169.744 648.969
1170.057 710.973
1170.370 799.978
1170.683 718.983
1170.996 592.988
1171.309 601.993
1171.622 568.997
1171.935 563.002
1172.248 744.007
1172.561 739.012
1172.874 665.017
1173.187 670.021
1173.500 707.026
1173.812 734.031
1174.125 713.036
1174.438 677.041
1174.751 586.045
1175.064 568.050
1175.377 711.055
1175.690 642.060
1176.003 539.064
1176.316 578.069
1176.629 587.074
1176.942 538.079
1177.255 552.083
1177.567 525.088
1177.880 540.093
1178.193 683.098
1178.506 588.102
1178.819 648.107
1179.132 745.112
1179.445 546.117
1179.758 699.121
1180.071 730.126
1180.384 598.131
1180.697 669.135
1181.010 724.140
1181.323 810.145
1181.635 778.150
1181.948 750.154
1182.261 638.159
1182.574 527.164
1182.887 581.168
1183.200 725.173
1183.513 742.178
1183.826 657.182
1184.139 707.187
1184.452 681.192
1184.765 598.196
1185.078 555.201
1185.391 562.206
1185.703 524.210
1186.016 446.215
1186.329 501.219
1186.642 640.224
1186.955 771.229
1187.268 606.233
1187.581 609.238
1187.894 613.243
1188.207 674.247
1188.520 593.252
1188.833 594.256
1189.146 518.261
1189.459 465.266
1189.771 550.270
1190.084 732.275
1190.397 656.279
1190.710 719.284
1191.023 711.289
1191.336 652.293
1191.649 583.298
1191.962 650.302
1192.275 601.307
1192.588 717.311
1192.901 838.316
1193.214 652.321
1193.526 606.325
1193.839 701.330
1194.152 560.334
1194.465 623.339
1194.778 608.343
1195.091 628.348
1195.404 577.352
1195.717 612.357
1196.030 713.361
1196.343 598.366
1196.656 529.370
1196.969 586.375
1197.282 636.379
1197.594 668.384
1197.907 811.389
1198.220 733.393
1198.533 636.398
1198.846 618.402
1199.159 558.406
1199.472 639.411
1199.785 751.415
1200.098 606.420
1200.411 689.424
1200.724 715.429
1201.037 702.433
1201.350 579.438
1201.662 500.442
1201.975 616.447
1202.288 657.451
1202.601 297.456
