165.028 157.214
165.288 94.855
165.547 132.501
165.807 155.149
166.067 23.800
166.327 -29.545
166.587 15.113
166.847 149.774
167.107 152.438
167.367 130.105
167.627 179.775
167.886 154.448
168.146 155.124
168.406 326.803
168.666 250.485
168.926 155.170
169.186 168.858
169.446 196.548
169.706 62.242
169.966 127.938
170.225 161.637
170.485 223.338
170.745 247.043
171.005 352.749
171.265 222.459
171.525 200.171
171.785 111.886
172.045 115.603
172.305 248.323
172.564 175.045
172.824 62.770
173.084 215.497
173.344 166.226
173.604 143.958
173.864 279.693
174.124 207.429
174.384 118.168
174.644 232.909
174.903 352.652
175.163 357.398
175.423 365.145
175.683 181.895
175.943 291.647
176.203 218.401
176.463 189.157
176.723 140.915
176.983 153.675
177.242 203.437
177.502 325.201
177.762 341.967
178.022 137.735
178.282 92.504
178.542 59.276
178.802 115.049
179.062 88.824
179.322 260.601
179.581 326.379
179.841 190.159
180.101 271.941
180.361 304.725
180.621 287.510
180.881 203.296
181.141 204.085
181.401 224.874
181.661 270.666
181.920 391.458
182.180 230.253
182.440 132.048
182.700 120.845
182.960 149.644
183.220 213.443
183.480 436.244
183.740 304.047
184.000 232.850
184.259 92.655
184.519 200.461
184.779 172.269
185.039 279.077
185.299 442.887
185.559 410.697
185.819 353.509
186.079 375.322
186.339 266.136
186.598 216.951
186.858 137.767
187.118 176.583
187.378 293.401
187.638 237.220
187.898 328.040
188.158 402.860
188.418 199.682
188.678 169.504
188.937 251.327
189.197 296.150
189.457 321.975
189.717 295.800
189.977 143.626
190.237 172.453
190.497 345.280
190.757 265.108
191.017 243.937
191.276 185.766
191.536 206.596
191.796 215.426
192.056 204.257
192.316 211.088
192.576 194.920
192.836 210.752
193.096 277.585
193.356 228.418
193.616 242.252
193.875 197.086
194.135 170.920
194.395 289.754
194.655 319.589
194.915 289.425
195.175 262.260
195.435 350.096
195.695 175.932
195.955 32.768
196.214 156.605
196.474 327.441
196.734 307.278
196.994 286.115
197.254 289.952
197.514 246.789
197.774 267.626
198.034 165.464
198.294 129.301
198.553 213.138
198.813 190.976
199.073 91.813
199.333 146.650
199.593 337.488
199.853 388.325
200.113 453.162
200.373 407.999
200.633 222.836
200.892 178.673
201.152 161.509
201.412 187.346
201.672 287.182
201.932 500.018
202.192 399.854
202.452 245.690
202.712 227.525
202.972 254.360
203.231 382.195
203.491 337.029
203.751 268.864
204.011 315.697
204.271 430.531
204.531 225.364
204.791 136.197
205.051 239.029
205.311 359.861
205.570 233.693
205.830 166.524
206.090 169.355
206.350 308.185
206.610 471.015
206.870 247.844
207.130 219.673
207.390 299.501
207.650 233.329
207.909 277.156
208.169 300.982
208.429 324.808
208.689 212.634
208.949 334.459
209.209 394.283
209.469 205.106
209.729 152.929
209.989 236.752
210.248 161.573
210.508 441.394
210.768 420.214
211.028 251.034
211.288 355.853
211.548 297.671
211.808 311.488
212.068 464.305
212.328 484.121
212.587 480.936
212.847 359.750
213.107 358.564
213.367 335.376
213.627 343.188
213.887 332.999
214.147 231.810
214.407 321.619
214.667 296.427
214.926 388.235
215.186 350.042
215.446 384.848
215.706 254.653
215.966 243.457
216.226 239.260
216.486 233.062
216.746 317.864
217.006 340.664
217.265 267.463
217.525 271.262
217.785 279.059
218.045 294.856
218.305 273.651
218.565 266.446
218.825 288.240
219.085 385.032
219.345 256.823
219.604 217.614
219.864 305.403
220.124 355.192
220.384 336.979
220.644 289.765
220.904 222.550
221.164 217.335
221.424 206.118
221.684 196.899
221.943 250.680
222.203 370.460
222.463 269.239
222.723 222.016
222.983 337.792
223.243 266.568
223.503 311.342
223.763 240.115
224.023 161.886
224.282 296.657
224.542 344.426
224.802 399.195
225.062 392.962
225.322 441.728
225.582 385.492
225.842 335.256
226.102 379.018
226.362 315.779
226.621 344.539
226.881 272.298
227.141 340.055
227.401 384.811
227.661 290.566
227.921 464.320
228.181 316.073
228.441 285.824
228.701 463.574
228.960 460.323
229.220 312.070
229.480 242.816
229.740 401.561
230.000 553.305
230.260 328.047
230.520 264.788
230.780 264.528
231.040 290.267
231.299 296.004
231.559 315.740
231.819 339.474
232.079 403.208
232.339 399.940
232.599 231.670
232.859 345.399
233.119 421.127
233.379 292.854
233.638 310.580
233.898 452.304
234.158 427.026
234.418 282.748
234.678 348.468
234.938 441.186
235.198 305.903
235.458 247.619
235.718 304.334
235.978 280.047
236.237 310.759
236.497 398.470
236.757 444.179
237.017 370.886
237.277 369.593
237.537 338.298
237.797 249.002
238.057 380.704
238.317 316.405
238.576 219.104
238.836 294.802
239.096 421.499
239.356 359.194
239.616 357.888
239.876 379.581
240.136 362.272
240.396 450.962
240.656 502.650
240.915 399.337
241.175 348.023
241.435 243.707
241.695 365.390
241.955 544.071
242.215 585.751
242.475 407.430
242.735 260.107
242.995 372.783
243.254 373.457
243.514 324.130
243.774 172.802
244.034 245.472
244.294 554.141
244.554 426.808
244.814 356.474
245.074 320.139
245.334 312.802
245.593 360.463
245.853 353.124
246.113 285.782
246.373 428.440
246.633 536.096
246.893 429.750
247.153 404.404
247.413 436.055
247.673 415.706
247.932 344.355
248.192 387.002
248.452 453.648
248.712 411.293
248.972 269.936
249.232 468.578
249.492 387.218
249.752 245.857
250.012 426.495
250.271 344.131
250.531 419.766
250.791 631.399
251.051 588.031
251.311 387.662
251.571 220.291
251.831 355.918
252.091 458.544
252.351 429.169
252.610 344.793
252.870 347.415
253.130 314.035
253.390 321.655
253.650 413.272
253.911 449.889
254.172 484.504
254.433 404.117
254.694 333.729
254.955 393.340
255.216 354.949
255.477 485.557
255.738 430.164
255.999 369.769
256.261 532.372
256.522 492.975
256.783 477.576
257.044 322.175
257.305 249.773
257.566 231.370
257.827 190.965
258.088 294.559
258.349 281.152
258.610 397.743
258.871 502.332
259.132 536.921
259.393 411.508
259.654 285.093
259.915 246.677
260.176 333.260
260.437 370.842
260.698 320.422
260.959 340.000
261.221 479.578
261.482 503.153
261.743 437.728
262.004 436.301
262.265 633.873
262.526 563.443
262.787 362.012
263.048 347.580
263.309 372.146
263.570 496.711
263.831 456.275
264.092 404.837
264.353 251.398
264.614 554.957
264.875 512.515
265.136 381.072
265.397 551.627
265.658 576.181
265.919 622.734
266.181 531.286
266.442 444.836
266.703 353.384
266.964 346.932
267.225 381.478
267.486 397.022
267.747 478.566
268.008 518.108
268.269 576.648
268.530 541.188
268.791 467.726
269.052 459.262
269.313 461.798
269.574 451.332
269.835 408.864
270.096 453.396
270.357 492.926
270.618 379.455
270.879 336.982
271.141 378.508
271.402 382.033
271.663 353.557
271.924 389.079
272.185 452.600
272.446 405.119
272.707 415.638
272.968 361.155
273.229 348.671
273.490 387.185
273.751 371.698
274.012 408.210
274.273 475.721
274.534 409.230
274.795 445.738
275.056 450.245
275.317 315.750
275.578 258.255
275.839 362.758
276.101 301.259
276.362 317.760
276.623 385.259
276.884 516.757
277.145 495.254
277.406 474.749
277.667 329.243
277.928 266.736
278.189 480.228
278.450 494.718
278.711 444.207
278.972 453.695
279.233 417.182
279.494 508.668
279.755 590.152
280.016 550.635
280.277 417.117
280.538 430.597
280.799 341.077
281.061 399.555
281.322 405.032
281.583 417.507
281.844 358.982
282.105 355.455
282.366 503.927
282.627 474.398
282.888 525.868
283.149 485.336
283.410 406.804
283.671 453.270
283.932 413.735
284.193 269.198
284.454 350.661
284.715 473.122
284.976 412.582
285.237 554.041
285.498 757.499
285.759 566.956
286.021 564.411
286.282 501.865
286.543 536.319
286.804 505.771
287.065 507.221
287.326 546.671
287.587 382.119
287.848 471.567
288.109 585.013
288.370 514.458
288.631 388.902
288.892 316.345
289.153 334.786
289.414 295.227
289.675 526.666
289.936 641.104
290.197 553.541
290.458 472.977
290.719 430.412
290.981 572.846
291.242 602.279
291.503 561.710
291.764 422.140
292.025 297.570
292.286 338.998
292.547 464.425
292.808 444.851
293.069 494.276
293.330 477.699
293.591 523.122
293.852 457.544
294.113 378.964
294.374 367.383
294.635 506.802
294.896 553.219
295.157 540.635
295.418 556.050
295.679 589.464
295.941 544.877
296.202 516.289
296.463 497.700
296.724 578.110
296.985 591.518
297.246 597.926
297.507 395.332
297.768 350.738
298.029 444.142
298.290 663.546
298.551 726.948
298.812 717.349
299.073 571.750
299.334 428.149
299.595 542.547
299.856 532.944
300.117 639.340
300.378 604.735
300.639 411.130
300.901 401.523
301.162 525.915
301.423 577.306
301.684 647.696
301.945 657.085
302.206 480.473
302.467 484.860
302.728 405.246
302.989 495.631
303.250 547.015
303.511 583.398
303.772 593.780
304.033 554.161
304.294 551.541
304.555 494.920
304.816 519.298
305.077 537.675
305.338 456.051
305.599 465.426
305.861 467.800
306.122 519.174
306.383 479.546
306.644 499.917
306.905 424.287
307.166 578.657
307.427 539.025
307.688 462.392
307.949 455.759
308.210 472.124
308.471 462.489
308.732 436.853
308.993 357.215
309.254 421.577
309.515 371.938
309.776 481.298
310.037 489.657
310.298 330.015
310.559 383.372
310.821 549.728
311.082 483.083
311.343 354.437
311.604 392.791
311.865 405.143
312.126 338.495
312.387 412.846
312.648 461.195
312.909 461.544
313.170 471.892
313.434 489.239
313.698 445.585
313.963 517.931
314.227 474.275
314.491 466.618
314.755 450.961
315.019 452.303
315.284 333.643
315.548 461.983
315.812 474.322
316.076 552.661
316.340 565.998
316.604 568.334
316.869 636.670
317.133 545.005
317.397 550.338
317.661 608.671
317.925 514.004
318.190 476.335
318.454 463.665
318.718 446.995
318.982 552.323
319.246 625.651
319.511 761.978
319.775 546.304
320.039 521.630
320.303 512.954
320.567 568.278
320.832 559.601
321.096 510.923
321.360 536.244
321.624 474.564
321.888 378.884
322.153 386.202
322.417 345.520
322.681 326.837
322.945 488.154
323.209 512.469
323.473 493.784
323.738 475.097
324.002 492.410
324.266 604.723
324.530 579.034
324.794 439.345
325.059 391.654
325.323 347.963
325.587 427.271
325.851 473.579
326.115 671.886
326.380 608.191
326.644 545.496
326.908 564.801
327.172 495.104
327.436 515.407
327.701 487.709
327.965 460.010
328.229 539.310
328.493 388.610
328.757 422.909
329.022 588.207
329.286 474.504
329.550 422.801
329.814 469.097
330.078 524.392
330.342 426.686
330.607 463.980
330.871 598.273
331.135 671.565
331.399 644.856
331.663 546.146
331.928 494.436
332.192 565.725
332.456 487.014
332.720 491.301
332.984 435.588
333.249 465.874
333.513 457.160
333.777 373.445
334.041 384.729
334.305 478.012
334.570 545.294
334.834 418.576
335.098 561.857
335.362 644.138
335.626 576.417
335.891 493.696
336.155 572.975
336.419 576.252
336.683 386.529
336.947 513.805
337.211 537.081
337.476 426.355
337.740 441.630
338.004 419.903
338.268 466.176
338.532 546.448
338.797 530.719
339.061 598.989
339.325 642.259
339.589 686.529
339.853 560.797
340.118 480.065
340.382 564.332
340.646 625.599
340.910 434.865
341.174 469.130
341.439 466.394
341.703 539.658
341.967 475.922
342.231 473.184
342.495 412.446
342.759 524.707
343.024 541.968
343.288 665.228
343.552 596.487
343.816 353.746
344.080 418.003
344.345 502.261
344.609 363.517
344.873 272.773
345.137 433.029
345.401 543.284
345.666 374.538
345.930 560.791
346.194 632.044
346.458 422.296
346.722 419.548
346.987 385.799
347.251 480.049
347.515 690.299
347.779 495.548
348.043 427.796
348.308 438.044
348.572 356.291
348.836 331.538
349.100 397.784
349.364 340.029
349.628 344.274
349.893 393.518
350.157 507.761
350.421 493.004
350.685 499.247
350.949 524.488
351.214 373.730
351.478 423.970
351.742 502.210
352.006 516.449
352.270 497.688
352.535 387.926
352.799 393.164
353.063 489.401
353.327 420.637
353.591 391.873
353.856 470.108
354.120 495.343
354.384 591.577
354.648 717.810
354.912 637.043
355.177 467.275
355.441 364.507
355.705 597.738
355.969 642.969
356.233 536.199
356.497 552.428
356.762 539.657
357.026 459.886
357.290 487.113
357.554 493.341
357.818 526.567
358.083 560.793
358.347 507.019
358.611 488.244
358.875 499.468
359.139 500.692
359.404 422.915
359.668 540.138
359.932 687.360
360.196 641.582
360.460 546.803
360.725 576.024
360.989 616.244
361.253 751.463
361.517 659.682
361.781 563.901
362.046 604.119
362.310 632.336
362.574 595.553
362.838 533.769
363.102 502.985
363.366 525.201
363.631 458.415
363.895 519.629
364.159 651.843
364.423 563.056
364.687 589.269
364.952 641.481
365.216 683.693
365.480 586.904
365.747 427.115
366.013 441.325
366.280 452.534
366.546 603.743
366.813 562.952
367.079 585.160
367.346 641.368
367.612 571.575
367.879 598.781
368.145 656.987
368.412 533.193
368.678 508.398
368.945 634.603
369.211 600.807
369.478 593.010
369.744 564.213
370.011 541.416
370.278 495.618
370.544 469.820
370.811 523.021
371.077 537.222
371.344 518.422
371.610 575.621
371.877 547.821
372.143 565.019
372.410 617.218
372.676 680.415
372.943 692.613
373.209 613.810
373.476 504.006
373.742 427.202
374.009 572.397
374.276 611.592
374.542 581.787
374.809 468.981
375.075 345.174
375.342 385.368
375.608 447.560
375.875 419.752
376.141 613.944
376.408 615.135
376.674 613.326
376.941 561.517
377.207 543.707
377.474 915.896
377.740 822.085
378.007 527.274
378.273 599.462
378.540 675.649
378.807 552.837
379.073 440.023
379.340 443.210
379.606 521.396
379.873 524.581
380.139 537.766
380.406 571.951
380.672 537.135
380.939 476.319
381.205 444.502
381.472 410.685
381.738 414.867
382.005 583.049
382.271 598.231
382.538 536.412
382.804 652.592
383.071 565.773
383.338 545.953
383.604 548.132
383.871 687.311
384.137 667.490
384.404 578.668
384.670 554.846
384.937 498.023
385.203 592.200
385.470 579.376
385.736 596.552
386.003 563.728
386.269 542.903
386.536 503.078
386.802 489.253
387.069 620.427
387.336 815.600
387.602 759.774
387.869 494.946
388.135 444.119
388.402 398.291
388.668 519.462
388.935 604.634
389.201 716.804
389.468 694.975
389.734 709.145
390.001 658.315
390.267 575.484
390.534 652.653
390.800 643.821
391.067 704.989
391.333 656.157
391.600 589.324
391.867 622.491
392.133 579.658
392.400 520.824
392.666 437.989
392.933 602.155
393.199 706.320
393.466 555.484
393.732 566.649
393.999 641.812
394.265 648.976
394.532 597.139
394.798 697.302
395.065 618.464
395.331 598.626
395.598 672.788
395.864 724.949
396.131 860.110
396.398 1040.270
396.664 1105.430
396.931 1304.590
397.197 1621.749
397.464 1885.908
397.730 2373.067
397.997 2528.225
398.263 2638.383
398.530 2877.541
398.796 3197.698
399.063 3269.855
399.329 3211.011
399.596 3435.167
399.862 3428.323
400.129 3369.479
400.396 3404.634
400.662 3141.788
400.929 3009.943
401.195 2983.097
401.462 3004.250
401.728 3117.404
401.995 3160.557
402.261 3015.709
402.528 3096.862
402.794 3255.014
403.061 3384.165
403.327 3693.316
403.594 3689.467
403.860 3595.618
404.127 3540.768
404.393 3610.918
404.660 3648.067
404.931 3803.217
405.202 3859.366
405.473 3778.514
405.745 4023.662
406.016 4310.810
406.287 4223.958
406.558 4131.105
406.829 4225.252
407.100 4103.398
407.371 4395.544
407.642 4399.690
407.914 4227.836
408.185 4120.981
408.456 4243.126
408.727 4382.271
408.998 4303.415
409.269 4419.559
409.540 4501.702
409.811 4276.846
410.083 4266.989
410.354 4076.131
410.625 3884.274
410.896 3964.416
411.167 4015.557
411.438 4016.699
411.709 3661.840
411.981 3722.980
412.252 3343.121
412.523 2992.261
412.794 3056.401
413.065 2973.540
413.336 2553.680
413.607 2505.818
413.878 2460.957
414.150 2330.095
414.421 1997.233
414.692 1817.371
414.963 1717.508
415.234 1738.645
415.505 1625.782
415.776 1648.918
416.047 1574.055
416.319 1487.190
416.590 1307.326
416.861 994.461
417.132 1122.596
417.403 1112.731
417.674 989.865
417.945 855.999
418.217 828.133
418.488 938.266
418.759 803.400
419.030 686.532
419.301 678.665
419.572 758.797
419.843 771.929
420.114 663.061
420.386 640.192
420.657 791.324
420.928 703.454
421.199 678.585
421.470 697.715
421.741 569.845
422.012 536.975
422.283 587.104
422.555 606.234
422.826 648.362
423.097 765.491
423.368 685.619
423.639 519.747
423.910 647.875
424.181 643.003
424.453 553.130
424.724 797.257
424.995 897.383
425.266 715.510
425.537 622.636
425.808 775.762
426.079 839.887
426.350 775.012
426.622 751.137
426.893 844.262
427.164 710.387
427.435 600.511
427.706 635.635
427.977 717.758
428.248 664.882
428.519 707.005
428.791 681.128
429.062 816.250
429.333 671.373
429.604 622.495
429.875 765.617
430.146 838.738
430.417 767.859
430.689 721.980
430.960 631.101
431.231 651.222
431.502 778.342
431.773 792.462
432.044 695.582
432.315 854.701
432.586 783.820
432.858 771.939
433.129 632.058
433.400 661.177
433.671 723.295
433.942 657.413
434.213 488.530
434.484 557.648
434.755 627.765
435.027 453.882
435.298 554.999
435.569 655.115
435.840 588.231
436.116 586.347
436.391 642.463
436.667 699.579
436.942 746.694
437.218 759.809
437.493 770.924
437.769 809.038
438.045 726.152
438.320 718.266
438.596 717.380
438.871 607.494
439.147 583.607
439.422 560.720
439.698 468.833
439.974 538.945
440.249 687.058
440.525 710.170
440.800 511.282
441.076 622.393
441.351 779.505
441.627 788.616
441.903 756.727
442.178 571.838
442.454 569.948
442.729 748.058
443.005 596.168
443.281 749.278
443.556 906.388
443.832 753.497
444.107 626.606
444.383 652.715
444.658 670.824
444.934 553.932
445.210 697.040
445.485 797.148
445.761 820.256
446.036 772.363
446.312 793.471
446.587 746.578
446.863 605.684
447.139 596.791
447.414 635.897
447.690 711.004
447.965 689.110
448.241 628.215
448.516 679.321
448.792 647.426
449.068 634.531
449.343 686.636
449.619 583.741
449.894 629.845
450.170 601.949
450.445 798.053
450.721 883.157
450.997 598.261
451.272 678.364
451.548 664.467
451.823 639.570
452.099 674.673
452.375 586.775
452.650 652.878
452.926 688.980
453.201 701.082
453.477 967.183
453.752 865.285
454.028 707.386
454.304 777.487
454.579 839.588
454.855 753.689
455.130 739.789
455.406 855.889
455.681 815.989
455.957 736.089
456.233 674.189
456.508 657.288
456.784 762.387
457.059 757.486
457.335 879.585
457.610 768.684
457.886 687.782
458.162 612.880
458.437 594.978
458.713 703.076
458.988 692.174
459.264 728.271
459.539 737.368
459.815 695.465
460.091 613.562
460.366 544.659
460.642 528.755
460.917 632.851
461.193 669.947
461.468 580.043
461.744 588.139
462.020 578.234
462.295 620.330
462.571 598.425
462.846 652.519
463.122 756.614
463.397 737.709
463.673 616.187
463.949 651.246
464.224 677.314
464.500 714.370
464.775 684.178
465.051 767.736
465.327 800.564
465.602 958.541
465.878 1009.541
466.153 887.867
466.429 1089.646
466.704 1372.084
466.980 1324.920
467.256 1383.012
467.531 1501.605
467.807 1511.217
468.082 1422.131
468.358 1441.819
468.633 1500.470
468.909 1436.304
469.185 1361.457
469.460 1463.521
469.736 1508.389
470.011 1376.556
470.287 1336.027
470.562 1373.085
470.838 1230.262
471.114 1310.383
471.389 1293.301
471.665 1206.731
471.940 1274.844
472.216 1227.363
472.491 1065.576
472.767 1094.129
473.043 1195.638
473.318 1207.898
473.594 1020.402
473.869 938.111
474.145 922.940
474.421 976.946
474.696 911.927
474.972 810.093
475.247 852.801
475.523 923.304
475.798 893.752
476.074 784.987
476.350 764.708
476.625 824.699
476.901 834.980
477.176 828.107
477.452 727.656
477.727 721.639
478.003 595.992
478.279 809.493
478.554 915.270
478.830 873.561
479.105 833.294
479.381 803.123
479.656 774.810
479.932 834.901
480.208 925.234
480.483 915.282
480.759 950.756
481.034 851.900
481.310 785.317
481.585 846.318
481.861 918.982
482.137 817.434
482.412 825.749
482.688 906.503
482.963 955.827
483.239 938.919
483.514 681.486
483.790 758.205
484.066 1013.273
484.341 895.576
484.617 791.075
484.892 927.890
485.168 875.234
485.443 730.309
485.719 823.829
485.995 939.337
486.270 908.754
486.546 824.938
486.821 738.964
487.097 685.264
487.373 789.203
487.648 963.909
487.924 917.808
488.199 731.326
488.475 604.685
488.750 635.929
489.026 775.983
489.302 729.936
489.577 729.297
489.853 768.817
490.128 905.034
490.404 854.323
490.679 691.972
490.955 901.538
491.231 983.725
491.506 898.658
491.782 828.115
492.057 733.447
492.333 828.434
492.608 826.552
492.884 828.584
493.160 706.350
493.435 736.241
493.711 888.276
493.986 828.715
494.262 762.935
494.537 715.951
494.813 856.080
495.089 745.993
495.364 757.855
495.640 841.426
495.915 809.083
496.191 909.174
496.467 863.838
496.742 804.799
497.018 863.717
497.293 785.804
497.569 868.670
497.844 778.384
498.120 858.655
498.396 882.257
498.671 824.617
498.947 926.974
499.222 877.272
499.498 815.532
499.773 917.097
500.049 926.974
500.325 902.024
500.600 1049.901
500.876 1050.023
501.151 1175.573
501.427 1236.062
501.702 1319.789
501.978 1340.967
502.254 1357.839
502.529 1271.032
502.805 1425.456
503.080 1554.989
503.356 1471.867
503.631 1474.436
503.907 1473.444
504.183 1400.641
504.458 1452.332
504.734 1373.079
505.009 1485.385
505.285 1444.449
505.560 1367.226
505.836 1305.928
506.112 1311.059
506.387 1228.134
506.663 1185.507
506.938 1197.711
507.214 1143.180
507.490 1174.419
507.765 1122.850
508.041 1147.137
508.316 1220.870
508.592 1062.388
508.867 1081.509
509.143 1200.089
509.419 1098.650
509.694 894.910
509.970 792.672
510.245 787.149
510.521 908.430
510.796 815.682
511.072 724.840
511.348 769.325
511.623 845.165
511.899 831.777
512.174 908.476
512.450 878.871
512.725 812.469
513.001 663.068
513.277 650.597
513.552 858.863
513.828 797.077
514.103 739.214
514.379 872.158
514.654 755.349
514.930 777.506
515.206 1041.773
515.481 900.523
515.757 683.348
516.032 689.593
516.308 814.286
516.583 864.287
516.859 763.349
517.135 846.178
517.410 911.652
517.686 895.194
517.961 880.680
518.237 850.906
518.513 768.972
518.788 1003.300
519.064 1086.368
519.339 1020.813
519.615 1009.271
519.890 1072.969
520.166 1121.130
520.442 1297.205
520.717 1300.154
520.993 1262.932
521.268 1092.384
521.544 1124.206
521.819 1116.343
522.095 1141.244
522.371 1291.696
522.646 1270.663
522.922 1308.778
523.197 1278.187
523.473 1381.330
523.748 1305.791
524.024 1181.449
524.300 1165.240
524.575 1146.161
524.851 1240.000
525.126 1236.005
525.402 1280.309
525.677 1386.588
525.953 1274.423
526.229 1220.944
526.504 1153.272
526.780 1328.136
527.055 1283.532
527.331 1228.088
527.606 1324.150
527.882 1318.156
528.158 1175.799
528.433 1302.874
528.709 1197.365
528.984 1247.327
529.260 1298.822
529.535 1244.798
529.811 1064.260
530.087 1014.393
530.362 1042.403
530.638 1132.891
530.913 1142.848
531.189 1130.495
531.465 1015.688
531.740 982.910
532.016 1010.030
532.291 992.678
532.567 984.000
532.842 997.623
533.118 1002.527
533.394 1061.810
533.669 917.046
533.945 770.215
534.220 786.809
534.496 927.846
534.771 926.857
535.047 966.842
535.323 930.734
535.598 933.785
535.874 975.768
536.149 919.105
536.425 853.524
536.700 838.903
536.976 922.957
537.252 1143.742
537.527 1227.437
537.803 1367.964
538.078 1596.504
538.354 1658.506
538.629 1675.943
538.905 1717.337
539.181 1842.082
539.456 1904.267
539.732 2155.956
540.007 2238.933
540.283 2102.861
540.558 2103.802
540.834 2134.725
541.110 2205.211
541.385 2209.226
541.661 2312.252
541.936 2438.483
542.212 2358.261
542.488 2282.993
542.763 2399.005
543.039 2441.122
543.314 2376.692
543.590 2281.788
543.865 2235.169
544.141 2195.502
544.417 2155.834
544.692 2147.944
544.968 2224.462
545.243 2105.455
545.519 1936.586
545.794 1968.386
546.070 2089.712
546.348 2013.238
546.627 1772.722
546.905 1921.803
547.183 1910.095
547.461 1935.967
547.740 2001.562
548.018 1889.290
548.296 1929.175
548.575 1928.235
548.853 1841.893
549.131 1967.069
549.409 2111.996
549.688 2226.136
549.966 2282.736
550.244 2441.518
550.523 2416.355
550.801 2486.292
551.079 2566.971
551.357 2711.434
551.636 2642.601
551.914 2624.620
552.192 2600.016
552.471 2769.465
552.749 2809.379
553.027 2734.815
553.306 2798.057
553.584 2997.714
553.862 3072.423
554.140 3095.067
554.419 3139.892
554.697 3367.170
554.975 3493.084
555.254 3476.034
555.532 3246.127
555.810 3293.742
556.088 3482.119
556.367 3320.532
556.645 3147.118
556.923 3213.315
557.202 3150.961
557.480 3128.533
557.758 2838.447
558.036 2711.435
558.315 2666.544
558.593 2813.736
558.871 2656.960
559.150 2460.569
559.428 2462.104
559.706 2342.791
559.984 2235.365
560.263 2328.725
560.541 2134.685
560.819 1984.573
561.098 1975.997
561.376 1900.082
561.654 1603.976
561.932 1451.573
562.211 1500.704
562.489 1450.799
562.767 1312.217
563.046 1106.032
563.324 1018.645
563.602 1087.874
563.880 1019.698
564.159 1028.381
564.437 1083.051
564.715 920.989
564.994 717.580
565.272 785.764
565.550 710.273
565.828 621.749
566.107 765.014
566.385 758.845
566.663 681.387
566.942 687.851
567.220 731.125
567.498 896.296
567.776 717.496
568.055 632.926
568.333 762.779
568.611 765.257
568.890 626.575
569.168 562.192
569.446 672.926
569.725 700.024
570.003 576.398
570.281 552.823
570.559 658.284
570.838 690.912
571.116 687.750
571.394 689.733
571.673 768.042
571.951 754.269
572.229 670.819
572.507 758.007
572.786 752.953
573.064 722.572
573.342 659.325
573.621 547.486
573.899 596.311
574.177 768.813
574.455 759.834
574.734 680.387
575.012 749.903
575.290 710.525
575.569 681.854
575.847 740.467
576.125 733.642
576.403 598.847
576.682 663.394
576.960 714.991
577.243 807.836
577.527 755.474
577.810 595.912
578.093 550.192
578.377 549.347
578.660 603.739
578.944 621.570
579.227 633.735
579.510 727.569
579.794 674.763
580.077 619.629
580.360 686.755
580.644 616.974
580.927 570.912
581.210 580.895
581.494 526.319
581.777 694.993
582.061 646.924
582.344 533.953
582.627 568.892
582.911 612.804
583.194 552.580
583.477 680.368
583.761 666.439
584.044 722.370
584.327 668.190
584.611 630.271
584.894 640.304
585.178 621.365
585.461 662.367
585.744 727.345
586.028 653.115
586.311 685.157
586.594 714.200
586.878 610.242
587.161 613.285
587.444 686.327
587.728 701.369
588.011 716.411
588.295 557.453
588.578 678.817
588.861 844.693
589.145 694.579
589.428 633.254
589.711 541.663
589.995 587.117
590.278 766.979
590.562 677.788
590.845 652.177
591.128 853.164
591.412 737.437
591.695 614.339
591.978 750.493
592.262 722.313
592.545 524.503
592.828 683.750
593.112 620.298
593.395 527.617
593.679 561.992
593.962 712.431
594.245 678.927
594.529 579.465
594.812 521.275
595.095 461.138
595.379 675.754
595.662 764.935
595.945 620.223
596.229 498.616
596.512 502.619
596.796 624.068
597.079 720.520
597.362 823.530
597.646 801.983
597.929 692.230
598.212 652.060
598.496 678.779
598.779 788.711
599.062 836.134
599.346 672.303
599.629 643.080
599.913 600.120
600.196 655.332
600.479 700.001
600.763 687.921
601.046 579.429
601.329 651.888
601.613 741.748
601.896 588.394
602.179 640.899
602.463 641.920
602.746 664.551
603.030 787.379
603.313 760.148
603.596 547.232
603.880 583.988
604.163 715.398
604.446 687.311
604.730 569.817
605.013 692.585
605.296 768.717
605.580 650.243
605.863 679.663
606.147 578.819
606.430 559.268
606.713 679.110
606.997 689.607
607.280 845.525
607.563 739.887
607.847 667.841
608.130 712.282
608.414 780.115
608.697 709.701
608.980 652.647
609.264 776.853
609.547 681.123
609.830 687.037
610.114 669.443
610.397 628.344
610.680 643.421
610.964 732.954
611.247 744.755
611.531 637.573
611.814 521.810
612.097 578.765
612.381 760.586
612.664 890.908
612.947 737.852
613.231 651.529
613.514 652.205
613.797 722.968
614.081 706.304
614.364 683.747
614.648 621.896
614.931 576.746
615.214 538.471
615.498 632.448
615.781 667.555
616.064 651.842
616.348 810.342
616.631 834.821
616.914 829.114
617.198 744.252
617.481 678.277
617.765 725.333
618.048 794.198
618.331 721.183
618.615 642.880
618.898 768.409
619.181 792.159
619.465 744.511
619.748 643.656
620.031 635.417
620.315 622.207
620.598 673.454
620.882 796.303
621.165 987.984
621.448 874.699
621.732 760.182
622.015 620.913
622.298 625.177
622.582 709.668
622.865 682.440
623.148 635.521
623.432 733.925
623.715 620.847
623.999 847.804
624.282 797.485
624.565 849.426
624.849 675.417
625.132 577.015
625.415 903.662
625.699 984.326
625.982 811.808
626.265 674.960
626.549 654.111
626.832 793.539
627.116 823.877
627.399 630.982
627.682 664.018
627.966 665.398
628.249 659.732
628.532 609.857
628.816 820.302
629.099 749.374
629.383 705.614
629.666 680.262
629.949 624.478
630.233 571.580
630.516 689.834
630.799 763.675
631.083 694.388
631.366 578.880
631.649 506.055
631.933 509.509
632.216 666.578
632.500 717.892
632.783 735.251
633.066 687.346
633.350 661.231
633.633 717.574
633.916 683.115
634.200 585.305
634.483 630.752
634.766 737.859
635.050 689.115
635.333 589.537
635.617 565.656
635.900 650.871
636.183 739.547
636.467 678.387
636.750 693.175
637.033 726.224
637.317 684.694
637.600 691.600
637.883 662.812
638.167 652.839
638.450 655.392
638.734 592.688
639.017 607.699
639.300 637.692
639.584 612.803
639.867 846.696
640.150 786.857
640.434 774.726
640.717 811.415
641.000 696.491
641.284 714.278
641.567 681.299
641.851 743.548
642.134 881.545
642.417 816.264
642.701 870.378
642.984 892.024
643.267 827.244
643.551 748.622
643.834 657.506
644.117 711.227
644.401 665.062
644.684 699.768
644.968 866.370
645.251 810.239
645.534 636.722
645.818 596.413
646.101 781.040
646.384 859.942
646.668 859.971
646.951 766.103
647.235 742.416
647.518 755.602
647.801 884.390
648.085 954.950
648.368 967.154
648.651 887.296
648.935 1013.289
649.218 1135.728
649.501 1042.577
649.785 1110.362
650.068 1253.051
650.352 1326.029
650.635 1412.377
650.918 1426.040
651.202 1539.236
651.485 1735.408
651.768 1832.143
652.052 1831.692
652.335 1874.379
652.618 2054.975
652.902 2249.073
653.185 2467.850
653.469 2451.345
653.752 2455.589
654.035 2596.750
654.319 2865.450
654.602 2837.609
654.885 2816.772
655.169 2941.818
655.452 2898.425
655.735 2947.460
656.019 3051.396
656.302 2927.252
656.586 2938.103
656.869 3135.947
657.152 3074.124
657.436 3012.065
657.719 3242.489
658.002 3293.706
658.286 3192.012
658.569 3041.662
658.852 3023.455
659.136 3026.577
659.419 2891.581
659.703 2673.336
659.986 2647.985
660.269 2640.177
660.553 2429.189
660.836 2437.348
661.119 2521.727
661.403 2409.784
661.686 2251.716
661.969 2235.468
662.253 2192.575
662.536 2109.270
662.820 2211.511
663.103 2121.276
663.386 2079.723
663.670 2092.936
663.953 1921.724
664.236 1939.910
664.520 1851.792
664.803 1866.005
665.086 1923.862
665.370 2036.275
665.653 2161.936
665.937 2088.092
666.220 1966.417
666.503 1910.664
666.787 1882.295
667.070 1793.669
667.353 1824.185
667.637 1649.113
667.920 1814.456
668.204 1688.790
668.487 1532.155
668.770 1643.723
669.054 1508.313
669.337 1314.160
669.620 1208.173
669.904 1169.293
670.187 1203.132
670.470 1223.776
670.754 1109.518
671.037 954.350
671.321 885.987
671.604 1064.835
671.887 1039.341
672.171 954.414
672.454 962.669
672.737 915.489
673.021 826.199
673.304 769.580
673.587 915.398
673.871 938.914
674.154 902.106
674.438 936.976
674.721 907.199
675.004 888.612
675.288 845.430
675.571 742.311
675.854 711.443
676.138 740.039
676.421 790.365
676.704 712.697
676.988 808.996
677.271 1005.107
677.555 919.307
677.838 871.764
678.121 824.403
678.405 769.201
678.688 899.663
678.971 678.528
679.255 809.260
679.538 894.350
679.821 873.630
680.105 756.184
680.388 745.827
680.672 735.194
680.955 728.984
681.238 693.349
681.522 668.747
681.805 697.977
682.088 779.569
682.372 822.119
682.655 781.250
682.938 854.346
683.222 840.803
683.505 715.271
683.789 793.668
684.072 810.413
684.355 776.191
684.639 777.261
684.922 707.351
685.205 705.289
685.489 829.533
685.772 851.325
686.056 827.137
686.339 869.005
686.622 689.764
686.906 633.422
687.189 810.902
687.472 992.556
687.756 826.793
688.039 670.062
688.322 604.326
688.606 821.471
688.889 786.006
689.173 669.122
689.456 803.803
689.739 803.829
690.023 727.939
690.306 774.889
690.589 731.399
690.873 807.667
691.156 828.504
691.439 768.176
691.723 701.604
692.006 733.610
692.290 806.955
692.573 862.217
692.856 890.507
693.140 856.336
693.423 826.489
693.706 706.127
693.990 707.794
694.273 699.857
694.556 846.734
694.840 882.637
695.123 787.742
695.407 821.009
695.690 723.566
695.973 738.769
696.257 778.198
696.540 896.764
696.830 815.702
697.120 786.950
697.410 847.768
697.699 803.846
697.989 990.547
698.279 868.511
698.569 745.719
698.859 854.350
699.149 931.359
699.439 834.416
699.729 723.384
700.018 748.919
700.308 829.729
700.598 722.719
700.888 636.190
701.178 856.888
701.468 844.887
701.758 705.250
702.048 769.803
702.337 720.049
702.627 817.509
702.917 771.115
703.207 720.240
703.497 755.756
703.787 661.553
704.077 751.779
704.366 814.550
704.656 645.250
704.946 586.338
705.236 584.776
705.526 759.864
705.816 857.692
706.106 560.748
706.396 649.853
706.685 691.634
706.975 569.512
707.265 519.843
707.555 669.855
707.845 682.425
708.135 568.474
708.425 550.013
708.715 608.937
709.004 757.567
709.294 708.183
709.584 671.305
709.874 767.974
710.164 766.024
710.454 702.343
710.744 602.955
711.034 648.734
711.323 723.266
711.613 661.281
711.903 713.750
712.193 800.301
712.483 678.396
712.773 697.100
713.063 603.506
713.352 666.988
713.642 665.706
713.932 716.136
714.222 713.789
714.512 660.587
714.802 627.041
715.092 707.488
715.382 622.969
715.671 571.595
715.961 628.318
716.251 527.183
716.541 623.906
716.831 665.634
717.121 556.358
717.411 657.707
717.701 724.713
717.990 629.040
718.280 582.969
718.570 570.574
718.860 558.600
719.150 638.428
719.440 602.534
719.730 525.766
720.019 822.995
720.309 770.316
720.599 654.768
720.889 626.377
721.179 676.158
721.469 710.351
721.759 641.062
722.049 637.248
722.338 565.360
722.628 636.592
722.918 625.445
723.208 710.322
723.498 587.265
723.788 621.537
724.078 776.514
724.368 714.387
724.657 608.710
724.947 665.248
725.237 679.424
725.527 698.749
725.817 630.593
726.107 596.659
726.397 566.699
726.686 558.982
726.976 642.175
727.266 674.110
727.556 608.366
727.846 765.800
728.136 744.770
728.426 611.544
728.716 535.982
729.005 695.886
729.295 641.643
729.585 484.656
729.875 542.846
730.165 626.806
730.455 649.135
730.745 605.125
731.035 566.310
731.324 723.073
731.614 674.117
731.904 531.934
732.194 663.150
732.484 649.223
732.774 617.142
733.064 579.224
733.354 464.458
733.643 576.081
733.933 632.069
734.223 574.584
734.513 697.411
734.803 755.672
735.093 642.521
735.383 587.504
735.672 600.219
735.962 675.777
736.252 542.194
736.542 579.515
736.832 574.637
737.122 516.397
737.412 613.475
737.702 682.792
737.991 653.371
738.281 644.842
738.571 657.981
738.861 590.398
739.151 569.748
739.441 688.185
739.731 596.759
740.021 623.570
740.310 734.658
740.600 764.030
740.890 532.988
741.180 543.931
741.470 615.027
741.760 699.942
742.050 798.678
742.339 695.431
742.629 600.495
742.919 747.893
743.209 598.952
743.499 591.650
743.789 569.483
744.079 617.027
744.369 682.707
744.658 559.203
744.948 416.095
745.238 612.760
745.528 676.208
745.818 800.906
746.108 676.917
746.398 664.699
746.688 639.892
746.977 755.105
747.267 661.777
747.557 675.376
747.847 718.139
748.137 662.156
748.427 636.304
748.717 543.331
749.006 437.337
749.296 621.059
749.586 663.246
749.876 722.690
750.166 602.191
750.456 624.744
750.746 662.313
751.036 574.507
751.325 701.272
751.615 648.046
751.905 607.105
752.195 619.731
752.485 579.750
752.775 615.384
753.065 584.372
753.355 814.621
753.644 799.624
753.934 696.630
754.224 683.914
754.514 812.129
754.804 592.677
755.094 509.446
755.384 559.615
755.674 611.790
755.963 725.148
756.253 694.770
756.543 737.221
756.833 756.812
757.123 685.790
757.413 647.301
757.703 577.973
757.992 559.901
758.282 649.719
758.572 604.159
758.862 522.770
759.152 585.100
759.442 575.494
759.732 705.739
760.022 791.185
760.311 643.106
760.601 493.224
760.891 680.365
761.181 770.152
761.471 655.251
761.761 536.090
762.051 564.305
762.341 756.914
762.630 820.132
762.920 646.937
763.210 657.688
763.500 693.298
763.793 569.449
764.086 600.685
764.379 617.201
764.671 738.950
764.964 682.629
765.257 670.575
765.550 688.074
765.843 526.801
766.136 633.674
766.429 597.401
766.722 619.979
767.014 601.265
767.307 491.113
767.600 499.187
767.893 535.998
768.186 509.806
768.479 620.711
768.772 748.752
769.064 695.343
769.357 601.004
769.650 599.612
769.943 755.118
770.236 664.501
770.529 573.454
770.822 618.835
771.115 700.505
771.407 811.220
771.700 776.928
771.993 759.549
772.286 697.246
772.579 723.778
772.872 636.094
773.165 603.853
773.457 686.531
773.750 696.323
774.043 584.332
774.336 579.889
774.629 640.229
774.922 638.874
775.215 564.220
775.508 597.340
775.800 640.016
776.093 718.220
776.386 672.243
776.679 589.352
776.972 680.003
777.265 909.627
777.558 946.959
777.850 750.044
778.143 725.940
778.436 674.374
778.729 631.502
779.022 694.835
779.315 598.369
779.608 478.788
779.900 553.177
780.193 607.465
780.486 640.004
780.779 640.382
781.072 546.571
781.365 658.470
781.658 660.151
781.951 544.706
782.243 615.775
782.536 673.253
782.829 652.186
783.122 653.206
783.415 652.567
783.708 682.674
784.001 677.676
784.293 745.897
784.586 767.210
784.879 764.220
785.172 694.402
785.465 567.860
785.758 601.945
786.051 633.023
786.344 677.773
786.636 832.622
786.929 648.454
787.222 590.594
787.515 589.427
787.808 580.274
788.101 584.286
788.394 714.172
788.686 849.053
788.979 800.919
789.272 712.222
789.565 670.609
789.858 606.753
790.151 605.377
790.444 601.397
790.737 639.015
791.029 591.847
791.322 665.715
791.615 613.223
791.908 634.444
792.201 660.773
792.494 624.237
792.787 709.289
793.079 875.515
793.372 787.010
793.665 772.855
793.958 664.197
794.251 656.236
794.544 746.236
794.837 853.675
795.130 699.155
795.422 713.128
795.715 680.243
796.008 676.945
796.301 663.660
796.594 554.114
796.887 642.775
797.180 628.476
797.472 504.862
797.765 451.039
798.058 600.008
798.351 618.568
798.644 549.789
798.937 517.901
799.230 597.081
799.523 939.666
799.815 854.936
800.108 597.723
800.401 499.034
800.694 599.348
800.987 586.802
801.280 679.897
801.573 712.880
801.865 710.897
802.158 621.380
802.451 602.433
802.744 562.528
803.037 602.464
803.330 611.073
803.623 734.231
803.915 668.377
804.208 584.145
804.501 674.419
804.794 680.440
805.087 647.775
805.380 492.775
805.673 495.300
805.966 671.491
806.258 625.085
806.551 661.496
806.844 682.595
807.137 689.326
807.430 556.119
807.723 517.981
808.016 798.117
808.308 847.021
808.601 670.637
808.894 599.566
809.187 640.467
809.480 675.049
809.773 616.094
810.066 698.218
810.359 794.605
810.651 749.806
810.944 491.001
811.237 488.484
811.530 626.743
811.825 571.835
812.119 549.073
812.414 489.552
812.709 595.112
813.003 669.206
813.298 626.077
813.593 671.940
813.887 599.412
814.182 889.689
814.476 810.404
814.771 805.343
815.066 710.353
815.360 574.483
815.655 563.319
815.950 609.685
816.244 664.634
816.539 773.037
816.834 703.735
817.128 733.039
817.423 801.623
817.718 1019.843
818.012 794.278
818.307 492.249
818.602 595.748
818.896 625.733
819.191 622.280
819.486 651.383
819.780 740.996
820.075 841.611
820.369 842.332
820.664 727.277
820.959 773.875
821.253 772.619
821.548 713.567
821.843 780.484
822.137 764.678
822.432 712.119
822.727 645.097
823.021 617.601
823.316 776.046
823.611 804.911
823.905 655.513
824.200 474.440
824.495 656.891
824.789 750.787
825.084 707.861
825.379 626.344
825.673 632.300
825.968 736.298
826.262 762.517
826.557 733.081
826.852 776.904
827.146 684.562
827.441 645.675
827.736 734.485
828.030 619.446
828.325 485.045
828.620 687.820
828.914 825.654
829.209 647.197
829.504 793.179
829.798 795.747
830.093 640.586
830.388 608.888
830.682 549.126
830.977 657.932
831.271 712.237
831.566 582.702
831.861 562.710
832.155 595.728
832.450 763.047
832.745 856.822
833.039 665.088
833.334 560.475
833.629 632.274
833.923 610.274
834.218 574.055
834.513 589.788
834.807 596.422
835.102 550.273
835.397 616.227
835.691 544.004
835.986 514.013
836.281 537.002
836.575 534.532
836.870 556.939
837.164 612.237
837.459 593.098
837.754 630.220
838.048 563.951
838.343 510.648
838.638 589.190
838.932 623.052
839.227 592.706
839.522 646.605
839.816 612.761
840.111 599.451
840.406 600.868
840.700 740.138
840.995 914.290
841.290 914.712
841.584 711.595
841.879 801.372
842.174 756.534
842.468 690.236
842.763 584.018
843.057 685.272
843.352 665.882
843.647 656.632
843.941 677.012
844.236 713.889
844.531 761.572
844.825 730.776
845.120 788.883
845.415 864.041
845.709 765.153
846.004 809.467
846.299 651.478
846.593 760.064
846.888 726.378
847.183 671.660
847.477 618.257
847.772 621.780
848.066 638.410
848.361 664.936
848.656 687.373
848.950 660.388
849.245 729.808
849.540 648.587
849.834 783.365
850.129 838.177
850.424 717.454
850.718 661.972
851.013 786.124
851.308 731.275
851.602 703.735
851.897 798.580
852.192 853.018
852.486 702.166
852.781 665.525
853.076 830.488
853.370 834.129
853.665 832.999
853.959 793.440
854.254 689.927
854.549 891.889
854.843 812.177
855.138 669.052
855.433 754.378
855.727 840.643
856.022 707.504
856.317 710.105
856.611 717.529
856.906 629.829
857.201 727.792
857.495 789.936
857.790 786.832
858.085 708.494
858.379 692.830
858.674 653.998
858.969 586.767
859.263 614.670
859.558 584.018
859.852 548.682
860.147 667.010
860.442 782.869
860.736 589.692
861.031 773.452
861.326 861.564
861.620 696.196
861.915 823.882
862.210 853.432
862.504 715.643
862.799 781.900
863.094 763.228
863.388 635.294
863.683 645.237
863.978 620.750
864.272 608.929
864.567 580.792
864.861 612.049
865.156 570.927
865.451 493.788
865.745 683.464
866.040 761.150
866.335 747.236
866.629 785.575
866.924 645.734
867.219 578.917
867.513 763.651
867.808 697.483
868.103 624.760
868.397 625.152
868.692 642.083
868.987 592.002
869.281 563.503
869.576 673.043
869.871 748.457
870.165 598.924
870.460 474.833
870.754 552.430
871.049 500.750
871.344 591.849
871.638 656.248
871.933 614.573
872.228 661.223
872.522 614.749
872.817 690.632
873.112 914.714
873.406 759.853
873.701 845.718
873.996 799.292
874.290 659.421
874.585 619.316
874.880 690.502
875.174 643.055
875.469 621.189
875.764 640.871
876.058 601.691
876.353 530.677
876.647 514.867
876.942 580.603
877.237 593.301
877.531 595.430
877.826 638.725
878.121 635.964
878.415 591.686
878.710 562.554
879.005 697.607
879.299 649.462
879.594 576.755
879.889 439.946
880.183 430.688
880.478 529.584
880.773 573.423
881.067 579.821
881.362 571.311
881.656 501.548
881.951 589.057
882.246 530.187
882.540 571.617
882.835 578.323
883.130 609.942
883.424 525.859
883.719 448.125
884.014 575.442
884.308 555.803
884.603 557.023
884.898 553.708
885.192 617.258
885.487 598.298
885.782 535.430
886.076 620.808
886.371 597.262
886.666 428.126
886.960 496.749
887.255 517.800
887.549 527.608
887.844 697.413
888.139 753.490
888.433 671.198
888.728 572.325
889.023 591.873
889.317 660.869
889.612 523.003
889.907 539.365
890.201 575.657
890.496 577.811
890.791 605.578
891.085 591.814
891.380 535.337
891.675 569.388
891.969 609.151
892.264 504.466
892.559 528.730
892.853 658.951
893.148 601.590
893.442 567.941
893.737 653.989
894.032 594.391
894.326 495.723
894.621 524.807
894.916 455.614
895.210 522.183
895.505 630.467
895.800 536.427
896.094 465.763
896.389 518.729
896.684 562.483
896.978 547.874
897.273 479.887
897.568 570.462
897.862 604.575
898.157 541.808
898.451 643.181
898.746 634.341
899.041 680.085
899.335 618.979
899.630 554.821
899.925 593.311
900.219 657.094
900.514 739.014
900.809 555.943
901.103 414.645
901.398 616.253
901.693 572.495
901.987 556.971
902.282 655.327
902.577 495.043
902.871 408.158
903.166 553.937
903.461 668.727
903.755 607.672
904.050 536.734
904.344 448.838
904.639 500.463
904.934 540.419
905.228 575.573
905.523 531.152
905.818 507.259
906.112 576.638
906.407 541.587
906.702 515.451
906.996 570.098
907.291 577.232
907.586 529.094
907.880 684.950
908.175 645.582
908.470 644.682
908.764 687.703
909.059 709.627
909.354 636.114
909.648 531.682
909.943 538.084
910.237 675.400
910.532 678.480
910.827 746.317
911.121 768.112
911.416 638.100
911.711 614.212
912.005 653.106
912.300 602.660
912.599 717.200
912.898 625.627
913.196 606.042
913.495 658.927
913.794 753.098
914.093 612.204
914.391 591.027
914.690 676.645
914.989 638.071
915.288 729.836
915.586 634.948
915.885 518.168
916.184 424.403
916.483 455.369
916.782 647.024
917.080 699.665
917.379 621.896
917.678 555.574
917.977 659.238
918.275 727.988
918.574 692.119
918.873 662.396
919.172 617.996
919.471 562.284
919.769 599.174
920.068 583.136
920.367 557.467
920.666 546.170
920.964 644.781
921.263 599.790
921.562 556.556
921.861 656.924
922.159 572.853
922.458 616.510
922.757 605.673
923.056 599.259
923.355 606.906
923.653 656.866
923.952 651.593
924.251 551.851
924.550 660.778
924.848 709.189
925.147 611.208
925.446 517.578
925.745 644.859
926.043 712.887
926.342 649.099
926.641 585.758
926.940 650.719
927.239 660.741
927.537 739.178
927.836 659.713
928.135 586.010
928.434 704.081
928.732 672.270
929.031 676.392
929.330 711.635
929.629 714.135
929.927 675.451
930.226 611.670
930.525 641.250
930.824 754.840
931.123 658.893
931.421 726.322
931.720 694.742
932.019 711.484
932.318 772.033
932.616 715.149
932.915 646.507
933.214 686.516
933.513 685.907
933.812 660.797
934.110 648.226
934.409 779.270
934.708 746.638
935.007 958.125
935.305 943.910
935.604 712.013
935.903 762.694
936.202 815.020
936.500 977.303
936.799 1124.034
937.098 1064.229
937.397 950.061
937.696 782.415
937.994 791.976
938.293 876.133
938.592 753.119
938.891 835.736
939.189 851.414
939.488 925.897
939.787 1060.428
940.086 907.455
940.384 951.520
940.683 914.488
940.982 752.422
941.281 825.347
941.580 1189.168
941.878 1160.284
942.177 904.843
942.476 966.893
942.775 911.076
943.073 766.922
943.372 718.890
943.671 915.385
943.970 1173.209
944.268 1051.699
944.567 827.953
944.866 877.674
945.165 889.544
945.464 844.302
945.762 797.323
946.061 1020.759
946.360 1052.337
946.659 1026.337
946.957 944.924
947.256 926.706
947.555 878.939
947.854 942.682
948.153 898.073
948.451 860.946
948.750 904.918
949.049 858.948
949.348 1054.060
949.646 947.511
949.945 901.870
950.244 1023.604
950.543 945.710
950.841 844.678
951.140 752.676
951.439 635.383
951.738 728.208
952.037 822.554
952.335 967.165
952.634 973.730
952.933 834.489
953.232 836.198
953.530 626.534
953.829 828.855
954.128 928.168
954.427 852.938
954.725 1008.157
955.024 885.438
955.323 956.932
955.622 795.692
955.921 669.878
956.219 831.927
956.518 718.848
956.817 723.232
957.116 759.401
957.414 743.753
957.713 599.426
958.012 552.889
958.311 552.652
958.610 747.662
958.908 860.145
959.207 815.085
959.506 794.250
959.805 803.150
960.103 806.788
960.402 727.960
960.701 598.641
961.000 607.206
961.298 624.653
961.597 736.644
961.896 695.125
962.195 679.068
962.494 727.709
962.792 665.410
963.091 655.861
963.390 631.731
963.689 626.102
963.987 748.522
964.286 839.022
964.585 842.121
964.884 750.453
965.182 653.642
965.481 998.854
965.780 1107.350
966.080 932.206
966.380 813.061
966.680 715.474
966.981 716.856
967.281 703.609
967.581 686.560
967.881 778.254
968.181 798.519
968.481 696.411
968.781 628.479
969.082 582.931
969.382 651.578
969.682 772.926
969.982 779.244
970.282 814.419
970.582 674.501
970.882 613.703
971.183 786.038
971.483 651.051
971.783 680.700
972.083 733.458
972.383 778.949
972.683 787.550
972.983 774.476
973.284 625.930
973.584 651.041
973.884 688.834
974.184 729.135
974.484 802.253
974.784 608.627
975.084 589.767
975.385 648.532
975.685 767.025
975.985 765.537
976.285 758.649
976.585 784.800
976.885 656.093
977.185 635.796
977.486 760.149
977.786 766.777
978.086 826.724
978.386 800.496
978.686 643.738
978.986 668.308
979.286 682.316
979.587 701.325
979.887 656.333
980.187 678.341
980.487 635.349
980.787 685.357
981.087 690.365
981.387 874.373
981.688 726.381
981.988 570.389
982.288 610.397
982.588 648.405
982.888 683.413
983.188 673.421
983.488 709.429
983.789 695.437
984.089 666.445
984.389 636.453
984.689 615.461
984.989 549.469
985.289 569.477
985.589 744.485
985.890 678.493
986.190 578.501
986.490 634.509
986.790 737.517
987.090 680.525
987.390 722.533
987.690 737.541
987.991 592.549
988.291 577.557
988.591 637.564
988.891 509.572
989.191 543.580
989.491 708.588
989.791 683.596
990.092 646.604
990.392 721.612
990.692 687.620
990.992 640.627
991.292 553.635
991.592 635.643
991.892 663.651
992.193 742.659
992.493 695.666
992.793 603.674
993.093 598.682
993.393 618.690
993.693 651.697
993.993 703.705
994.294 793.713
994.594 683.721
994.894 619.728
995.194 612.736
995.494 503.744
995.794 554.752
996.094 581.759
996.395 708.767
996.695 822.775
996.995 582.782
997.295 463.790
997.595 589.798
997.895 546.805
998.195 499.813
998.496 509.821
998.796 516.828
999.096 725.836
999.396 678.844
999.696 679.851
999.996 683.859
1000.296 780.866
1000.597 761.874
1000.897 629.882
1001.197 668.889
1001.497 794.897
1001.797 562.904
1002.097 531.912
1002.397 607.920
1002.698 629.927
1002.998 724.935
1003.298 657.942
1003.598 585.950
1003.898 553.957
1004.198 680.965
1004.498 770.972
1004.799 668.980
1005.099 701.987
1005.399 730.995
1005.699 726.002
1005.999 719.010
1006.299 620.017
1006.599 846.025
1006.900 814.032
1007.200 645.039
1007.500 701.047
1007.800 688.054
1008.100 616.062
1008.400 571.069
1008.700 588.077
1009.001 608.084
1009.301 555.091
1009.601 742.099
1009.901 834.106
1010.201 682.114
1010.501 621.121
1010.801 803.128
1011.102 668.136
1011.402 669.143
1011.702 556.150
1012.002 454.158
1012.302 639.165
1012.602 688.172
1012.902 645.180
1013.203 713.187
1013.503 757.194
1013.803 737.202
1014.103 593.209
1014.403 647.216
1014.703 554.223
1015.003 516.231
1015.304 733.238
1015.604 828.245
1015.904 616.252
1016.204 553.260
1016.504 616.267
1016.804 600.274
1017.104 553.281
1017.405 595.289
1017.705 590.296
1018.005 565.303
1018.305 636.310
1018.605 655.317
1018.905 518.325
1019.205 544.332
1019.506 826.339
1019.806 772.346
1020.106 677.353
1020.406 722.360
1020.706 677.367
1021.006 708.375
1021.306 796.382
1021.607 696.389
1021.907 791.396
1022.207 746.403
1022.507 562.410
1022.807 572.417
1023.107 643.424
1023.407 592.431
1023.708 581.439
1024.008 577.446
1024.308 630.453
1024.608 614.460
1024.908 488.467
1025.208 616.474
1025.508 820.481
1025.809 774.488
1026.109 605.495
1026.409 713.502
1026.709 744.509
1027.009 649.516
1027.309 693.523
1027.609 577.530
1027.910 541.537
1028.210 664.544
1028.510 768.551
1028.810 984.558
1029.110 904.565
1029.410 720.572
1029.710 741.579
1030.011 774.586
1030.311 826.593
1030.611 681.600
1030.911 618.606
1031.211 697.613
1031.511 639.620
1031.811 823.627
1032.112 838.634
1032.412 656.641
1032.712 519.648
1033.012 608.655
1033.312 760.662
1033.612 753.669
1033.912 642.675
1034.212 556.682
1034.513 575.689
1034.813 575.696
1035.113 674.703
1035.413 554.710
1035.713 587.716
1036.013 709.723
1036.313 656.730
1036.614 704.737
1036.914 623.744
1037.214 454.750
1037.514 638.757
1037.814 632.764
1038.114 632.771
1038.414 642.778
1038.715 775.784
1039.015 622.791
1039.315 510.798
1039.615 607.805
1039.915 607.811
1040.215 574.818
1040.515 628.825
1040.816 698.832
1041.116 660.838
1041.416 612.845
1041.716 543.852
1042.016 530.858
1042.316 705.865
1042.616 643.872
1042.917 537.878
1043.217 542.885
1043.517 579.892
1043.817 660.898
1044.117 675.905
1044.417 652.912
1044.717 655.918
1045.018 654.925
1045.318 721.932
1045.618 702.938
1045.918 589.945
1046.218 547.952
1046.518 596.958
1046.818 676.965
1047.119 588.971
1047.419 820.978
1047.719 777.984
1048.019 603.991
1048.319 683.998
1048.619 675.004
1048.919 701.011
1049.220 659.017
1049.520 699.024
1049.820 620.030
1050.120 504.037
1050.420 754.043
1050.720 712.050
1051.020 652.057
1051.321 730.063
1051.621 817.070
1051.921 645.076
1052.221 503.083
1052.521 470.089
1052.821 500.096
1053.121 681.102
1053.422 800.109
1053.722 819.115
1054.022 647.121
1054.322 755.128
1054.622 652.134
1054.922 522.141
1055.222 718.147
1055.523 682.154
1055.823 651.160
1056.123 708.167
1056.423 711.173
1056.723 774.179
1057.023 604.186
1057.323 451.192
1057.624 626.199
1057.924 743.205
1058.224 740.211
1058.524 621.218
1058.824 679.224
1059.124 643.230
1059.424 587.237
1059.725 668.243
1060.025 541.250
1060.325 575.256
1060.625 600.262
1060.925 595.269
1061.225 586.275
1061.525 732.281
1061.826 690.288
1062.126 701.294
1062.426 746.300
1062.726 786.306
1063.026 713.313
1063.326 876.319
1063.626 826.325
1063.927 698.332
1064.227 673.338
1064.527 561.344
1064.827 722.350
1065.127 650.357
1065.427 500.363
1065.727 545.369
1066.028 725.375
1066.328 715.382
1066.628 518.388
1066.928 541.394
1067.228 652.400
1067.528 628.406
1067.828 583.413
1068.129 511.419
1068.429 645.425
1068.729 776.431
1069.029 625.437
1069.329 514.444
1069.629 693.450
1069.929 764.456
1070.230 798.462
1070.530 728.468
1070.830 640.474
1071.130 722.481
1071.430 658.487
1071.730 675.493
1072.030 779.499
1072.331 587.505
1072.631 604.511
1072.931 669.517
1073.231 682.524
1073.531 604.530
1073.831 595.536
1074.131 695.542
1074.432 810.548
1074.732 678.554
1075.032 548.560
1075.332 572.566
1075.632 639.572
1075.932 620.578
1076.232 541.584
1076.533 554.590
1076.833 644.596
1077.133 582.602
1077.433 577.609
1077.733 582.615
1078.033 719.621
1078.333 716.627
1078.634 691.633
1078.934 646.639
1079.234 554.645
1079.534 728.651
1079.834 775.657
1080.134 751.663
1080.434 720.669
1080.735 662.675
1081.035 639.681
1081.335 474.687
1081.635 564.692
1081.935 593.698
1082.235 555.704
1082.535 575.710
1082.836 670.716
1083.136 641.722
1083.436 710.728
1083.736 689.734
1084.036 613.740
1084.336 546.746
1084.636 609.752
1084.937 738.758
1085.237 771.764
1085.537 673.770
1085.837 671.775
1086.137 629.781
1086.437 730.787
1086.737 606.793
1087.038 624.799
1087.338 767.805
1087.638 775.811
1087.938 565.817
1088.238 405.822
1088.538 549.828
1088.838 726.834
1089.139 726.840
1089.439 532.846
1089.739 669.852
1090.039 749.857
1090.339 797.863
1090.639 622.869
1090.939 632.875
1091.240 572.881
1091.540 647.886
1091.840 613.892
1092.140 720.898
1092.453 734.904
1092.766 653.910
1093.079 594.915
1093.392 628.921
1093.705 605.927
1094.018 576.933
1094.330 749.938
1094.643 741.944
1094.956 791.950
1095.269 690.956
1095.582 660.961
1095.895 577.967
1096.208 610.973
1096.521 681.979
1096.834 707.984
1097.147 647.990
1097.460 718.996
1097.773 762.001
1098.085 624.007
1098.398 592.013
1098.711 571.018
1099.024 529.024
1099.337 671.030
1099.650 816.035
1099.963 730.041
1100.276 563.047
1100.589 585.052
1100.902 670.058
1101.215 705.064
1101.528 725.069
1101.841 616.075
1102.153 677.081
1102.466 800.086
1102.779 572.092
1103.092 525.098
1103.405 617.103
1103.718 583.109
1104.031 599.114
1104.344 708.120
1104.657 599.126
1104.970 886.131
1105.283 719.137
1105.596 599.142
1105.909 644.148
1106.221 720.153
1106.534 723.159
1106.847 561.165
1107.160 488.170
1107.473 512.176
1107.786 611.181
1108.099 504.187
1108.412 589.192
1108.725 609.198
1109.038 479.203
1109.351 632.209
1109.664 697.214
1109.977 611.220
1110.289 644.225
1110.602 583.231
1110.915 595.236
1111.228 584.242
1111.541 562.247
1111.854 568.253
1112.167 471.258
1112.480 489.264
1112.793 552.269
1113.106 599.275
1113.419 678.280
1113.732 651.286
1114.044 584.291
1114.357 664.297
1114.670 635.302
1114.983 594.308
1115.296 602.313
1115.609 645.318
1115.922 655.324
1116.235 651.329
1116.548 619.335
1116.861 594.340
1117.174 603.346
1117.487 626.351
1117.800 820.356
1118.112 728.362
1118.425 619.367
1118.738 540.373
1119.051 538.378
1119.364 556.383
1119.677 625.389
1119.990 605.394
1120.303 624.399
1120.616 704.405
1120.929 594.410
1121.242 682.415
1121.555 692.421
1121.868 682.426
1122.180 654.431
1122.493 438.437
1122.806 507.442
1123.119 676.447
1123.432 755.453
1123.745 680.458
1124.058 605.463
1124.371 585.469
1124.684 688.474
1124.997 653.479
1125.310 648.485
1125.623 562.490
1125.935 472.495
1126.248 573.500
1126.561 660.506
1126.874 655.511
1127.187 710.516
1127.500 703.522
1127.813 717.527
1128.126 725.532
1128.439 737.537
1128.752 863.543
1129.065 645.548
1129.378 410.553
1129.691 593.558
1130.003 640.563
1130.316 567.569
1130.629 517.574
1130.942 553.579
1131.255 585.584
1131.568 548.590
1131.881 608.595
1132.194 696.600
1132.507 659.605
1132.820 575.610
1133.133 660.616
1133.446 536.621
1133.759 756.626
1134.071 1233.631
1134.384 932.636
1134.697 839.641
1135.010 897.647
1135.323 720.652
1135.636 570.657
1135.949 523.662
1136.262 537.667
1136.575 584.672
1136.888 592.677
1137.201 615.683
1137.514 600.688
1137.826 695.693
1138.139 628.698
1138.452 619.703
1138.765 830.708
1139.078 801.713
1139.391 712.718
1139.704 699.723
1140.017 708.729
1140.330 593.734
1140.643 528.739
1140.956 588.744
1141.269 684.749
1141.582 625.754
1141.894 506.759
1142.207 734.764
1142.520 689.769
1142.833 788.774
1143.146 635.779
1143.459 494.784
1143.772 572.789
1144.085 687.794
1144.398 592.799
1144.711 556.804
1145.024 549.809
1145.337 603.814
1145.650 666.820
1145.962 584.825
1146.275 638.830
1146.588 561.835
1146.901 707.840
1147.214 688.845
1147.527 564.850
1147.840 637.855
1148.153 575.860
1148.466 616.864
1148.779 639.869
1149.092 727.874
1149.405 659.879
1149.718 712.884
1150.030 762.889
1150.343 680.894
1150.656 552.899
1150.969 550.904
1151.282 768.909
1151.595 725.914
1151.908 595.919
1152.221 429.924
1152.534 490.929
1152.847 838.934
1153.160 721.939
1153.473 661.944
1153.785 703.949
1154.098 649.953
1154.411 735.958
1154.724 712.963
1155.037 788.968
1155.350 738.973
1155.663 691.978
1155.976 617.983
1156.289 646.988
1156.602 574.993
1156.915 453.997
1157.228 460.002
1157.541 568.007
1157.853 584.012
1158.166 665.017
1158.479 757.022
1158.792 736.027
1159.105 697.031
1159.418 632.036
1159.731 633.041
1160.044 631.046
1160.357 694.051
1160.670 711.056
1160.983 550.060
1161.296 669.065
1161.609 803.070
1161.921 686.075
1162.234 595.080
1162.547 474.085
1162.860 523.089
1163.173 523.094
1163.486 640.099
1163.799 705.104
1164.112 613.108
1164.425 617.113
1164.738 561.118
1165.051 482.123
1165.364 516.128
1165.676 585.132
1165.989 653.137
1166.302 611.142
1166.615 709.147
1166.928 694.151
1167.241 769.156
1167.554 748.161
1167.867 746.166
1168.180 657.170
1168.493 467.175
1168.806 545.180
1169.119 563.185
1169.432 649.189
1169.744 668.194
1170.057 639.199
1170.370 722.203
1170.683 720.208
1170.996 609.213
1171.309 619.217
1171.622 562.222
1171.935 574.227
1172.248 774.232
1172.561 726.236
1172.874 642.241
1173.187 695.246
1173.500 742.250
1173.812 781.255
1174.125 717.260
1174.438 689.264
1174.751 559.269
1175.064 549.274
1175.377 670.278
1175.690 614.283
1176.003 583.287
1176.316 657.292
1176.629 647.297
1176.942 549.301
1177.255 499.306
1177.567 478.311
1177.880 559.315
1178.193 636.320
1178.506 584.324
1178.819 682.329
1179.132 737.334
1179.445 619.338
1179.758 749.343
1180.071 702.347
1180.384 531.352
1180.697 593.357
1181.010 695.361
1181.323 819.366
1181.635 791.370
1181.948 749.375
1182.261 627.380
1182.574 564.384
1182.887 607.389
1183.200 751.393
1183.513 758.398
1183.826 645.402
1184.139 679.407
1184.452 660.411
1184.765 564.416
1185.078 486.420
1185.391 597.425
1185.703 619.430
1186.016 515.434
1186.329 539.439
1186.642 644.443
1186.955 765.448
1187.268 658.452
1187.581 675.457
1187.894 653.461
1188.207 690.466
1188.520 607.470
1188.833 626.475
1189.146 496.479
1189.459 421.484
1189.771 551.488
1190.084 714.493
1190.397 646.497
1190.710 697.502
1191.023 644.506
1191.336 613.510
1191.649 621.515
1191.962 657.519
1192.275 537.524
1192.588 680.528
1192.901 868.533
1193.214 652.537
1193.526 613.542
1193.839 719.546
1194.152 673.550
1194.465 714.555
1194.778 597.559
1195.091 600.564
1195.404 577.568
1195.717 582.573
1196.030 668.577
1196.343 562.581
1196.656 491.586
1196.969 544.590
1197.282 652.595
1197.594 631.599
1197.907 745.603
1198.220 788.608
1198.533 648.612
1198.846 604.617
1199.159 572.621
1199.472 613.625
1199.785 693.630
1200.098 594.634
1200.411 715.638
1200.724 675.643
1201.037 601.647
1201.350 543.652
1201.662 505.656
1201.975 642.660
1202.288 659.665
1202.601 252.669
