165.028 44.504
165.288 -8.864
165.547 51.771
165.807 124.409
166.067 19.051
166.327 -69.305
166.587 -33.657
166.847 93.994
167.107 99.648
167.367 115.305
167.627 171.964
167.886 185.627
168.146 157.293
168.406 283.962
168.666 248.633
168.926 208.307
169.186 195.985
169.446 196.665
169.706 68.347
169.966 125.033
170.225 133.721
170.485 174.412
170.745 274.105
171.005 408.801
171.265 245.500
171.525 197.201
171.785 100.905
172.045 106.611
172.305 246.320
172.564 179.031
172.824 75.744
173.084 197.460
173.344 102.179
173.604 123.899
173.864 231.622
174.124 184.347
174.384 153.075
174.644 259.805
174.903 347.536
175.163 319.270
175.423 348.007
175.683 215.745
175.943 230.485
176.203 194.228
176.463 134.972
176.723 158.718
176.983 204.467
177.242 255.217
177.502 364.969
177.762 358.723
178.022 152.479
178.282 135.237
178.542 106.997
178.802 163.758
179.062 114.521
179.322 281.286
179.581 364.053
179.841 235.821
180.101 274.591
180.361 297.362
180.621 257.135
180.881 207.910
181.141 225.686
181.401 241.463
181.661 280.243
181.920 326.023
182.180 237.805
182.440 132.588
182.700 126.373
182.960 143.159
183.220 183.947
183.480 397.736
183.740 277.526
184.000 180.317
184.259 34.109
184.519 164.903
184.779 205.698
185.039 264.494
185.299 369.291
185.559 348.089
185.819 380.889
186.079 414.689
186.339 252.490
186.598 182.293
186.858 60.096
187.118 123.900
187.378 251.706
187.638 217.512
187.898 353.319
188.158 358.127
188.418 240.936
188.678 196.745
188.937 218.555
189.197 321.367
189.457 333.178
189.717 231.991
189.977 119.804
190.237 119.618
190.497 294.433
190.757 253.248
191.017 270.064
191.276 183.880
191.536 173.697
191.796 152.515
192.056 148.333
192.316 156.152
192.576 125.971
192.836 125.790
193.096 223.610
193.356 193.430
193.616 178.251
193.875 185.072
194.135 180.894
194.395 291.716
194.655 304.538
194.915 243.360
195.175 263.183
195.435 336.006
195.695 135.829
195.955 -12.348
196.214 145.476
196.474 280.300
196.734 279.124
196.994 273.948
197.254 237.772
197.514 198.596
197.774 201.420
198.034 183.245
198.294 162.069
198.553 217.894
198.813 139.718
199.073 49.543
199.333 132.367
199.593 278.192
199.853 355.016
200.113 399.840
200.373 348.665
200.633 183.489
200.892 169.313
201.152 104.136
201.412 103.960
201.672 271.783
201.932 458.607
202.192 395.430
202.452 225.252
202.712 209.075
202.972 276.897
203.231 361.719
203.491 297.541
203.751 257.362
204.011 304.183
204.271 402.004
204.531 242.824
204.791 159.644
205.051 163.464
205.311 248.283
205.570 167.102
205.830 182.920
206.090 162.738
206.350 235.556
206.610 420.373
206.870 199.189
207.130 153.005
207.390 282.821
207.650 279.636
207.909 242.450
208.169 315.264
208.429 327.077
208.689 158.890
208.949 275.702
209.209 339.514
209.469 176.325
209.729 166.135
209.989 208.945
210.248 111.754
210.508 408.562
210.768 393.370
211.028 234.177
211.288 293.983
211.548 279.788
211.808 290.593
212.068 398.397
212.328 442.201
212.587 383.003
212.847 303.805
213.107 371.606
213.367 319.406
213.627 302.206
213.887 281.004
214.147 160.802
214.407 244.599
214.667 290.395
214.926 404.191
215.186 318.985
215.446 356.778
215.706 249.571
215.966 240.363
216.226 284.154
216.486 250.944
216.746 281.733
217.006 372.521
217.265 293.308
217.525 184.094
217.785 261.879
218.045 295.664
218.305 219.447
218.565 219.229
218.825 272.011
219.085 400.791
219.345 239.570
219.604 145.349
219.864 281.126
220.124 327.902
220.384 316.677
220.644 296.451
220.904 200.225
221.164 276.997
221.424 233.768
221.684 162.538
221.943 224.306
222.203 406.074
222.463 304.841
222.723 194.606
222.983 324.371
223.243 230.134
223.503 243.896
223.763 217.657
224.023 143.417
224.282 269.176
224.542 380.933
224.802 354.690
225.062 331.445
225.322 450.199
225.582 353.952
225.842 266.704
226.102 291.455
226.362 265.204
226.621 336.952
226.881 257.699
227.141 292.445
227.401 309.190
227.661 244.933
227.921 407.675
228.181 290.416
228.441 236.156
228.701 455.894
228.960 471.632
229.220 279.368
229.480 238.102
229.740 418.836
230.000 486.568
230.260 302.299
230.520 232.029
230.780 223.757
231.040 223.484
231.299 251.210
231.559 338.935
231.819 343.658
232.079 373.380
232.339 333.101
232.599 173.820
232.859 289.538
233.119 403.255
233.379 244.971
233.638 249.685
233.898 412.398
234.158 416.109
234.418 265.820
234.678 351.529
234.938 396.236
235.198 294.942
235.458 211.647
235.718 272.351
235.978 276.053
236.237 239.754
236.497 328.454
236.757 412.152
237.017 352.849
237.277 350.545
237.537 342.239
237.797 244.932
238.057 331.623
238.317 289.313
238.576 206.002
238.836 299.689
239.096 369.375
239.356 312.060
239.616 319.743
239.876 392.425
240.136 386.106
240.396 478.785
240.656 497.463
240.915 374.139
241.175 313.814
241.435 251.488
241.695 338.161
241.955 503.831
242.215 566.501
242.475 486.169
242.735 342.836
242.995 389.501
243.254 380.165
243.514 327.828
243.774 139.489
244.034 269.149
244.294 554.808
244.554 401.465
244.814 349.120
245.074 324.775
245.334 319.428
245.593 308.079
245.853 324.729
246.113 266.378
246.373 391.025
246.633 432.671
246.893 330.316
247.153 313.959
247.413 381.601
247.673 355.241
247.932 364.880
248.192 469.517
248.452 496.154
248.712 395.788
248.972 271.422
249.232 505.054
249.492 400.684
249.752 223.313
250.012 383.941
250.271 375.568
250.531 425.193
250.791 678.816
251.051 623.438
251.311 437.059
251.571 231.679
251.831 363.297
252.091 457.913
252.351 341.529
252.610 311.142
252.870 404.755
253.130 309.366
253.390 287.976
253.650 390.584
253.911 427.191
254.172 481.796
254.433 392.400
254.694 338.003
254.955 391.604
255.216 303.204
255.477 415.803
255.738 413.400
255.999 275.996
256.261 441.590
256.522 439.183
256.783 430.775
257.044 297.365
257.305 193.954
257.566 197.542
257.827 190.128
258.088 281.713
258.349 301.296
258.610 370.878
258.871 372.459
259.132 480.038
259.393 415.616
259.654 322.193
259.915 254.768
260.176 332.342
260.437 434.914
260.698 336.485
260.959 297.055
261.221 407.623
261.482 468.190
261.743 468.756
262.004 438.320
262.265 584.883
262.526 525.445
262.787 320.005
263.048 303.564
263.309 290.122
263.570 475.678
263.831 412.233
264.092 276.786
264.353 155.339
264.614 505.890
264.875 455.439
265.136 350.987
265.397 558.534
265.658 616.080
265.919 612.624
266.181 517.167
266.442 333.708
266.703 261.249
266.964 309.788
267.225 290.325
267.486 348.861
267.747 441.396
268.008 461.930
268.269 516.462
268.530 528.994
268.791 473.523
269.052 477.052
269.313 425.579
269.574 430.105
269.835 492.629
270.096 449.152
270.357 440.674
270.618 394.195
270.879 300.714
271.141 399.232
271.402 420.749
271.663 332.265
271.924 458.779
272.185 450.292
272.446 399.804
272.707 400.314
272.968 304.823
273.229 305.331
273.490 389.837
273.751 368.343
274.012 367.847
274.273 483.350
274.534 439.851
274.795 481.351
275.056 512.850
275.317 309.348
275.578 224.845
275.839 333.340
276.101 325.834
276.362 320.327
276.623 382.818
276.884 515.308
277.145 486.797
277.406 435.285
277.667 267.772
277.928 242.257
278.189 499.741
278.450 533.224
278.711 480.706
278.972 460.186
279.233 381.666
279.494 451.144
279.755 604.621
280.016 636.096
280.277 426.571
280.538 366.044
280.799 299.516
281.061 399.987
281.322 386.456
281.583 372.925
281.844 334.392
282.105 357.858
282.366 460.323
282.627 445.786
282.888 510.249
283.149 473.710
283.410 384.170
283.671 383.629
283.932 382.087
284.193 265.543
284.454 370.999
284.715 489.453
284.976 410.906
285.237 507.358
285.498 751.809
285.759 685.258
286.021 579.707
286.282 467.154
286.543 577.600
286.804 529.045
287.065 494.489
287.326 492.932
287.587 347.374
287.848 451.814
288.109 561.253
288.370 480.692
288.631 310.129
288.892 302.565
289.153 335.999
289.414 274.433
289.675 527.866
289.936 647.297
290.197 560.728
290.458 488.157
290.719 394.585
290.981 544.012
291.242 644.438
291.503 579.863
291.764 406.287
292.025 222.709
292.286 283.131
292.547 442.551
292.808 366.971
293.069 420.389
293.330 417.806
293.591 502.223
293.852 453.638
294.113 378.052
294.374 371.465
294.635 477.877
294.896 543.287
295.157 595.697
295.418 540.106
295.679 542.513
295.941 497.920
296.202 465.326
296.463 443.730
296.724 520.133
296.985 521.536
297.246 487.937
297.507 363.337
297.768 345.737
298.029 497.135
298.290 615.532
298.551 618.928
298.812 683.323
299.073 495.718
299.334 370.111
299.595 515.503
299.856 503.894
300.117 652.284
300.378 568.673
300.639 353.061
300.901 332.448
301.162 463.834
301.423 543.219
301.684 634.603
301.945 659.986
302.206 442.368
302.467 448.749
302.728 386.129
302.989 398.508
303.250 509.887
303.511 561.264
303.772 496.640
304.033 513.015
304.294 505.389
304.555 478.762
304.816 550.135
305.077 526.506
305.338 397.876
305.599 383.246
305.861 453.614
306.122 537.981
306.383 508.348
306.644 504.713
306.905 317.078
307.166 525.442
307.427 562.804
307.688 498.166
307.949 477.527
308.210 519.887
308.471 506.246
308.732 418.604
308.993 359.961
309.254 410.317
309.515 312.673
309.776 449.027
310.037 475.380
310.298 321.733
310.559 407.084
310.821 538.435
311.082 524.785
311.343 439.134
311.604 344.482
311.865 317.829
312.126 330.175
312.387 411.520
312.648 393.865
312.909 392.208
313.170 440.551
313.434 466.892
313.698 429.233
313.963 521.573
314.227 448.912
314.491 426.250
314.755 482.588
315.019 438.924
315.284 295.260
315.548 468.595
315.812 462.928
316.076 557.261
316.340 605.594
316.604 538.925
316.869 578.255
317.133 540.585
317.397 625.913
317.661 589.241
317.925 489.568
318.190 470.894
318.454 469.220
318.718 459.544
318.982 591.868
319.246 641.191
319.511 774.513
319.775 565.834
320.039 494.154
320.303 464.474
320.567 522.792
320.832 507.110
321.096 419.427
321.360 475.744
321.624 466.059
321.888 391.374
322.153 382.687
322.417 360.000
322.681 321.312
322.945 455.624
323.209 487.934
323.473 439.244
323.738 422.553
324.002 498.861
324.266 634.169
324.530 573.475
324.794 502.781
325.059 409.086
325.323 357.390
325.587 428.694
325.851 441.997
326.115 622.299
326.380 536.600
326.644 494.900
326.908 517.200
327.172 494.499
327.436 514.797
327.701 456.094
327.965 433.390
328.229 498.686
328.493 397.981
328.757 410.276
329.022 495.569
329.286 367.862
329.550 396.154
329.814 483.445
330.078 473.736
330.342 371.025
330.607 455.314
330.871 571.603
331.135 630.890
331.399 622.177
331.663 526.463
331.928 506.749
332.192 567.033
332.456 521.317
332.720 534.601
332.984 406.883
333.249 457.165
333.513 463.446
333.777 358.726
334.041 354.006
334.305 477.285
334.570 527.563
334.834 407.840
335.098 554.117
335.362 581.393
335.626 577.669
335.891 463.943
336.155 495.217
336.419 467.491
336.683 314.763
336.947 474.035
337.211 471.306
337.476 383.577
337.740 457.847
338.004 476.116
338.268 490.384
338.532 534.652
338.797 459.919
339.061 530.186
339.325 605.452
339.589 623.717
339.853 517.981
340.118 464.245
340.382 550.508
340.646 627.771
340.910 484.032
341.174 491.293
341.439 459.554
341.703 524.814
341.967 512.073
342.231 491.331
342.495 401.589
342.759 567.846
343.024 595.103
343.288 633.359
343.552 553.614
343.816 348.869
344.080 404.123
344.345 485.376
344.609 382.629
344.873 340.881
345.137 475.132
345.401 553.383
345.666 401.633
345.930 567.883
346.194 622.132
346.458 407.380
346.722 411.628
346.987 412.875
347.251 509.122
347.515 673.367
347.779 494.613
348.043 417.857
348.308 393.101
348.572 339.345
348.836 363.587
349.100 438.830
349.364 341.071
349.628 371.312
349.893 492.553
350.157 566.792
350.421 500.032
350.685 502.270
350.949 440.508
351.214 335.746
351.478 445.982
351.742 511.219
352.006 566.454
352.270 503.689
352.535 376.924
352.799 419.158
353.063 524.391
353.327 399.624
353.591 348.856
353.856 470.088
354.120 521.319
354.384 599.549
354.648 713.779
354.912 662.008
355.177 494.237
355.441 435.465
355.705 640.693
355.969 617.920
356.233 524.146
356.497 529.372
356.762 517.598
357.026 490.822
357.290 476.047
357.554 493.270
357.818 531.494
358.083 534.716
358.347 480.938
358.611 484.160
358.875 562.381
359.139 534.601
359.404 417.821
359.668 518.040
359.932 604.259
360.196 594.478
360.460 488.695
360.725 530.913
360.989 596.129
361.253 655.345
361.517 606.561
361.781 546.776
362.046 547.991
362.310 631.205
362.574 626.418
362.838 543.631
363.102 561.844
363.366 585.056
363.631 473.267
363.895 482.478
364.159 656.689
364.423 608.899
364.687 603.108
364.952 634.317
365.216 702.525
365.480 610.733
365.747 432.940
366.013 422.147
366.280 421.354
366.546 549.560
366.813 465.765
367.079 530.970
367.346 641.174
367.612 536.378
367.879 552.582
368.145 619.784
368.412 493.987
368.678 432.189
368.945 551.390
369.211 565.591
369.478 585.792
369.744 557.992
370.011 553.191
370.278 550.390
370.544 457.589
370.811 509.787
371.077 504.984
371.344 474.181
371.610 547.378
371.877 532.574
372.143 576.770
372.410 674.965
372.676 712.160
372.943 656.354
373.209 583.548
373.476 463.741
373.742 454.934
374.009 610.127
374.276 608.319
374.542 573.510
374.809 486.701
375.075 308.892
375.342 350.082
375.608 383.272
375.875 392.461
376.141 631.650
376.408 597.838
376.674 546.026
376.941 527.213
377.207 554.400
377.474 894.587
377.740 740.773
378.007 459.959
378.273 550.144
378.540 648.329
378.807 489.513
379.073 437.697
379.340 431.881
379.606 484.064
379.873 465.246
380.139 520.428
380.406 611.610
380.672 552.791
380.939 445.972
381.205 425.153
381.472 387.333
381.738 393.512
382.005 478.692
382.271 526.870
382.538 576.049
382.804 723.227
383.071 603.404
383.338 579.581
383.604 586.758
383.871 644.934
384.137 649.110
384.404 527.286
384.670 564.461
384.937 510.635
385.203 566.809
385.470 568.983
385.736 590.157
386.003 527.330
386.269 509.502
386.536 494.674
386.802 485.846
387.069 583.017
387.336 754.188
387.602 696.359
387.869 500.529
388.135 494.699
388.402 411.868
388.668 486.037
388.935 560.206
389.201 679.374
389.468 676.542
389.734 685.709
390.001 620.876
390.267 512.043
390.534 613.209
390.800 593.375
391.067 666.541
391.333 657.706
391.600 540.870
391.867 575.035
392.133 521.199
392.400 438.362
392.666 418.525
392.933 652.688
393.199 656.851
393.466 498.013
393.732 502.174
393.999 598.336
394.265 614.497
394.532 527.657
394.798 614.818
395.065 526.977
395.331 603.137
395.598 655.296
395.864 654.455
396.131 728.613
396.398 794.771
396.664 839.929
396.931 953.086
397.197 1129.243
397.464 1147.400
397.730 1428.556
397.997 1512.712
398.263 1555.867
398.530 1639.022
398.796 1809.177
399.063 1870.331
399.329 1778.486
399.596 1903.639
399.862 1874.793
400.129 1897.946
400.396 1967.098
400.662 1732.251
400.929 1732.403
401.195 1799.554
401.462 1840.706
401.728 1936.857
401.995 2063.007
402.261 1998.158
402.528 2086.307
402.794 2362.457
403.061 2553.606
403.327 2827.755
403.594 2845.904
403.860 2782.052
404.127 2856.200
404.393 3076.348
404.660 3198.495
404.931 3378.642
405.202 3533.788
405.473 3663.935
405.745 4051.080
406.016 4387.226
406.287 4291.371
406.558 4275.516
406.829 4425.661
407.100 4459.805
407.371 4797.949
407.642 4836.093
407.914 4675.236
408.185 4613.379
408.456 4701.522
408.727 4875.664
408.998 4908.806
409.269 4998.948
409.540 4998.089
409.811 4774.230
410.083 4739.371
410.354 4638.511
410.625 4415.652
410.896 4400.791
411.167 4454.931
411.438 4339.070
411.709 4019.209
411.981 4004.348
412.252 3626.486
412.523 3291.624
412.794 3293.762
413.065 3176.899
413.336 2860.036
413.607 2774.173
413.878 2619.309
414.150 2459.445
414.421 2212.581
414.692 2022.717
414.963 1931.852
415.234 2006.987
415.505 1877.121
415.776 1818.256
416.047 1732.390
416.319 1531.524
416.590 1323.657
416.861 1038.790
417.132 1098.923
417.403 1088.056
417.674 961.188
417.945 839.320
418.217 818.452
418.488 912.583
418.759 732.714
419.030 615.845
419.301 674.976
419.572 752.106
419.843 714.236
420.114 597.366
420.386 584.495
420.657 733.624
420.928 640.753
421.199 615.881
421.470 566.010
421.741 496.138
422.012 513.265
422.283 508.393
422.555 499.520
422.826 665.647
423.097 801.774
423.368 709.900
423.639 536.026
423.910 638.152
424.181 562.277
424.453 507.403
424.724 754.527
424.995 774.652
425.266 555.777
425.537 490.901
425.808 643.025
426.079 631.148
426.350 555.272
426.622 545.395
426.893 696.518
427.164 643.640
427.435 533.762
427.706 523.884
427.977 556.006
428.248 527.128
428.519 646.249
428.791 594.370
429.062 679.491
429.333 588.611
429.604 509.731
429.875 629.851
430.146 708.971
430.417 667.090
430.689 661.209
430.960 557.328
431.231 538.447
431.502 733.565
431.773 694.684
432.044 587.801
432.315 790.919
432.586 735.037
432.858 721.154
433.129 569.271
433.400 590.387
433.671 622.504
433.942 556.620
434.213 444.736
434.484 523.851
434.755 573.967
435.027 406.082
435.298 539.197
435.569 613.311
435.840 535.426
436.116 575.540
436.391 630.654
436.667 645.768
436.942 689.881
437.218 693.994
437.493 712.107
437.769 761.220
438.045 650.333
438.320 629.445
438.596 659.557
438.871 602.669
439.147 586.780
439.422 516.892
439.698 405.003
439.974 443.113
440.249 601.224
440.525 657.334
440.800 432.445
441.076 523.555
441.351 693.664
441.627 752.774
441.903 673.883
442.178 479.992
442.454 545.101
442.729 738.209
443.005 564.318
443.281 662.426
443.556 784.534
443.832 635.641
444.107 473.749
444.383 518.856
444.658 573.963
444.934 443.069
445.210 627.176
445.485 728.282
445.761 735.388
446.036 654.494
446.312 691.600
446.587 741.705
446.863 553.810
447.139 613.915
447.414 651.020
447.690 677.125
447.965 683.229
448.241 623.333
448.516 579.437
448.792 582.541
449.068 607.644
449.343 658.748
449.619 567.851
449.894 591.953
450.170 589.056
450.445 717.158
450.721 764.261
450.997 540.363
451.272 717.464
451.548 656.566
451.823 566.667
452.099 668.768
452.375 582.869
452.650 528.970
452.926 579.071
453.201 656.171
453.477 914.271
453.752 782.371
454.028 652.471
454.304 702.570
454.579 766.669
454.855 723.768
455.130 710.867
455.406 788.966
455.681 824.064
455.957 713.163
456.233 626.261
456.508 640.359
456.784 675.456
457.059 595.554
457.335 779.651
457.610 711.748
457.886 588.845
458.162 543.942
458.437 533.038
458.713 650.135
458.988 701.231
459.264 745.327
459.539 724.422
459.815 644.518
460.091 602.613
460.366 570.708
460.642 505.803
460.917 564.898
461.193 611.993
461.468 567.087
461.744 524.181
462.020 505.275
462.295 562.369
462.571 538.462
462.846 582.556
463.122 705.649
463.397 777.742
463.673 631.204
463.949 605.322
464.224 590.430
464.500 625.487
464.775 536.205
465.051 616.064
465.327 709.679
465.602 835.808
465.878 840.730
466.153 696.270
466.429 901.851
466.704 1114.615
466.980 1056.935
467.256 1067.025
467.531 1136.252
467.807 1117.441
468.082 1125.547
468.358 1045.431
468.633 1116.943
468.909 1075.868
469.185 1006.687
469.460 1113.423
469.736 1181.099
470.011 1031.138
470.287 985.924
470.562 1111.993
470.838 1023.396
471.114 1090.175
471.389 994.304
471.665 921.586
471.940 1036.980
472.216 1033.019
472.491 862.928
472.767 874.034
473.043 977.570
473.318 1065.893
473.594 884.204
473.869 860.776
474.145 802.878
474.421 768.378
474.696 753.205
474.972 680.740
475.247 757.973
475.523 840.791
475.798 779.554
476.074 722.838
476.350 734.126
476.625 720.690
476.901 777.860
477.176 739.476
477.452 688.962
477.727 710.410
478.003 576.643
478.279 752.541
478.554 842.057
478.830 786.030
479.105 819.036
479.381 750.338
479.656 655.087
479.932 771.022
480.208 847.248
480.483 856.586
480.759 883.969
481.034 755.886
481.310 682.232
481.585 721.261
481.861 790.900
482.137 690.487
482.412 727.097
482.688 752.827
482.963 815.343
483.239 905.789
483.514 732.523
483.790 765.138
484.066 982.236
484.341 849.599
484.617 726.200
484.892 793.491
485.168 780.635
485.443 659.660
485.719 730.315
485.995 841.048
486.270 806.596
486.546 717.046
486.821 649.864
487.097 622.005
487.373 656.972
487.648 872.291
487.924 910.842
488.199 672.302
488.475 471.986
488.750 535.842
489.026 706.219
489.302 639.562
489.577 631.168
489.853 682.535
490.128 831.484
490.404 784.757
490.679 596.965
490.955 802.713
491.231 913.247
491.506 885.839
491.782 763.373
492.057 684.422
492.333 795.064
492.608 760.891
492.884 730.633
493.160 612.311
493.435 622.409
493.711 782.286
493.986 744.375
494.262 685.374
494.537 631.526
494.813 706.801
495.089 586.744
495.364 661.473
495.640 727.361
495.915 659.653
496.191 784.056
496.467 810.517
496.742 795.811
497.018 820.159
497.293 747.181
497.569 775.660
497.844 695.090
498.120 774.370
498.396 779.946
498.671 714.259
498.947 852.364
499.222 797.617
499.498 720.871
499.773 813.480
500.049 811.186
500.325 760.171
500.600 855.762
500.876 876.711
501.151 1013.947
501.427 992.948
501.702 1067.384
501.978 1096.601
502.254 1114.994
502.529 1026.418
502.805 1235.982
503.080 1310.888
503.356 1139.728
503.631 1166.203
503.907 1186.853
504.183 1092.794
504.458 1212.298
504.734 1178.787
505.009 1144.479
505.285 1120.404
505.560 1140.575
505.836 1056.779
506.112 1005.229
506.387 941.533
506.663 932.562
506.938 976.110
507.214 957.979
507.490 1012.635
507.765 989.483
508.041 1001.660
508.316 1007.783
508.592 873.898
508.867 900.250
509.143 1004.941
509.419 913.552
509.694 798.447
509.970 766.418
510.245 653.839
510.521 730.252
510.796 634.685
511.072 629.756
511.348 691.378
511.623 723.349
511.899 716.288
512.174 832.822
512.450 842.974
512.725 724.984
513.001 599.454
513.277 550.411
513.552 714.408
513.828 658.823
514.103 675.972
514.379 779.267
514.654 680.356
514.930 683.013
515.206 1005.272
515.481 967.063
515.757 760.530
516.032 670.808
516.308 747.686
516.583 899.214
516.859 827.419
517.135 874.219
517.410 952.271
517.686 957.192
517.961 939.761
518.237 916.662
518.513 877.194
518.788 1107.548
519.064 1147.942
519.339 1128.823
519.615 1094.010
519.890 1172.090
520.166 1278.921
520.442 1394.209
520.717 1359.620
520.993 1282.956
521.268 1158.585
521.544 1230.830
521.819 1171.849
522.095 1241.801
522.371 1349.011
522.646 1382.627
522.922 1429.255
523.197 1428.356
523.473 1472.024
523.748 1401.269
524.024 1344.869
524.300 1365.980
524.575 1287.569
524.851 1336.431
525.126 1378.233
525.402 1408.318
525.677 1469.620
525.953 1379.363
526.229 1345.004
526.504 1262.138
526.780 1412.040
527.055 1370.387
527.331 1387.669
527.606 1464.726
527.882 1463.382
528.158 1313.500
528.433 1438.919
528.709 1420.741
528.984 1344.983
529.260 1333.203
529.535 1387.695
529.811 1250.383
530.087 1198.949
530.362 1174.149
530.638 1242.373
530.913 1279.541
531.189 1264.423
531.465 1127.414
531.740 1100.540
532.016 1186.767
532.291 1178.119
532.567 1137.823
532.842 1170.825
533.118 1137.099
533.394 1166.414
533.669 1008.234
533.945 848.757
534.220 871.186
534.496 1019.120
534.771 992.879
535.047 1048.537
535.323 1006.648
535.598 1034.990
535.874 1115.157
536.149 1050.809
536.425 930.562
536.700 919.854
536.976 1081.517
537.252 1390.779
537.527 1465.874
537.803 1751.784
538.078 2189.156
538.354 2378.985
538.629 2449.295
538.905 2605.845
539.181 2685.004
539.456 2867.505
539.732 3181.348
540.007 3334.413
540.283 3129.265
540.558 3170.652
540.834 3427.226
541.110 3504.932
541.385 3520.827
541.661 3579.297
541.936 3650.292
542.212 3607.730
542.488 3666.258
542.763 3746.589
543.039 3706.709
543.314 3567.874
543.590 3475.145
543.865 3505.983
544.141 3516.960
544.417 3418.701
544.692 3231.068
544.968 3290.705
545.243 3254.267
545.519 2997.861
545.794 2915.407
546.070 3080.470
546.348 2998.016
546.627 2724.711
546.905 2895.634
547.183 2879.012
547.461 2856.224
547.740 2981.401
548.018 2863.144
548.296 2764.027
548.575 2782.947
548.853 2873.367
549.131 3048.195
549.409 3088.874
549.688 3299.243
549.966 3366.755
550.244 3492.798
550.523 3509.209
550.801 3545.390
551.079 3631.944
551.357 3727.940
551.636 3761.856
551.914 3679.536
552.192 3549.409
552.471 3664.514
552.749 3731.235
553.027 3697.101
553.306 3781.028
553.584 3946.269
553.862 4038.710
554.140 4118.328
554.419 4215.973
554.697 4419.744
554.975 4593.551
555.254 4657.536
555.532 4413.779
555.810 4561.717
556.088 4656.095
556.367 4441.928
556.645 4366.643
556.923 4360.855
557.202 4318.765
557.480 4275.785
557.758 4092.248
558.036 3927.408
558.315 3896.619
558.593 3874.401
558.871 3714.720
559.150 3553.000
559.428 3378.768
559.706 3193.674
559.984 3150.098
560.263 3056.461
560.541 2855.244
560.819 2710.643
561.098 2650.669
561.376 2485.331
561.654 2131.532
561.932 1836.229
562.211 1839.471
562.489 1772.275
562.767 1571.004
563.046 1361.224
563.324 1259.196
563.602 1243.160
563.880 1108.616
564.159 1130.734
564.437 1208.315
564.715 998.388
564.994 855.439
565.272 936.099
565.550 815.400
565.828 726.017
566.107 819.326
566.385 795.969
566.663 706.958
566.942 696.155
567.220 744.231
567.498 913.261
567.776 749.844
568.055 640.273
568.333 691.280
568.611 738.899
568.890 698.481
569.168 677.674
569.446 691.899
569.725 700.640
570.003 539.332
570.281 500.246
570.559 628.917
570.838 651.835
571.116 725.186
571.394 757.207
571.673 770.594
571.951 730.610
572.229 706.382
572.507 705.169
572.786 666.016
573.064 650.155
573.342 649.226
573.621 508.097
573.899 587.166
574.177 831.924
574.455 763.377
574.734 642.837
575.012 706.481
575.290 644.534
575.569 642.268
575.847 732.245
576.125 714.624
576.403 585.704
576.682 612.872
576.960 660.429
577.243 741.515
577.527 679.235
577.810 536.421
578.093 557.703
578.377 557.861
578.660 550.987
578.944 569.805
579.227 561.075
579.510 649.881
579.794 634.695
580.077 591.493
580.360 630.813
580.644 679.149
580.927 661.974
581.210 619.274
581.494 535.889
581.777 630.921
582.061 587.767
582.344 524.587
582.627 476.774
582.911 531.652
583.194 491.307
583.477 603.126
583.761 671.032
584.044 726.963
584.327 683.775
584.611 603.898
584.894 557.986
585.178 552.034
585.461 582.046
585.744 708.961
586.028 655.712
586.311 658.754
586.594 708.796
586.878 610.838
587.161 557.879
587.444 611.921
587.728 627.962
588.011 662.004
588.295 506.045
588.578 559.527
588.861 722.406
589.145 628.169
589.428 639.850
589.711 535.252
589.995 516.776
590.278 699.634
590.562 615.374
590.845 528.886
591.128 715.026
591.412 705.087
591.695 636.900
591.978 770.038
592.262 662.956
592.545 495.173
592.828 658.383
593.112 587.976
593.395 531.186
593.679 495.837
593.962 655.239
594.245 673.533
594.529 564.120
594.812 477.118
595.095 408.975
595.379 636.604
595.662 691.948
595.945 577.100
596.229 498.194
596.512 570.513
596.796 611.752
597.079 684.453
597.362 760.730
597.646 738.255
597.929 596.850
598.212 573.572
598.496 624.994
598.779 737.940
599.062 764.632
599.346 611.659
599.629 564.743
599.913 599.693
600.196 656.874
600.479 696.620
600.763 656.950
601.046 477.722
601.329 523.506
601.613 661.672
601.896 603.696
602.179 652.256
602.463 642.471
602.746 723.059
603.030 753.548
603.313 692.983
603.596 543.855
603.880 596.300
604.163 633.592
604.446 554.654
604.730 527.267
605.013 578.647
605.296 617.449
605.580 570.473
605.863 653.761
606.147 581.320
606.430 563.727
606.713 669.866
606.997 627.463
607.280 727.668
607.563 614.202
607.847 552.054
608.130 635.444
608.414 736.620
608.697 667.185
608.980 624.779
609.264 725.428
609.547 583.715
609.830 583.751
610.114 636.677
610.397 593.618
610.680 625.362
610.964 659.958
611.247 640.386
611.531 575.299
611.814 501.733
612.097 525.321
612.381 679.744
612.664 848.258
612.947 650.060
613.231 573.550
613.514 581.025
613.797 675.363
614.081 708.797
614.364 661.681
614.648 636.176
614.931 502.615
615.214 474.163
615.498 608.391
615.781 677.923
616.064 601.186
616.348 700.630
616.631 691.503
616.914 730.228
617.198 685.662
617.481 650.229
617.765 627.236
618.048 653.556
618.331 665.437
618.615 595.971
618.898 735.334
619.181 736.356
619.465 695.576
619.748 616.481
620.031 524.057
620.315 507.762
620.598 621.395
620.882 727.310
621.165 886.119
621.448 789.732
621.732 744.781
622.015 607.502
622.298 555.906
622.582 631.345
622.865 607.035
623.148 601.075
623.432 669.380
623.715 566.311
623.999 770.089
624.282 826.117
624.565 864.031
624.849 679.961
625.132 554.350
625.415 791.279
625.699 900.083
625.982 760.864
626.265 648.180
626.549 640.488
626.832 753.653
627.116 768.839
627.399 595.135
627.682 604.050
627.966 624.623
628.249 642.137
628.532 584.238
628.816 765.647
629.099 685.755
629.383 640.057
629.666 613.836
629.949 539.326
630.233 566.119
630.516 656.639
630.799 745.382
631.083 655.438
631.366 568.550
631.649 508.510
631.933 497.270
632.216 672.922
632.500 732.013
632.783 700.787
633.066 631.631
633.350 597.947
633.633 669.795
633.916 749.942
634.200 659.609
634.483 648.472
634.766 673.387
635.050 640.066
635.333 547.194
635.617 574.675
635.900 677.882
636.183 705.957
636.467 644.829
636.750 692.699
637.033 751.219
637.317 719.966
637.600 647.891
637.883 600.364
638.167 584.821
638.450 621.209
638.734 608.130
639.017 626.886
639.300 669.050
639.584 617.004
639.867 810.672
640.150 787.315
640.434 789.215
640.717 767.011
641.000 686.666
641.284 742.770
641.567 670.529
641.851 710.389
642.134 878.258
642.417 835.410
642.701 918.540
642.984 931.729
643.267 823.016
643.551 717.239
643.834 658.896
644.117 692.952
644.401 671.137
644.684 736.771
644.968 903.441
645.251 798.495
645.534 655.934
645.818 716.000
646.101 850.034
646.384 874.476
646.668 870.748
646.951 829.462
647.235 871.623
647.518 850.035
647.801 1013.597
648.085 1084.035
648.368 1076.624
648.651 1013.682
648.935 1180.403
649.218 1381.937
649.501 1296.557
649.785 1351.862
650.068 1529.912
650.352 1648.476
650.635 1756.868
650.918 1832.352
651.202 2019.758
651.485 2270.518
651.768 2426.696
652.052 2435.571
652.335 2526.211
652.618 2674.926
652.902 2909.791
653.185 3280.799
653.469 3282.877
653.752 3253.717
654.035 3346.717
654.319 3595.475
654.602 3711.110
654.885 3689.047
655.169 3889.229
655.452 3788.646
655.735 3784.874
656.019 3866.523
656.302 3786.419
656.586 3881.734
656.869 4102.408
657.152 4016.470
657.436 3974.337
657.719 4109.149
658.002 4231.607
658.286 4209.648
658.569 3945.876
658.852 3786.837
659.136 3812.829
659.419 3536.716
659.703 3253.496
659.986 3226.113
660.269 3141.149
660.553 2913.392
660.836 2908.340
661.119 2990.685
661.403 2956.072
661.686 2880.865
661.969 2791.372
662.253 2680.840
662.536 2624.974
662.820 2690.672
663.103 2623.763
663.386 2644.075
663.670 2623.819
663.953 2497.078
664.236 2559.414
664.520 2523.981
664.803 2492.600
665.086 2480.996
665.370 2616.263
665.653 2733.819
665.937 2644.327
666.220 2496.282
666.503 2408.074
666.787 2437.514
667.070 2421.155
667.353 2402.890
667.637 2222.587
667.920 2262.168
668.204 2029.018
668.487 1804.224
668.770 1869.225
669.054 1638.092
669.337 1408.393
669.620 1275.902
669.904 1223.714
670.187 1248.434
670.470 1238.511
670.754 1062.008
671.037 873.000
671.321 792.463
671.604 953.832
671.887 946.647
672.171 874.003
672.454 871.092
672.737 863.683
673.021 764.083
673.304 745.387
673.587 927.139
673.871 925.988
674.154 857.378
674.438 878.842
674.721 907.646
675.004 824.244
675.288 789.292
675.571 824.117
675.854 690.262
676.138 696.155
676.421 748.500
676.704 704.878
676.988 883.744
677.271 1054.106
677.555 983.868
677.838 858.765
678.121 852.740
678.405 828.652
678.688 837.995
678.971 621.918
679.255 793.107
679.538 907.241
679.821 914.529
680.105 828.278
680.388 781.576
680.672 755.388
680.955 703.439
681.238 691.711
681.522 653.596
681.805 752.643
682.088 855.011
682.372 864.271
682.655 721.149
682.938 770.236
683.222 754.605
683.505 777.363
683.789 846.355
684.072 785.775
684.355 746.359
684.639 683.755
684.922 664.992
685.205 709.903
685.489 855.023
685.772 887.290
686.056 850.588
686.339 848.522
686.622 702.726
686.906 630.727
687.189 760.189
687.472 890.695
687.756 738.593
688.039 602.646
688.322 591.190
688.606 802.071
688.889 778.088
689.173 723.834
689.456 827.200
689.739 809.480
690.023 726.284
690.306 737.780
690.589 715.162
690.873 795.608
691.156 812.283
691.439 769.644
691.723 711.397
692.006 762.163
692.290 748.130
692.573 839.797
692.856 879.533
693.140 861.941
693.423 792.751
693.706 731.421
693.990 717.523
694.273 704.410
694.556 927.650
694.840 945.105
695.123 827.418
695.407 850.324
695.690 740.461
695.973 763.930
696.257 819.810
696.540 941.419
696.830 849.006
697.120 870.613
697.410 878.983
697.699 835.029
697.989 1058.583
698.279 908.924
698.569 766.623
698.859 843.491
699.149 904.162
699.439 856.276
699.729 792.161
700.018 802.388
700.308 876.008
700.598 734.340
700.888 654.889
701.178 870.491
701.468 830.078
701.758 746.180
702.048 846.973
702.337 801.341
702.627 893.591
702.917 809.861
703.207 702.512
703.497 752.130
703.787 694.111
704.077 683.766
704.366 764.745
704.656 700.812
704.946 666.732
705.236 594.160
705.526 732.313
705.816 805.190
706.106 500.322
706.396 553.631
706.685 651.309
706.975 530.179
707.265 455.811
707.555 676.202
707.845 658.036
708.135 550.030
708.425 435.773
708.715 484.693
709.004 723.367
709.294 704.614
709.584 704.233
709.874 769.343
710.164 753.586
710.454 647.390
710.744 557.928
711.034 641.226
711.323 682.308
711.613 635.086
711.903 746.577
712.193 785.930
712.483 649.276
712.773 649.297
713.063 597.014
713.352 644.838
713.642 620.138
713.932 682.364
714.222 721.952
714.512 685.279
714.802 648.729
715.092 709.796
715.382 625.272
715.671 598.990
715.961 643.136
716.251 603.658
716.541 599.248
716.831 650.615
717.121 536.588
717.411 631.275
717.701 744.215
717.990 607.393
718.280 529.845
718.570 565.204
718.860 570.410
719.150 607.270
719.440 552.321
719.730 551.914
720.019 788.049
720.309 667.523
720.599 569.167
720.889 576.018
721.179 621.014
721.469 720.288
721.759 602.111
722.049 635.689
722.338 511.068
722.628 519.755
722.918 654.593
723.208 702.988
723.498 553.969
723.788 574.734
724.078 779.759
724.368 707.031
724.657 678.431
724.947 673.320
725.237 715.495
725.527 802.388
725.817 689.773
726.107 630.866
726.397 581.563
726.686 479.068
726.976 538.082
727.266 670.598
727.556 596.149
727.846 693.552
728.136 706.440
728.426 625.465
728.716 575.097
729.005 710.776
729.295 625.524
729.585 480.157
729.875 498.626
730.165 603.882
730.455 608.751
730.745 604.508
731.035 598.702
731.324 737.046
731.614 701.654
731.904 565.329
732.194 678.079
732.484 689.459
732.774 593.175
733.064 569.848
733.354 421.035
733.643 496.433
733.933 588.561
734.223 498.912
734.513 679.244
734.803 736.511
735.093 578.482
735.383 564.418
735.672 628.890
735.962 680.042
736.252 528.859
736.542 596.516
736.832 579.885
737.122 466.747
737.412 553.041
737.702 682.160
737.991 638.019
738.281 608.811
738.571 586.621
738.861 545.472
739.151 570.098
739.441 685.584
739.731 569.576
740.021 577.614
740.310 652.167
740.600 723.906
740.890 574.715
741.180 597.587
741.470 636.105
741.760 713.123
742.050 781.257
742.339 653.247
742.629 575.125
742.919 691.861
743.209 536.058
743.499 580.128
743.789 572.801
744.079 610.443
744.369 602.935
744.658 552.612
744.948 388.718
745.238 563.552
745.528 640.875
745.818 765.538
746.108 681.231
746.398 689.871
746.688 624.348
746.977 700.832
747.267 625.379
747.557 655.840
747.847 748.304
748.137 656.530
748.427 600.827
748.717 513.795
749.006 380.964
749.296 546.701
749.586 637.718
749.876 684.188
750.166 566.677
750.456 581.219
750.746 616.747
751.036 548.902
751.325 671.675
751.615 609.427
751.905 577.477
752.195 634.073
752.485 602.092
752.775 602.713
753.065 531.660
753.355 744.892
753.644 783.949
753.934 689.943
754.224 632.098
754.514 768.293
754.804 598.033
755.094 532.855
755.384 550.928
755.674 598.087
755.963 668.316
756.253 644.909
756.543 693.428
756.833 692.830
757.123 674.080
757.413 628.544
757.703 590.372
757.992 569.284
758.282 595.839
758.572 606.506
758.862 526.122
759.152 613.577
759.442 619.003
759.732 679.945
760.022 766.395
760.311 649.478
760.601 507.645
760.891 646.496
761.181 678.024
761.471 635.465
761.761 472.981
762.051 478.034
762.341 680.790
762.630 790.255
762.920 634.180
763.210 645.925
763.500 710.751
763.793 583.880
764.086 628.208
764.379 630.612
764.671 726.203
764.964 614.551
765.257 665.876
765.550 654.131
765.843 508.987
766.136 605.779
766.429 542.289
766.722 565.929
767.014 543.244
767.307 391.745
767.600 427.009
767.893 529.271
768.186 515.176
768.479 525.274
768.772 683.557
769.064 694.663
769.357 630.537
769.650 603.972
769.943 730.269
770.236 655.765
770.529 551.604
770.822 542.549
771.115 628.251
771.407 774.210
771.700 770.191
771.993 768.966
772.286 696.563
772.579 680.756
772.872 560.814
773.165 570.911
773.457 671.735
773.750 688.575
774.043 542.275
774.336 555.971
774.629 633.496
774.922 611.953
775.215 599.861
775.508 587.592
775.800 492.450
776.093 675.239
776.386 683.630
776.679 589.673
776.972 695.430
777.265 890.814
777.558 856.736
777.850 718.203
778.143 675.003
778.436 670.669
778.729 632.825
779.022 646.912
779.315 555.472
779.608 493.177
779.900 557.515
780.193 592.707
780.486 627.269
780.779 574.500
781.072 471.736
781.365 601.614
781.658 625.327
781.951 548.034
782.243 612.082
782.536 683.609
782.829 658.525
783.122 665.569
783.415 708.047
783.708 763.229
784.001 650.908
784.293 652.930
784.586 774.537
784.879 737.479
785.172 641.661
785.465 634.304
785.758 622.296
786.051 621.310
786.344 687.084
786.636 881.982
786.929 665.782
787.222 585.889
787.515 572.720
787.808 589.574
788.101 581.598
788.394 731.464
788.686 813.398
788.979 769.227
789.272 699.543
789.565 609.041
789.858 520.234
790.151 451.838
790.444 477.828
790.737 519.322
791.029 534.269
791.322 639.075
791.615 599.570
791.908 599.785
792.201 608.184
792.494 641.491
792.787 686.684
793.079 785.091
793.372 708.628
793.665 756.209
793.958 702.386
794.251 643.578
794.544 737.574
794.837 837.029
795.130 720.394
795.422 660.589
795.715 636.676
796.008 688.225
796.301 717.746
796.594 652.024
796.887 703.832
797.180 709.534
797.472 571.962
797.765 427.411
798.058 543.535
798.351 577.990
798.644 559.062
798.937 504.242
799.230 569.492
799.523 902.079
799.815 776.471
800.108 537.204
800.401 507.308
800.694 656.532
800.987 594.078
801.280 681.194
801.573 755.135
801.865 738.167
802.158 667.585
802.451 598.738
802.744 589.771
803.037 593.778
803.330 567.413
803.623 739.516
803.915 697.615
804.208 559.466
804.501 586.627
804.794 626.682
805.087 595.070
805.380 452.991
805.673 456.556
805.966 623.738
806.258 556.242
806.551 648.739
806.844 668.834
807.137 697.662
807.430 562.438
807.723 507.232
808.016 730.138
808.308 758.785
808.601 608.681
808.894 550.565
809.187 621.627
809.480 637.113
809.773 599.302
810.066 646.197
810.359 744.546
810.651 707.718
810.944 441.898
811.237 438.323
811.530 604.836
811.825 569.098
812.119 534.229
812.414 464.617
812.709 587.323
813.003 668.486
813.298 597.046
813.593 640.824
813.887 637.153
814.182 912.294
814.476 800.544
814.771 767.056
815.066 669.954
815.360 573.759
815.655 518.895
815.950 553.008
816.244 655.770
816.539 733.574
816.834 662.232
817.128 678.229
817.423 762.159
817.718 979.235
818.012 772.007
818.307 459.755
818.602 565.302
818.896 672.227
819.191 548.574
819.486 511.614
819.780 650.660
820.075 808.880
820.369 813.670
820.664 630.262
820.959 697.564
821.253 740.788
821.548 638.212
821.843 714.318
822.137 749.379
822.432 678.038
822.727 596.382
823.021 580.317
823.316 712.599
823.611 758.085
823.905 644.266
824.200 498.946
824.495 654.022
824.789 714.163
825.084 666.007
825.379 592.884
825.673 591.413
825.968 720.721
826.262 673.830
826.557 683.431
826.852 721.998
827.146 707.151
827.441 695.811
827.736 777.243
828.030 660.124
828.325 416.338
828.620 628.667
828.914 764.312
829.209 586.050
829.504 815.742
829.798 825.670
830.093 656.735
830.388 566.897
830.682 438.541
830.977 629.802
831.271 712.526
831.566 527.551
831.861 528.551
832.155 577.303
832.450 757.121
832.745 823.084
833.039 625.288
833.334 503.495
833.629 608.162
833.923 574.187
834.218 566.290
834.513 543.015
834.807 545.847
835.102 469.275
835.397 538.511
835.691 574.754
835.986 561.432
836.281 534.330
836.575 536.755
836.870 607.985
837.164 609.570
837.459 516.214
837.754 569.938
838.048 587.700
838.343 529.522
838.638 557.071
838.932 628.245
839.227 583.101
839.522 566.595
839.816 617.005
840.111 622.720
840.406 577.042
840.700 768.664
840.995 963.245
841.290 906.815
841.584 753.878
841.879 764.497
842.174 670.624
842.468 606.921
842.763 494.057
843.057 589.259
843.352 642.787
843.647 661.191
843.941 667.621
844.236 720.671
844.531 737.949
844.825 656.750
845.120 725.509
845.415 779.439
845.709 686.907
846.004 726.337
846.299 570.301
846.593 768.199
846.888 768.296
847.183 658.430
847.477 591.467
847.772 609.594
848.066 589.847
848.361 635.624
848.656 704.778
848.950 686.975
849.245 822.786
849.540 725.547
849.834 771.066
850.129 759.350
850.424 685.609
850.718 692.158
851.013 773.782
851.308 675.319
851.602 701.739
851.897 794.278
852.192 870.539
852.486 668.101
852.781 629.169
853.076 774.659
853.370 764.633
853.665 839.018
853.959 835.975
854.254 718.730
854.549 869.406
854.843 766.914
855.138 737.373
855.433 775.057
855.727 827.361
856.022 704.406
856.317 648.320
856.611 724.577
856.906 630.119
857.201 693.328
857.495 833.849
857.790 893.266
858.085 801.208
858.379 708.654
858.674 587.690
858.969 518.316
859.263 598.379
859.558 615.138
859.852 566.546
860.147 706.765
860.442 830.144
860.736 558.381
861.031 673.839
861.326 720.843
861.620 631.747
861.915 760.647
862.210 760.358
862.504 591.719
862.799 674.496
863.094 745.414
863.388 602.655
863.683 620.056
863.978 554.562
864.272 572.354
864.567 597.847
864.861 654.199
865.156 580.575
865.451 474.281
865.745 678.545
866.040 743.867
866.335 739.257
866.629 811.554
866.924 647.018
867.219 622.164
867.513 721.007
867.808 680.445
868.103 581.448
868.397 608.199
868.692 696.881
868.987 652.799
869.281 566.770
869.576 721.390
869.871 730.690
870.165 573.251
870.460 490.022
870.754 556.654
871.049 478.180
871.344 551.502
871.638 648.597
871.933 614.818
872.228 653.594
872.522 599.276
872.817 722.186
873.112 973.665
873.406 770.827
873.701 772.789
873.996 699.241
874.290 601.296
874.585 552.566
874.880 675.223
875.174 605.576
875.469 565.389
875.764 655.588
876.058 581.678
876.353 453.178
876.647 492.049
876.942 587.557
877.237 650.953
877.531 658.642
877.826 638.959
878.121 648.554
878.415 608.063
878.710 553.316
879.005 684.606
879.299 633.670
879.594 562.874
879.889 417.619
880.183 444.050
880.478 521.393
880.773 540.971
881.067 560.476
881.362 595.723
881.656 529.577
881.951 573.541
882.246 499.017
882.540 554.329
882.835 571.193
883.130 578.943
883.424 509.597
883.719 458.401
884.014 570.193
884.308 575.149
884.603 525.453
884.898 507.731
885.192 600.313
885.487 620.196
885.782 583.395
886.076 661.492
886.371 663.007
886.666 452.557
886.960 483.523
887.255 466.090
887.549 434.883
887.844 686.009
888.139 762.616
888.433 634.045
888.728 535.237
889.023 563.666
889.317 624.733
889.612 507.271
889.907 490.903
890.201 551.974
890.496 606.315
890.791 622.573
891.085 552.307
891.380 534.664
891.675 606.700
891.969 610.243
892.264 498.508
892.559 557.158
892.853 683.873
893.148 552.373
893.442 514.404
893.737 628.624
894.032 531.163
894.326 469.499
894.621 517.966
894.916 450.531
895.210 552.346
895.505 673.961
895.800 530.446
896.094 424.488
896.389 524.232
896.684 546.789
896.978 526.016
897.273 452.685
897.568 571.552
897.862 609.202
898.157 549.088
898.451 664.627
898.746 664.636
899.041 716.607
899.335 638.671
899.630 531.091
899.925 573.145
900.219 637.813
900.514 689.531
900.809 523.231
901.103 347.356
901.398 565.837
901.693 529.068
901.987 501.028
902.282 596.762
902.577 481.868
902.871 412.820
903.166 546.115
903.461 615.362
903.755 615.027
904.050 546.797
904.344 403.264
904.639 445.064
904.934 458.938
905.228 475.959
905.523 461.927
905.818 502.961
906.112 639.907
906.407 620.314
906.702 535.549
906.996 549.528
907.291 555.661
907.586 500.315
907.880 628.845
908.175 615.789
908.470 648.526
908.764 707.892
909.059 725.318
909.354 635.409
909.648 484.401
909.943 527.332
910.237 705.800
910.532 711.686
910.827 749.275
911.121 716.027
911.416 653.933
911.711 624.530
912.005 615.561
912.300 623.163
912.599 706.308
912.898 600.859
913.196 621.094
913.495 660.064
913.794 692.898
914.093 586.415
914.391 584.724
914.690 647.937
914.989 609.336
915.288 708.590
915.586 631.419
915.885 517.442
916.184 433.056
916.483 456.518
916.782 595.543
917.080 654.763
917.379 579.734
917.678 523.739
917.977 676.462
918.275 679.003
918.574 669.560
918.873 679.702
919.172 667.684
919.471 614.777
919.769 568.880
920.068 535.592
920.367 512.703
920.666 539.658
920.964 641.148
921.263 575.919
921.562 533.604
921.861 638.745
922.159 585.677
922.458 610.904
922.757 559.195
923.056 553.576
923.355 560.109
923.653 685.486
923.952 616.411
924.251 478.248
924.550 650.157
924.848 692.608
925.147 555.925
925.446 562.439
925.745 661.976
926.043 579.639
926.342 573.393
926.641 585.976
926.940 660.969
927.239 660.961
927.537 692.934
927.836 636.654
928.135 618.685
928.434 734.790
928.732 695.962
929.031 654.096
929.330 687.243
929.629 670.165
929.927 633.450
930.226 545.642
930.525 564.552
930.824 693.544
931.123 618.324
931.421 738.079
931.720 721.369
932.019 720.197
932.318 754.159
932.616 641.504
932.915 602.558
933.214 679.157
933.513 706.862
933.812 684.085
934.110 784.525
934.409 857.548
934.708 671.430
935.007 874.563
935.305 873.136
935.604 657.674
935.903 740.619
936.202 802.225
936.500 927.200
936.799 1042.885
937.098 968.315
937.397 868.977
937.696 821.926
937.994 722.006
938.293 771.757
938.592 703.724
938.891 752.464
939.189 795.398
939.488 874.833
939.787 1066.191
940.086 935.449
940.384 886.356
940.683 789.610
940.982 707.396
941.281 866.900
941.580 1152.274
941.878 1069.811
942.177 864.628
942.476 895.876
942.775 937.739
943.073 840.653
943.372 682.542
943.671 886.368
943.970 1107.631
944.268 1005.155
944.567 803.406
944.866 823.887
945.165 808.099
945.464 751.177
945.762 726.510
946.061 912.680
946.360 960.551
946.659 1009.444
946.957 1013.696
947.256 979.560
947.555 901.865
947.854 914.728
948.153 840.782
948.451 790.007
948.750 849.728
949.049 802.838
949.348 1037.907
949.646 925.995
949.945 837.198
950.244 984.748
950.543 878.964
950.841 779.621
951.140 860.377
951.439 702.672
951.738 695.883
952.037 805.918
952.335 893.883
952.634 923.867
952.933 758.027
953.232 670.645
953.530 523.128
953.829 837.896
954.128 958.463
954.427 822.137
954.725 875.405
955.024 855.015
955.323 916.987
955.622 777.737
955.921 649.594
956.219 800.811
956.518 742.988
956.817 740.082
957.116 822.364
957.414 806.494
957.713 611.403
958.012 464.238
958.311 457.430
958.610 701.441
958.908 793.482
959.207 728.163
959.506 778.500
959.805 805.653
960.103 818.369
960.402 788.213
960.701 654.238
961.000 599.560
961.298 598.004
961.597 745.830
961.896 721.020
962.195 727.017
962.494 812.004
962.792 703.036
963.091 566.778
963.390 586.897
963.689 605.557
963.987 698.687
964.286 766.415
964.585 734.614
964.884 692.102
965.182 680.827
965.481 1005.522
965.780 1067.823
966.080 921.669
966.380 771.386
966.680 717.827
966.981 755.531
967.281 732.607
967.581 648.394
967.881 713.435
968.181 775.277
968.481 719.977
968.781 658.415
969.082 505.000
969.382 594.766
969.682 701.631
969.982 736.340
970.282 819.903
970.582 669.425
970.882 622.287
971.183 755.816
971.483 608.282
971.783 657.942
972.083 704.497
972.383 734.502
972.683 722.738
972.983 738.449
973.284 687.989
973.584 712.006
973.884 758.109
974.184 776.565
974.484 831.322
974.784 686.938
975.084 617.603
975.385 633.442
975.685 755.005
975.985 697.370
976.285 691.571
976.585 754.511
976.885 694.870
977.185 686.756
977.486 710.702
977.786 720.275
978.086 794.631
978.386 772.439
978.686 602.520
978.986 591.503
979.286 656.511
979.587 746.519
979.887 594.527
980.187 545.535
980.487 541.543
980.787 645.551
981.087 587.559
981.387 746.567
981.688 653.575
981.988 549.583
982.288 548.591
982.588 596.599
982.888 660.607
983.188 622.615
983.488 702.622
983.789 673.630
984.089 657.638
984.389 619.646
984.689 558.654
984.989 487.662
985.289 543.670
985.589 681.677
985.890 640.685
986.190 554.693
986.490 569.701
986.790 687.709
987.090 633.717
987.390 657.724
987.690 710.732
987.991 618.740
988.291 624.748
988.591 605.755
988.891 485.763
989.191 499.771
989.491 692.779
989.791 663.786
990.092 667.794
990.392 712.802
990.692 671.810
990.992 660.817
991.292 529.825
991.592 637.833
991.892 651.840
992.193 736.848
992.493 690.856
992.793 595.863
993.093 598.871
993.393 581.879
993.693 642.886
993.993 701.894
994.294 697.902
994.594 606.909
994.894 580.917
995.194 624.925
995.494 543.932
995.794 564.940
996.094 582.947
996.395 679.955
996.695 717.962
996.995 520.970
997.295 469.978
997.595 503.985
997.895 452.993
998.195 393.000
998.496 505.008
998.796 518.015
999.096 794.023
999.396 688.030
999.696 610.038
999.996 636.045
1000.296 760.053
1000.597 720.060
1000.897 604.068
1001.197 630.075
1001.497 824.083
1001.797 658.090
1002.097 512.098
1002.397 570.105
1002.698 609.112
1002.998 695.120
1003.298 671.127
1003.598 542.135
1003.898 520.142
1004.198 645.150
1004.498 710.157
1004.799 658.164
1005.099 681.172
1005.399 719.179
1005.699 763.186
1005.999 724.194
1006.299 624.201
1006.599 856.208
1006.900 836.216
1007.200 624.223
1007.500 674.230
1007.800 688.238
1008.100 574.245
1008.400 494.252
1008.700 519.260
1009.001 497.267
1009.301 502.274
1009.601 689.282
1009.901 777.289
1010.201 709.296
1010.501 667.303
1010.801 763.311
1011.102 578.318
1011.402 608.325
1011.702 564.332
1012.002 488.340
1012.302 630.347
1012.602 601.354
1012.902 573.361
1013.203 641.368
1013.503 690.376
1013.803 696.383
1014.103 578.390
1014.403 665.397
1014.703 557.404
1015.003 493.411
1015.304 748.419
1015.604 799.426
1015.904 595.433
1016.204 556.440
1016.504 552.447
1016.804 566.454
1017.104 603.461
1017.405 595.468
1017.705 561.475
1018.005 558.483
1018.305 626.490
1018.605 600.497
1018.905 472.504
1019.205 476.511
1019.506 837.518
1019.806 811.525
1020.106 647.532
1020.406 675.539
1020.706 621.546
1021.006 676.553
1021.306 814.560
1021.607 712.567
1021.907 792.574
1022.207 716.581
1022.507 586.588
1022.807 622.595
1023.107 665.602
1023.407 599.609
1023.708 572.616
1024.008 548.623
1024.308 619.630
1024.608 604.637
1024.908 501.644
1025.208 635.651
1025.508 846.658
1025.809 811.665
1026.109 609.672
1026.409 668.679
1026.709 715.685
1027.009 663.692
1027.309 678.699
1027.609 555.706
1027.910 558.713
1028.210 670.720
1028.510 754.727
1028.810 1000.734
1029.110 863.740
1029.410 682.747
1029.710 750.754
1030.011 776.761
1030.311 802.768
1030.611 634.775
1030.911 689.781
1031.211 727.788
1031.511 584.795
1031.811 763.802
1032.112 794.809
1032.412 671.815
1032.712 532.822
1033.012 607.829
1033.312 791.836
1033.612 725.843
1033.912 589.849
1034.212 551.856
1034.513 564.863
1034.813 546.870
1035.113 662.876
1035.413 589.883
1035.713 644.890
1036.013 699.896
1036.313 678.903
1036.614 743.910
1036.914 636.917
1037.214 508.923
1037.514 658.930
1037.814 627.937
1038.114 601.943
1038.414 623.950
1038.715 666.957
1039.015 578.963
1039.315 505.970
1039.615 634.977
1039.915 583.983
1040.215 495.990
1040.515 579.996
1040.816 666.003
1041.116 645.010
1041.416 575.016
1041.716 541.023
1042.016 541.029
1042.316 732.036
1042.616 662.043
1042.917 547.049
1043.217 568.056
1043.517 601.062
1043.817 703.069
1044.117 637.075
1044.417 599.082
1044.717 594.089
1045.018 595.095
1045.318 653.102
1045.618 689.108
1045.918 610.115
1046.218 494.121
1046.518 583.128
1046.818 649.134
1047.119 524.141
1047.419 753.147
1047.719 709.154
1048.019 610.160
1048.319 684.167
1048.619 593.173
1048.919 612.180
1049.220 582.186
1049.520 681.192
1049.820 620.199
1050.120 524.205
1050.420 740.212
1050.720 660.218
1051.020 678.225
1051.321 773.231
1051.621 817.237
1051.921 663.244
1052.221 536.250
1052.521 451.257
1052.821 472.263
1053.121 619.269
1053.422 676.276
1053.722 774.282
1054.022 664.289
1054.322 742.295
1054.622 642.301
1054.922 518.308
1055.222 647.314
1055.523 713.320
1055.823 696.327
1056.123 767.333
1056.423 667.339
1056.723 701.346
1057.023 629.352
1057.323 512.358
1057.624 589.364
1057.924 669.371
1058.224 698.377
1058.524 570.383
1058.824 633.390
1059.124 629.396
1059.424 593.402
1059.725 704.408
1060.025 597.415
1060.325 622.421
1060.625 607.427
1060.925 581.433
1061.225 577.440
1061.525 725.446
1061.826 657.452
1062.126 646.458
1062.426 677.464
1062.726 729.471
1063.026 684.477
1063.326 868.483
1063.626 806.489
1063.927 625.495
1064.227 660.502
1064.527 637.508
1064.827 752.514
1065.127 714.520
1065.427 514.526
1065.727 450.532
1066.028 659.539
1066.328 704.545
1066.628 506.551
1066.928 517.557
1067.228 568.563
1067.528 587.569
1067.828 582.575
1068.129 528.581
1068.429 696.588
1068.729 754.594
1069.029 632.600
1069.329 491.606
1069.629 654.612
1069.929 741.618
1070.230 780.624
1070.530 733.630
1070.830 616.636
1071.130 725.642
1071.430 605.648
1071.730 675.654
1072.030 768.660
1072.331 565.666
1072.631 613.672
1072.931 683.678
1073.231 661.684
1073.531 635.690
1073.831 619.696
1074.131 704.702
1074.432 779.708
1074.732 618.714
1075.032 476.720
1075.332 501.726
1075.632 548.732
1075.932 514.738
1076.232 519.744
1076.533 562.750
1076.833 633.756
1077.133 583.762
1077.433 541.768
1077.733 573.774
1078.033 689.780
1078.333 658.786
1078.634 654.792
1078.934 738.798
1079.234 575.804
1079.534 729.810
1079.834 811.815
1080.134 674.821
1080.434 698.827
1080.735 680.833
1081.035 612.839
1081.335 492.845
1081.635 491.851
1081.935 590.857
1082.235 597.863
1082.535 572.868
1082.836 605.874
1083.136 638.880
1083.436 746.886
1083.736 717.892
1084.036 556.898
1084.336 525.903
1084.636 581.909
1084.937 714.915
1085.237 782.921
1085.537 711.927
1085.837 741.932
1086.137 664.938
1086.437 686.944
1086.737 600.950
1087.038 597.956
1087.338 728.961
1087.638 739.967
1087.938 514.973
1088.238 384.979
1088.538 549.984
1088.838 723.990
1089.139 780.996
1089.439 570.002
1089.739 664.007
1090.039 690.013
1090.339 741.019
1090.639 619.025
1090.939 623.030
1091.240 585.036
1091.540 611.042
1091.840 575.047
1092.140 630.053
1092.453 683.059
1092.766 663.065
1093.079 594.070
1093.392 627.076
1093.705 616.082
1094.018 623.087
1094.330 747.093
1094.643 704.099
1094.956 759.104
1095.269 680.110
1095.582 634.116
1095.895 548.121
1096.208 565.127
1096.521 597.132
1096.834 704.138
1097.147 707.144
1097.460 706.149
1097.773 697.155
1098.085 538.161
1098.398 456.166
1098.711 515.172
1099.024 506.177
1099.337 614.183
1099.650 749.189
1099.963 707.194
1100.276 545.200
1100.589 578.205
1100.902 667.211
1101.215 646.216
1101.528 688.222
1101.841 616.227
1102.153 634.233
1102.466 713.239
1102.779 559.244
1103.092 545.250
1103.405 633.255
1103.718 611.261
1104.031 600.266
1104.344 677.272
1104.657 641.277
1104.970 893.283
1105.283 683.288
1105.596 573.294
1105.909 576.299
1106.221 682.305
1106.534 712.310
1106.847 550.316
1107.160 438.321
1107.473 432.327
1107.786 541.332
1108.099 464.338
1108.412 575.343
1108.725 664.348
1109.038 543.354
1109.351 677.359
1109.664 700.365
1109.977 570.370
1110.289 537.376
1110.602 577.381
1110.915 657.386
1111.228 597.392
1111.541 492.397
1111.854 506.403
1112.167 470.408
1112.480 489.413
1112.793 570.419
1113.106 563.424
1113.419 619.430
1113.732 627.435
1114.044 537.440
1114.357 622.446
1114.670 645.451
1114.983 605.456
1115.296 569.462
1115.609 645.467
1115.922 598.472
1116.235 646.478
1116.548 676.483
1116.861 595.488
1117.174 586.494
1117.487 636.499
1117.800 813.504
1118.112 643.510
1118.425 570.515
1118.738 541.520
1119.051 568.526
1119.364 587.531
1119.677 625.536
1119.990 623.542
1120.303 657.547
1120.616 710.552
1120.929 591.557
1121.242 667.563
1121.555 695.568
1121.868 687.573
1122.180 580.578
1122.493 419.584
1122.806 494.589
1123.119 626.594
1123.432 662.599
1123.745 654.605
1124.058 548.610
1124.371 522.615
1124.684 682.620
1124.997 648.626
1125.310 574.631
1125.623 501.636
1125.935 471.641
1126.248 551.646
1126.561 646.652
1126.874 589.657
1127.187 659.662
1127.500 688.667
1127.813 648.672
1128.126 657.677
1128.439 667.683
1128.752 785.688
1129.065 575.693
1129.378 369.698
1129.691 540.703
1130.003 596.708
1130.316 551.714
1130.629 518.719
1130.942 592.724
1131.255 548.729
1131.568 466.734
1131.881 571.739
1132.194 683.744
1132.507 715.749
1132.820 657.755
1133.133 677.760
1133.446 576.765
1133.759 793.770
1134.071 1222.775
1134.384 833.780
1134.697 770.785
1135.010 837.790
1135.323 662.795
1135.636 499.800
1135.949 446.805
1136.262 530.810
1136.575 545.816
1136.888 585.821
1137.201 625.826
1137.514 593.831
1137.826 674.836
1138.139 604.841
1138.452 590.846
1138.765 850.851
1139.078 792.856
1139.391 740.861
1139.704 693.866
1140.017 696.871
1140.330 592.876
1140.643 596.881
1140.956 596.886
1141.269 592.891
1141.582 650.896
1141.894 608.901
1142.207 742.906
1142.520 629.911
1142.833 685.916
1143.146 562.921
1143.459 487.926
1143.772 555.931
1144.085 678.936
1144.398 668.941
1144.711 656.946
1145.024 604.951
1145.337 637.956
1145.650 608.961
1145.962 573.965
1146.275 646.970
1146.588 538.975
1146.901 654.980
1147.214 653.985
1147.527 595.990
1147.840 646.995
1148.153 594.000
1148.466 611.005
1148.779 609.010
1149.092 694.015
1149.405 603.019
1149.718 634.024
1150.030 711.029
1150.343 622.034
1150.656 560.039
1150.969 523.044
1151.282 735.049
1151.595 664.054
1151.908 576.058
1152.221 411.063
1152.534 483.068
1152.847 794.073
1153.160 718.078
1153.473 682.083
1153.785 677.088
1154.098 644.092
1154.411 733.097
1154.724 653.102
1155.037 765.107
1155.350 679.112
1155.663 682.117
1155.976 548.121
1156.289 690.126
1156.602 623.131
1156.915 475.136
1157.228 467.141
1157.541 573.145
1157.853 586.150
1158.166 685.155
1158.479 728.160
1158.792 624.164
1159.105 638.169
1159.418 662.174
1159.731 609.179
1160.044 635.184
1160.357 696.188
1160.670 669.193
1160.983 541.198
1161.296 660.203
1161.609 812.207
1161.921 675.212
1162.234 567.217
1162.547 438.221
1162.860 459.226
1163.173 492.231
1163.486 645.236
1163.799 662.240
1164.112 618.245
1164.425 591.250
1164.738 542.254
1165.051 557.259
1165.364 596.264
1165.676 636.269
1165.989 645.273
1166.302 597.278
1166.615 725.283
1166.928 687.287
1167.241 701.292
1167.554 747.297
1167.867 719.301
1168.180 555.306
1168.493 487.311
1168.806 627.315
1169.119 595.320
1169.432 641.325
1169.744 694.329
1170.057 669.334
1170.370 729.338
1170.683 719.343
1170.996 634.348
1171.309 634.352
1171.622 544.357
1171.935 600.362
1172.248 788.366
1172.561 730.371
1172.874 690.375
1173.187 691.380
1173.500 679.385
1173.812 759.389
1174.125 717.394
1174.438 659.398
1174.751 590.403
1175.064 624.408
1175.377 702.412
1175.690 617.417
1176.003 580.421
1176.316 596.426
1176.629 618.430
1176.942 609.435
1177.255 531.440
1177.567 468.444
1177.880 527.449
1178.193 653.453
1178.506 585.458
1178.819 705.462
1179.132 763.467
1179.445 531.471
1179.758 699.476
1180.071 757.480
1180.384 599.485
1180.697 587.489
1181.010 622.494
1181.323 735.498
1181.635 767.503
1181.948 660.507
1182.261 565.512
1182.574 563.516
1182.887 676.521
1183.200 834.525
1183.513 749.530
1183.826 656.534
1184.139 693.539
1184.452 678.543
1184.765 580.548
1185.078 516.552
1185.391 608.557
1185.703 561.561
1186.016 475.566
1186.329 480.570
1186.642 569.575
1186.955 723.579
1187.268 619.583
1187.581 622.588
1187.894 622.592
1188.207 653.597
1188.520 572.601
1188.833 601.606
1189.146 544.610
1189.459 450.614
1189.771 534.619
1190.084 631.623
1190.397 526.628
1190.710 584.632
1191.023 642.636
1191.336 661.641
1191.649 590.645
1191.962 604.650
1192.275 511.654
1192.588 614.658
1192.901 767.663
1193.214 634.667
1193.526 607.672
1193.839 687.676
1194.152 585.680
1194.465 662.685
1194.778 622.689
1195.091 571.693
1195.404 552.698
1195.717 627.702
1196.030 703.706
1196.343 596.711
1196.656 491.715
1196.969 561.719
1197.282 605.724
1197.594 639.728
1197.907 763.732
1198.220 783.737
1198.533 646.741
1198.846 586.745
1199.159 561.750
1199.472 555.754
1199.785 633.758
1200.098 472.763
1200.411 635.767
1200.724 666.771
1201.037 660.775
1201.350 565.780
1201.662 460.784
1201.975 559.788
1202.288 606.793
1202.601 224.797
