165.028 142.898
165.288 65.536
165.547 42.176
165.807 121.820
166.067 46.467
166.327 -30.883
166.587 4.771
166.847 125.427
167.107 147.087
167.367 193.749
167.627 219.415
167.886 127.083
168.146 158.755
168.406 327.429
168.666 290.107
168.926 194.787
169.186 184.470
169.446 166.156
169.706 93.844
169.966 173.536
170.225 162.230
170.485 169.926
170.745 219.626
171.005 413.328
171.265 272.033
171.525 164.740
171.785 21.450
172.045 79.162
172.305 277.877
172.564 180.594
172.824 32.314
173.084 218.036
173.344 180.761
173.604 190.488
173.864 266.217
174.124 204.948
174.384 142.682
174.644 274.418
174.903 405.156
175.163 398.897
175.423 366.639
175.683 171.384
175.943 276.131
176.203 262.880
176.463 182.630
176.723 113.383
176.983 208.138
177.242 306.895
177.502 387.654
177.762 332.414
178.022 148.177
178.282 109.941
178.542 112.707
178.802 123.475
179.062 120.245
179.322 337.016
179.581 413.790
179.841 272.564
180.101 281.341
180.361 315.119
180.621 291.899
180.881 209.680
181.141 193.463
181.401 219.247
181.661 333.033
181.920 411.821
182.180 302.609
182.440 196.399
182.700 146.191
182.960 118.984
183.220 171.778
183.480 446.574
183.740 293.371
184.000 181.169
184.259 106.968
184.519 183.769
184.779 172.571
185.039 233.373
185.299 330.177
185.559 328.983
185.819 344.789
186.079 306.596
186.339 203.405
186.598 172.214
186.858 53.024
187.118 113.835
187.378 308.648
187.638 267.461
187.898 323.275
188.158 359.090
188.418 220.906
188.678 228.722
188.937 226.540
189.197 302.358
189.457 308.177
189.717 219.996
189.977 125.816
190.237 133.637
190.497 249.459
190.757 269.281
191.017 294.104
191.276 197.928
191.536 240.752
191.796 176.577
192.056 164.402
192.316 216.227
192.576 156.054
192.836 126.880
193.096 148.707
193.356 133.535
193.616 152.363
193.875 228.191
194.135 207.019
194.395 349.848
194.655 327.678
194.915 285.507
195.175 211.337
195.435 292.167
195.695 110.997
195.955 -29.172
196.214 170.659
196.474 364.489
196.734 296.321
196.994 261.152
197.254 315.983
197.514 285.814
197.774 210.646
198.034 155.478
198.294 143.309
198.553 200.141
198.813 170.972
199.073 60.804
199.333 123.636
199.593 295.467
199.853 299.299
200.113 369.130
200.373 382.961
200.633 175.793
200.892 109.624
201.152 89.455
201.412 102.285
201.672 210.116
201.932 426.946
202.192 391.776
202.452 189.606
202.712 139.436
202.972 236.265
203.231 343.095
203.491 331.923
203.751 340.752
204.011 345.580
204.271 420.408
204.531 213.235
204.791 145.062
205.051 132.889
205.311 232.716
205.570 171.541
205.830 236.367
206.090 219.192
206.350 295.016
206.610 504.841
206.870 289.664
207.130 226.487
207.390 252.310
207.650 232.132
207.909 305.953
208.169 289.774
208.429 272.595
208.689 156.414
208.949 293.234
209.209 358.052
209.469 155.870
209.729 150.687
209.989 202.504
210.248 131.320
210.508 437.135
210.768 331.950
211.028 199.764
211.288 310.577
211.548 274.390
211.808 293.202
212.068 443.013
212.328 437.823
212.587 430.632
212.847 337.441
213.107 362.249
213.367 309.056
213.627 301.863
213.887 289.668
214.147 176.473
214.407 276.277
214.667 299.080
214.926 328.882
215.186 252.683
215.446 318.484
215.706 245.283
215.966 244.082
216.226 241.879
216.486 266.676
216.746 301.472
217.006 328.267
217.265 202.061
217.525 182.854
217.785 244.646
218.045 288.437
218.305 276.227
218.565 242.016
218.825 333.804
219.085 467.592
219.345 259.378
219.604 184.163
219.864 299.947
220.124 312.730
220.384 309.512
220.644 299.292
220.904 249.072
221.164 272.851
221.424 215.629
221.684 186.405
221.943 257.181
222.203 314.955
222.463 264.728
222.723 176.501
222.983 261.272
223.243 196.042
223.503 296.810
223.763 239.578
224.023 234.344
224.282 409.110
224.542 432.874
224.802 379.637
225.062 317.399
225.322 460.160
225.582 396.919
225.842 346.677
226.102 352.434
226.362 358.190
226.621 332.945
226.881 293.699
227.141 320.451
227.401 353.202
227.661 257.952
227.921 458.700
228.181 361.448
228.441 263.194
228.701 480.939
228.960 521.682
229.220 310.425
229.480 209.166
229.740 352.906
230.000 444.644
230.260 259.381
230.520 217.117
230.780 238.852
231.040 257.586
231.299 206.318
231.559 269.049
231.819 293.778
232.079 358.506
232.339 379.233
232.599 190.959
232.859 309.683
233.119 387.406
233.379 261.128
233.638 314.849
233.898 447.568
234.158 429.285
234.418 250.002
234.678 344.717
234.938 470.431
235.198 305.143
235.458 246.854
235.718 324.564
235.978 297.272
236.237 326.979
236.497 371.685
236.757 426.389
237.017 372.092
237.277 387.794
237.537 363.494
237.797 296.193
238.057 380.890
238.317 297.586
238.576 127.281
238.836 243.974
239.096 385.666
239.356 339.357
239.616 293.046
239.876 356.734
240.136 346.421
240.396 438.106
240.656 491.789
240.915 399.472
241.175 333.153
241.435 288.832
241.695 388.510
241.955 509.187
242.215 614.862
242.475 492.536
242.735 335.209
242.995 413.880
243.254 375.550
243.514 318.218
243.774 188.885
244.034 308.551
244.294 572.215
244.554 417.878
244.814 416.539
245.074 389.199
245.334 340.858
245.593 330.515
245.853 331.171
246.113 295.825
246.373 390.478
246.633 477.129
246.893 378.779
247.153 325.428
247.413 442.075
247.673 442.721
247.932 399.366
248.192 425.009
248.452 485.651
248.712 436.291
248.972 271.930
249.232 457.567
249.492 374.203
249.752 212.838
250.012 375.471
250.271 335.103
250.531 366.733
250.791 565.362
251.051 522.990
251.311 350.616
251.571 191.241
251.831 292.864
252.091 424.486
252.351 415.107
252.610 337.726
252.870 417.344
253.130 385.960
253.390 342.575
253.650 405.189
253.911 401.801
254.172 455.411
254.433 385.021
254.694 327.629
254.955 388.235
255.216 311.840
255.477 449.444
255.738 432.047
255.999 309.647
256.261 418.247
256.522 385.845
256.783 413.442
257.044 262.037
257.305 178.631
257.566 198.224
257.827 232.815
258.088 330.405
258.349 318.994
258.610 406.581
258.871 422.166
259.132 489.751
259.393 359.334
259.654 259.915
259.915 212.495
260.176 316.074
260.437 377.652
260.698 305.228
260.959 310.802
261.221 420.376
261.482 420.948
261.743 402.518
262.004 390.087
262.265 590.655
262.526 490.222
262.787 290.787
263.048 313.351
263.309 335.913
263.570 439.474
263.831 348.034
264.092 343.592
264.353 236.149
264.614 550.705
264.875 503.259
265.136 397.812
265.397 617.364
265.658 632.914
265.919 603.463
266.181 538.011
266.442 402.557
266.703 326.102
266.964 291.645
267.225 301.188
267.486 393.729
267.747 486.268
268.008 509.806
268.269 536.343
268.530 500.879
268.791 445.413
269.052 480.946
269.313 451.478
269.574 360.009
269.835 414.538
270.096 417.065
270.357 471.592
270.618 407.117
270.879 305.641
271.141 404.163
271.402 416.685
271.663 314.205
271.924 382.723
272.185 407.241
272.446 400.757
272.707 391.272
272.968 369.785
273.229 358.297
273.490 390.808
273.751 370.318
274.012 374.826
274.273 477.334
274.534 397.839
274.795 425.344
275.056 499.847
275.317 322.349
275.578 214.850
275.839 308.350
276.101 304.848
276.362 306.345
276.623 369.841
276.884 481.335
277.145 448.829
277.406 411.321
277.667 347.812
277.928 338.301
278.189 516.789
278.450 484.276
278.711 448.762
278.972 432.247
279.233 382.730
279.494 452.213
279.755 568.693
280.016 573.173
280.277 443.652
280.538 489.129
280.799 376.605
281.061 394.080
281.322 418.554
281.583 416.026
281.844 268.497
282.105 310.967
282.366 460.436
282.627 398.904
282.888 450.370
283.149 467.836
283.410 442.300
283.671 488.763
283.932 400.224
284.193 216.685
284.454 306.144
284.715 397.602
284.976 335.060
285.237 461.515
285.498 713.970
285.759 566.424
286.021 522.876
286.282 499.327
286.543 514.777
286.804 434.226
287.065 445.674
287.326 497.120
287.587 318.566
287.848 417.010
288.109 570.453
288.370 521.895
288.631 333.336
288.892 324.776
289.153 372.214
289.414 293.652
289.675 510.088
289.936 645.523
290.197 545.958
290.458 446.391
290.719 371.822
290.981 532.253
291.242 632.683
291.503 577.111
291.764 392.539
292.025 190.965
292.286 282.390
292.547 447.814
292.808 409.238
293.069 433.659
293.330 438.080
293.591 504.500
293.852 459.919
294.113 402.336
294.374 396.753
294.635 443.168
294.896 441.583
295.157 483.996
295.418 528.408
295.679 512.819
295.941 506.230
296.202 535.639
296.463 490.047
296.724 527.453
296.985 532.859
297.246 553.264
297.507 395.668
297.768 367.071
298.029 512.472
298.290 670.873
298.551 659.273
298.812 684.671
299.073 474.069
299.334 334.465
299.595 458.861
299.856 520.255
300.117 667.649
300.378 595.041
300.639 409.432
300.901 336.823
301.162 469.212
301.423 553.601
301.684 659.988
301.945 650.374
302.206 407.760
302.467 499.144
302.728 448.527
302.989 480.910
303.250 526.291
303.511 573.671
303.772 541.051
304.033 509.429
304.294 474.807
304.555 415.183
304.816 475.559
305.077 529.933
305.338 422.307
305.599 430.679
305.861 472.051
306.122 537.421
306.383 499.791
306.644 496.160
306.905 367.528
307.166 532.894
307.427 508.260
307.688 422.625
307.949 359.989
308.210 489.352
308.471 535.714
308.732 464.075
308.993 346.436
309.254 377.795
309.515 318.153
309.776 452.511
310.037 428.867
310.298 266.223
310.559 375.577
310.821 515.931
311.082 507.284
311.343 376.636
311.604 283.987
311.865 295.337
312.126 340.686
312.387 400.034
312.648 430.382
312.909 408.728
313.170 497.074
313.434 500.418
313.698 438.762
313.963 513.105
314.227 405.447
314.491 370.788
314.755 460.128
315.019 544.468
315.284 366.806
315.548 425.144
315.812 453.481
316.076 571.817
316.340 555.152
316.604 512.486
316.869 569.819
317.133 534.151
317.397 580.483
317.661 583.814
317.925 453.143
318.190 398.472
318.454 442.801
318.718 399.128
318.982 553.454
319.246 602.780
319.511 699.105
319.775 524.429
320.039 513.752
320.303 518.074
320.567 572.395
320.832 572.716
321.096 469.036
321.360 477.355
321.624 405.673
321.888 369.990
322.153 446.307
322.417 406.622
322.681 333.937
322.945 457.251
323.209 487.565
323.473 446.877
323.738 478.189
324.002 482.500
324.266 620.810
324.530 591.119
324.794 477.427
325.059 424.735
325.323 351.042
325.587 447.348
325.851 468.653
326.115 620.958
326.380 525.262
326.644 476.565
326.908 505.867
327.172 453.168
327.436 461.469
327.701 461.769
327.965 474.068
328.229 555.366
328.493 406.664
328.757 426.961
329.022 513.257
329.286 375.552
329.550 390.847
329.814 472.140
330.078 498.434
330.342 477.726
330.607 520.017
330.871 562.308
331.135 668.598
331.399 650.888
331.663 488.176
331.928 473.464
332.192 539.751
332.456 533.038
332.720 536.323
332.984 459.608
333.249 493.892
333.513 458.176
333.777 354.459
334.041 305.741
334.305 426.022
334.570 454.303
334.834 333.583
335.098 554.862
335.362 616.140
335.626 555.418
335.891 457.695
336.155 443.971
336.419 438.247
336.683 274.522
336.947 440.796
337.211 468.070
337.476 327.343
337.740 416.615
338.004 468.886
338.268 481.157
338.532 541.427
338.797 452.697
339.061 525.966
339.325 623.234
339.589 666.501
339.853 505.768
340.118 443.034
340.382 572.299
340.646 670.564
340.910 488.828
341.174 497.092
341.439 449.354
341.703 481.616
341.967 429.878
342.231 385.138
342.495 413.399
342.759 546.658
343.024 539.917
343.288 608.175
343.552 563.432
343.816 354.689
344.080 416.945
344.345 495.201
344.609 340.456
344.873 252.710
345.137 408.964
345.401 497.217
345.666 354.469
345.930 521.721
346.194 611.972
346.458 408.222
346.722 406.472
346.987 482.722
347.251 527.970
347.515 644.218
347.779 453.465
348.043 413.712
348.308 498.958
348.572 423.204
348.836 297.449
349.100 357.693
349.364 312.937
349.628 315.180
349.893 428.422
350.157 548.664
350.421 480.905
350.685 541.146
350.949 459.386
351.214 315.626
351.478 420.864
351.742 479.103
352.006 488.340
352.270 465.578
352.535 423.814
352.799 412.050
353.063 527.285
353.327 459.520
353.591 402.754
353.856 517.988
354.120 548.221
354.384 577.453
354.648 664.685
354.912 576.916
355.177 465.147
355.441 486.377
355.705 666.607
355.969 620.836
356.233 564.064
356.497 560.292
356.762 517.520
357.026 433.746
357.290 479.973
357.554 558.198
357.818 545.423
358.083 500.648
358.347 487.872
358.611 488.095
358.875 525.318
359.139 499.541
359.404 414.762
359.668 545.984
359.932 688.204
360.196 655.425
360.460 480.644
360.725 517.863
360.989 599.082
361.253 702.300
361.517 652.517
361.781 601.734
362.046 625.951
362.310 632.167
362.574 624.382
362.838 493.597
363.102 534.811
363.366 536.025
363.631 500.238
363.895 516.451
364.159 609.663
364.423 554.875
364.687 649.086
364.952 619.297
365.216 609.507
365.480 532.717
365.747 436.926
366.013 474.135
366.280 510.343
366.546 602.551
366.813 467.758
367.079 526.964
367.346 664.171
367.612 618.376
367.879 575.581
368.145 667.786
368.412 555.990
368.678 452.194
368.945 573.397
369.211 525.600
369.478 539.802
369.744 502.004
370.011 507.205
370.278 490.406
370.544 459.606
370.811 498.806
371.077 506.005
371.344 492.204
371.610 525.402
371.877 508.600
372.143 583.797
372.410 650.994
372.676 726.191
372.943 679.387
373.209 562.582
373.476 477.777
373.742 427.972
374.009 550.166
374.276 576.360
374.542 526.553
374.809 482.745
375.075 384.938
375.342 349.130
375.608 303.321
375.875 377.512
376.141 655.702
376.408 617.892
376.674 587.082
376.941 513.271
377.207 488.459
377.474 882.648
377.740 789.835
378.007 458.023
378.273 557.209
378.540 616.396
378.807 475.582
379.073 437.767
379.340 428.952
379.606 491.137
379.873 494.321
380.139 524.505
380.406 589.688
380.672 539.871
380.939 466.054
381.205 453.236
381.472 395.417
381.738 374.598
382.005 517.779
382.271 565.959
382.538 552.139
382.804 661.319
383.071 602.498
383.338 604.676
383.604 571.855
383.871 633.032
384.137 638.210
384.404 516.387
384.670 503.563
384.937 485.739
385.203 581.915
385.470 556.090
385.736 593.265
386.003 554.440
386.269 547.614
386.536 511.788
386.802 492.961
387.069 568.134
387.336 737.306
387.602 721.478
387.869 459.650
388.135 444.821
388.402 407.992
388.668 516.162
388.935 634.332
389.201 772.502
389.468 738.671
389.734 718.840
390.001 594.009
390.267 482.177
390.534 610.344
390.800 590.512
391.067 721.679
391.333 737.845
391.600 594.011
391.867 604.177
392.133 608.342
392.400 511.507
392.666 402.672
392.933 646.836
393.199 732.000
393.466 547.164
393.732 539.327
393.999 639.489
394.265 641.652
394.532 563.814
394.798 608.975
395.065 592.137
395.331 695.297
395.598 774.458
395.864 799.618
396.131 899.778
396.398 1015.937
396.664 1152.096
396.931 1336.255
397.197 1722.413
397.464 2021.571
397.730 2495.729
397.997 2746.886
398.263 2888.043
398.530 3150.199
398.796 3373.355
399.063 3481.511
399.329 3565.667
399.596 3695.822
399.862 3632.976
400.129 3725.131
400.396 3731.285
400.662 3450.438
400.929 3434.592
401.195 3447.745
401.462 3520.897
401.728 3672.050
401.995 3736.201
402.261 3698.353
402.528 3803.504
402.794 3918.655
403.061 4070.806
403.327 4394.956
403.594 4436.106
403.860 4312.255
404.127 4285.404
404.393 4500.553
404.660 4495.702
404.931 4549.850
405.202 4817.998
405.473 4904.145
405.745 5108.293
406.016 5368.439
406.287 5376.586
406.558 5378.732
406.829 5447.878
407.100 5359.024
407.371 5814.169
407.642 5786.314
407.914 5645.458
408.185 5608.602
408.456 5680.746
408.727 5765.890
408.998 5864.033
409.269 6000.176
409.540 6120.319
409.811 5835.461
410.083 5641.603
410.354 5612.745
410.625 5421.886
410.896 5427.027
411.167 5424.168
411.438 5253.308
411.709 4800.448
411.981 4812.588
412.252 4341.728
412.523 3905.867
412.794 3964.006
413.065 3845.144
413.336 3451.282
413.607 3306.420
413.878 3084.558
414.150 2806.695
414.421 2522.832
414.692 2375.969
414.963 2265.105
415.234 2305.242
415.505 2133.377
415.776 2130.513
416.047 2050.648
416.319 1796.783
416.590 1570.918
416.861 1259.052
417.132 1275.186
417.403 1290.320
417.674 1161.453
417.945 1001.586
418.217 867.719
418.488 929.852
418.759 798.984
419.030 716.116
419.301 737.247
419.572 792.379
419.843 819.510
420.114 704.641
420.386 655.771
420.657 826.902
420.928 681.032
421.199 629.161
421.470 636.291
421.741 546.420
422.012 583.549
422.283 585.677
422.555 635.805
422.826 730.933
423.097 746.061
423.368 680.188
423.639 598.316
423.910 675.443
424.181 601.569
424.453 522.695
424.724 849.821
424.995 942.947
425.266 690.073
425.537 586.198
425.808 736.323
426.079 787.448
426.350 723.572
426.622 698.696
426.893 835.820
427.164 737.944
427.435 653.067
427.706 671.190
427.977 709.313
428.248 662.436
428.519 722.558
428.791 629.680
429.062 748.802
429.333 638.923
429.604 621.044
429.875 767.165
430.146 846.286
430.417 795.406
430.689 665.527
430.960 570.647
431.231 638.766
431.502 794.886
431.773 804.005
432.044 714.124
432.315 838.243
432.586 739.361
432.858 790.479
433.129 569.597
433.400 564.715
433.671 645.832
433.942 676.949
434.213 534.066
434.484 537.183
434.755 685.299
435.027 555.415
435.298 625.531
435.569 682.647
435.840 535.762
436.116 535.877
436.391 626.992
436.667 677.107
436.942 677.222
437.218 720.336
437.493 795.450
437.769 802.563
438.045 698.677
438.320 690.790
438.596 655.903
438.871 555.016
439.147 547.128
439.422 574.241
439.698 518.353
439.974 516.465
440.249 652.576
440.525 723.687
440.800 510.799
441.076 621.909
441.351 828.020
441.627 828.131
441.903 665.241
442.178 531.351
442.454 558.460
442.729 780.570
443.005 649.679
443.281 713.788
443.556 810.897
443.832 664.005
444.107 568.114
444.383 622.222
444.658 625.330
444.934 485.438
445.210 696.545
445.485 781.652
445.761 800.759
446.036 668.866
446.312 728.972
446.587 732.079
446.863 520.185
447.139 610.291
447.414 666.396
447.690 671.502
447.965 740.607
448.241 693.712
448.516 640.817
448.792 643.922
449.068 660.026
449.343 675.130
449.619 590.234
449.894 643.338
450.170 649.441
450.445 839.544
450.721 895.648
450.997 597.750
451.272 720.853
451.548 662.956
451.823 614.058
452.099 735.160
452.375 651.262
452.650 677.363
452.926 772.465
453.201 778.566
453.477 1008.667
453.752 877.767
454.028 718.868
454.304 790.968
454.579 874.069
454.855 817.168
455.130 811.268
455.406 923.368
455.681 855.467
455.957 776.566
456.233 776.665
456.508 736.764
456.784 780.862
457.059 710.961
457.335 844.059
457.610 824.157
457.886 710.255
458.162 647.352
458.437 620.449
458.713 719.546
458.988 703.643
459.264 742.740
459.539 791.837
459.815 719.933
460.091 604.029
460.366 591.125
460.642 566.221
460.917 626.316
461.193 698.412
461.468 672.507
461.744 638.602
462.020 487.697
462.295 587.791
462.571 605.886
462.846 660.980
463.122 797.074
463.397 794.168
463.673 674.587
463.949 669.685
464.224 666.782
464.500 713.828
464.775 694.634
465.051 737.253
465.327 831.988
465.602 990.930
465.878 1106.897
466.153 1004.088
466.429 1239.948
466.704 1458.363
466.980 1408.371
467.256 1517.462
467.531 1651.204
467.807 1646.938
468.082 1630.997
468.358 1540.366
468.633 1667.586
468.909 1640.568
469.185 1579.996
469.460 1718.497
469.736 1675.000
470.011 1444.476
470.287 1492.408
470.562 1573.128
470.838 1458.761
471.114 1522.950
471.389 1531.121
471.665 1439.735
471.940 1481.767
472.216 1436.310
472.491 1257.509
472.767 1218.306
473.043 1291.417
473.318 1356.414
473.594 1148.894
473.869 1049.439
474.145 1047.493
474.421 1045.546
474.696 1014.098
474.972 912.367
475.247 879.746
475.523 1002.156
475.798 921.715
476.074 822.086
476.350 865.961
476.625 878.144
476.901 882.308
477.176 864.185
477.452 769.801
477.727 741.403
478.003 638.093
478.279 841.430
478.554 903.508
478.830 904.512
479.105 937.279
479.381 890.774
479.656 794.510
479.932 834.316
480.208 911.491
480.483 977.387
480.759 1006.794
481.034 864.446
481.310 790.792
481.585 848.757
481.861 858.920
482.137 817.856
482.412 862.387
482.688 867.765
482.963 907.097
483.239 988.434
483.514 800.139
483.790 815.620
484.066 1032.668
484.341 860.061
484.617 794.479
484.892 960.142
485.168 916.441
485.443 792.349
485.719 793.422
485.995 924.864
486.270 916.098
486.546 773.909
486.821 715.629
487.097 698.500
487.373 821.163
487.648 962.341
487.924 975.238
488.199 789.682
488.475 595.260
488.750 630.444
489.026 792.081
489.302 794.121
489.577 778.713
489.853 776.067
490.128 971.050
490.404 940.822
490.679 771.621
490.955 942.985
491.231 1015.397
491.506 916.661
491.782 761.905
492.057 790.588
492.333 877.747
492.608 815.199
492.884 857.348
493.160 736.092
493.435 747.413
493.711 845.527
493.986 782.089
494.262 728.028
494.537 653.592
494.813 794.641
495.089 711.015
495.364 753.329
495.640 822.164
495.915 792.768
496.191 936.134
496.467 876.046
496.742 818.976
497.018 884.832
497.293 833.572
497.569 875.970
497.844 817.382
498.120 862.009
498.396 872.721
498.671 822.021
498.947 916.434
499.222 951.214
499.498 876.611
499.773 914.494
500.049 1002.133
500.325 997.217
500.600 1125.284
500.876 1103.459
501.151 1281.272
501.427 1323.795
501.702 1439.770
501.978 1489.088
502.254 1569.702
502.529 1489.724
502.805 1636.311
503.080 1776.137
503.356 1635.720
503.631 1600.070
503.907 1622.611
504.183 1571.063
504.458 1584.292
504.734 1507.938
505.009 1590.921
505.285 1601.711
505.560 1581.962
505.836 1504.686
506.112 1459.210
506.387 1317.580
506.663 1331.485
506.938 1324.477
507.214 1284.102
507.490 1338.430
507.765 1317.976
508.041 1257.501
508.316 1301.969
508.592 1167.492
508.867 1120.109
509.143 1174.328
509.419 1073.894
509.694 907.314
509.970 870.271
510.245 813.541
510.521 861.795
510.796 794.069
511.072 738.192
511.348 833.497
511.623 901.360
511.899 832.138
512.174 892.947
512.450 903.040
512.725 850.527
513.001 732.802
513.277 634.123
513.552 832.540
513.828 806.308
514.103 786.859
514.379 871.526
514.654 765.545
514.930 764.105
515.206 1120.633
515.481 1021.580
515.757 791.435
516.032 722.231
516.308 871.275
516.583 969.024
516.859 897.093
517.135 914.683
517.410 942.122
517.686 923.721
517.961 970.430
518.237 1008.377
518.513 928.074
518.788 1185.459
519.064 1260.452
519.339 1211.490
519.615 1142.815
519.890 1217.955
520.166 1282.353
520.442 1450.574
520.717 1507.420
520.993 1513.750
521.268 1393.008
521.544 1370.932
521.819 1330.894
522.095 1461.155
522.371 1513.505
522.646 1475.214
522.922 1580.182
523.197 1549.590
523.473 1617.066
523.748 1536.743
524.024 1438.237
524.300 1425.856
524.575 1451.752
524.851 1495.830
525.126 1485.855
525.402 1524.656
525.677 1598.398
525.953 1511.843
526.229 1487.044
526.504 1450.248
526.780 1551.214
527.055 1546.058
527.331 1567.168
527.606 1568.727
527.882 1500.298
528.158 1360.030
528.433 1514.330
528.709 1536.460
528.984 1505.807
529.260 1502.030
529.535 1571.730
529.811 1390.231
530.087 1235.120
530.362 1267.195
530.638 1386.341
530.913 1392.929
531.189 1349.929
531.465 1131.839
531.740 1102.071
532.016 1220.215
532.291 1150.639
532.567 1185.872
532.842 1166.548
533.118 1138.638
533.394 1208.732
533.669 1055.498
533.945 915.477
534.220 912.615
534.496 1063.511
534.771 1003.200
535.047 974.967
535.323 997.460
535.598 953.616
535.874 964.368
536.149 1021.085
536.425 944.841
536.700 955.660
536.976 1177.197
537.252 1454.169
537.527 1517.539
537.803 1734.687
538.078 2076.664
538.354 2293.042
538.629 2291.417
538.905 2433.205
539.181 2629.381
539.456 2743.835
539.732 2959.826
540.007 3047.739
540.283 2975.707
540.558 3030.080
540.834 3176.584
541.110 3229.289
541.385 3173.898
541.661 3301.676
541.936 3312.931
542.212 3228.744
542.488 3375.478
542.763 3413.194
543.039 3408.697
543.314 3297.641
543.590 3179.817
543.865 3235.482
544.141 3104.454
544.417 3013.147
544.692 2927.799
544.968 3054.963
545.243 2988.470
545.519 2760.134
545.794 2710.247
546.070 2795.788
546.348 2677.230
546.627 2440.030
546.905 2600.720
547.183 2680.016
547.461 2742.631
547.740 2768.503
548.018 2617.232
548.296 2608.728
548.575 2695.175
548.853 2712.110
549.131 2804.516
549.409 3019.047
549.688 3329.615
549.966 3323.715
550.244 3420.989
550.523 3458.285
550.801 3573.724
551.079 3643.436
551.357 3775.040
551.636 3793.100
551.914 3753.125
552.192 3700.908
552.471 3797.406
552.749 3901.304
553.027 3923.106
553.306 4006.811
553.584 4205.485
553.862 4240.696
554.140 4403.812
554.419 4341.950
554.697 4656.398
554.975 4892.596
555.254 4947.491
555.532 4744.467
555.810 4873.546
556.088 5014.056
556.367 4768.730
556.645 4507.331
556.923 4534.617
557.202 4508.879
557.480 4544.356
557.758 4285.874
558.036 4028.891
558.315 3914.653
558.593 3898.244
558.871 3809.231
559.150 3736.217
559.428 3594.628
559.706 3357.569
559.984 3266.538
560.263 3304.901
560.541 3067.595
560.819 2878.883
561.098 2781.086
561.376 2569.595
561.654 2227.334
561.932 1940.785
562.211 1907.324
562.489 1873.750
562.767 1671.422
563.046 1451.172
563.324 1312.590
563.602 1238.008
563.880 1160.091
564.159 1208.122
564.437 1275.083
564.715 1069.059
564.994 916.513
565.272 981.818
565.550 866.829
565.828 757.342
566.107 874.590
566.385 883.040
566.663 755.559
566.942 719.827
567.220 768.863
567.498 908.110
567.776 755.270
568.055 681.277
568.333 728.437
568.611 804.067
568.890 737.638
569.168 676.366
569.446 690.591
569.725 677.109
570.003 523.531
570.281 483.463
570.559 645.984
570.838 696.993
571.116 675.426
571.394 713.261
571.673 762.494
571.951 747.745
572.229 704.100
572.507 698.026
572.786 687.077
573.064 643.000
573.342 587.542
573.621 530.197
573.899 666.826
574.177 826.701
574.455 820.711
574.734 709.034
575.012 726.690
575.290 672.598
575.569 674.282
575.847 723.074
576.125 688.771
576.403 586.348
576.682 703.979
576.960 762.553
577.243 766.767
577.527 614.857
577.810 515.394
578.093 547.504
578.377 581.238
578.660 597.092
578.944 606.029
579.227 591.431
579.510 658.463
579.794 671.065
580.077 594.130
580.360 598.731
580.644 619.230
580.927 611.936
581.210 693.490
581.494 627.186
581.777 659.441
582.061 586.436
582.344 529.237
582.627 501.364
582.911 578.176
583.194 562.828
583.477 670.655
583.761 648.742
584.044 727.627
584.327 757.368
584.611 669.498
584.894 635.575
585.178 615.637
585.461 602.693
585.744 680.657
586.028 625.380
586.311 576.422
586.594 641.465
586.878 565.507
587.161 575.549
587.444 671.591
587.728 620.633
588.011 648.675
588.295 534.716
588.578 608.150
588.861 741.059
589.145 607.841
589.428 590.473
589.711 512.924
589.995 517.448
590.278 693.314
590.562 627.048
590.845 551.538
591.128 724.681
591.412 668.834
591.695 602.610
591.978 765.722
592.262 741.553
592.545 502.827
592.828 652.072
593.112 598.621
593.395 535.850
593.679 520.416
593.962 652.927
594.245 650.327
594.529 579.721
594.812 486.739
595.095 439.502
595.379 640.258
595.662 745.308
595.945 584.727
596.229 505.813
596.512 536.535
596.796 637.205
597.079 693.049
597.362 833.682
597.646 801.245
597.929 644.014
598.212 656.263
598.496 662.231
598.779 779.089
599.062 827.499
599.346 674.527
599.629 608.811
599.913 599.383
600.196 631.934
600.479 653.004
600.763 647.774
601.046 536.411
601.329 626.544
601.613 699.713
601.896 633.871
602.179 670.614
602.463 632.342
602.746 686.407
603.030 797.447
603.313 746.653
603.596 612.245
603.880 646.976
604.163 677.406
604.446 592.549
604.730 525.985
605.013 620.419
605.296 701.378
605.580 675.950
605.863 693.617
606.147 591.793
606.430 621.213
606.713 702.833
606.997 675.155
607.280 810.539
607.563 707.836
607.847 645.597
608.130 646.899
608.414 718.709
608.697 736.358
608.980 671.494
609.264 748.660
609.547 640.225
609.830 658.871
610.114 686.331
610.397 611.930
610.680 666.162
610.964 684.171
611.247 689.109
611.531 629.959
611.814 515.177
612.097 567.224
612.381 783.371
612.664 862.684
612.947 680.188
613.231 632.137
613.514 635.741
613.797 700.609
614.081 711.450
614.364 744.885
614.648 690.893
614.931 653.600
615.214 646.759
615.498 699.545
615.781 715.032
616.064 694.398
616.348 817.465
616.631 837.025
616.914 858.874
617.198 767.144
617.481 690.332
617.765 706.827
618.048 766.790
618.331 728.325
618.615 642.124
618.898 805.202
619.181 839.822
619.465 776.395
619.748 680.485
620.031 637.629
620.315 613.519
620.598 696.503
620.882 749.861
621.165 893.782
621.448 852.067
621.732 783.298
622.015 619.154
622.298 633.384
622.582 704.909
622.865 630.723
623.148 575.812
623.432 695.117
623.715 632.089
623.999 770.803
624.282 746.511
624.565 840.603
624.849 685.708
625.132 543.980
625.415 859.538
625.699 918.967
625.982 746.448
626.265 660.024
626.549 609.897
626.832 759.426
627.116 798.854
627.399 630.202
627.682 676.344
627.966 680.732
628.249 685.111
628.532 644.255
628.816 773.388
629.099 684.470
629.383 693.828
629.666 665.502
629.949 610.758
630.233 610.571
630.516 646.449
630.799 632.345
631.083 593.031
631.366 559.416
631.649 513.137
631.933 514.626
632.216 640.454
632.500 693.767
632.783 749.060
633.066 681.748
633.350 670.142
633.633 730.337
633.916 708.329
634.200 616.198
634.483 682.689
634.766 696.046
635.050 668.373
635.333 569.766
635.617 579.161
635.900 663.402
636.183 692.452
636.467 643.623
636.750 713.194
637.033 708.507
637.317 656.679
637.600 690.866
637.883 621.703
638.167 653.983
638.450 716.458
638.734 674.353
639.017 708.091
639.300 766.173
639.584 705.617
639.867 828.191
640.150 782.383
640.434 815.154
640.717 806.945
641.000 745.292
641.284 840.648
641.567 732.951
641.851 748.418
642.134 931.326
642.417 852.915
642.701 952.900
642.984 990.356
643.267 945.423
643.551 784.404
643.834 676.452
644.117 788.207
644.401 758.047
644.684 818.994
644.968 931.359
645.251 869.539
645.534 716.659
645.818 692.298
646.101 859.174
646.384 951.221
646.668 944.677
646.951 823.579
647.235 858.216
647.518 876.102
647.801 1032.146
648.085 1170.172
648.368 1144.985
648.651 1099.900
648.935 1239.476
649.218 1423.121
649.501 1348.147
649.785 1452.368
650.068 1667.400
650.352 1688.833
650.635 1770.798
650.918 1796.153
651.202 2022.357
651.485 2238.930
651.768 2444.509
652.052 2498.239
652.335 2626.249
652.618 2774.104
652.902 3032.382
653.185 3397.857
653.469 3438.997
653.752 3504.192
654.035 3616.369
654.319 3856.896
654.602 4030.194
654.885 3997.992
655.169 4100.174
655.452 4083.668
655.735 4169.996
656.019 4195.307
656.302 4120.491
656.586 4218.467
656.869 4480.152
657.152 4358.898
657.436 4161.015
657.719 4316.135
658.002 4540.128
658.286 4577.067
658.569 4289.083
658.852 4104.715
659.136 4220.693
659.419 4082.651
659.703 3793.339
659.986 3547.683
660.269 3517.290
660.553 3284.070
660.836 3271.904
661.119 3322.746
661.403 3238.910
661.686 3136.967
661.969 3044.422
662.253 2951.926
662.536 2858.458
662.820 2918.612
663.103 2865.902
663.386 2811.163
663.670 2716.871
663.953 2557.554
664.236 2706.070
664.520 2580.465
664.803 2560.230
665.086 2712.525
665.370 2831.816
665.653 2770.041
665.937 2756.651
666.220 2555.868
666.503 2511.271
666.787 2497.100
667.070 2450.374
667.353 2506.297
667.637 2310.571
667.920 2357.252
668.204 2234.261
668.487 2055.245
668.770 2051.255
669.054 1768.187
669.337 1583.473
669.620 1519.281
669.904 1393.525
670.187 1333.811
670.470 1389.282
670.754 1214.819
671.037 1010.787
671.321 920.916
671.604 1027.202
671.887 1044.658
672.171 981.226
672.454 938.328
672.737 925.934
673.021 851.013
673.304 809.820
673.587 936.131
673.871 946.315
674.154 894.091
674.438 935.119
674.721 935.147
675.004 952.597
675.288 886.780
675.571 818.720
675.854 766.224
676.138 754.670
676.421 814.299
676.704 781.077
676.988 812.290
677.271 1044.561
677.555 998.098
677.838 887.474
678.121 888.650
678.405 865.672
678.688 982.676
678.971 734.742
679.255 832.279
679.538 940.190
679.821 938.142
680.105 838.416
680.388 785.483
680.672 713.562
680.955 752.050
681.238 713.317
681.522 646.074
681.805 716.944
682.088 829.765
682.372 829.614
682.655 736.561
682.938 832.621
683.222 832.648
683.505 773.983
683.789 854.470
684.072 879.574
684.355 879.727
684.639 874.534
684.922 726.335
685.205 750.369
685.489 861.043
685.772 869.283
686.056 911.014
686.339 908.948
686.622 722.317
686.906 645.098
687.189 792.306
687.472 981.267
687.756 826.985
688.039 697.394
688.322 667.149
688.606 899.952
688.889 871.794
689.173 729.857
689.456 836.355
689.739 859.345
690.023 828.235
690.306 844.944
690.589 751.381
690.873 813.060
691.156 882.805
691.439 743.392
691.723 705.956
692.006 842.134
692.290 779.078
692.573 822.946
692.856 923.856
693.140 922.845
693.423 824.607
693.706 741.548
693.990 756.586
694.273 731.036
694.556 878.913
694.840 990.373
695.123 858.176
695.407 858.347
695.690 783.484
695.973 759.574
696.257 809.280
696.540 985.426
696.830 916.607
697.120 910.465
697.410 941.382
697.699 853.261
697.989 1057.329
698.279 955.874
698.569 837.091
698.859 922.156
699.149 950.969
699.439 882.606
699.729 822.546
700.018 799.100
700.308 935.924
700.598 794.256
700.888 664.826
701.178 868.235
701.468 862.308
701.758 740.890
702.048 785.133
702.337 742.472
702.627 846.951
702.917 839.911
703.207 783.862
703.497 828.368
703.787 686.855
704.077 708.696
704.366 769.545
704.656 670.501
704.946 587.513
705.236 523.013
705.526 716.126
705.816 863.854
706.106 640.682
706.396 634.091
706.685 605.412
706.975 578.622
707.265 589.391
707.555 764.368
707.845 728.187
708.135 603.333
708.425 518.563
708.715 566.576
709.004 772.560
709.294 692.543
709.584 680.351
709.874 720.807
710.164 691.244
710.454 640.260
710.744 598.189
711.034 680.462
711.323 718.514
711.613 618.142
711.903 737.517
712.193 790.636
712.483 657.915
712.773 663.836
713.063 635.077
713.352 648.546
713.642 669.783
713.932 731.912
714.222 714.929
714.512 606.278
714.802 647.554
715.092 728.971
715.382 639.574
715.671 550.523
715.961 574.531
716.251 509.042
716.541 589.420
716.831 684.066
717.121 551.726
717.411 684.662
717.701 766.023
717.990 692.359
718.280 547.791
718.570 539.216
718.860 544.447
719.150 601.339
719.440 555.938
719.730 531.657
720.019 814.567
720.309 745.642
720.599 654.927
720.889 613.139
721.179 660.049
721.469 676.028
721.759 576.984
722.049 648.912
722.338 540.591
722.628 603.130
722.918 626.563
723.208 678.750
723.498 594.155
723.788 623.621
724.078 772.823
724.368 733.833
724.657 616.576
724.947 674.085
725.237 755.837
725.527 788.676
725.817 664.503
726.107 569.739
726.397 512.699
726.686 469.199
726.976 563.997
727.266 647.189
727.556 554.366
727.846 660.440
728.136 726.553
728.426 615.578
728.716 522.574
729.005 605.928
729.295 571.064
729.585 447.921
729.875 529.437
730.165 622.114
730.455 657.051
730.745 658.680
731.035 635.399
731.324 773.814
731.614 728.642
731.904 562.218
732.194 674.968
732.484 661.053
732.774 641.617
733.064 612.454
733.354 478.233
733.643 536.237
733.933 564.000
734.223 499.692
734.513 713.162
734.803 787.048
735.093 619.262
735.383 557.387
735.672 612.094
735.962 686.697
736.252 520.844
736.542 541.473
736.832 574.793
737.122 492.043
737.412 535.199
737.702 655.469
737.991 664.321
738.281 607.633
738.571 572.674
738.861 614.175
739.151 607.305
739.441 650.975
739.731 566.432
740.021 621.755
740.310 684.517
740.600 759.250
740.890 521.320
741.180 555.932
741.470 629.989
741.760 715.892
742.050 817.589
742.339 730.205
742.629 603.617
742.919 705.515
743.209 471.636
743.499 474.099
743.789 521.123
744.079 597.379
744.369 656.155
744.658 581.161
744.948 448.922
745.238 578.226
745.528 625.817
745.818 750.465
746.108 651.277
746.398 621.158
746.688 601.316
746.977 788.028
747.267 694.701
747.557 707.339
747.847 698.411
748.137 630.468
748.427 613.572
748.717 520.576
749.006 407.639
749.296 531.570
749.586 588.771
749.876 715.870
750.166 621.267
750.456 636.861
750.746 660.469
751.036 587.633
751.325 674.478
751.615 605.241
751.905 635.229
752.195 715.883
752.485 652.902
752.775 639.560
753.065 566.506
753.355 754.712
753.644 762.739
753.934 643.569
754.224 634.918
754.514 767.100
754.804 526.630
755.094 436.377
755.384 522.655
755.674 609.935
755.963 675.149
756.253 634.680
756.543 753.420
756.833 736.862
757.123 649.795
757.413 575.090
757.703 549.983
757.992 548.996
758.282 610.712
758.572 599.284
758.862 546.035
759.152 608.365
759.442 635.885
759.732 699.859
760.022 746.108
760.311 623.134
760.601 488.343
760.891 649.327
761.181 697.939
761.471 667.472
761.761 558.394
762.051 534.242
762.341 694.689
762.630 760.864
762.920 620.903
763.210 651.788
763.500 640.072
763.793 564.561
764.086 614.932
764.379 609.301
764.671 700.868
764.964 628.451
765.257 627.462
765.550 597.495
765.843 457.392
766.136 613.660
766.429 607.629
766.722 664.436
767.014 587.327
767.307 435.871
767.600 465.093
767.893 505.902
768.186 496.847
768.479 606.744
768.772 742.850
769.064 700.529
769.357 605.178
769.650 595.725
769.943 723.038
770.236 660.618
770.529 514.124
770.822 527.246
771.115 656.296
771.407 826.501
771.700 741.756
771.993 784.946
772.286 746.836
772.579 712.834
772.872 565.674
773.165 571.739
773.457 616.111
773.750 664.177
774.043 561.268
774.336 567.912
774.629 648.438
774.922 624.891
775.215 616.835
775.508 634.744
775.800 533.519
776.093 656.933
776.386 660.313
776.679 563.311
776.972 640.871
777.265 840.284
777.558 825.371
777.850 686.869
778.143 656.735
778.436 660.431
778.729 626.618
779.022 625.630
779.315 554.290
779.608 445.764
779.900 519.147
780.193 612.631
780.486 584.924
780.779 552.258
781.072 519.657
781.365 635.541
781.658 622.139
781.951 561.915
782.243 663.009
782.536 691.466
782.829 673.410
783.122 696.519
783.415 720.912
783.708 743.997
784.001 682.830
784.293 769.105
784.586 758.331
784.879 743.317
785.172 709.556
785.465 574.011
785.758 580.039
786.051 628.151
786.344 726.911
786.636 853.781
786.929 660.604
787.222 595.747
787.515 587.563
787.808 609.382
788.101 529.478
788.394 684.339
788.686 874.166
788.979 812.056
789.272 713.358
789.565 607.872
789.858 534.035
790.151 498.621
790.444 455.680
790.737 505.151
791.029 565.037
791.322 659.863
791.615 644.266
791.908 688.526
792.201 682.864
792.494 678.211
792.787 700.460
793.079 755.012
793.372 687.543
793.665 740.088
793.958 651.370
794.251 639.422
794.544 781.231
794.837 872.753
795.130 685.331
795.422 689.334
795.715 649.469
796.008 617.199
796.301 654.830
796.594 605.044
796.887 695.697
797.180 709.367
797.472 517.957
797.765 464.134
798.058 526.436
798.351 523.985
798.644 499.075
798.937 489.120
799.230 561.358
799.523 920.856
799.815 846.095
800.108 570.936
800.401 517.113
800.694 663.353
800.987 571.979
801.280 609.101
801.573 715.010
801.865 736.004
802.158 610.534
802.451 597.575
802.744 590.604
803.037 600.599
803.330 600.216
803.623 704.422
803.915 691.463
804.208 582.279
804.501 640.516
804.794 641.532
805.087 614.906
805.380 475.873
805.673 468.404
805.966 651.602
806.258 636.238
806.551 702.792
806.844 702.807
807.137 767.849
807.430 539.182
807.723 504.056
808.016 744.031
808.308 756.609
808.601 568.358
808.894 565.492
809.187 653.690
809.480 657.071
809.773 539.842
810.066 588.690
810.359 686.981
810.651 663.155
810.944 479.034
811.237 455.314
811.530 631.918
811.825 595.197
812.119 496.731
812.414 433.173
812.709 566.959
813.003 599.498
813.298 562.506
813.593 645.727
813.887 652.173
814.182 943.572
814.476 770.940
814.771 743.544
815.066 683.016
815.360 506.524
815.655 486.213
815.950 593.538
816.244 618.985
816.539 703.850
816.834 705.903
817.128 729.087
817.423 787.482
817.718 982.141
818.012 755.434
818.307 427.830
818.602 564.115
818.896 701.838
819.191 592.605
819.486 572.213
819.780 715.379
820.075 827.293
820.369 829.019
820.664 639.415
820.959 660.134
821.253 724.045
821.548 648.412
821.843 681.964
822.137 674.372
822.432 694.541
822.727 668.168
823.021 617.732
823.316 738.559
823.611 707.660
823.905 598.981
824.200 508.256
824.495 635.925
824.789 710.834
825.084 720.637
825.379 625.420
825.673 638.767
825.968 695.160
826.262 653.538
826.557 639.696
826.852 702.726
827.146 694.248
827.441 651.108
827.736 780.264
828.030 681.214
828.325 496.853
828.620 691.136
828.914 808.781
829.209 646.268
829.504 786.946
829.798 759.899
830.093 638.602
830.388 607.961
830.682 529.192
830.977 659.114
831.271 740.727
831.566 584.922
831.861 628.600
832.155 579.223
832.450 696.921
832.745 774.474
833.039 634.381
833.334 553.442
833.629 624.268
833.923 592.215
834.218 597.293
834.513 564.885
834.807 560.651
835.102 501.830
835.397 522.566
835.691 512.658
835.986 517.079
836.281 484.231
836.575 505.296
836.870 548.268
837.164 606.490
837.459 566.848
837.754 593.228
838.048 581.682
838.343 517.622
838.638 545.147
838.932 641.890
839.227 640.209
839.522 636.813
839.816 611.886
840.111 553.571
840.406 550.787
840.700 721.087
840.995 824.148
841.290 806.561
841.584 732.209
841.879 787.047
842.174 678.777
842.468 656.922
842.763 545.318
843.057 665.292
843.352 645.817
843.647 606.545
843.941 606.171
844.236 702.113
844.531 720.397
844.825 694.839
845.120 825.237
845.415 783.686
845.709 659.089
846.004 749.532
846.299 603.618
846.593 774.753
846.888 799.626
847.183 686.449
847.477 635.319
847.772 665.046
848.066 699.907
848.361 682.154
848.656 651.019
848.950 625.093
849.245 717.356
849.540 652.153
849.834 844.209
850.129 805.054
850.424 748.587
850.718 704.634
851.013 766.718
851.308 678.596
851.602 717.646
851.897 836.688
852.192 895.631
852.486 746.973
852.781 673.676
853.076 783.656
853.370 765.612
853.665 842.285
853.959 851.791
854.254 710.583
854.549 830.517
854.843 771.306
855.138 685.055
855.433 791.881
855.727 855.479
856.022 656.786
856.317 667.346
856.611 677.118
856.906 599.655
857.201 693.167
857.495 838.162
857.790 853.999
858.085 762.073
858.379 692.957
858.674 554.235
858.969 519.266
859.263 655.680
859.558 622.690
859.852 585.071
860.147 607.924
860.442 730.535
860.736 483.062
861.031 673.684
861.326 850.841
861.620 699.555
861.915 760.495
862.210 794.540
862.504 674.008
862.799 724.452
863.094 741.008
863.388 660.891
863.683 634.752
863.978 591.333
864.272 610.101
864.567 640.721
864.861 611.120
865.156 556.446
865.451 500.149
865.745 659.746
866.040 792.226
866.335 738.083
866.629 747.624
866.924 649.951
867.219 634.303
867.513 736.186
867.808 664.026
868.103 631.965
868.397 656.641
868.692 676.539
868.987 592.114
869.281 513.364
869.576 626.061
869.871 696.517
870.165 590.062
870.460 494.864
870.754 566.456
871.049 557.408
871.344 633.543
871.638 645.499
871.933 554.583
872.228 592.434
872.522 561.812
872.817 678.020
873.112 926.564
873.406 762.888
873.701 780.460
873.996 788.688
874.290 662.446
874.585 582.530
874.880 695.458
875.174 604.477
875.469 544.966
875.764 617.811
876.058 570.938
876.353 450.168
876.647 444.847
876.942 556.715
877.237 571.396
877.531 614.619
877.826 650.268
878.121 652.227
878.415 604.135
878.710 571.180
879.005 682.587
879.299 631.657
879.594 577.798
879.889 417.491
880.183 425.162
880.478 542.782
880.773 575.392
881.067 572.466
881.362 602.109
881.656 578.571
881.951 595.639
882.246 503.510
882.540 506.278
882.835 552.687
883.130 559.536
883.424 520.463
883.719 485.701
884.014 633.881
884.308 595.973
884.603 542.589
884.898 531.160
885.192 592.062
885.487 570.391
885.782 502.193
886.076 616.408
886.371 583.893
886.666 415.666
886.960 456.522
887.255 481.190
887.549 505.362
887.844 706.444
888.139 702.783
888.433 598.339
888.728 525.350
889.023 569.765
889.317 621.069
889.612 493.868
889.907 535.918
890.201 619.114
890.496 617.692
890.791 600.371
891.085 570.725
891.380 544.256
891.675 559.764
891.969 579.208
892.264 513.370
892.559 543.814
892.853 674.930
893.148 573.439
893.442 531.029
893.737 616.163
894.032 531.929
894.326 449.119
894.621 466.749
894.916 437.188
895.210 482.627
895.505 620.842
895.800 569.234
896.094 449.086
896.389 526.765
896.684 538.724
896.978 476.475
897.273 451.686
897.568 581.155
897.862 571.952
898.157 528.637
898.451 683.981
898.746 644.168
899.041 705.864
899.335 657.157
899.630 538.955
899.925 550.887
900.219 611.127
900.514 704.501
900.809 542.690
901.103 400.527
901.398 587.925
901.693 557.448
901.987 532.108
902.282 672.338
902.577 554.010
902.871 421.619
903.166 552.245
903.461 686.676
903.755 601.508
904.050 563.708
904.344 433.670
904.639 444.052
904.934 456.130
905.228 499.226
905.523 455.500
905.818 476.720
906.112 653.306
906.407 603.051
906.702 539.051
906.996 593.677
907.291 596.380
907.586 521.034
907.880 656.886
908.175 669.311
908.470 599.320
908.764 648.739
909.059 712.452
909.354 613.396
909.648 499.810
909.943 542.742
910.237 645.300
910.532 680.406
910.827 776.657
911.121 691.140
911.416 604.185
911.711 645.555
912.005 655.961
912.300 644.265
912.599 712.667
912.898 653.472
913.196 620.050
913.495 676.645
913.794 755.050
914.093 629.010
914.391 634.841
914.690 711.253
914.989 632.562
915.288 711.272
915.586 663.078
915.885 516.389
916.184 436.692
916.483 413.249
916.782 568.170
917.080 625.510
917.379 593.741
917.678 517.024
917.977 679.180
918.275 715.783
918.574 697.906
918.873 677.685
919.172 601.915
919.471 516.751
919.769 555.416
920.068 575.589
920.367 574.786
920.666 496.312
920.964 534.299
921.263 575.800
921.562 553.755
921.861 630.881
922.159 536.091
922.458 592.357
922.757 616.468
923.056 620.839
923.355 558.030
923.653 640.312
923.952 633.990
924.251 506.671
924.550 705.209
924.848 737.942
925.147 549.858
925.446 516.683
925.745 577.362
926.043 586.490
926.342 588.257
926.641 524.855
926.940 611.700
927.239 641.724
927.537 707.963
927.836 626.410
928.135 583.066
928.434 669.626
928.732 679.512
929.031 721.526
929.330 721.990
929.629 667.986
929.927 636.416
930.226 588.995
930.525 587.296
930.824 727.829
931.123 632.843
931.421 663.529
931.720 667.388
932.019 732.795
932.318 729.537
932.616 670.283
932.915 680.015
933.214 723.496
933.513 665.292
933.812 649.926
934.110 746.783
934.409 794.984
934.708 703.953
935.007 927.655
935.305 895.909
935.604 671.473
935.903 814.509
936.202 855.465
936.500 927.058
936.799 1051.246
937.098 942.274
937.397 822.520
937.696 777.472
937.994 786.989
938.293 909.847
938.592 797.687
938.891 719.151
939.189 808.645
939.488 938.187
939.787 1068.765
940.086 932.516
940.384 919.618
940.683 786.631
940.982 765.303
941.281 902.295
941.580 1083.437
941.878 1022.091
942.177 899.190
942.476 951.018
942.775 893.644
943.073 736.223
943.372 741.022
943.671 962.443
943.970 1067.928
944.268 965.452
944.567 812.007
944.866 841.260
945.165 889.680
945.464 809.402
945.762 708.925
946.061 939.968
946.360 1022.255
946.659 1013.576
946.957 1017.810
947.256 931.099
947.555 818.250
947.854 930.101
948.153 872.922
948.451 760.516
948.750 877.307
949.049 853.573
949.348 1087.063
949.646 944.912
949.945 808.625
950.244 876.630
950.543 795.699
950.841 771.467
951.140 726.272
951.439 580.313
951.738 646.189
952.037 774.559
952.335 987.929
952.634 963.565
952.933 839.722
953.232 801.876
953.530 563.438
953.829 880.412
954.128 997.118
954.427 773.548
954.725 840.782
955.024 843.833
955.323 905.886
955.622 743.618
955.921 669.988
956.219 789.817
956.518 751.215
956.817 787.397
957.116 744.124
957.414 697.869
957.713 587.795
958.012 534.281
958.311 545.773
958.610 767.512
958.908 796.812
959.207 768.171
959.506 785.221
959.805 814.616
960.103 818.241
960.402 789.218
960.701 691.399
961.000 612.932
961.298 602.357
961.597 731.146
961.896 697.457
962.195 724.673
962.494 763.207
962.792 668.809
963.091 671.396
963.390 682.379
963.689 650.244
963.987 723.592
964.286 808.685
964.585 798.692
964.884 714.758
965.182 601.958
965.481 919.380
965.780 1090.260
966.080 973.162
966.380 808.860
966.680 734.821
966.981 738.318
967.281 700.505
967.581 639.747
967.881 713.316
968.181 752.771
968.481 760.199
968.781 750.654
969.082 636.879
969.382 739.316
969.682 798.255
969.982 794.058
970.282 831.390
970.582 678.822
970.882 563.533
971.183 752.552
971.483 714.036
971.783 657.828
972.083 696.049
972.383 776.963
972.683 733.977
972.983 765.250
973.284 596.124
973.584 571.831
973.884 643.563
974.184 665.570
974.484 740.488
974.784 578.912
975.084 584.738
975.385 709.783
975.685 796.645
975.985 773.790
976.285 797.474
976.585 830.620
976.885 774.963
977.185 805.428
977.486 807.857
977.786 785.140
978.086 897.448
978.386 889.383
978.686 686.249
978.986 728.395
979.286 766.403
979.587 745.411
979.887 651.419
980.187 651.427
980.487 645.435
980.787 756.443
981.087 793.451
981.387 946.459
981.688 783.467
981.988 607.475
982.288 612.483
982.588 674.491
982.888 668.499
983.188 626.507
983.488 726.515
983.789 730.523
984.089 712.531
984.389 679.539
984.689 621.547
984.989 564.555
985.289 530.563
985.589 704.571
985.890 686.579
986.190 518.586
986.490 592.594
986.790 738.602
987.090 684.610
987.390 689.618
987.690 765.626
987.991 592.634
988.291 561.642
988.591 572.649
988.891 538.657
989.191 511.665
989.491 671.673
989.791 664.681
990.092 672.688
990.392 683.696
990.692 627.704
990.992 670.712
991.292 527.720
991.592 653.727
991.892 684.735
992.193 758.743
992.493 760.751
992.793 592.758
993.093 585.766
993.393 594.774
993.693 608.781
993.993 693.789
994.294 753.797
994.594 651.805
994.894 567.812
995.194 610.820
995.494 582.828
995.794 591.835
996.094 517.843
996.395 559.851
996.695 711.858
996.995 545.866
997.295 481.873
997.595 596.881
997.895 529.889
998.195 428.896
998.496 495.904
998.796 510.911
999.096 726.919
999.396 647.927
999.696 624.934
999.996 646.942
1000.296 770.949
1000.597 720.957
1000.897 598.964
1001.197 598.972
1001.497 722.979
1001.797 567.987
1002.097 490.994
1002.397 620.002
1002.698 647.009
1002.998 727.017
1003.298 740.024
1003.598 605.032
1003.898 525.039
1004.198 656.047
1004.498 695.054
1004.799 609.062
1005.099 656.069
1005.399 726.077
1005.699 763.084
1005.999 756.091
1006.299 609.099
1006.599 789.106
1006.900 823.114
1007.200 673.121
1007.500 625.128
1007.800 633.136
1008.100 579.143
1008.400 504.151
1008.700 513.158
1009.001 517.165
1009.301 569.173
1009.601 794.180
1009.901 802.187
1010.201 730.195
1010.501 687.202
1010.801 751.209
1011.102 610.217
1011.402 650.224
1011.702 567.231
1012.002 534.238
1012.302 673.246
1012.602 698.253
1012.902 630.260
1013.203 679.268
1013.503 736.275
1013.803 720.282
1014.103 533.289
1014.403 652.297
1014.703 623.304
1015.003 565.311
1015.304 753.318
1015.604 826.325
1015.904 583.333
1016.204 489.340
1016.504 533.347
1016.804 586.354
1017.104 573.361
1017.405 550.368
1017.705 525.376
1018.005 566.383
1018.305 584.390
1018.605 576.397
1018.905 475.404
1019.205 498.411
1019.506 817.418
1019.806 751.426
1020.106 660.433
1020.406 773.440
1020.706 701.447
1021.006 689.454
1021.306 802.461
1021.607 652.468
1021.907 780.475
1022.207 723.482
1022.507 588.489
1022.807 596.496
1023.107 584.503
1023.407 569.510
1023.708 597.517
1024.008 545.524
1024.308 555.531
1024.608 551.538
1024.908 452.545
1025.208 627.552
1025.508 845.559
1025.809 785.566
1026.109 614.573
1026.409 693.580
1026.709 666.587
1027.009 593.594
1027.309 672.601
1027.609 516.608
1027.910 492.615
1028.210 681.622
1028.510 750.629
1028.810 939.636
1029.110 842.643
1029.410 726.650
1029.710 768.657
1030.011 747.664
1030.311 796.670
1030.611 612.677
1030.911 594.684
1031.211 671.691
1031.511 595.698
1031.811 816.705
1032.112 805.712
1032.412 640.719
1032.712 481.725
1033.012 537.732
1033.312 737.739
1033.612 714.746
1033.912 615.753
1034.212 574.759
1034.513 538.766
1034.813 529.773
1035.113 667.780
1035.413 589.787
1035.713 622.793
1036.013 646.800
1036.313 600.807
1036.614 670.814
1036.914 553.821
1037.214 499.827
1037.514 698.834
1037.814 648.841
1038.114 648.847
1038.414 639.854
1038.715 705.861
1039.015 581.868
1039.315 461.874
1039.615 578.881
1039.915 604.888
1040.215 578.894
1040.515 626.901
1040.816 690.908
1041.116 655.914
1041.416 584.921
1041.716 466.928
1042.016 456.934
1042.316 671.941
1042.616 650.948
1042.917 591.954
1043.217 547.961
1043.517 563.968
1043.817 692.974
1044.117 664.981
1044.417 566.987
1044.717 538.994
1045.018 621.001
1045.318 767.007
1045.618 746.014
1045.918 595.020
1046.218 540.027
1046.518 594.033
1046.818 650.040
1047.119 534.047
1047.419 714.053
1047.719 650.060
1048.019 569.066
1048.319 674.073
1048.619 645.079
1048.919 638.086
1049.220 588.092
1049.520 685.099
1049.820 623.105
1050.120 484.112
1050.420 738.118
1050.720 679.125
1051.020 658.131
1051.321 666.138
1051.621 703.144
1051.921 652.151
1052.221 561.157
1052.521 517.164
1052.821 490.170
1053.121 578.176
1053.422 676.183
1053.722 772.189
1054.022 645.196
1054.322 718.202
1054.622 658.209
1054.922 559.215
1055.222 662.221
1055.523 682.228
1055.823 729.234
1056.123 744.240
1056.423 634.247
1056.723 710.253
1057.023 628.260
1057.323 491.266
1057.624 641.272
1057.924 707.279
1058.224 706.285
1058.524 616.291
1058.824 660.298
1059.124 633.304
1059.424 568.310
1059.725 651.317
1060.025 542.323
1060.325 572.329
1060.625 545.336
1060.925 536.342
1061.225 588.348
1061.525 707.354
1061.826 621.361
1062.126 660.367
1062.426 669.373
1062.726 727.379
1063.026 677.386
1063.326 867.392
1063.626 816.398
1063.927 655.404
1064.227 659.411
1064.527 570.417
1064.827 727.423
1065.127 661.429
1065.427 465.435
1065.727 467.442
1066.028 683.448
1066.328 742.454
1066.628 562.460
1066.928 551.466
1067.228 600.473
1067.528 569.479
1067.828 550.485
1068.129 525.491
1068.429 701.497
1068.729 806.503
1069.029 640.510
1069.329 536.516
1069.629 656.522
1069.929 706.528
1070.230 745.534
1070.530 685.540
1070.830 581.546
1071.130 680.552
1071.430 637.559
1071.730 647.565
1072.030 736.571
1072.331 582.577
1072.631 624.583
1072.931 662.589
1073.231 667.595
1073.531 641.601
1073.831 596.607
1074.131 673.613
1074.432 816.619
1074.732 662.625
1075.032 519.631
1075.332 554.637
1075.632 572.643
1075.932 512.649
1076.232 524.655
1076.533 533.661
1076.833 599.667
1077.133 615.673
1077.433 595.679
1077.733 552.685
1078.033 692.691
1078.333 684.697
1078.634 644.703
1078.934 678.709
1079.234 532.715
1079.534 703.721
1079.834 817.727
1080.134 712.733
1080.434 758.739
1080.735 669.745
1081.035 631.751
1081.335 483.757
1081.635 484.763
1081.935 567.769
1082.235 601.775
1082.535 650.781
1082.836 695.786
1083.136 643.792
1083.436 781.798
1083.736 752.804
1084.036 558.810
1084.336 527.816
1084.636 596.822
1084.937 728.828
1085.237 731.834
1085.537 625.839
1085.837 725.845
1086.137 645.851
1086.437 680.857
1086.737 652.863
1087.038 654.869
1087.338 756.874
1087.638 735.880
1087.938 579.886
1088.238 472.892
1088.538 608.898
1088.838 738.903
1089.139 778.909
1089.439 607.915
1089.739 691.921
1090.039 624.927
1090.339 666.932
1090.639 646.938
1090.939 676.944
1091.240 515.950
1091.540 589.955
1091.840 649.961
1092.140 734.967
1092.453 727.973
1092.766 614.978
1093.079 526.984
1093.392 579.990
1093.705 605.996
1094.018 611.001
1094.330 723.007
1094.643 685.013
1094.956 749.019
1095.269 651.024
1095.582 617.030
1095.895 539.036
1096.208 539.041
1096.521 613.047
1096.834 629.053
1097.147 639.058
1097.460 726.064
1097.773 743.070
1098.085 604.075
1098.398 533.081
1098.711 578.087
1099.024 512.092
1099.337 634.098
1099.650 764.103
1099.963 689.109
1100.276 561.115
1100.589 574.120
1100.902 668.126
1101.215 641.132
1101.528 699.137
1101.841 656.143
1102.153 660.148
1102.466 728.154
1102.779 562.160
1103.092 547.165
1103.405 626.171
1103.718 605.176
1104.031 583.182
1104.344 681.187
1104.657 611.193
1104.970 877.199
1105.283 669.204
1105.596 538.210
1105.909 553.215
1106.221 734.221
1106.534 753.226
1106.847 539.232
1107.160 416.237
1107.473 471.243
1107.786 660.248
1108.099 529.254
1108.412 535.259
1108.725 591.265
1109.038 501.270
1109.351 639.276
1109.664 684.281
1109.977 564.287
1110.289 539.292
1110.602 551.298
1110.915 588.303
1111.228 635.309
1111.541 567.314
1111.854 544.319
1112.167 487.325
1112.480 514.330
1112.793 569.336
1113.106 565.341
1113.419 664.347
1113.732 625.352
1114.044 506.357
1114.357 587.363
1114.670 606.368
1114.983 581.374
1115.296 598.379
1115.609 667.385
1115.922 683.390
1116.235 685.395
1116.548 631.401
1116.861 503.406
1117.174 479.411
1117.487 587.417
1117.800 797.422
1118.112 641.428
1118.425 570.433
1118.738 559.438
1119.051 619.444
1119.364 626.449
1119.677 591.454
1119.990 579.460
1120.303 670.465
1120.616 765.470
1120.929 582.476
1121.242 620.481
1121.555 630.486
1121.868 639.491
1122.180 600.497
1122.493 437.502
1122.806 481.507
1123.119 608.513
1123.432 691.518
1123.745 630.523
1124.058 541.529
1124.371 550.534
1124.684 683.539
1124.997 634.544
1125.310 616.550
1125.623 524.555
1125.935 472.560
1126.248 554.565
1126.561 650.571
1126.874 571.576
1127.187 716.581
1127.500 713.586
1127.813 651.591
1128.126 659.597
1128.439 644.602
1128.752 752.607
1129.065 526.612
1129.378 365.618
1129.691 551.623
1130.003 617.628
1130.316 547.633
1130.629 527.638
1130.942 606.643
1131.255 634.649
1131.568 512.654
1131.881 553.659
1132.194 667.664
1132.507 669.669
1132.820 621.674
1133.133 686.680
1133.446 544.685
1133.759 791.690
1134.071 1167.695
1134.384 844.700
1134.697 719.705
1135.010 807.710
1135.323 642.716
1135.636 509.721
1135.949 484.726
1136.262 499.731
1136.575 573.736
1136.888 574.741
1137.201 595.746
1137.514 602.751
1137.826 681.756
1138.139 573.761
1138.452 587.767
1138.765 797.772
1139.078 822.777
1139.391 775.782
1139.704 689.787
1140.017 751.792
1140.330 695.797
1140.643 578.802
1140.956 585.807
1141.269 631.812
1141.582 702.817
1141.894 621.822
1142.207 782.827
1142.520 711.832
1142.833 734.837
1143.146 620.842
1143.459 487.847
1143.772 557.852
1144.085 714.857
1144.398 615.862
1144.711 539.867
1145.024 543.872
1145.337 624.877
1145.650 660.882
1145.962 634.887
1146.275 652.892
1146.588 506.897
1146.901 686.902
1147.214 674.907
1147.527 571.912
1147.840 630.917
1148.153 568.922
1148.466 587.927
1148.779 588.932
1149.092 723.937
1149.405 620.942
1149.718 643.947
1150.030 731.952
1150.343 621.956
1150.656 498.961
1150.969 508.966
1151.282 730.971
1151.595 684.976
1151.908 567.981
1152.221 417.986
1152.534 469.991
1152.847 753.996
1153.160 694.001
1153.473 698.005
1153.785 701.010
1154.098 645.015
1154.411 715.020
1154.724 645.025
1155.037 759.030
1155.350 680.035
1155.663 640.040
1155.976 580.044
1156.289 708.049
1156.602 572.054
1156.915 458.059
1157.228 480.064
1157.541 568.069
1157.853 564.073
1158.166 636.078
1158.479 729.083
1158.792 662.088
1159.105 668.093
1159.418 672.098
1159.731 648.102
1160.044 587.107
1160.357 688.112
1160.670 694.117
1160.983 501.121
1161.296 614.126
1161.609 769.131
1161.921 653.136
1162.234 584.141
1162.547 443.145
1162.860 480.150
1163.173 517.155
1163.486 647.160
1163.799 674.164
1164.112 581.169
1164.425 592.174
1164.738 548.179
1165.051 470.183
1165.364 540.188
1165.676 610.193
1165.989 632.198
1166.302 611.202
1166.615 747.207
1166.928 684.212
1167.241 706.216
1167.554 712.221
1167.867 699.226
1168.180 604.231
1168.493 539.235
1168.806 598.240
1169.119 601.245
1169.432 706.249
1169.744 649.254
1170.057 590.259
1170.370 687.263
1170.683 697.268
1170.996 615.273
1171.309 585.277
1171.622 554.282
1171.935 594.287
1172.248 795.291
1172.561 768.296
1172.874 690.301
1173.187 714.305
1173.500 677.310
1173.812 693.315
1174.125 635.319
1174.438 671.324
1174.751 533.328
1175.064 567.333
1175.377 688.338
1175.690 602.342
1176.003 527.347
1176.316 565.352
1176.629 612.356
1176.942 564.361
1177.255 526.365
1177.567 499.370
1177.880 540.375
1178.193 672.379
1178.506 628.384
1178.819 717.388
1179.132 748.393
1179.445 537.397
1179.758 676.402
1180.071 678.407
1180.384 583.411
1180.697 636.416
1181.010 711.420
1181.323 796.425
1181.635 768.429
1181.948 740.434
1182.261 613.438
1182.574 544.443
1182.887 568.447
1183.200 744.452
1183.513 723.457
1183.826 604.461
1184.139 666.466
1184.452 585.470
1184.765 532.475
1185.078 496.479
1185.391 532.484
1185.703 532.488
1186.016 516.493
1186.329 511.497
1186.642 617.502
1186.955 801.506
1187.268 670.510
1187.581 610.515
1187.894 628.519
1188.207 662.524
1188.520 597.528
1188.833 602.533
1189.146 514.537
1189.459 461.542
1189.771 592.546
1190.084 754.551
1190.397 614.555
1190.710 658.560
1191.023 686.564
1191.336 637.568
1191.649 611.573
1191.962 631.577
1192.275 524.582
1192.588 621.586
1192.901 767.591
1193.214 611.595
1193.526 605.599
1193.839 668.604
1194.152 547.608
1194.465 632.613
1194.778 585.617
1195.091 606.621
1195.404 600.626
1195.717 684.630
1196.030 754.635
1196.343 606.639
1196.656 502.643
1196.969 583.648
1197.282 636.652
1197.594 619.656
1197.907 772.661
1198.220 705.665
1198.533 601.669
1198.846 563.674
1199.159 535.678
1199.472 601.683
1199.785 642.687
1200.098 445.691
1200.411 646.696
1200.724 680.700
1201.037 590.704
1201.350 479.709
1201.662 476.713
1201.975 638.717
1202.288 639.721
1202.601 210.726
