165.028 87.293
165.288 31.935
165.547 119.582
165.807 201.231
166.067 109.884
166.327 6.539
166.587 18.198
166.847 188.860
167.107 218.526
167.367 205.194
167.627 221.865
167.886 174.539
168.146 147.217
168.406 345.897
168.666 329.580
168.926 207.266
169.186 196.955
169.446 231.647
169.706 152.341
169.966 173.038
170.225 144.738
170.485 221.441
170.745 274.147
171.005 366.855
171.265 205.566
171.525 169.279
171.785 90.995
172.045 85.713
172.305 262.434
172.564 257.158
172.824 70.884
173.084 160.612
173.344 117.343
173.604 182.076
173.864 272.812
174.124 217.549
174.384 188.289
174.644 301.032
174.903 418.776
175.163 415.523
175.423 443.272
175.683 237.023
175.943 239.776
176.203 208.531
176.463 173.289
176.723 165.048
176.983 212.809
177.242 232.573
177.502 423.338
177.762 424.105
178.022 169.874
178.282 129.645
178.542 137.418
178.802 211.192
179.062 145.969
179.322 354.747
179.581 411.527
179.841 235.308
180.101 303.091
180.361 341.876
180.621 300.663
180.881 250.451
181.141 212.240
181.401 208.031
181.661 283.824
181.920 378.618
182.180 232.413
182.440 166.210
182.700 130.009
182.960 166.809
183.220 193.610
183.480 393.412
183.740 334.216
184.000 236.021
184.259 127.827
184.519 226.634
184.779 257.443
185.039 329.253
185.299 396.064
185.559 415.876
185.819 384.689
186.079 312.503
186.339 251.319
186.598 219.135
186.858 104.952
187.118 152.770
187.378 303.590
187.638 286.410
187.898 361.231
188.158 387.053
188.418 241.876
188.678 249.699
188.937 265.524
189.197 349.349
189.457 392.175
189.717 293.001
189.977 147.829
190.237 143.657
190.497 342.485
190.757 302.315
191.017 308.145
191.276 240.975
191.536 221.807
191.796 190.638
192.056 199.470
192.316 219.303
192.576 155.136
192.836 162.970
193.096 212.804
193.356 196.639
193.616 237.474
193.875 245.309
194.135 224.145
194.395 322.981
194.655 314.817
194.915 270.654
195.175 305.491
195.435 337.328
195.695 91.166
195.955 26.003
196.214 239.841
196.474 359.679
196.734 279.517
196.994 282.356
197.254 325.194
197.514 245.033
197.774 258.871
198.034 188.710
198.294 171.549
198.553 203.388
198.813 164.226
199.073 48.065
199.333 136.904
199.593 339.743
199.853 385.581
200.113 419.420
200.373 402.258
200.633 168.097
200.892 105.935
201.152 105.773
201.412 122.611
201.672 306.449
201.932 482.286
202.192 435.123
202.452 205.960
202.712 172.797
202.972 247.634
203.231 378.470
203.491 382.306
203.751 312.142
204.011 337.977
204.271 392.812
204.531 176.646
204.791 163.481
205.051 190.314
205.311 286.148
205.570 224.981
205.830 177.813
206.090 145.645
206.350 298.477
206.610 521.308
206.870 293.139
207.130 225.969
207.390 291.799
207.650 260.628
207.909 274.456
208.169 314.284
208.429 312.112
208.689 173.939
208.949 294.765
209.209 403.590
209.469 203.415
209.729 160.240
209.989 197.063
210.248 81.886
210.508 347.709
210.768 361.530
211.028 267.351
211.288 336.172
211.548 285.991
211.808 290.810
212.068 428.628
212.328 417.445
212.587 403.262
212.847 296.077
213.107 332.892
213.367 328.706
213.627 308.520
213.887 320.332
214.147 197.144
214.407 254.954
214.667 262.764
214.926 373.573
215.186 343.382
215.446 335.189
215.706 258.995
215.966 222.801
216.226 228.605
216.486 241.409
216.746 345.212
217.006 392.013
217.265 276.814
217.525 190.614
217.785 285.413
218.045 350.211
218.305 272.008
218.565 277.803
218.825 323.598
219.085 429.392
219.345 264.185
219.604 209.977
219.864 326.768
220.124 335.557
220.384 327.346
220.644 310.133
220.904 203.920
221.164 313.705
221.424 329.490
221.684 247.273
221.943 302.055
222.203 404.836
222.463 276.616
222.723 183.395
222.983 297.173
223.243 210.949
223.503 238.724
223.763 258.499
224.023 211.272
224.282 338.044
224.542 357.814
224.802 391.584
225.062 397.352
225.322 458.120
225.582 364.886
225.842 342.650
226.102 359.414
226.362 347.176
226.621 442.938
226.881 335.698
227.141 337.456
227.401 369.214
227.661 281.970
227.921 387.725
228.181 323.479
228.441 324.231
228.701 484.983
228.960 474.733
229.220 328.481
229.480 273.229
229.740 407.975
230.000 476.720
230.260 291.464
230.520 276.206
230.780 299.947
231.040 295.687
231.299 318.425
231.559 327.162
231.819 291.898
232.079 371.633
232.339 345.366
232.599 165.098
232.859 289.829
233.119 395.558
233.379 231.286
233.638 331.012
233.898 488.737
234.158 438.461
234.418 296.184
234.678 326.905
234.938 397.625
235.198 270.344
235.458 218.061
235.718 324.777
235.978 330.491
236.237 323.204
236.497 382.916
236.757 417.626
237.017 361.335
237.277 319.043
237.537 349.749
237.797 292.454
238.057 351.157
238.317 323.859
238.576 179.560
238.836 307.259
239.096 417.957
239.356 358.654
239.616 361.349
239.876 378.043
240.136 321.735
240.396 433.426
240.656 524.116
240.915 411.804
241.175 403.491
241.435 292.176
241.695 382.860
241.955 503.543
242.215 588.224
242.475 508.903
242.735 340.582
242.995 409.259
243.254 411.934
243.514 347.608
243.774 224.281
244.034 301.952
244.294 544.622
244.554 449.291
244.814 393.958
245.074 327.623
245.334 285.288
245.593 299.950
245.853 355.612
246.113 337.272
246.373 415.930
246.633 470.587
246.893 381.243
247.153 395.897
247.413 465.550
247.673 416.202
247.932 406.852
248.192 463.500
248.452 488.148
248.712 459.793
248.972 336.438
249.232 451.081
249.492 321.722
249.752 218.362
250.012 435.001
250.271 410.638
250.531 431.274
250.791 641.908
251.051 580.541
251.311 380.173
251.571 165.803
251.831 322.432
252.091 439.059
252.351 405.685
252.610 348.309
252.870 418.933
253.130 376.554
253.390 375.174
253.650 454.793
253.911 467.411
254.172 451.027
254.433 372.641
254.694 323.254
254.955 376.866
255.216 355.476
255.477 487.085
255.738 422.693
255.999 334.299
256.261 500.904
256.522 477.507
256.783 433.109
257.044 262.710
257.305 191.309
257.566 242.906
257.827 257.503
258.088 322.098
258.349 288.691
258.610 394.283
258.871 491.874
259.132 551.463
259.393 374.051
259.654 244.638
259.915 207.223
260.176 282.807
260.437 398.389
260.698 377.970
260.959 295.550
261.221 409.128
261.482 549.705
261.743 422.280
262.004 378.854
262.265 538.427
262.526 484.999
262.787 328.569
263.048 345.137
263.309 332.704
263.570 460.270
263.831 400.835
264.092 374.398
264.353 218.960
264.614 476.520
264.875 461.079
265.136 341.637
265.397 539.193
265.658 594.748
265.919 637.302
266.181 560.854
266.442 419.405
266.703 365.955
266.964 361.503
267.225 321.050
267.486 302.596
267.747 424.140
268.008 511.683
268.269 581.224
268.530 553.765
268.791 503.304
269.052 507.841
269.313 477.377
269.574 470.912
269.835 439.446
270.096 403.978
270.357 501.509
270.618 432.039
270.879 343.567
271.141 439.094
271.402 451.620
271.663 320.145
271.924 386.668
272.185 463.189
272.446 437.710
272.707 414.229
272.968 338.747
273.229 401.264
273.490 410.779
273.751 355.293
274.012 361.806
274.273 447.317
274.534 435.828
274.795 418.337
275.056 456.844
275.317 308.351
275.578 261.856
275.839 379.360
276.101 329.862
276.362 282.363
276.623 361.864
276.884 486.362
277.145 445.860
277.406 498.356
277.667 400.851
277.928 358.345
278.189 526.837
278.450 472.329
278.711 418.819
278.972 454.308
279.233 376.795
279.494 481.281
279.755 607.766
280.016 593.250
280.277 408.733
280.538 442.214
280.799 417.694
281.061 445.173
281.322 384.651
281.583 400.128
281.844 340.603
282.105 311.077
282.366 401.550
282.627 422.022
282.888 494.492
283.149 472.961
283.410 442.429
283.671 429.896
283.932 382.362
284.193 241.827
284.454 346.290
284.715 401.752
284.976 381.213
285.237 503.673
285.498 766.131
285.759 605.589
286.021 500.045
286.282 423.500
286.543 480.954
286.804 493.407
287.065 522.858
287.326 544.309
287.587 363.758
287.848 470.206
288.109 546.653
288.370 501.099
288.631 350.543
288.892 323.987
289.153 341.429
289.414 266.871
289.675 541.311
289.936 674.750
290.197 594.187
290.458 488.624
290.719 410.060
290.981 549.494
291.242 633.928
291.503 537.360
291.764 385.791
292.025 266.221
292.286 297.650
292.547 451.077
292.808 432.504
293.069 485.930
293.330 524.354
293.591 568.778
293.852 492.200
294.113 403.621
294.374 402.041
294.635 440.460
294.896 462.878
295.157 544.295
295.418 548.711
295.679 559.125
295.941 498.539
296.202 495.952
296.463 470.363
296.724 579.774
296.985 620.183
297.246 542.591
297.507 431.998
297.768 405.405
298.029 503.810
298.290 683.214
298.551 698.617
298.812 687.019
299.073 486.420
299.334 399.820
299.595 519.219
299.856 505.616
300.117 622.013
300.378 599.409
300.639 413.804
300.901 381.198
301.162 498.590
301.423 566.982
301.684 626.373
301.945 662.762
302.206 472.151
302.467 452.539
302.728 425.925
302.989 469.311
303.250 513.696
303.511 635.079
303.772 648.462
304.033 562.844
304.294 498.224
304.555 450.604
304.816 448.983
305.077 497.360
305.338 446.737
305.599 445.113
305.861 489.488
306.122 551.862
306.383 491.234
306.644 469.606
306.905 382.977
307.166 520.347
307.427 523.716
307.688 533.084
307.949 477.451
308.210 486.817
308.471 496.183
308.732 465.547
308.993 350.910
309.254 440.273
309.515 396.634
309.776 469.994
310.037 504.354
310.298 312.713
310.559 358.070
310.821 546.427
311.082 525.783
311.343 398.138
311.604 307.492
311.865 286.845
312.126 328.197
312.387 406.548
312.648 408.899
312.909 461.248
313.170 472.597
313.434 503.944
313.698 427.291
313.963 503.637
314.227 401.982
314.491 398.326
314.755 497.669
315.019 507.011
315.284 326.353
315.548 496.693
315.812 543.033
316.076 580.372
316.340 582.710
316.604 538.047
316.869 607.383
317.133 607.718
317.397 591.052
317.661 590.386
317.925 536.719
318.190 520.050
318.454 480.381
318.718 416.711
318.982 548.041
319.246 635.369
319.511 742.697
319.775 534.023
320.039 561.349
320.303 555.674
320.567 593.999
320.832 545.322
321.096 462.644
321.360 515.966
321.624 470.287
321.888 360.607
322.153 385.926
322.417 374.245
322.681 331.562
322.945 473.879
323.209 554.195
323.473 524.510
323.738 497.824
324.002 496.138
324.266 653.451
324.530 592.763
324.794 490.074
325.059 442.384
325.323 365.694
325.587 434.002
325.851 490.310
326.115 673.617
326.380 593.924
326.644 513.229
326.908 506.534
327.172 486.838
327.436 516.141
327.701 502.444
327.965 499.746
328.229 537.046
328.493 374.347
328.757 419.646
329.022 532.945
329.286 425.242
329.550 437.540
329.814 487.836
330.078 481.131
330.342 436.426
330.607 477.720
330.871 581.014
331.135 636.306
331.399 569.598
331.663 467.889
331.928 525.179
332.192 606.469
332.456 577.758
332.720 565.046
332.984 457.333
333.249 480.620
333.513 505.906
333.777 408.191
334.041 346.476
334.305 400.759
334.570 498.042
334.834 424.325
335.098 595.606
335.362 627.887
335.626 588.167
335.891 499.447
336.155 517.725
336.419 460.003
336.683 309.281
336.947 446.557
337.211 505.833
337.476 384.109
337.740 412.383
338.004 444.657
338.268 470.930
338.532 543.203
338.797 517.474
339.061 565.745
339.325 592.016
339.589 654.286
339.853 543.555
340.118 497.823
340.382 584.091
340.646 687.358
340.910 525.624
341.174 520.890
341.439 474.155
341.703 474.419
341.967 478.682
342.231 512.945
342.495 441.208
342.759 572.469
343.024 576.730
343.288 588.991
343.552 557.251
343.816 341.510
344.080 387.768
344.345 513.026
344.609 432.283
344.873 311.539
345.137 424.795
345.401 516.050
345.666 374.305
345.930 586.559
346.194 619.812
346.458 402.065
346.722 378.317
346.987 427.568
347.251 536.819
347.515 705.069
347.779 535.318
348.043 497.567
348.308 492.815
348.572 408.063
348.836 369.310
349.100 360.556
349.364 366.802
349.628 421.047
349.893 446.292
350.157 522.536
350.421 523.779
350.685 558.022
350.949 483.264
351.214 370.506
351.478 454.746
351.742 515.987
352.006 536.226
352.270 469.466
352.535 361.704
352.799 408.942
353.063 559.179
353.327 491.416
353.591 393.652
353.856 455.888
354.120 513.123
354.384 594.358
354.648 644.591
354.912 553.825
355.177 443.057
355.441 426.289
355.705 658.521
355.969 664.752
356.233 609.982
356.497 588.212
356.762 505.442
357.026 473.670
357.290 485.898
357.554 552.126
357.818 576.353
358.083 524.580
358.347 534.805
358.611 531.031
358.875 514.256
359.139 505.480
359.404 453.704
359.668 514.927
359.932 621.149
360.196 636.371
360.460 512.593
360.725 537.814
360.989 554.034
361.253 683.254
361.517 687.474
361.781 656.693
362.046 635.911
362.310 657.129
362.574 626.346
362.838 496.563
363.102 536.779
363.366 615.994
363.631 511.209
363.895 511.424
364.159 586.638
364.423 545.852
364.687 584.065
364.952 636.277
365.216 702.489
365.480 606.701
365.747 454.912
366.013 537.122
366.280 554.332
366.546 598.542
366.813 509.751
367.079 540.959
367.346 644.167
367.612 564.374
367.879 565.581
368.145 619.788
368.412 566.994
368.678 514.199
368.945 625.404
369.211 541.608
369.478 557.812
369.744 522.016
370.011 510.219
370.278 489.421
370.544 513.623
370.811 553.825
371.077 552.026
371.344 491.226
371.610 548.426
371.877 562.626
372.143 628.825
372.410 683.023
372.676 719.222
372.943 665.419
373.209 582.616
373.476 506.813
373.742 443.009
374.009 600.205
374.276 609.400
374.542 569.595
374.809 496.790
375.075 352.984
375.342 342.177
375.608 357.370
375.875 398.563
376.141 609.755
376.408 582.946
376.674 574.137
376.941 450.328
377.207 502.518
377.474 932.708
377.740 800.897
378.007 480.086
378.273 655.275
378.540 724.463
378.807 536.650
379.073 468.837
379.340 464.024
379.606 461.210
379.873 479.396
380.139 551.581
380.406 654.766
380.672 558.951
380.939 481.135
381.205 469.318
381.472 405.502
381.738 391.684
382.005 528.867
382.271 579.048
382.538 534.230
382.804 677.411
383.071 624.591
383.338 565.772
383.604 553.951
383.871 659.131
384.137 690.310
384.404 579.488
384.670 522.666
384.937 476.844
385.203 587.021
385.470 565.198
385.736 621.374
386.003 613.550
386.269 559.726
386.536 518.901
386.802 537.076
387.069 633.250
387.336 811.424
387.602 750.597
387.869 474.771
388.135 491.943
388.402 488.116
388.668 542.287
388.935 619.459
389.201 702.630
389.468 657.801
389.734 672.971
390.001 648.141
390.267 564.311
390.534 655.480
390.800 632.648
391.067 664.817
391.333 667.985
391.600 601.152
391.867 589.320
392.133 576.486
392.400 532.653
392.666 485.819
392.933 674.984
393.199 781.150
393.466 605.315
393.732 566.479
393.999 686.643
394.265 742.807
394.532 616.970
394.798 663.133
395.065 616.296
395.331 718.458
395.598 770.620
395.864 785.781
396.131 979.943
396.398 1256.103
396.664 1407.264
396.931 1759.424
397.197 2339.583
397.464 2828.743
397.730 3447.902
397.997 3832.060
398.263 4154.218
398.530 4398.376
398.796 4727.534
399.063 4992.691
399.329 4999.848
399.596 5190.004
399.862 5139.160
400.129 5230.316
400.396 5284.471
400.662 5021.626
400.929 5073.781
401.195 5102.935
401.462 5105.089
401.728 5261.242
401.995 5488.396
402.261 5507.548
402.528 5614.701
402.794 5865.853
403.061 6279.005
403.327 6565.157
403.594 6609.308
403.860 6579.459
404.127 6618.609
404.393 6764.759
404.660 6766.909
404.931 6886.058
405.202 7274.207
405.473 7366.356
405.745 7709.505
406.016 8159.653
406.287 8014.801
406.558 8023.948
406.829 8342.095
407.100 8326.242
407.371 8699.388
407.642 8838.535
407.914 8738.680
408.185 8756.826
408.456 8859.971
408.727 9096.116
408.998 9195.260
409.269 9403.404
409.540 9433.548
409.811 9074.692
410.083 8939.835
410.354 8819.978
410.625 8460.120
410.896 8238.263
411.167 8239.405
411.438 8164.546
411.709 7650.688
411.981 7335.829
412.252 6718.969
412.523 6241.110
412.794 6084.250
413.065 5731.389
413.336 5198.529
413.607 5021.668
413.878 4757.807
414.150 4424.945
414.421 3969.083
414.692 3631.221
414.963 3419.359
415.234 3333.496
415.505 3151.633
415.776 3032.770
416.047 2716.906
416.319 2383.042
416.590 2093.178
416.861 1765.313
417.132 1686.449
417.403 1563.584
417.674 1380.718
417.945 1158.852
418.217 1033.986
418.488 1129.120
418.759 955.253
419.030 854.387
419.301 870.519
419.572 850.652
419.843 801.784
420.114 705.916
420.386 671.048
420.657 852.179
420.928 735.310
421.199 674.441
421.470 658.571
421.741 578.702
422.012 583.832
422.283 582.961
422.555 621.091
422.826 694.220
423.097 761.349
423.368 705.477
423.639 628.605
423.910 688.733
424.181 610.861
424.453 533.988
424.724 842.115
424.995 902.242
425.266 688.369
425.537 620.495
425.808 781.621
426.079 829.747
426.350 722.873
426.622 755.998
426.893 859.123
427.164 789.247
427.435 725.372
427.706 707.496
427.977 712.620
428.248 676.743
428.519 751.867
428.791 665.990
429.062 789.113
429.333 713.235
429.604 636.357
429.875 747.479
430.146 835.601
430.417 797.723
430.689 699.844
430.960 598.965
431.231 657.086
431.502 841.206
431.773 863.326
432.044 711.446
432.315 802.566
432.586 812.685
432.858 858.804
433.129 629.923
433.400 634.042
433.671 729.160
433.942 654.279
434.213 542.397
434.484 572.514
434.755 628.632
435.027 531.749
435.298 612.866
435.569 673.982
435.840 541.099
436.116 524.215
436.391 659.331
436.667 657.447
436.942 715.562
437.218 781.677
437.493 791.792
437.769 854.907
438.045 755.021
438.320 663.135
438.596 656.249
438.871 620.363
439.147 616.477
439.422 634.590
439.698 545.703
439.974 560.816
440.249 710.928
440.525 755.040
440.800 510.153
441.076 560.264
441.351 755.376
441.627 781.487
441.903 771.598
442.178 637.709
442.454 608.820
442.729 799.930
443.005 682.041
443.281 752.151
443.556 879.260
443.832 809.370
444.107 651.479
444.383 611.588
444.658 637.697
444.934 576.806
445.210 735.914
445.485 811.022
445.761 855.130
446.036 764.238
446.312 758.345
446.587 753.452
446.863 572.559
447.139 608.666
447.414 633.773
447.690 718.879
447.965 798.985
448.241 721.091
448.516 716.197
448.792 661.302
449.068 633.408
449.343 736.513
449.619 665.617
449.894 693.722
450.170 733.826
450.445 911.931
450.721 928.035
450.997 663.138
451.272 759.242
451.548 726.345
451.823 732.448
452.099 808.551
452.375 742.654
452.650 755.756
452.926 835.859
453.201 842.961
453.477 1120.062
453.752 1012.164
454.028 794.266
454.304 885.367
454.579 1003.468
454.855 983.569
455.130 944.669
455.406 996.770
455.681 943.870
455.957 893.970
456.233 851.070
456.508 855.169
456.784 840.268
457.059 819.368
457.335 1001.467
457.610 883.565
457.886 804.664
458.162 740.762
458.437 762.860
458.713 856.958
458.988 820.056
459.264 817.154
459.539 833.251
459.815 754.348
460.091 653.445
460.366 621.542
460.642 590.639
460.917 653.735
461.193 720.831
461.468 628.927
461.744 604.023
462.020 567.119
462.295 645.214
462.571 628.309
462.846 668.404
463.122 792.499
463.397 820.594
463.673 711.976
463.949 686.096
464.224 681.195
464.500 728.242
464.775 708.064
465.051 780.597
465.327 941.310
465.602 1188.966
465.878 1342.095
466.153 1187.156
466.429 1441.181
466.704 1745.224
466.980 1677.807
467.256 1786.899
467.531 1963.955
467.807 2034.151
468.082 2060.295
468.358 2025.291
468.633 2192.125
468.909 2202.257
469.185 2157.325
469.460 2201.840
469.736 2224.289
470.011 2098.499
470.287 2076.358
470.562 2181.441
470.838 2048.516
471.114 2091.079
471.389 1963.897
471.665 1917.439
471.940 1943.761
472.216 1893.244
472.491 1628.788
472.767 1538.237
473.043 1631.633
473.318 1696.631
473.594 1466.429
473.869 1316.433
474.145 1214.793
474.421 1144.689
474.696 1066.446
474.972 953.567
475.247 997.441
475.523 1042.339
475.798 1023.102
476.074 964.104
476.350 911.238
476.625 919.390
476.901 986.756
477.176 918.629
477.452 807.914
477.727 784.603
478.003 622.306
478.279 850.035
478.554 955.812
478.830 933.473
479.105 943.846
479.381 904.435
479.656 871.052
479.932 942.190
480.208 983.831
480.483 964.721
480.759 1014.350
481.034 950.784
481.310 932.686
481.585 993.389
481.861 962.223
482.137 850.562
482.412 857.837
482.688 902.382
482.963 993.837
483.239 1040.017
483.514 796.612
483.790 874.101
484.066 1118.064
484.341 995.273
484.617 883.694
484.892 983.509
485.168 942.794
485.443 778.915
485.719 862.494
485.995 1011.656
486.270 991.903
486.546 849.565
486.821 797.221
487.097 751.303
487.373 858.136
487.648 1069.124
487.924 1029.802
488.199 768.554
488.475 600.656
488.750 619.163
489.026 790.604
489.302 795.588
489.577 775.277
489.853 822.587
490.128 999.940
490.404 923.696
490.679 751.561
490.955 938.586
491.231 1023.705
491.506 1019.891
491.782 892.660
492.057 837.067
492.333 976.086
492.608 887.120
492.884 916.549
493.160 731.693
493.435 721.438
493.711 921.513
493.986 853.104
494.262 793.231
494.537 804.089
494.813 891.312
495.089 801.888
495.364 820.627
495.640 828.559
495.915 826.668
496.191 1007.503
496.467 940.590
496.742 901.254
497.018 948.517
497.293 868.630
497.569 915.016
497.844 868.387
498.120 911.034
498.396 914.900
498.671 862.257
498.947 1001.357
499.222 985.526
499.498 991.555
499.773 1067.250
500.049 1106.340
500.325 1102.527
500.600 1262.805
500.876 1343.221
501.151 1509.479
501.427 1560.264
501.702 1706.628
501.978 1828.309
502.254 1910.613
502.529 1829.287
502.805 2033.618
503.080 2277.676
503.356 2164.002
503.631 2120.805
503.907 2118.085
504.183 2041.234
504.458 2137.460
504.734 2159.637
505.009 2160.720
505.285 2098.201
505.560 2169.962
505.836 2108.465
506.112 2009.345
506.387 1831.279
506.663 1794.108
506.938 1814.401
507.214 1722.460
507.490 1712.709
507.765 1637.388
508.041 1581.958
508.316 1565.883
508.592 1386.565
508.867 1359.082
509.143 1384.921
509.419 1231.221
509.694 1065.330
509.970 1037.314
510.245 969.239
510.521 1048.338
510.796 951.455
511.072 864.609
511.348 880.899
511.623 872.990
511.899 819.758
512.174 911.365
512.450 946.242
512.725 926.467
513.001 784.882
513.277 748.527
513.552 947.707
513.828 889.690
514.103 873.116
514.379 922.366
514.654 802.505
514.930 806.887
515.206 1130.988
515.481 1023.104
515.757 838.990
516.032 801.051
516.308 980.215
516.583 1058.347
516.859 983.321
517.135 997.017
517.410 1103.014
517.686 1203.174
517.961 1177.970
518.237 1182.537
518.513 1133.843
518.788 1411.339
519.064 1558.291
519.339 1554.061
519.615 1569.998
519.890 1642.798
520.166 1761.701
520.442 2029.556
520.717 2111.427
520.993 2080.767
521.268 2014.341
521.544 2072.149
521.819 1991.380
522.095 2045.191
522.371 2208.200
522.646 2182.373
522.922 2289.538
523.197 2274.273
523.473 2343.927
523.748 2320.063
524.024 2202.419
524.300 2191.952
524.575 2158.519
524.851 2260.014
525.126 2268.428
525.402 2282.142
525.677 2453.492
525.953 2354.647
526.229 2238.071
526.504 2197.209
526.780 2340.483
527.055 2315.987
527.331 2351.452
527.606 2411.234
527.882 2292.238
528.158 2214.032
528.433 2411.238
528.709 2273.100
528.984 2321.143
529.260 2301.626
529.535 2231.269
529.811 2025.755
530.087 1889.193
530.362 1885.290
530.638 1988.441
530.913 2036.693
531.189 1993.349
531.465 1877.576
531.740 1742.250
532.016 1690.800
532.291 1540.954
532.567 1541.091
532.842 1568.280
533.118 1481.594
533.394 1547.167
533.669 1382.919
533.945 1217.606
534.220 1200.153
534.496 1328.934
534.771 1279.604
535.047 1237.982
535.323 1169.912
535.598 1252.729
535.874 1314.556
536.149 1292.437
536.425 1195.910
536.700 1246.847
536.976 1519.936
537.252 1903.231
537.527 2275.491
537.803 2679.280
538.078 3247.358
538.354 3548.299
538.629 3731.966
538.905 3981.037
539.181 4314.389
539.456 4539.297
539.732 4909.085
540.007 4982.191
540.283 5079.067
540.558 5172.825
540.834 5400.719
541.110 5575.429
541.385 5673.504
541.661 5907.222
541.936 6041.972
542.212 6038.063
542.488 6089.654
542.763 6212.603
543.039 6198.980
543.314 6089.907
543.590 6039.406
543.865 5938.169
544.141 5736.635
544.417 5645.329
544.692 5496.426
544.968 5513.362
545.243 5378.737
545.519 5151.007
545.794 5006.082
546.070 5029.992
546.348 4895.748
546.627 4605.646
546.905 4759.536
547.183 4664.735
547.461 4709.475
547.740 4790.958
548.018 4684.442
548.296 4745.384
548.575 4823.888
548.853 5041.419
549.131 5209.297
549.409 5453.189
549.688 5732.012
549.966 5882.858
550.244 6191.442
550.523 6266.626
550.801 6424.830
551.079 6506.559
551.357 6740.043
551.636 6889.561
551.914 6966.754
552.192 6865.227
552.471 7006.310
552.749 7110.783
553.027 7227.851
553.306 7430.234
553.584 7669.223
553.862 7856.239
554.140 8180.455
554.419 8447.360
554.697 8849.956
554.975 9239.586
555.254 9540.477
555.532 9389.609
555.810 9468.303
556.088 9586.233
556.367 9250.352
556.645 9021.559
556.923 9138.340
557.202 9026.495
557.480 8853.703
557.758 8535.756
558.036 8197.299
558.315 7989.802
558.593 8022.764
558.871 7725.620
559.150 7446.972
559.428 7221.685
559.706 6781.367
559.984 6516.182
560.263 6422.193
560.541 5928.647
560.819 5553.867
561.098 5184.580
561.376 4730.781
561.654 4103.905
561.932 3530.424
562.211 3347.896
562.489 3126.041
562.767 2779.518
563.046 2397.028
563.324 2101.109
563.602 1937.948
563.880 1754.753
564.159 1712.573
564.437 1662.080
564.715 1442.992
564.994 1263.576
565.272 1326.962
565.550 1137.816
565.828 995.960
566.107 1117.774
566.385 1086.346
566.663 921.242
566.942 859.733
567.220 892.439
567.498 1039.497
567.776 921.273
568.055 788.627
568.333 842.518
568.611 922.222
568.890 871.207
569.168 786.062
569.446 768.510
569.725 769.521
570.003 626.571
570.281 561.458
570.559 707.538
570.838 748.927
571.116 783.612
571.394 812.727
571.673 863.027
571.951 770.706
572.229 759.100
572.507 766.685
572.786 720.783
573.064 695.240
573.342 727.417
573.621 637.174
573.899 670.389
574.177 889.838
574.455 832.102
574.734 697.931
575.012 768.426
575.290 653.650
575.569 671.982
575.847 798.300
576.125 820.915
576.403 657.719
576.682 710.524
576.960 773.052
577.243 796.941
577.527 663.781
577.810 564.317
578.093 565.904
578.377 599.675
578.660 645.174
578.944 600.751
579.227 594.064
579.510 705.698
579.794 696.521
580.077 624.517
580.360 621.212
580.644 646.699
580.927 599.671
581.210 615.620
581.494 601.949
581.777 673.036
582.061 669.765
582.344 598.692
582.627 563.840
582.911 576.844
583.194 597.424
583.477 700.261
583.761 709.286
584.044 784.180
584.327 731.060
584.611 653.181
584.894 604.273
585.178 578.342
585.461 626.337
585.744 683.322
586.028 609.048
586.311 651.091
586.594 704.134
586.878 658.176
587.161 621.219
587.444 634.261
587.728 640.303
588.011 668.345
588.295 553.388
588.578 613.816
588.861 787.684
589.145 683.514
589.428 637.193
589.711 536.597
589.995 544.095
590.278 738.942
590.562 623.722
590.845 540.224
591.128 749.307
591.412 740.366
591.695 621.267
591.978 754.421
592.262 685.285
592.545 533.412
592.828 707.638
593.112 637.182
593.395 595.349
593.679 542.008
593.962 617.746
594.245 656.972
594.529 615.222
594.812 511.271
595.095 467.044
595.379 725.342
595.662 741.014
595.945 582.424
596.229 480.695
596.512 506.516
596.796 595.264
597.079 670.952
597.362 735.348
597.646 791.040
597.929 687.222
598.212 704.369
598.496 743.934
598.779 762.982
599.062 799.547
599.346 690.997
599.629 634.142
599.913 601.044
600.196 641.477
600.479 651.711
600.763 671.111
601.046 569.535
601.329 644.937
601.613 696.455
601.896 622.747
602.179 747.911
602.463 674.275
602.746 713.606
603.030 807.947
603.313 754.199
603.596 563.854
603.880 649.614
604.163 722.200
604.446 676.477
604.730 563.880
605.013 670.019
605.296 726.541
605.580 646.265
605.863 697.233
606.147 598.348
606.430 605.241
606.713 768.091
606.997 710.115
607.280 855.250
607.563 740.805
607.847 628.681
608.130 688.715
608.414 769.292
608.697 751.716
608.980 713.312
609.264 811.107
609.547 729.056
609.830 695.792
610.114 724.232
610.397 713.495
610.680 719.683
610.964 717.209
611.247 722.147
611.531 675.787
611.814 585.539
612.097 608.146
612.381 862.488
612.664 956.599
612.947 742.700
613.231 688.762
613.514 737.608
613.797 799.530
614.081 850.646
614.364 838.894
614.648 774.097
614.931 724.035
615.214 658.255
615.498 777.915
615.781 781.670
616.064 721.666
616.348 933.316
616.631 963.827
616.914 937.323
617.198 862.420
617.481 782.653
617.765 801.211
618.048 871.139
618.331 812.932
618.615 777.209
618.898 913.608
619.181 929.453
619.465 847.322
619.748 764.271
620.031 717.538
620.315 669.721
620.598 687.285
620.882 804.190
621.165 1003.831
621.448 905.457
621.732 831.766
622.015 742.248
622.298 663.005
622.582 733.562
622.865 739.325
623.148 670.429
623.432 769.904
623.715 671.840
623.999 852.761
624.282 828.552
624.565 848.363
624.849 715.600
625.132 614.255
625.415 903.605
625.699 963.078
625.982 784.505
626.265 676.925
626.549 622.740
626.832 766.209
627.116 832.910
627.399 694.561
627.682 666.985
627.966 637.143
628.249 644.584
628.532 652.011
628.816 833.284
629.099 740.299
629.383 695.548
629.666 667.218
629.949 596.533
630.233 674.903
630.516 765.100
630.799 790.326
631.083 660.802
631.366 596.542
631.649 534.431
631.933 496.722
632.216 664.572
632.500 715.890
632.783 738.109
633.066 706.672
633.350 704.656
633.633 742.617
633.916 750.370
634.200 673.458
634.483 692.960
634.766 797.978
635.050 748.110
635.333 559.989
635.617 558.956
635.900 671.671
636.183 781.122
636.467 698.184
636.750 696.897
637.033 775.229
637.317 797.531
637.600 761.097
637.883 725.671
638.167 738.154
638.450 749.910
638.734 765.858
639.017 789.296
639.300 823.970
639.584 760.554
639.867 942.997
640.150 854.159
640.434 888.801
640.717 894.542
641.000 850.646
641.284 958.152
641.567 855.243
641.851 864.880
642.134 999.362
642.417 907.803
642.701 1046.193
642.984 1103.189
643.267 1036.932
643.551 914.302
643.834 843.960
644.117 941.514
644.401 872.135
644.684 924.648
644.968 1114.207
645.251 1032.515
645.534 893.708
645.818 941.579
646.101 1122.774
646.384 1250.502
646.668 1287.151
646.951 1184.832
647.235 1258.343
647.518 1317.583
647.801 1469.867
648.085 1632.835
648.368 1725.564
648.651 1771.645
648.935 1990.641
649.218 2230.782
649.501 2312.084
649.785 2477.544
650.068 2765.266
650.352 2924.657
650.635 3159.964
650.918 3372.065
651.202 3802.944
651.485 4313.706
651.768 4678.101
652.052 4939.364
652.335 5283.116
652.618 5747.086
652.902 6148.255
653.185 6664.915
653.469 6833.534
653.752 6957.959
654.035 7297.671
654.319 7648.473
654.602 7719.395
654.885 7802.045
655.169 8032.141
655.452 8011.564
655.735 8190.492
656.019 8175.230
656.302 8073.469
656.586 8166.367
656.869 8391.895
657.152 8361.648
657.436 8341.662
657.719 8647.870
658.002 8883.968
658.286 8810.142
658.569 8579.605
658.852 8250.353
659.136 7884.394
659.419 7525.032
659.703 7064.148
659.986 6886.512
660.269 6704.215
660.553 6329.544
660.836 6264.533
661.119 6258.464
661.403 6156.169
661.686 5871.196
661.969 5768.479
662.253 5739.271
662.536 5538.081
662.820 5474.138
663.103 5353.477
663.386 5207.461
663.670 5179.092
663.953 5005.681
664.236 5044.216
664.520 4996.625
664.803 5147.616
665.086 5132.313
665.370 5251.017
665.653 5379.718
665.937 5309.137
666.220 5093.141
666.503 4998.849
666.787 4871.088
667.070 4822.074
667.353 4909.500
667.637 4617.623
667.920 4476.677
668.204 4155.678
668.487 3754.892
668.770 3585.628
669.054 3014.373
669.337 2506.770
669.620 2154.097
669.904 1972.705
670.187 1860.575
670.470 1797.195
670.754 1601.304
671.037 1351.028
671.321 1150.493
671.604 1268.262
671.887 1248.093
672.171 1104.825
672.454 1034.193
672.737 955.398
673.021 861.021
673.304 908.134
673.587 1068.325
673.871 1036.601
674.154 988.298
674.438 1081.839
674.721 1057.201
675.004 1006.876
675.288 999.701
675.571 990.460
675.854 967.830
676.138 947.206
676.421 972.978
676.704 981.242
676.988 1108.224
677.271 1316.008
677.555 1239.836
677.838 1085.779
678.121 1051.626
678.405 1023.810
678.688 1099.407
678.971 874.536
679.255 1006.306
679.538 1078.948
679.821 1043.705
680.105 924.359
680.388 825.736
680.672 793.357
680.955 816.253
681.238 825.454
681.522 773.687
681.805 835.572
682.088 867.020
682.372 887.763
682.655 797.902
682.938 870.998
683.222 852.236
683.505 781.053
683.789 902.292
684.072 908.588
684.355 861.737
684.639 893.079
684.922 781.415
685.205 749.082
685.489 840.967
685.772 882.624
686.056 922.277
686.339 955.776
686.622 795.143
686.906 740.890
687.189 876.615
687.472 1046.788
687.756 860.112
688.039 719.074
688.322 657.513
688.606 919.544
688.889 907.044
689.173 785.984
689.456 916.490
689.739 969.752
690.023 870.748
690.306 887.458
690.589 858.434
690.873 884.622
691.156 951.245
691.439 874.268
691.723 792.087
692.006 847.105
692.290 862.001
692.573 959.781
692.856 1051.082
693.140 1011.729
693.423 907.187
693.706 810.743
693.990 832.877
694.273 835.140
694.556 1024.190
694.840 1100.791
695.123 976.745
695.407 1000.529
695.690 888.298
695.973 898.517
696.257 944.990
696.540 1069.557
696.830 961.597
697.120 986.287
697.410 1046.901
697.699 994.570
697.989 1270.215
698.279 1187.439
698.569 946.493
698.859 1043.853
699.149 1190.005
699.439 1103.012
699.729 993.747
700.018 962.139
700.308 1088.603
700.598 1008.097
700.888 912.568
701.178 1126.894
701.468 1087.235
701.758 968.630
702.048 995.011
702.337 923.240
702.627 1079.826
702.917 1041.505
703.207 893.408
703.497 926.738
703.787 822.313
704.077 793.988
704.366 854.666
704.656 733.471
704.946 689.294
705.236 643.673
705.526 766.807
705.816 934.494
706.106 644.453
706.396 652.798
706.685 697.549
706.975 570.462
707.265 558.452
707.555 740.319
707.845 709.142
708.135 600.145
708.425 533.171
708.715 529.765
709.004 679.461
709.294 722.962
709.584 775.799
709.874 814.283
710.164 753.161
710.454 656.846
710.744 623.643
711.034 688.139
711.323 692.712
711.613 628.758
711.903 766.805
712.193 829.757
712.483 656.721
712.773 628.228
713.063 605.427
713.352 637.564
713.642 661.754
713.932 742.436
714.222 737.117
714.512 661.519
714.802 619.247
715.092 675.470
715.382 566.835
715.671 566.727
715.961 593.595
716.251 554.117
716.541 630.602
716.831 703.094
717.121 576.452
717.411 694.987
717.701 819.410
717.990 717.038
718.280 557.141
718.570 549.521
718.860 575.735
719.150 611.645
719.440 584.364
719.730 576.347
720.019 839.177
720.309 744.488
720.599 686.247
720.889 623.466
721.179 642.625
721.469 673.913
721.759 632.393
722.049 711.992
722.338 580.661
722.628 632.709
722.918 709.858
723.208 701.628
723.498 558.379
723.788 619.572
724.078 779.362
724.368 712.419
724.657 660.693
724.947 711.495
725.237 749.847
725.527 747.937
725.817 630.553
726.107 545.363
726.397 506.698
726.686 538.633
726.976 653.741
727.266 732.097
727.556 571.576
727.846 702.837
728.136 767.941
728.426 649.295
728.716 561.137
729.005 690.033
729.295 629.006
729.585 498.209
729.875 516.643
730.165 568.571
730.455 634.546
730.745 699.260
731.035 650.736
731.324 702.606
731.614 662.427
731.904 535.782
732.194 648.533
732.484 733.814
732.774 690.060
733.064 592.803
733.354 490.683
733.643 548.725
733.933 584.272
734.223 565.773
734.513 717.840
734.803 764.414
735.093 647.360
735.383 595.278
735.672 668.540
735.962 699.222
736.252 541.178
736.542 575.558
736.832 613.776
737.122 547.730
737.412 603.632
737.702 730.839
737.991 684.735
738.281 609.405
738.571 599.985
738.861 613.981
739.151 622.859
739.441 702.895
739.731 606.553
740.021 632.398
740.310 697.144
740.600 738.325
740.890 565.461
741.180 586.341
741.470 612.026
741.760 725.570
742.050 860.831
742.339 717.153
742.629 594.521
742.919 735.985
743.209 532.708
743.499 481.820
743.789 541.722
744.079 617.979
744.369 679.701
744.658 630.523
744.948 476.452
745.238 631.552
745.528 625.625
745.818 705.630
746.108 692.752
746.398 674.591
746.688 629.923
746.977 781.879
747.267 644.857
747.557 666.392
747.847 723.071
748.137 643.212
748.427 599.450
748.717 513.413
749.006 439.289
749.296 568.232
749.586 643.307
749.876 736.596
750.166 633.029
750.456 589.811
750.746 647.305
751.036 603.411
751.325 698.240
751.615 645.011
751.905 662.013
752.195 648.693
752.485 561.712
752.775 635.366
753.065 613.363
753.355 754.523
753.644 692.479
753.934 604.222
754.224 635.731
754.514 773.938
754.804 538.477
755.094 441.203
755.384 537.511
755.674 628.803
755.963 719.093
756.253 675.656
756.543 758.247
756.833 727.629
757.123 698.804
757.413 628.168
757.703 551.805
757.992 527.703
758.282 576.388
758.572 650.352
758.862 627.255
759.152 613.203
759.442 598.549
759.732 679.571
760.022 711.750
760.311 599.809
760.601 478.096
760.891 612.923
761.181 670.617
761.471 644.147
761.761 506.848
762.051 582.395
762.341 722.672
762.630 746.580
762.920 647.907
763.210 675.796
763.500 650.965
763.793 528.123
764.086 582.521
764.379 576.923
764.671 712.756
764.964 643.357
765.257 627.278
765.550 601.343
765.843 482.409
766.136 619.524
766.429 570.147
766.722 625.985
767.014 604.246
767.307 459.857
767.600 495.122
767.893 510.760
768.186 510.777
768.479 598.497
768.772 718.474
769.064 698.330
769.357 637.222
769.650 649.978
769.943 812.483
770.236 722.873
770.529 512.934
770.822 563.355
771.115 679.300
771.407 763.757
771.700 720.384
771.993 747.391
772.286 670.973
772.579 787.250
772.872 651.178
773.165 553.414
773.457 632.060
773.750 644.824
774.043 542.924
774.336 526.318
774.629 663.379
774.922 670.120
775.215 558.129
775.508 606.368
775.800 565.533
776.093 668.839
776.386 698.364
776.679 629.598
776.972 682.989
777.265 886.430
777.558 900.645
777.850 727.898
778.143 722.890
778.436 702.507
778.729 689.758
779.022 662.639
779.315 495.822
779.608 446.592
779.900 567.212
780.193 564.214
780.486 583.744
780.779 611.260
781.072 524.492
781.365 610.290
781.658 631.000
781.951 607.924
782.243 681.873
782.536 682.254
782.829 651.147
783.122 696.344
783.415 716.725
783.708 693.672
784.001 645.544
784.293 729.814
784.586 729.099
784.879 733.123
785.172 687.361
785.465 598.888
785.758 680.066
786.051 691.105
786.344 737.739
786.636 886.642
786.929 686.458
787.222 587.550
787.515 578.382
787.808 600.220
788.101 595.241
788.394 723.129
788.686 829.039
788.979 789.884
789.272 792.108
789.565 745.426
789.858 555.821
790.151 470.478
790.444 502.462
790.737 576.981
791.029 590.815
791.322 665.681
791.615 658.054
791.908 729.315
792.201 689.681
792.494 645.141
792.787 715.231
793.079 822.640
793.372 671.438
793.665 695.054
793.958 627.273
794.251 644.238
794.544 780.067
794.837 839.684
795.130 721.055
795.422 713.095
795.715 678.215
796.008 698.868
796.301 721.395
796.594 650.694
796.887 675.610
797.180 677.296
797.472 528.757
797.765 474.934
798.058 601.967
798.351 519.830
798.644 469.995
798.937 481.975
799.230 636.889
799.523 991.477
799.815 871.852
800.108 570.770
800.401 481.055
800.694 626.261
800.987 608.703
801.280 638.905
801.573 705.854
801.865 725.849
802.158 598.393
802.451 593.418
802.744 576.468
803.037 624.387
803.330 607.044
803.623 731.204
803.915 715.251
804.208 589.107
804.501 668.380
804.794 697.424
805.087 614.742
805.380 471.700
805.673 506.278
805.966 685.472
806.258 669.140
806.551 657.447
806.844 660.474
807.137 693.314
807.430 523.958
807.723 580.198
808.016 788.044
808.308 782.602
808.601 594.299
808.894 526.093
809.187 635.399
809.480 711.234
809.773 595.961
810.066 697.179
810.359 729.115
810.651 701.338
810.944 473.831
811.237 437.997
811.530 628.728
811.825 606.146
812.119 525.832
812.414 463.283
812.709 591.039
813.003 609.457
813.298 545.154
813.593 619.222
813.887 614.562
814.182 997.162
814.476 881.438
814.771 801.249
815.066 687.940
815.360 557.174
815.655 563.287
815.950 581.168
816.244 601.529
816.539 759.753
816.834 742.438
817.128 698.312
817.423 756.739
817.718 955.394
818.012 738.861
818.307 439.963
818.602 559.855
818.896 665.742
819.191 619.164
819.486 583.379
819.780 717.276
820.075 806.491
820.369 782.320
820.664 635.112
820.959 702.414
821.253 684.504
821.548 605.762
821.843 731.645
822.137 723.065
822.432 707.920
822.727 705.544
823.021 621.744
823.316 726.902
823.611 769.276
823.905 609.311
824.200 514.407
824.495 606.225
824.789 726.493
825.084 781.590
825.379 651.628
825.673 680.842
825.968 830.445
826.262 702.102
826.557 672.475
826.852 683.453
827.146 700.453
827.441 681.697
827.736 772.669
828.030 694.865
828.325 483.951
828.620 678.233
828.914 794.803
829.209 670.469
829.504 883.284
829.798 832.752
830.093 643.725
830.388 583.486
830.682 501.575
830.977 642.111
831.271 737.415
831.566 599.406
831.861 558.503
832.155 543.721
832.450 668.813
832.745 777.409
833.039 678.418
833.334 580.893
833.629 664.764
833.923 666.809
834.218 579.050
834.513 532.701
834.807 544.548
835.102 488.796
835.397 580.660
835.691 509.559
835.986 489.425
836.281 538.931
836.575 570.706
836.870 599.878
837.164 624.915
837.459 595.021
837.754 600.894
838.048 551.202
838.343 557.631
838.638 600.937
838.932 612.185
839.227 582.805
839.522 669.370
839.816 676.350
840.111 632.421
840.406 576.741
840.700 723.963
840.995 863.550
841.290 906.510
841.584 776.113
841.879 810.629
842.174 733.658
842.468 659.902
842.763 563.000
843.057 679.949
843.352 639.283
843.647 622.413
843.941 607.087
844.236 654.333
844.531 736.540
844.825 742.765
845.120 826.172
845.415 860.701
845.709 729.722
846.004 738.244
846.299 584.481
846.593 745.473
846.888 765.715
847.183 628.786
847.477 583.235
847.772 620.612
848.066 707.695
848.361 726.406
848.656 688.480
848.950 670.640
849.245 789.271
849.540 656.562
849.834 830.296
850.129 893.189
850.424 769.086
850.718 694.122
851.013 840.114
851.308 770.277
851.602 728.960
851.897 737.557
852.192 901.205
852.486 829.281
852.781 678.092
853.076 780.054
853.370 829.519
853.665 840.975
853.959 805.964
854.254 734.364
854.549 928.303
854.843 758.613
855.138 639.540
855.433 808.706
855.727 875.678
856.022 676.963
856.317 708.944
856.611 774.929
856.906 643.265
857.201 684.038
857.495 766.414
857.790 862.778
858.085 794.208
858.379 713.886
858.674 562.956
858.969 512.456
859.263 627.898
859.558 644.560
859.852 615.684
860.147 637.373
860.442 753.330
860.736 576.589
861.031 707.189
861.326 782.357
861.620 659.488
861.915 780.794
862.210 800.826
862.504 638.525
862.799 702.979
863.094 757.879
863.388 603.417
863.683 627.180
863.978 667.133
864.272 631.005
864.567 657.363
864.861 658.093
865.156 605.308
865.451 555.154
865.745 723.849
866.040 775.569
866.335 751.327
866.629 778.344
866.924 677.500
867.219 655.654
867.513 780.987
867.808 678.126
868.103 627.771
868.397 651.439
868.692 621.852
868.987 586.928
869.281 565.485
869.576 691.051
869.871 739.421
870.165 575.965
870.460 501.698
870.754 589.181
871.049 596.953
871.344 643.307
871.638 640.426
871.933 580.063
872.228 672.023
872.522 670.714
872.817 708.218
873.112 910.773
873.406 732.509
873.701 776.423
873.996 754.474
874.290 616.592
874.585 596.960
874.880 670.107
875.174 596.607
875.469 607.636
875.764 634.088
876.058 595.879
876.353 486.505
876.647 500.432
876.942 620.884
877.237 644.950
877.531 599.221
877.826 630.119
878.121 649.246
878.415 604.956
878.710 571.051
879.005 670.171
879.299 598.541
879.594 541.923
879.889 441.800
880.183 440.982
880.478 493.076
880.773 541.652
881.067 606.823
881.362 638.262
881.656 551.569
881.951 575.143
882.246 520.006
882.540 533.804
882.835 574.622
883.130 576.859
883.424 556.054
883.719 486.492
884.014 624.643
884.308 606.780
884.603 547.008
884.898 521.981
885.192 565.744
885.487 587.434
885.782 544.415
886.076 652.259
886.371 604.419
886.666 408.371
886.960 509.270
887.255 506.138
887.549 511.499
887.844 686.665
888.139 720.490
888.433 655.160
888.728 524.344
889.023 589.185
889.317 652.867
889.612 530.066
889.907 563.235
890.201 636.696
890.496 659.131
890.791 613.506
891.085 528.243
891.380 513.248
891.675 559.648
891.969 624.145
892.264 480.655
892.559 503.134
892.853 667.753
893.148 596.271
893.442 582.014
893.737 636.329
894.032 547.672
894.326 442.836
894.621 505.401
894.916 441.482
895.210 478.988
895.505 560.655
895.800 543.477
896.094 474.566
896.389 510.763
896.684 535.075
896.978 492.247
897.273 428.582
897.568 561.605
897.862 593.941
898.157 557.700
898.451 692.716
898.746 690.071
899.041 698.663
899.335 630.470
899.630 542.386
899.925 564.059
900.219 597.726
900.514 696.401
900.809 536.347
901.103 408.405
901.398 603.797
901.693 562.676
901.987 540.906
902.282 605.438
902.577 495.020
902.871 379.615
903.166 552.130
903.461 656.204
903.755 644.289
904.050 579.722
904.344 460.485
904.639 520.171
904.934 552.963
905.228 552.168
905.523 493.257
905.818 532.461
906.112 656.795
906.407 662.503
906.702 581.431
906.996 579.109
907.291 540.003
907.586 479.252
907.880 646.780
908.175 651.013
908.470 611.023
908.764 663.157
909.059 750.588
909.354 680.799
909.648 568.188
909.943 559.978
910.237 700.994
910.532 712.371
910.827 747.211
911.121 733.227
911.416 682.194
911.711 678.527
912.005 649.399
912.300 609.094
912.599 679.249
912.898 620.054
913.196 648.690
913.495 703.431
913.794 765.157
914.093 671.605
914.391 628.213
914.690 685.017
914.989 631.511
915.288 737.275
915.586 634.924
915.885 492.864
916.184 429.070
916.483 459.098
916.782 602.828
917.080 620.695
917.379 607.749
917.678 576.285
917.977 712.144
918.275 684.445
918.574 652.247
918.873 694.662
919.172 631.293
919.471 516.634
919.769 539.093
920.068 534.401
920.367 537.348
920.666 520.209
920.964 609.181
921.263 566.048
921.562 534.332
921.861 665.612
922.159 584.469
922.458 632.975
922.757 624.131
923.056 583.610
923.355 544.198
923.653 672.513
923.952 674.185
924.251 523.283
924.550 652.872
924.848 702.248
925.147 545.773
925.446 509.618
925.745 620.978
926.043 651.110
926.342 663.061
926.641 600.733
926.940 660.725
927.239 687.880
927.537 709.861
927.836 618.190
928.135 626.553
928.434 694.910
928.732 650.817
929.031 715.261
929.330 803.918
929.629 706.916
929.927 686.755
930.226 557.814
930.525 581.973
930.824 770.456
931.123 679.788
931.421 730.489
931.720 704.220
932.019 737.970
932.318 727.279
932.616 685.144
932.915 645.403
933.214 681.067
933.513 676.067
933.812 623.450
934.110 735.588
934.409 858.396
934.708 701.566
935.007 985.278
935.305 986.265
935.604 709.662
935.903 780.292
936.202 805.501
936.500 906.531
936.799 989.133
937.098 934.730
937.397 862.422
937.696 783.651
937.994 775.343
938.293 953.622
938.592 802.761
938.891 798.570
939.189 862.106
939.488 961.000
939.787 1135.635
940.086 930.968
940.384 922.239
940.683 911.642
940.982 847.289
941.281 990.321
941.580 1262.096
941.878 1225.092
942.177 968.485
942.476 988.693
942.775 953.501
943.073 830.030
943.372 871.349
943.671 1006.259
943.970 1070.685
944.268 981.387
944.567 826.457
944.866 820.622
945.165 766.882
945.464 774.195
945.762 721.818
946.061 980.263
946.360 1083.958
946.659 1085.043
946.957 963.436
947.256 889.741
947.555 934.069
947.854 956.774
948.153 810.962
948.451 834.377
948.750 895.177
949.049 831.406
949.348 995.124
949.646 912.057
949.945 845.005
950.244 984.437
950.543 920.210
950.841 840.647
951.140 781.823
951.439 661.634
951.738 703.406
952.037 817.323
952.335 999.394
952.634 978.842
952.933 764.127
953.232 777.496
953.530 582.257
953.829 774.874
954.128 925.636
954.427 877.754
954.725 974.878
955.024 920.993
955.323 888.695
955.622 733.771
955.921 652.942
956.219 751.079
956.518 718.821
956.817 789.635
957.116 822.096
957.414 783.820
957.713 624.047
958.012 616.020
958.311 586.386
958.610 765.057
958.908 796.682
959.207 773.775
959.506 758.836
959.805 798.579
960.103 827.194
960.402 785.692
960.701 641.554
961.000 669.048
961.298 689.577
961.597 773.573
961.896 731.930
962.195 763.394
962.494 832.773
962.792 697.289
963.091 642.606
963.390 631.706
963.689 600.941
963.987 755.027
964.286 867.259
964.585 841.008
964.884 754.767
965.182 665.484
965.481 973.024
965.780 1099.807
966.080 946.160
966.380 866.743
966.680 787.108
966.981 795.892
967.281 749.428
967.581 623.637
967.881 728.124
968.181 710.009
968.481 725.050
968.781 752.659
969.082 615.643
969.382 722.304
969.682 831.788
969.982 807.612
970.282 807.012
970.582 694.562
970.882 626.245
971.183 774.472
971.483 763.187
971.783 682.765
972.083 679.268
972.383 738.427
972.683 739.024
972.983 771.348
973.284 645.495
973.584 625.272
973.884 734.172
974.184 789.687
974.484 858.932
974.784 762.767
975.084 716.663
975.385 755.544
975.685 820.974
975.985 719.597
976.285 800.421
976.585 893.518
976.885 777.898
977.185 753.541
977.486 774.312
977.786 807.364
978.086 927.611
978.386 900.374
978.686 725.534
978.986 741.287
979.286 757.295
979.587 795.303
979.887 711.311
980.187 729.319
980.487 677.327
980.787 749.335
981.087 722.343
981.387 876.352
981.688 723.360
981.988 575.368
982.288 624.376
982.588 664.384
982.888 698.392
983.188 664.400
983.488 745.408
983.789 759.416
984.089 736.424
984.389 621.432
984.689 609.440
984.989 543.448
985.289 552.456
985.589 736.464
985.890 690.472
986.190 519.480
986.490 580.488
986.790 738.496
987.090 665.504
987.390 682.512
987.690 700.520
987.991 595.527
988.291 609.535
988.591 614.543
988.891 534.551
989.191 574.559
989.491 731.567
989.791 672.575
990.092 625.583
990.392 720.591
990.692 720.598
990.992 679.606
991.292 558.614
991.592 705.622
991.892 671.630
992.193 733.638
992.493 736.645
992.793 639.653
993.093 600.661
993.393 597.669
993.693 652.676
993.993 705.684
994.294 772.692
994.594 669.700
994.894 630.708
995.194 664.715
995.494 593.723
995.794 590.731
996.094 592.738
996.395 660.746
996.695 724.754
996.995 535.762
997.295 506.769
997.595 548.777
997.895 512.785
998.195 466.792
998.496 510.800
998.796 507.808
999.096 753.815
999.396 701.823
999.696 647.831
999.996 670.838
1000.296 787.846
1000.597 773.853
1000.897 620.861
1001.197 594.869
1001.497 839.876
1001.797 665.884
1002.097 558.891
1002.397 627.899
1002.698 615.906
1002.998 683.914
1003.298 706.922
1003.598 627.929
1003.898 586.937
1004.198 759.944
1004.498 778.952
1004.799 699.959
1005.099 735.967
1005.399 752.974
1005.699 771.982
1005.999 773.989
1006.299 644.997
1006.599 821.004
1006.900 834.012
1007.200 635.019
1007.500 660.026
1007.800 663.034
1008.100 584.041
1008.400 559.049
1008.700 595.056
1009.001 531.064
1009.301 557.071
1009.601 791.078
1009.901 861.086
1010.201 724.093
1010.501 720.101
1010.801 849.108
1011.102 647.115
1011.402 656.123
1011.702 533.130
1012.002 515.137
1012.302 715.145
1012.602 677.152
1012.902 577.159
1013.203 648.167
1013.503 743.174
1013.803 764.181
1014.103 604.189
1014.403 675.196
1014.703 590.203
1015.003 576.211
1015.304 790.218
1015.604 826.225
1015.904 592.232
1016.204 528.240
1016.504 558.247
1016.804 602.254
1017.104 566.261
1017.405 622.269
1017.705 619.276
1018.005 608.283
1018.305 631.290
1018.605 591.297
1018.905 456.305
1019.205 491.312
1019.506 829.319
1019.806 856.326
1020.106 735.333
1020.406 708.340
1020.706 696.348
1021.006 718.355
1021.306 823.362
1021.607 671.369
1021.907 752.376
1022.207 735.383
1022.507 598.390
1022.807 659.398
1023.107 638.405
1023.407 598.412
1023.708 639.419
1024.008 588.426
1024.308 606.433
1024.608 605.440
1024.908 478.447
1025.208 643.454
1025.508 883.461
1025.809 833.468
1026.109 655.475
1026.409 727.482
1026.709 746.489
1027.009 691.496
1027.309 713.503
1027.609 538.510
1027.910 510.517
1028.210 684.524
1028.510 788.531
1028.810 923.538
1029.110 816.545
1029.410 704.552
1029.710 779.559
1030.011 743.566
1030.311 807.573
1030.611 626.580
1030.911 606.587
1031.211 682.594
1031.511 602.601
1031.811 768.608
1032.112 808.615
1032.412 703.622
1032.712 587.629
1033.012 560.635
1033.312 776.642
1033.612 777.649
1033.912 626.656
1034.212 577.663
1034.513 570.670
1034.813 565.677
1035.113 676.683
1035.413 570.690
1035.713 630.697
1036.013 666.704
1036.313 584.711
1036.614 688.718
1036.914 642.724
1037.214 518.731
1037.514 645.738
1037.814 647.745
1038.114 625.752
1038.414 632.758
1038.715 737.765
1039.015 582.772
1039.315 482.779
1039.615 644.786
1039.915 658.792
1040.215 580.799
1040.515 582.806
1040.816 687.812
1041.116 666.819
1041.416 539.826
1041.716 483.833
1042.016 505.839
1042.316 710.846
1042.616 658.853
1042.917 564.859
1043.217 578.866
1043.517 565.873
1043.817 662.879
1044.117 636.886
1044.417 587.893
1044.717 604.899
1045.018 596.906
1045.318 642.913
1045.618 670.919
1045.918 640.926
1046.218 568.933
1046.518 645.939
1046.818 697.946
1047.119 538.952
1047.419 724.959
1047.719 726.966
1048.019 645.972
1048.319 681.979
1048.619 614.985
1048.919 673.992
1049.220 674.999
1049.520 711.005
1049.820 620.012
1050.120 514.018
1050.420 681.025
1050.720 639.031
1051.020 686.038
1051.321 749.044
1051.621 820.051
1051.921 715.057
1052.221 560.064
1052.521 507.070
1052.821 505.077
1053.121 637.083
1053.422 728.090
1053.722 795.096
1054.022 676.103
1054.322 770.109
1054.622 645.116
1054.922 589.122
1055.222 733.129
1055.523 740.135
1055.823 707.142
1056.123 718.148
1056.423 635.154
1056.723 701.161
1057.023 643.167
1057.323 498.174
1057.624 668.180
1057.924 776.187
1058.224 731.193
1058.524 600.199
1058.824 621.206
1059.124 612.212
1059.424 576.218
1059.725 661.225
1060.025 613.231
1060.325 598.238
1060.625 570.244
1060.925 602.250
1061.225 624.257
1061.525 738.263
1061.826 657.269
1062.126 682.276
1062.426 730.282
1062.726 717.288
1063.026 682.294
1063.326 895.301
1063.626 806.307
1063.927 682.313
1064.227 674.320
1064.527 590.326
1064.827 750.332
1065.127 719.338
1065.427 483.345
1065.727 521.351
1066.028 719.357
1066.328 747.363
1066.628 552.370
1066.928 523.376
1067.228 622.382
1067.528 591.388
1067.828 564.395
1068.129 511.401
1068.429 697.407
1068.729 816.413
1069.029 663.419
1069.329 548.426
1069.629 652.432
1069.929 698.438
1070.230 750.444
1070.530 707.450
1070.830 555.457
1071.130 735.463
1071.430 680.469
1071.730 649.475
1072.030 739.481
1072.331 593.487
1072.631 606.493
1072.931 628.500
1073.231 665.506
1073.531 647.512
1073.831 615.518
1074.131 695.524
1074.432 790.530
1074.732 696.536
1075.032 582.542
1075.332 584.548
1075.632 623.554
1075.932 600.560
1076.232 536.567
1076.533 560.573
1076.833 648.579
1077.133 626.585
1077.433 618.591
1077.733 568.597
1078.033 684.603
1078.333 687.609
1078.634 622.615
1078.934 667.621
1079.234 574.627
1079.534 694.633
1079.834 795.639
1080.134 735.645
1080.434 731.651
1080.735 641.657
1081.035 595.663
1081.335 484.669
1081.635 506.675
1081.935 589.681
1082.235 589.687
1082.535 598.693
1082.836 659.699
1083.136 660.705
1083.436 749.711
1083.736 735.717
1084.036 642.723
1084.336 570.728
1084.636 591.734
1084.937 714.740
1085.237 763.746
1085.537 712.752
1085.837 747.758
1086.137 659.764
1086.437 774.770
1086.737 706.776
1087.038 695.782
1087.338 750.787
1087.638 755.793
1087.938 552.799
1088.238 453.805
1088.538 663.811
1088.838 716.817
1089.139 737.823
1089.439 569.828
1089.739 650.834
1090.039 680.840
1090.339 738.846
1090.639 634.852
1090.939 697.858
1091.240 586.863
1091.540 611.869
1091.840 683.875
1092.140 779.881
1092.453 745.887
1092.766 634.892
1093.079 535.898
1093.392 570.904
1093.705 605.910
1094.018 659.915
1094.330 801.921
1094.643 709.927
1094.956 732.933
1095.269 654.939
1095.582 725.944
1095.895 610.950
1096.208 575.956
1096.521 627.961
1096.834 669.967
1097.147 644.973
1097.460 698.979
1097.773 768.984
1098.085 688.990
1098.398 559.996
1098.711 479.001
1099.024 468.007
1099.337 665.013
1099.650 764.018
1099.963 749.024
1100.276 584.030
1100.589 577.035
1100.902 712.041
1101.215 705.047
1101.528 746.052
1101.841 658.058
1102.153 724.064
1102.466 820.069
1102.779 602.075
1103.092 547.081
1103.405 617.086
1103.718 604.092
1104.031 606.097
1104.344 708.103
1104.657 642.109
1104.970 896.114
1105.283 713.120
1105.596 619.125
1105.909 652.131
1106.221 722.137
1106.534 749.142
1106.847 544.148
1107.160 460.153
1107.473 487.159
1107.786 590.164
1108.099 499.170
1108.412 531.176
1108.725 608.181
1109.038 555.187
1109.351 674.192
1109.664 719.198
1109.977 631.203
1110.289 634.209
1110.602 620.214
1110.915 569.220
1111.228 590.225
1111.541 574.231
1111.854 566.236
1112.167 527.242
1112.480 563.247
1112.793 625.253
1113.106 620.258
1113.419 678.264
1113.732 577.269
1114.044 533.275
1114.357 683.280
1114.670 617.286
1114.983 563.291
1115.296 636.296
1115.609 683.302
1115.922 663.307
1116.235 687.313
1116.548 664.318
1116.861 623.324
1117.174 576.329
1117.487 623.334
1117.800 784.340
1118.112 682.345
1118.425 603.351
1118.738 572.356
1119.051 564.361
1119.364 612.367
1119.677 683.372
1119.990 569.378
1120.303 600.383
1120.616 744.388
1120.929 638.394
1121.242 697.399
1121.555 696.404
1121.868 689.410
1122.180 691.415
1122.493 473.420
1122.806 454.426
1123.119 628.431
1123.432 680.436
1123.745 646.442
1124.058 564.447
1124.371 558.452
1124.684 715.458
1124.997 699.463
1125.310 615.468
1125.623 551.474
1125.935 510.479
1126.248 614.484
1126.561 682.490
1126.874 606.495
1127.187 678.500
1127.500 701.505
1127.813 685.511
1128.126 674.516
1128.439 693.521
1128.752 807.526
1129.065 598.532
1129.378 375.537
1129.691 574.542
1130.003 673.547
1130.316 574.553
1130.629 487.558
1130.942 594.563
1131.255 639.568
1131.568 537.574
1131.881 598.579
1132.194 669.584
1132.507 611.589
1132.820 612.594
1133.133 703.600
1133.446 579.605
1133.759 836.610
1134.071 1228.615
1134.384 848.620
1134.697 784.625
1135.010 882.631
1135.323 692.636
1135.636 565.641
1135.949 485.646
1136.262 506.651
1136.575 597.656
1136.888 631.662
1137.201 639.667
1137.514 581.672
1137.826 655.677
1138.139 577.682
1138.452 592.687
1138.765 812.692
1139.078 832.697
1139.391 808.703
1139.704 720.708
1140.017 709.713
1140.330 624.718
1140.643 583.723
1140.956 592.728
1141.269 658.733
1141.582 694.738
1141.894 582.743
1142.207 745.748
1142.520 726.753
1142.833 803.758
1143.146 644.764
1143.459 512.769
1143.772 577.774
1144.085 675.779
1144.398 606.784
1144.711 606.789
1145.024 594.794
1145.337 638.799
1145.650 661.804
1145.962 568.809
1146.275 626.814
1146.588 516.819
1146.901 687.824
1147.214 606.829
1147.527 500.834
1147.840 669.839
1148.153 654.844
1148.466 642.849
1148.779 616.854
1149.092 738.859
1149.405 591.864
1149.718 611.869
1150.030 703.874
1150.343 639.879
1150.656 540.884
1150.969 529.889
1151.282 771.894
1151.595 741.899
1151.908 611.904
1152.221 449.908
1152.534 488.913
1152.847 754.918
1153.160 685.923
1153.473 681.928
1153.785 728.933
1154.098 724.938
1154.411 776.943
1154.724 642.948
1155.037 742.953
1155.350 671.958
1155.663 656.963
1155.976 628.967
1156.289 708.972
1156.602 570.977
1156.915 498.982
1157.228 517.987
1157.541 604.992
1157.853 600.997
1158.166 656.002
1158.479 697.006
1158.792 653.011
1159.105 616.016
1159.418 647.021
1159.731 620.026
1160.044 625.031
1160.357 765.036
1160.670 697.040
1160.983 501.045
1161.296 598.050
1161.609 759.055
1161.921 649.060
1162.234 565.065
1162.547 440.069
1162.860 474.074
1163.173 492.079
1163.486 594.084
1163.799 649.089
1164.112 645.093
1164.425 590.098
1164.738 563.103
1165.051 538.108
1165.364 553.112
1165.676 626.117
1165.989 688.122
1166.302 616.127
1166.615 762.132
1166.928 720.136
1167.241 755.141
1167.554 748.146
1167.867 673.151
1168.180 638.155
1168.493 548.160
1168.806 625.165
1169.119 626.169
1169.432 720.174
1169.744 722.179
1170.057 652.184
1170.370 752.188
1170.683 701.193
1170.996 617.198
1171.309 568.202
1171.622 532.207
1171.935 597.212
1172.248 758.217
1172.561 701.221
1172.874 638.226
1173.187 667.231
1173.500 704.235
1173.812 709.240
1174.125 680.245
1174.438 704.249
1174.751 561.254
1175.064 595.259
1175.377 678.263
1175.690 634.268
1176.003 587.273
1176.316 583.277
1176.629 612.282
1176.942 606.287
1177.255 547.291
1177.567 538.296
1177.880 575.300
1178.193 667.305
1178.506 611.310
1178.819 688.314
1179.132 773.319
1179.445 608.324
1179.758 699.328
1180.071 698.333
1180.384 582.337
1180.697 624.342
1181.010 730.347
1181.323 832.351
1181.635 835.356
1181.948 758.360
1182.261 613.365
1182.574 554.369
1182.887 603.374
1183.200 755.379
1183.513 729.383
1183.826 642.388
1184.139 657.392
1184.452 636.397
1184.765 565.401
1185.078 492.406
1185.391 548.410
1185.703 569.415
1186.016 494.419
1186.329 525.424
1186.642 614.429
1186.955 763.433
1187.268 674.438
1187.581 680.442
1187.894 644.447
1188.207 661.451
1188.520 558.456
1188.833 554.460
1189.146 487.465
1189.459 481.469
1189.771 585.474
1190.084 732.478
1190.397 636.483
1190.710 688.487
1191.023 647.492
1191.336 618.496
1191.649 624.500
1191.962 696.505
1192.275 569.509
1192.588 652.514
1192.901 787.518
1193.214 632.523
1193.526 628.527
1193.839 719.532
1194.152 549.536
1194.465 719.541
1194.778 681.545
1195.091 639.549
1195.404 567.554
1195.717 670.558
1196.030 768.563
1196.343 637.567
1196.656 510.571
1196.969 554.576
1197.282 632.580
1197.594 629.585
1197.907 721.589
1198.220 727.594
1198.533 605.598
1198.846 599.602
1199.159 560.607
1199.472 579.611
1199.785 705.615
1200.098 549.620
1200.411 633.624
1200.724 614.629
1201.037 624.633
1201.350 552.637
1201.662 493.642
1201.975 632.646
1202.288 648.650
1202.601 208.655
