165.028 98.425
165.288 59.056
165.547 96.690
165.807 105.327
166.067 33.968
166.327 -9.389
166.587 -25.742
166.847 116.907
167.107 165.560
167.367 150.216
167.627 212.874
167.886 138.536
168.146 89.201
168.406 281.868
168.666 220.538
168.926 139.212
169.186 188.888
169.446 181.566
169.706 -3.752
169.966 128.932
170.225 179.619
170.485 154.309
170.745 225.001
171.005 362.696
171.265 193.393
171.525 113.093
171.785 71.796
172.045 70.501
172.305 218.208
172.564 175.918
172.824 31.630
173.084 159.345
173.344 114.062
173.604 138.782
173.864 234.503
174.124 196.227
174.384 162.953
174.644 256.682
174.903 389.412
175.163 371.145
175.423 340.880
175.683 119.617
175.943 184.356
176.203 141.097
176.463 124.840
176.723 121.585
176.983 130.333
177.242 205.082
177.502 406.832
177.762 384.585
178.022 119.340
178.282 107.096
178.542 123.855
178.802 136.615
179.062 115.377
179.322 365.140
179.581 361.905
179.841 210.672
180.101 281.441
180.361 246.211
180.621 210.982
180.881 215.756
181.141 199.530
181.401 173.307
181.661 250.084
181.920 379.864
182.180 256.644
182.440 117.426
182.700 99.210
182.960 100.994
183.220 191.781
183.480 463.568
183.740 303.357
184.000 149.146
184.259 18.938
184.519 176.730
184.779 199.523
185.039 202.318
185.299 371.114
185.559 331.911
185.819 319.709
186.079 316.508
186.339 227.308
186.598 177.109
186.858 106.911
187.118 131.713
187.378 248.517
187.638 252.322
187.898 329.128
188.158 391.934
188.418 247.742
188.678 204.550
188.937 238.359
189.197 270.168
189.457 305.979
189.717 226.790
189.977 129.602
190.237 161.414
190.497 313.228
190.757 262.041
191.017 257.856
191.276 213.671
191.536 212.486
191.796 183.303
192.056 139.119
192.316 226.936
192.576 213.754
192.836 141.572
193.096 191.391
193.356 178.210
193.616 208.029
193.875 219.849
194.135 195.669
194.395 323.489
194.655 317.310
194.915 255.131
195.175 252.952
195.435 320.774
195.695 135.595
195.955 -13.583
196.214 153.239
196.474 301.062
196.734 268.884
196.994 308.707
197.254 344.530
197.514 241.352
197.774 208.175
198.034 162.998
198.294 150.821
198.553 260.644
198.813 233.468
199.073 121.291
199.333 196.114
199.593 335.937
199.853 313.760
200.113 409.582
200.373 375.405
200.633 123.228
200.892 68.050
201.152 88.873
201.412 101.695
201.672 235.517
201.932 482.339
202.192 401.160
202.452 193.982
202.712 139.803
202.972 218.624
203.231 336.444
203.491 302.264
203.751 264.084
204.011 271.904
204.271 352.723
204.531 183.542
204.791 156.361
205.051 151.179
205.311 270.997
205.570 247.814
205.830 209.631
206.090 150.448
206.350 265.264
206.610 515.079
206.870 283.894
207.130 206.709
207.390 298.523
207.650 209.337
207.909 196.150
208.169 291.962
208.429 307.774
208.689 132.585
208.949 212.396
209.209 336.206
209.469 124.016
209.729 133.825
209.989 248.633
210.248 136.440
210.508 390.247
210.768 340.054
211.028 260.859
211.288 291.664
211.548 239.468
211.808 313.272
212.068 453.074
212.328 417.876
212.587 380.677
212.847 277.478
213.107 368.278
213.367 343.076
213.627 245.874
213.887 259.672
214.147 233.468
214.407 316.264
214.667 270.058
214.926 327.852
215.186 264.645
215.446 290.437
215.706 197.229
215.966 226.019
216.226 239.809
216.486 270.597
216.746 340.385
217.006 382.171
217.265 307.957
217.525 229.742
217.785 266.526
218.045 300.309
218.305 254.091
218.565 210.872
218.825 294.652
219.085 367.431
219.345 237.209
219.604 223.986
219.864 337.762
220.124 326.537
220.384 303.310
220.644 303.083
220.904 241.855
221.164 299.626
221.424 318.395
221.684 212.164
221.943 224.931
222.203 357.698
222.463 239.463
222.723 150.227
222.983 324.990
223.243 283.752
223.503 299.513
223.763 220.273
224.023 180.032
224.282 357.789
224.542 398.545
224.802 432.301
225.062 371.055
225.322 449.807
225.582 352.559
225.842 305.310
226.102 345.059
226.362 342.807
226.621 358.554
226.881 300.300
227.141 344.044
227.401 346.787
227.661 268.529
227.921 417.270
228.181 292.010
228.441 240.748
228.701 398.486
228.960 405.222
229.220 235.956
229.480 225.690
229.740 428.422
230.000 516.153
230.260 295.883
230.520 185.611
230.780 245.338
231.040 315.064
231.299 267.789
231.559 295.512
231.819 311.234
232.079 369.955
232.339 377.674
232.599 220.393
232.859 304.109
233.119 384.825
233.379 270.539
233.638 304.252
233.898 414.964
234.158 388.674
234.418 250.383
234.678 352.091
234.938 417.797
235.198 266.502
235.458 257.206
235.718 333.908
235.978 277.610
236.237 263.309
236.497 316.008
236.757 394.705
237.017 381.400
237.277 323.095
237.537 327.788
237.797 239.479
238.057 354.170
238.317 326.859
238.576 233.546
238.836 309.232
239.096 399.917
239.356 340.601
239.616 361.283
239.876 387.964
240.136 324.643
240.396 419.321
240.656 496.998
240.915 409.673
241.175 318.347
241.435 233.019
241.695 363.691
241.955 494.360
242.215 537.029
242.475 460.696
242.735 298.361
242.995 387.026
243.254 390.689
243.514 328.350
243.774 228.010
244.034 281.669
244.294 563.326
244.554 497.982
244.814 364.637
245.074 274.290
245.334 240.942
245.593 297.592
245.853 332.241
246.113 257.889
246.373 383.535
246.633 464.180
246.893 376.823
247.153 392.465
247.413 468.106
247.673 369.745
247.932 290.383
248.192 374.019
248.452 464.654
248.712 442.288
248.972 288.920
249.232 451.551
249.492 365.180
249.752 239.809
250.012 477.435
250.271 389.061
250.531 367.684
250.791 616.307
251.051 584.928
251.311 383.548
251.571 257.166
251.831 406.783
252.091 473.399
252.351 381.013
252.610 344.626
252.870 429.237
253.130 326.847
253.390 319.456
253.650 424.063
253.911 434.669
254.172 464.273
254.433 415.876
254.694 317.478
254.955 318.078
255.216 302.677
255.477 535.275
255.738 445.871
255.999 306.466
256.261 477.059
256.522 446.651
256.783 468.242
257.044 283.831
257.305 208.419
257.566 204.005
257.827 163.590
258.088 296.174
258.349 291.757
258.610 358.338
258.871 417.917
259.132 523.496
259.393 352.072
259.654 207.648
259.915 211.222
260.176 308.795
260.437 388.367
260.698 372.937
260.959 277.505
261.221 367.073
261.482 483.639
261.743 444.204
262.004 448.767
262.265 606.329
262.526 519.890
262.787 303.449
263.048 322.007
263.309 344.563
263.570 506.119
263.831 413.673
264.092 380.225
264.353 243.777
264.614 493.326
264.875 499.875
265.136 373.422
265.397 517.968
265.658 592.513
265.919 628.056
266.181 599.598
266.442 502.139
266.703 348.678
266.964 326.216
267.225 370.753
267.486 401.288
267.747 422.822
268.008 465.355
268.269 568.886
268.530 553.416
268.791 459.945
269.052 497.473
269.313 431.999
269.574 410.524
269.835 463.047
270.096 452.570
270.357 417.091
270.618 367.611
270.879 351.129
271.141 457.646
271.402 443.162
271.663 356.677
271.924 399.190
272.185 453.702
272.446 412.213
272.707 403.722
272.968 359.231
273.229 326.738
273.490 363.243
273.751 354.748
274.012 362.251
274.273 506.753
274.534 464.253
274.795 424.753
275.056 399.251
275.317 313.748
275.578 265.243
275.839 294.738
276.101 304.231
276.362 328.723
276.623 351.214
276.884 454.703
277.145 480.191
277.406 467.678
277.667 301.164
277.928 302.648
278.189 512.132
278.450 470.614
278.711 432.095
278.972 451.574
279.233 355.053
279.494 455.530
279.755 580.006
280.016 613.481
280.277 468.954
280.538 468.427
280.799 350.898
281.061 377.368
281.322 400.837
281.583 427.304
281.844 306.771
282.105 262.236
282.366 441.700
282.627 392.163
282.888 442.624
283.149 457.085
283.410 430.544
283.671 496.002
283.932 387.459
284.193 258.915
284.454 353.370
284.715 412.823
284.976 401.275
285.237 504.727
285.498 693.177
285.759 578.625
286.021 517.073
286.282 499.520
286.543 584.965
286.804 497.409
287.065 475.852
287.326 530.294
287.587 360.735
287.848 450.175
288.109 530.613
288.370 475.051
288.631 344.487
288.892 315.922
289.153 347.357
289.414 254.789
289.675 527.221
289.936 636.652
290.197 560.082
290.458 474.510
290.719 379.938
290.981 528.364
291.242 605.789
291.503 577.213
291.764 430.636
292.025 270.058
292.286 319.479
292.547 453.899
292.808 379.318
293.069 420.735
293.330 495.152
293.591 499.567
293.852 412.981
294.113 420.395
294.374 406.807
294.635 424.218
294.896 432.628
295.157 485.037
295.418 522.445
295.679 507.852
295.941 496.258
296.202 552.663
296.463 480.067
296.724 483.469
296.985 531.871
297.246 513.272
297.507 364.671
297.768 335.070
298.029 486.467
298.290 653.864
298.551 683.259
298.812 687.654
299.073 487.047
299.334 389.440
299.595 518.831
299.856 546.222
300.117 656.611
300.378 577.999
300.639 373.387
300.901 366.773
301.162 419.158
301.423 515.543
301.684 648.926
301.945 659.309
302.206 452.690
302.467 472.070
302.728 410.450
302.989 413.828
303.250 520.206
303.511 634.582
303.772 602.958
304.033 525.332
304.294 443.706
304.555 426.078
304.816 528.450
305.077 544.820
305.338 434.190
305.599 444.559
305.861 492.927
306.122 556.293
306.383 531.659
306.644 459.024
306.905 348.388
307.166 540.751
307.427 518.113
307.688 467.474
307.949 453.835
308.210 487.194
308.471 480.552
308.732 441.910
308.993 362.266
309.254 372.622
309.515 305.976
309.776 518.330
310.037 561.683
310.298 371.035
310.559 400.386
310.821 552.736
311.082 570.085
311.343 429.433
311.604 350.781
311.865 350.127
312.126 299.473
312.387 401.817
312.648 467.161
312.909 427.504
313.170 467.846
313.434 533.187
313.698 461.527
313.963 526.867
314.227 416.205
314.491 409.543
314.755 498.880
315.019 515.216
315.284 324.551
315.548 473.885
315.812 486.218
316.076 566.550
316.340 537.882
316.604 522.213
316.869 541.542
317.133 510.871
317.397 580.200
317.661 592.527
317.925 507.853
318.190 420.179
318.454 469.504
318.718 479.828
318.982 611.151
319.246 644.473
319.511 739.794
319.775 516.115
320.039 479.435
320.303 507.754
320.567 580.072
320.832 574.389
321.096 457.706
321.360 468.021
321.624 489.336
321.888 400.650
322.153 365.963
322.417 329.276
322.681 275.588
322.945 414.898
323.209 491.208
323.473 509.518
323.738 483.826
324.002 475.134
324.266 595.441
324.530 576.747
324.794 503.052
325.059 429.356
325.323 377.660
325.587 455.963
325.851 458.265
326.115 667.567
326.380 570.867
326.644 537.167
326.908 546.466
327.172 478.765
327.436 497.062
327.701 528.359
327.965 513.655
328.229 583.950
328.493 393.245
328.757 383.538
329.022 529.831
329.286 387.124
329.550 370.415
329.814 414.706
330.078 416.996
330.342 401.285
330.607 464.574
330.871 546.862
331.135 593.149
331.399 575.435
331.663 510.721
331.928 525.006
332.192 574.290
332.456 557.573
332.720 553.856
332.984 471.138
333.249 552.419
333.513 450.700
333.777 350.980
334.041 365.259
334.305 431.537
334.570 464.815
334.834 383.092
335.098 588.368
335.362 702.644
335.626 616.919
335.891 433.193
336.155 452.467
336.419 449.739
336.683 318.012
336.947 436.283
337.211 494.554
337.476 414.824
337.740 455.093
338.004 484.362
338.268 415.630
338.532 463.897
338.797 444.164
339.061 570.430
339.325 583.695
339.589 636.960
339.853 528.224
340.118 447.487
340.382 569.750
340.646 721.012
340.910 490.273
341.174 467.534
341.439 485.794
341.703 555.053
341.967 467.312
342.231 409.570
342.495 356.827
342.759 510.084
343.024 534.340
343.288 595.596
343.552 492.851
343.816 318.105
344.080 404.358
344.345 485.611
344.609 361.864
344.873 313.115
345.137 455.366
345.401 480.617
345.666 330.866
345.930 506.116
346.194 618.364
346.458 413.612
346.722 424.859
346.987 432.106
347.251 512.352
347.515 669.597
347.779 495.842
348.043 446.086
348.308 490.330
348.572 432.573
348.836 372.815
349.100 408.057
349.364 340.298
349.628 358.539
349.893 461.779
350.157 582.018
350.421 504.257
350.685 504.495
350.949 461.733
351.214 393.970
351.478 504.206
351.742 518.442
352.006 533.677
352.270 511.912
352.535 366.146
352.799 307.379
353.063 465.612
353.327 426.845
353.591 389.076
353.856 486.308
354.120 501.538
354.384 573.768
354.648 651.998
354.912 561.227
355.177 497.455
355.441 448.683
355.705 663.910
355.969 638.137
356.233 582.363
356.497 546.588
356.762 515.813
357.026 507.038
357.290 475.262
357.554 490.485
357.818 464.708
358.083 492.930
358.347 516.152
358.611 483.373
358.875 492.593
359.139 512.813
359.404 367.033
359.668 512.252
359.932 664.470
360.196 669.688
360.460 522.906
360.725 539.122
360.989 618.339
361.253 728.555
361.517 633.770
361.781 644.985
362.046 632.199
362.310 575.412
362.574 642.626
362.838 503.838
363.102 505.050
363.366 556.262
363.631 464.473
363.895 474.684
364.159 624.894
364.423 571.103
364.687 606.312
364.952 628.521
365.216 615.729
365.480 491.936
365.747 399.143
366.013 471.350
366.280 487.556
366.546 592.761
366.813 508.966
367.079 532.171
367.346 589.375
367.612 542.579
367.879 587.782
368.145 664.984
368.412 543.186
368.678 467.388
368.945 589.589
369.211 570.789
369.478 554.990
369.744 485.189
370.011 532.388
370.278 523.587
370.544 459.785
370.811 500.983
371.077 511.180
371.344 503.377
371.610 523.573
371.877 474.769
372.143 537.964
372.410 608.159
372.676 719.354
372.943 732.548
373.209 582.741
373.476 460.934
373.742 447.127
374.009 587.319
374.276 604.511
374.542 567.702
374.809 410.892
375.075 320.083
375.342 320.273
375.608 351.462
375.875 450.651
376.141 662.839
376.408 603.027
376.674 581.215
376.941 485.402
377.207 454.589
377.474 881.775
377.740 794.961
378.007 484.146
378.273 584.331
378.540 622.515
378.807 513.699
379.073 505.883
379.340 487.066
379.606 480.249
379.873 471.431
380.139 529.613
380.406 622.795
380.672 553.976
380.939 487.156
381.205 459.336
381.472 389.516
381.738 366.695
382.005 486.874
382.271 540.053
382.538 564.231
382.804 716.408
383.071 615.585
383.338 607.762
383.604 541.939
383.871 640.115
384.137 711.290
384.404 595.465
384.670 548.640
384.937 479.814
385.203 580.988
385.470 533.162
385.736 540.335
386.003 548.507
386.269 501.680
386.536 459.852
386.802 487.023
387.069 617.194
387.336 732.365
387.602 694.535
387.869 450.705
388.135 431.874
388.402 375.044
388.668 476.212
388.935 569.381
389.201 688.548
389.468 627.716
389.734 634.883
390.001 590.050
390.267 463.216
390.534 547.382
390.800 524.548
391.067 588.713
391.333 639.878
391.600 502.042
391.867 539.206
392.133 577.370
392.400 450.533
392.666 361.696
392.933 553.859
393.199 649.021
393.466 521.183
393.732 460.344
393.999 544.505
394.265 590.666
394.532 502.826
394.798 565.986
395.065 493.146
395.331 557.305
395.598 646.464
395.864 638.622
396.131 651.780
396.398 686.938
396.664 725.095
396.931 784.252
397.197 944.409
397.464 847.565
397.730 1015.721
397.997 1090.877
398.263 1099.032
398.530 1144.187
398.796 1275.341
399.063 1344.496
399.329 1224.649
399.596 1289.803
399.862 1304.956
400.129 1323.109
400.396 1344.261
400.662 1085.413
400.929 1129.565
401.195 1179.716
401.462 1251.867
401.728 1308.018
401.995 1309.168
402.261 1270.318
402.528 1292.468
402.794 1363.617
403.061 1556.766
403.327 1814.915
403.594 1779.063
403.860 1680.211
404.127 1699.359
404.393 1882.506
404.660 2074.653
404.931 2155.800
405.202 2156.946
405.473 2199.092
405.745 2426.238
406.016 2679.383
406.287 2685.528
406.558 2624.673
406.829 2673.817
407.100 2634.961
407.371 2921.105
407.642 2959.249
407.914 2891.392
408.185 2768.534
408.456 2706.677
408.727 2779.819
408.998 2820.961
409.269 3073.102
409.540 3172.243
409.811 2869.384
410.083 2750.525
410.354 2703.665
410.625 2542.805
410.896 2607.944
411.167 2790.084
411.438 2833.223
411.709 2471.361
411.981 2560.500
412.252 2350.638
412.523 2048.775
412.794 2036.913
413.065 2059.050
413.336 1853.187
413.607 1804.323
413.878 1705.459
414.150 1595.595
414.421 1336.731
414.692 1276.866
414.963 1223.001
415.234 1317.136
415.505 1258.270
415.776 1346.404
416.047 1238.538
416.319 1071.672
416.590 928.805
416.861 726.938
417.132 870.071
417.403 906.203
417.674 812.335
417.945 663.467
418.217 680.598
418.488 827.729
418.759 645.860
419.030 550.991
419.301 600.121
419.572 698.251
419.843 723.381
420.114 595.510
420.386 559.640
420.657 678.769
420.928 614.897
421.199 535.026
421.470 529.154
421.741 498.281
422.012 495.409
422.283 502.536
422.555 540.663
422.826 628.790
423.097 725.916
423.368 655.042
423.639 483.168
423.910 582.294
424.181 542.419
424.453 468.544
424.724 749.669
424.995 798.793
425.266 621.917
425.537 523.041
425.808 650.165
426.079 734.288
426.350 618.412
426.622 549.534
426.893 658.657
427.164 635.779
427.435 530.901
427.706 463.023
427.977 547.145
428.248 542.266
428.519 640.387
428.791 571.508
429.062 632.628
429.333 496.749
429.604 474.869
429.875 615.988
430.146 674.108
430.417 641.227
430.689 564.346
430.960 486.465
431.231 525.583
431.502 681.701
431.773 720.819
432.044 556.937
432.315 705.054
432.586 665.172
432.858 719.289
433.129 560.405
433.400 543.522
433.671 599.638
433.942 547.754
434.213 457.870
434.484 488.985
434.755 571.100
435.027 442.215
435.298 584.330
435.569 646.444
435.840 553.559
436.116 528.673
436.391 555.786
436.667 578.900
436.942 679.013
437.218 675.126
437.493 694.239
437.769 775.351
438.045 658.464
438.320 619.576
438.596 658.688
438.871 573.799
439.147 547.911
439.422 458.022
439.698 396.133
439.974 444.243
440.249 612.354
440.525 653.464
440.800 445.574
441.076 527.684
441.351 663.793
441.627 737.902
441.903 653.011
442.178 473.120
442.454 508.229
442.729 708.337
443.005 577.445
443.281 676.553
443.556 792.661
443.832 610.768
444.107 536.876
444.383 577.983
444.658 544.089
444.934 432.196
445.210 620.302
445.485 707.408
445.761 681.514
446.036 583.620
446.312 673.725
446.587 695.831
446.863 501.936
447.139 534.040
447.414 545.145
447.690 612.249
447.965 670.353
448.241 600.457
448.516 583.561
448.792 583.665
449.068 546.768
449.343 561.871
449.619 485.974
449.894 518.076
450.170 542.179
450.445 730.281
450.721 736.383
450.997 488.485
451.272 627.587
451.548 565.688
451.823 509.789
452.099 602.890
452.375 487.991
452.650 460.091
452.926 594.192
453.201 621.292
453.477 818.392
453.752 728.492
454.028 519.591
454.304 554.690
454.579 691.789
454.855 663.888
455.130 632.987
455.406 749.086
455.681 727.184
455.957 609.282
456.233 544.380
456.508 630.478
456.784 625.575
457.059 588.672
457.335 713.770
457.610 619.867
457.886 558.963
458.162 526.060
458.437 556.156
458.713 667.252
458.988 609.348
459.264 612.444
459.539 664.539
459.815 592.635
460.091 493.730
460.366 439.825
460.642 402.920
460.917 529.014
461.193 609.109
461.468 553.203
461.744 548.297
462.020 548.391
462.295 591.484
462.571 618.578
462.846 596.671
463.122 709.764
463.397 743.857
463.673 639.310
463.949 565.477
464.224 586.548
464.500 655.571
464.775 559.319
465.051 605.200
465.327 630.871
465.602 688.217
465.878 737.947
466.153 540.694
466.429 781.085
466.704 995.965
466.980 862.048
467.256 916.138
467.531 950.178
467.807 909.136
468.082 873.154
468.358 813.311
468.633 903.199
468.909 828.992
469.185 765.593
469.460 885.165
469.736 985.843
470.011 762.368
470.287 761.690
470.562 870.169
470.838 743.992
471.114 835.741
471.389 804.516
471.665 814.518
471.940 843.771
472.216 773.009
472.491 659.392
472.767 645.950
473.043 815.409
473.318 955.456
473.594 796.917
473.869 760.175
474.145 725.675
474.421 685.070
474.696 683.123
474.972 660.484
475.247 680.612
475.523 772.673
475.798 759.276
476.074 689.343
476.350 680.264
476.625 687.160
476.901 710.691
477.176 731.438
477.452 663.638
477.727 648.464
478.003 455.817
478.279 689.641
478.554 795.417
478.830 744.429
479.105 745.032
479.381 706.835
479.656 606.513
479.932 733.642
480.208 800.796
480.483 766.702
480.759 819.364
481.034 689.326
481.310 600.519
481.585 653.826
481.861 716.408
482.137 659.374
482.412 749.335
482.688 744.900
482.963 786.360
483.239 818.719
483.514 567.296
483.790 665.242
484.066 901.421
484.341 757.886
484.617 688.417
484.892 840.360
485.168 807.603
485.443 653.798
485.719 675.745
485.995 785.594
486.270 755.161
486.546 662.746
486.821 606.444
487.097 552.017
487.373 635.376
487.648 839.911
487.924 797.864
488.199 602.658
488.475 412.164
488.750 455.550
489.026 665.101
489.302 608.258
489.577 600.875
489.853 666.963
490.128 855.089
490.404 778.006
490.679 612.719
490.955 817.473
491.231 828.301
491.506 817.444
491.782 687.075
492.057 594.500
492.333 702.206
492.608 651.400
492.884 746.385
493.160 574.247
493.435 571.525
493.711 702.971
493.986 613.228
494.262 660.961
494.537 653.191
494.813 713.767
495.089 604.522
495.364 650.764
495.640 671.465
495.915 655.820
496.191 854.034
496.467 772.189
496.742 662.902
497.018 690.937
497.293 670.278
497.569 756.981
497.844 678.354
498.120 707.139
498.396 683.812
498.671 637.890
498.947 680.663
499.222 696.322
499.498 685.146
499.773 721.038
500.049 775.389
500.325 744.298
500.600 825.858
500.876 790.720
501.151 860.582
501.427 848.466
501.702 894.616
501.978 900.717
502.254 923.750
502.529 779.029
502.805 932.956
503.080 1104.330
503.356 962.225
503.631 890.541
503.907 918.730
504.183 864.145
504.458 848.021
504.734 859.367
505.009 994.928
505.285 938.312
505.560 889.911
505.836 892.906
506.112 940.546
506.387 830.292
506.663 737.509
506.938 770.946
507.214 756.859
507.490 816.770
507.765 852.341
508.041 837.273
508.316 874.678
508.592 788.392
508.867 829.920
509.143 925.637
509.419 783.996
509.694 722.310
509.970 710.341
510.245 594.872
510.521 717.344
510.796 696.714
511.072 644.832
511.348 705.427
511.623 699.511
511.899 607.034
512.174 694.878
512.450 741.873
512.725 711.185
513.001 609.455
513.277 505.946
513.552 736.236
513.828 747.669
514.103 650.445
514.379 764.563
514.654 643.043
514.930 642.826
515.206 992.602
515.481 870.978
515.757 638.189
516.032 588.704
516.308 720.429
516.583 816.374
516.859 755.451
517.135 687.353
517.410 720.093
517.686 811.506
517.961 775.610
518.237 770.287
518.513 660.435
518.788 881.328
519.064 927.950
519.339 846.782
519.615 758.187
519.890 810.554
520.166 849.333
520.442 982.358
520.717 1023.804
520.993 1058.569
521.268 905.541
521.544 902.714
521.819 840.520
522.095 923.266
522.371 1004.895
522.646 931.128
522.922 992.556
523.197 997.404
523.473 1118.997
523.748 1001.352
524.024 886.578
524.300 939.268
524.575 895.307
524.851 927.901
525.126 898.391
525.402 915.577
525.677 1049.606
525.953 1032.408
526.229 922.523
526.504 839.253
526.780 1004.856
527.055 986.736
527.331 1022.200
527.606 1013.658
527.882 967.769
528.158 866.262
528.433 1031.130
528.709 950.573
528.984 949.670
529.260 995.784
529.535 1018.899
529.811 884.470
530.087 760.146
530.362 755.155
530.638 871.905
530.913 934.395
531.189 923.770
531.465 831.162
531.740 803.036
532.016 869.633
532.291 883.229
532.567 872.399
532.842 898.618
533.118 862.688
533.394 955.815
533.669 816.680
533.945 673.739
534.220 714.651
534.496 839.064
534.771 768.787
535.047 800.812
535.323 776.259
535.598 788.240
535.874 841.800
536.149 835.835
536.425 740.818
536.700 705.648
536.976 821.792
537.252 1002.242
537.527 998.370
537.803 1172.295
538.078 1378.026
538.354 1516.724
538.629 1537.957
538.905 1565.570
539.181 1686.070
539.456 1692.042
539.732 1896.136
540.007 1983.061
540.283 1861.557
540.558 1854.838
540.834 1952.528
541.110 1934.713
541.385 1883.282
541.661 2020.960
541.936 2061.669
542.212 2002.259
542.488 2048.893
542.763 2147.064
543.039 2144.287
543.314 2113.587
543.590 2037.289
543.865 2043.300
544.141 1988.736
544.417 1940.130
544.692 1864.712
544.968 1925.341
545.243 1858.719
545.519 1675.198
545.794 1699.779
546.070 1746.552
546.348 1667.745
546.627 1522.005
546.905 1683.771
547.183 1659.625
547.461 1668.615
547.740 1773.930
548.018 1697.217
548.296 1613.161
548.575 1509.936
548.853 1569.570
549.131 1705.670
549.409 1772.482
549.688 1905.470
549.966 1908.497
550.244 2002.795
550.523 1974.102
550.801 1934.575
551.079 2005.907
551.357 2129.598
551.636 2129.520
551.914 2087.895
552.192 1961.713
552.471 2111.775
552.749 2179.585
553.027 2134.183
553.306 2130.168
553.584 2311.142
553.862 2215.602
554.140 2237.262
554.419 2326.722
554.697 2473.686
554.975 2582.861
555.254 2660.542
555.532 2419.711
555.810 2508.131
556.088 2601.640
556.367 2457.580
556.645 2310.296
556.923 2322.990
557.202 2304.260
557.480 2377.799
557.758 2222.291
558.036 2039.992
558.315 1975.103
558.593 2070.020
558.871 2050.706
559.150 1925.052
559.428 1833.472
559.706 1629.494
559.984 1607.698
560.263 1772.058
560.541 1718.645
560.819 1620.155
561.098 1560.355
561.376 1476.748
561.654 1341.218
561.932 1120.226
562.211 1117.159
562.489 1157.551
562.767 1064.356
563.046 853.128
563.324 808.210
563.602 906.054
563.880 833.253
564.159 821.783
564.437 908.289
564.715 783.486
564.994 642.457
565.272 751.907
565.550 624.673
565.828 541.825
566.107 724.476
566.385 718.228
566.663 607.219
566.942 595.359
567.220 631.908
567.498 768.137
567.776 669.143
568.055 584.573
568.333 630.771
568.611 723.553
568.890 603.174
569.168 550.329
569.446 621.437
569.725 602.157
570.003 472.733
570.281 427.780
570.559 576.761
570.838 618.990
571.116 692.308
571.394 737.895
571.673 795.881
571.951 740.387
572.229 661.790
572.507 622.633
572.786 613.555
573.064 600.564
573.342 610.345
573.621 539.385
573.899 571.624
574.177 756.796
574.455 721.412
574.734 625.292
575.012 736.882
575.290 610.321
575.569 603.120
575.847 672.450
576.125 665.624
576.403 603.453
576.682 690.619
576.960 685.127
577.243 735.677
577.527 644.819
577.810 467.523
578.093 506.489
578.377 515.438
578.660 548.090
578.944 578.765
579.227 589.856
579.510 668.779
579.794 575.239
580.077 559.846
580.360 578.301
580.644 566.009
580.927 576.555
581.210 589.520
581.494 508.068
581.777 626.013
582.061 587.834
582.344 552.571
582.627 510.739
582.911 504.799
583.194 437.481
583.477 616.167
583.761 664.113
584.044 742.998
584.327 723.802
584.611 668.899
584.894 626.983
585.178 560.092
585.461 580.114
585.744 699.037
586.028 591.778
586.311 582.820
586.594 642.862
586.878 567.904
587.161 592.945
587.444 649.987
587.728 650.028
588.011 675.070
588.295 529.111
588.578 595.557
588.861 766.427
589.145 621.235
589.428 582.859
589.711 506.317
589.995 537.820
590.278 688.710
590.562 578.440
590.845 532.947
591.128 745.031
591.412 673.215
591.695 640.961
591.978 766.111
592.262 695.987
592.545 506.205
592.828 677.409
593.112 618.947
593.395 550.194
593.679 512.833
593.962 650.323
594.245 622.850
594.529 545.278
594.812 416.545
595.095 389.139
595.379 647.591
595.662 696.982
595.945 592.059
596.229 547.860
596.512 598.299
596.796 601.905
597.079 671.645
597.362 719.208
597.646 699.743
597.929 598.891
598.212 669.484
598.496 682.369
598.779 732.079
599.062 781.476
599.346 628.503
599.629 514.510
599.913 538.671
600.196 596.838
600.479 628.769
600.763 692.480
601.046 607.577
601.329 622.977
601.613 667.633
601.896 581.142
602.179 670.982
602.463 624.850
602.746 677.933
603.030 780.132
603.313 768.608
603.596 561.580
603.880 621.851
604.163 656.202
604.446 591.933
604.730 497.944
605.013 619.803
605.296 715.452
605.580 617.546
605.863 658.719
606.147 549.059
606.430 555.952
606.713 672.861
606.997 612.832
607.280 779.587
607.563 674.927
607.847 627.383
608.130 646.278
608.414 722.003
608.697 662.352
608.980 654.222
609.264 692.154
609.547 605.322
609.830 602.420
610.114 631.839
610.397 634.813
610.680 621.507
610.964 629.625
611.247 698.288
611.531 581.246
611.814 467.445
612.097 530.287
612.381 700.391
612.664 840.466
612.947 659.932
613.231 563.795
613.514 553.579
613.797 643.987
614.081 680.368
614.364 646.022
614.648 620.517
614.931 499.727
615.214 474.222
615.498 543.553
615.781 570.698
616.064 561.874
616.348 648.523
616.631 637.375
616.914 736.191
617.198 659.119
617.481 600.040
617.765 636.170
618.048 700.011
618.331 585.534
618.615 563.420
618.898 754.166
619.181 755.189
619.465 671.895
619.748 573.018
620.031 514.213
620.315 513.766
620.598 595.660
620.882 669.771
621.165 845.422
621.448 773.885
621.732 681.157
622.015 567.759
622.298 527.050
622.582 620.425
622.865 585.115
623.148 550.184
623.432 696.465
623.715 608.411
623.999 765.132
624.282 748.866
624.565 772.540
624.849 632.735
625.132 518.117
625.415 800.409
625.699 883.995
625.982 754.867
626.265 651.271
626.549 639.536
626.832 745.630
627.116 757.785
627.399 601.253
627.682 630.317
627.966 602.525
628.249 589.880
628.532 550.124
628.816 745.644
629.099 677.796
629.383 680.153
629.666 634.871
629.949 536.394
630.233 597.984
630.516 673.543
630.799 691.036
631.083 574.626
631.366 559.747
631.649 533.074
631.933 435.621
632.216 561.757
632.500 660.987
632.783 654.239
633.066 593.894
633.350 620.223
633.633 747.069
633.916 689.419
634.200 579.125
634.483 623.621
634.766 682.991
635.050 619.166
635.333 533.926
635.617 593.721
635.900 681.725
636.183 666.274
636.467 578.718
636.750 635.204
637.033 649.384
637.317 608.071
637.600 625.386
637.883 550.650
638.167 545.473
638.450 604.406
638.734 565.110
639.017 588.547
639.300 626.966
639.584 591.797
639.867 794.820
640.150 717.207
640.434 720.978
640.717 728.744
641.000 631.577
641.284 699.830
641.567 654.677
641.851 664.688
642.134 763.247
642.417 684.993
642.701 801.659
642.984 845.798
643.267 701.343
643.551 614.293
643.834 584.907
644.117 655.549
644.401 623.390
644.684 664.656
644.968 796.449
645.251 708.488
645.534 556.547
645.818 569.709
646.101 666.047
646.384 709.268
646.668 677.371
646.951 604.160
647.235 622.613
647.518 644.258
647.801 766.467
648.085 868.123
648.368 829.493
648.651 734.596
648.935 805.688
649.218 938.484
649.501 811.216
649.785 815.188
650.068 1004.490
650.352 1077.232
650.635 1086.785
650.918 1077.434
651.202 1164.969
651.485 1349.390
651.768 1453.362
652.052 1402.256
652.335 1432.660
652.618 1604.230
652.902 1627.691
653.185 1773.157
653.469 1738.525
653.752 1738.762
654.035 1852.593
654.319 2105.253
654.602 2108.622
654.885 2010.037
655.169 2079.849
655.452 2042.633
655.735 2098.166
656.019 2118.308
656.302 2084.977
656.586 2134.029
656.869 2325.459
657.152 2264.016
657.436 2168.358
657.719 2350.649
658.002 2465.766
658.286 2388.487
658.569 2158.694
658.852 2156.696
659.136 2273.794
659.419 2114.432
659.703 1938.826
659.986 1992.662
660.269 1986.572
660.553 1799.623
660.836 1757.985
661.119 1940.940
661.403 1844.107
661.686 1756.807
661.969 1690.711
662.253 1558.940
662.536 1499.009
662.820 1586.260
663.103 1521.380
663.386 1553.862
663.670 1522.450
663.953 1342.271
664.236 1453.081
664.520 1432.846
664.803 1440.979
665.086 1412.221
665.370 1471.430
665.653 1549.472
665.937 1562.227
666.220 1478.077
666.503 1460.863
666.787 1406.124
667.070 1357.180
667.353 1409.037
667.637 1303.773
667.920 1408.263
668.204 1268.133
668.487 1164.396
668.770 1248.094
669.054 1094.354
669.337 1006.812
669.620 939.561
669.904 904.008
670.187 965.100
670.470 1050.806
670.754 940.629
671.037 771.823
671.321 725.097
671.604 884.352
671.887 909.850
672.171 849.488
672.454 759.690
672.737 721.314
673.021 732.338
673.304 709.503
673.587 856.347
673.871 831.387
674.154 816.360
674.438 881.974
674.721 831.642
675.004 787.257
675.288 721.440
675.571 682.045
675.854 639.848
676.138 612.699
676.421 650.510
676.704 639.845
676.988 725.899
677.271 901.262
677.555 822.594
677.838 705.764
678.121 696.797
678.405 681.703
678.688 796.637
678.971 600.183
679.255 767.223
679.538 869.946
679.821 867.898
680.105 745.254
680.388 618.593
680.672 610.946
680.955 651.513
681.238 643.893
681.522 626.618
681.805 645.289
682.088 743.601
682.372 810.097
682.655 676.313
682.938 762.978
683.222 728.558
683.505 656.200
683.789 776.393
684.072 717.903
684.355 727.619
684.639 752.697
684.922 651.470
685.205 676.549
685.489 822.712
685.772 801.655
686.056 803.565
686.339 795.223
686.622 674.591
686.906 671.485
687.189 814.517
687.472 961.724
687.756 776.180
688.039 606.870
688.322 532.783
688.606 774.979
688.889 808.408
689.173 685.260
689.456 823.073
689.739 758.380
690.023 664.810
690.306 746.170
690.589 704.793
690.873 736.343
691.156 729.084
691.439 669.796
691.723 598.021
692.006 680.961
692.290 671.254
692.573 733.926
692.856 809.113
693.140 827.791
693.423 735.862
693.706 604.007
693.990 613.123
694.273 567.060
694.556 836.881
694.840 878.968
695.123 765.481
695.407 746.140
695.690 597.356
695.973 665.007
696.257 751.885
696.540 854.017
696.830 695.917
697.120 642.499
697.410 737.346
697.699 742.767
697.989 909.039
698.279 796.149
698.569 642.693
698.859 711.365
699.149 774.351
699.439 731.704
699.729 655.471
700.018 656.515
700.308 810.814
700.598 705.843
700.888 590.909
701.178 746.678
701.468 727.689
701.758 621.605
702.048 693.482
702.337 606.239
702.627 714.019
702.917 696.888
703.207 624.007
703.497 704.891
703.787 602.698
704.077 639.545
704.366 757.761
704.656 608.579
704.946 559.776
705.236 507.291
705.526 636.548
705.816 797.249
706.106 585.111
706.396 678.176
706.685 653.338
706.975 553.062
707.265 476.666
707.555 681.210
707.845 611.498
708.135 465.831
708.425 463.484
708.715 571.779
709.004 758.983
709.294 729.361
709.584 702.303
709.874 765.441
710.164 702.347
710.454 617.788
710.744 569.816
711.034 652.116
711.323 707.941
711.613 637.097
711.903 712.205
712.193 792.856
712.483 609.986
712.773 576.576
713.063 567.615
713.352 597.867
713.642 586.944
713.932 700.942
714.222 757.047
714.512 655.164
714.802 631.328
715.092 715.652
715.382 600.168
715.671 545.942
715.961 602.714
716.251 509.286
716.541 570.414
716.831 676.617
717.121 522.247
717.411 653.325
717.701 723.202
717.990 613.175
718.280 497.411
718.570 487.880
718.860 501.748
719.150 593.938
719.440 569.537
719.730 534.762
720.019 769.005
720.309 673.293
720.599 622.693
720.889 597.111
721.179 596.174
721.469 659.026
721.759 585.852
722.049 638.605
722.338 540.830
722.628 598.566
722.918 609.528
723.208 661.681
723.498 528.048
723.788 584.399
724.078 723.976
724.368 709.963
724.657 631.265
724.947 717.718
725.237 773.450
725.527 766.713
725.817 644.490
726.107 557.405
726.397 541.951
726.686 504.253
726.976 564.234
727.266 660.966
727.556 590.386
727.846 701.336
728.136 698.743
728.426 561.551
728.716 468.548
729.005 651.707
729.295 621.688
729.585 482.138
729.875 468.626
730.165 527.297
730.455 555.444
730.745 618.139
731.035 607.479
731.324 697.202
731.614 674.509
731.904 574.115
732.194 695.611
732.484 643.778
732.774 559.167
733.064 559.187
733.354 434.693
733.643 475.009
733.933 573.006
734.223 587.645
734.513 725.092
734.803 735.574
735.093 564.862
735.383 581.058
735.672 638.695
735.962 666.383
736.252 500.550
736.542 538.768
736.832 565.232
737.122 438.355
737.412 547.198
737.702 731.267
737.991 683.200
738.281 619.666
738.571 650.511
738.861 640.984
739.151 575.058
739.441 618.759
739.731 540.116
740.021 571.741
740.310 708.419
740.600 736.778
740.890 475.247
741.180 514.704
741.470 612.452
741.760 725.995
742.050 863.231
742.339 683.948
742.629 570.219
742.919 716.627
743.209 515.345
743.499 488.178
743.789 510.463
744.079 570.878
744.369 638.581
744.658 594.276
744.948 443.212
745.238 611.162
745.528 684.521
745.818 786.409
746.108 695.158
746.398 698.846
746.688 660.136
746.977 751.516
747.267 606.549
747.557 662.837
747.847 727.468
748.137 670.499
748.427 596.886
748.717 497.897
749.006 417.818
749.296 558.691
749.586 622.831
749.876 741.995
750.166 584.643
750.456 603.191
750.746 659.700
751.036 547.942
751.325 709.637
751.615 668.406
751.905 712.381
752.195 693.111
752.485 591.130
752.775 628.777
753.065 577.744
753.355 762.948
753.644 740.944
753.934 625.724
754.224 652.196
754.514 827.568
754.804 538.893
755.094 406.514
755.384 528.899
755.674 629.218
755.963 705.465
756.253 691.131
756.543 699.483
756.833 718.998
757.123 698.214
757.413 582.351
757.703 554.228
757.992 541.181
758.282 609.933
758.572 586.443
758.862 581.436
759.152 643.766
759.442 605.989
759.732 662.897
760.022 772.463
760.311 678.690
760.601 552.954
760.891 675.708
761.181 679.067
761.471 629.466
761.761 562.645
762.051 588.846
762.341 685.857
762.630 755.045
762.920 591.921
763.210 610.680
763.500 688.633
763.793 564.783
764.086 614.146
764.379 588.395
764.671 677.950
764.964 619.618
765.257 632.714
765.550 634.007
765.843 535.234
766.136 593.719
766.429 588.696
766.722 623.368
767.014 540.263
767.307 419.979
767.600 486.461
767.893 513.179
768.186 461.785
768.479 520.270
768.772 671.497
769.064 682.603
769.357 604.390
769.650 606.024
769.943 736.348
770.236 648.752
770.529 549.624
770.822 627.263
771.115 719.014
771.407 779.292
771.700 736.928
771.993 767.992
772.286 709.717
772.579 683.817
772.872 572.947
773.165 553.810
773.457 647.577
773.750 691.638
774.043 574.602
774.336 561.058
774.629 626.476
774.922 654.370
775.215 574.670
775.508 598.705
775.800 533.733
776.093 666.211
776.386 639.401
776.679 569.568
776.972 663.240
777.265 843.519
777.558 839.669
777.850 707.183
778.143 675.039
778.436 699.879
778.729 662.007
779.022 675.089
779.315 546.462
779.608 494.217
779.900 546.495
780.193 602.793
780.486 596.180
780.779 572.529
781.072 521.872
781.365 628.730
781.658 631.386
781.951 543.049
782.243 635.163
782.536 674.608
782.829 649.523
783.122 691.708
783.415 689.025
783.708 680.014
784.001 714.132
784.293 736.215
784.586 751.525
784.879 753.545
785.172 645.700
785.465 520.111
785.758 618.323
786.051 681.465
786.344 747.118
786.636 834.969
786.929 646.797
787.222 571.882
787.515 524.707
787.808 587.610
788.101 573.640
788.394 771.458
788.686 884.361
788.979 828.261
789.272 739.538
789.565 690.911
789.858 589.130
790.151 549.775
790.444 517.822
790.737 551.356
791.029 525.321
791.322 603.181
791.615 556.733
791.908 664.754
792.201 669.096
792.494 608.624
792.787 654.846
793.079 773.161
793.372 650.893
793.665 687.449
793.958 680.486
794.251 684.489
794.544 786.412
794.837 832.077
795.130 697.497
795.422 662.617
795.715 675.593
796.008 696.243
796.301 660.010
796.594 583.332
796.887 647.093
797.180 678.660
797.472 535.106
797.765 460.346
798.058 574.444
798.351 582.011
798.644 542.146
798.937 477.356
799.230 579.485
799.523 990.846
799.815 848.288
800.108 557.177
800.401 507.341
800.694 655.567
800.987 615.049
801.280 672.236
801.573 707.217
801.865 703.235
802.158 626.700
802.451 587.793
802.744 604.774
803.037 616.765
803.330 569.444
803.623 728.571
803.915 735.572
804.208 574.484
804.501 588.662
804.794 620.709
805.087 627.103
805.380 501.120
805.673 532.665
805.966 692.840
806.258 685.533
806.551 714.033
806.844 677.903
807.137 685.634
807.430 561.467
807.723 518.309
808.016 735.191
808.308 822.198
808.601 619.758
808.894 607.941
809.187 650.864
809.480 679.399
809.773 651.595
810.066 640.193
810.359 693.219
810.651 694.633
810.944 478.221
811.237 469.637
811.530 625.050
811.825 574.181
812.119 528.207
812.414 431.350
812.709 566.143
813.003 624.996
813.298 553.600
813.593 641.869
813.887 608.846
814.182 898.128
814.476 757.937
814.771 760.997
815.066 706.609
815.360 573.791
815.655 524.009
815.950 532.695
816.244 624.266
816.539 753.993
816.834 643.916
817.128 654.792
817.423 741.804
817.718 908.716
818.012 702.295
818.307 435.197
818.602 545.867
818.896 638.378
819.191 547.579
819.486 600.215
819.780 747.500
820.075 893.536
820.369 854.033
820.664 655.139
820.959 693.456
821.253 729.422
821.548 673.478
821.843 747.580
822.137 723.424
822.432 700.987
822.727 678.792
823.021 616.884
823.316 802.496
823.611 809.427
823.905 588.685
824.200 446.348
824.495 659.329
824.789 764.829
825.084 710.297
825.379 610.849
825.673 664.307
825.968 726.045
826.262 668.566
826.557 702.593
826.852 691.246
827.146 683.829
827.441 671.453
827.736 714.643
828.030 627.213
828.325 459.895
828.620 667.977
828.914 821.730
829.209 636.930
829.504 818.956
829.798 786.549
830.093 602.856
830.388 560.587
830.682 482.924
830.977 671.939
831.271 720.962
831.566 580.930
831.861 558.854
832.155 547.189
832.450 636.034
832.745 776.724
833.039 621.208
833.334 585.326
833.629 640.714
833.923 560.076
834.218 585.416
834.513 593.095
834.807 582.767
835.102 479.215
835.397 511.887
835.691 508.903
835.986 509.399
836.281 535.339
836.575 535.806
836.870 596.296
837.164 657.498
837.459 537.728
837.754 573.873
838.048 610.234
838.343 545.223
838.638 586.541
838.932 668.668
839.227 632.489
839.522 647.893
839.816 642.880
840.111 595.750
840.406 573.056
840.700 728.331
840.995 860.841
841.290 886.417
841.584 735.466
841.879 766.592
842.174 695.577
842.468 679.053
842.763 589.576
843.057 675.004
843.352 669.386
843.647 664.428
843.941 681.632
844.236 664.426
844.531 729.286
844.825 708.148
845.120 739.811
845.415 784.984
845.709 717.913
846.004 812.020
846.299 648.459
846.593 743.596
846.888 734.583
847.183 646.062
847.477 609.559
847.772 647.085
848.066 655.789
848.361 642.491
848.656 685.427
848.950 675.580
849.245 758.747
849.540 682.102
849.834 811.191
850.129 804.108
850.424 693.679
850.718 701.387
851.013 805.999
851.308 692.574
851.602 694.884
851.897 780.502
852.192 919.941
852.486 763.209
852.781 628.057
853.076 765.528
853.370 757.801
853.665 823.033
853.959 836.008
854.254 686.836
854.549 796.546
854.843 711.139
855.138 692.054
855.433 777.355
855.727 864.724
856.022 695.399
856.317 675.441
856.611 734.744
856.906 626.784
857.201 728.113
857.495 803.679
857.790 826.259
858.085 800.126
858.379 696.477
858.674 593.272
858.969 613.691
859.263 693.438
859.558 686.755
859.852 624.820
860.147 700.217
860.442 800.666
860.736 559.501
861.031 715.129
861.326 771.850
861.620 663.061
861.915 809.117
862.210 853.736
862.504 723.441
862.799 765.144
863.094 782.678
863.388 652.579
863.683 597.816
863.978 542.988
864.272 608.173
864.567 620.962
864.861 616.532
865.156 533.681
865.451 460.782
865.745 669.247
866.040 782.080
866.335 838.154
866.629 808.497
866.924 653.201
867.219 592.510
867.513 739.422
867.808 727.269
868.103 666.583
868.397 664.908
868.692 622.162
868.987 582.192
869.281 579.863
869.576 701.378
869.871 756.744
870.165 616.150
870.460 532.879
870.754 582.526
871.049 542.692
871.344 603.015
871.638 640.727
871.933 593.170
872.228 626.062
872.522 621.897
872.817 684.053
873.112 877.802
873.406 730.854
873.701 767.938
873.996 745.032
874.290 646.069
874.585 574.923
874.880 652.941
875.174 602.702
875.469 594.401
875.764 627.622
876.058 550.846
876.353 513.665
876.647 481.508
876.942 509.848
877.237 565.811
877.531 620.500
877.826 648.518
878.121 615.310
878.415 607.139
878.710 553.342
879.005 659.112
879.299 576.203
879.594 535.619
879.889 453.359
880.183 505.990
880.478 601.867
880.773 570.875
881.067 547.454
881.362 592.958
881.656 538.870
881.951 574.492
882.246 486.115
882.540 547.902
882.835 580.409
883.130 590.905
883.424 530.684
883.719 500.473
884.014 626.736
884.308 568.798
884.603 501.863
884.898 506.850
885.192 617.500
885.487 601.250
885.782 517.653
886.076 651.624
886.371 602.887
886.666 451.684
886.960 507.741
887.255 496.553
887.549 501.930
887.844 657.436
888.139 725.207
888.433 645.634
888.728 496.184
889.023 544.151
889.317 652.239
889.612 494.895
889.907 511.280
890.201 581.201
890.496 601.917
890.791 584.610
891.085 578.808
891.380 548.809
891.675 539.586
891.969 564.330
892.264 469.456
892.559 525.435
892.853 675.952
893.148 568.283
893.442 536.454
893.737 591.610
894.032 522.376
894.326 479.213
894.621 512.703
894.916 443.499
895.210 504.792
895.505 586.528
895.800 500.407
896.094 450.106
896.389 533.081
896.684 568.897
896.978 534.865
897.273 430.604
897.568 575.992
897.862 642.824
898.157 534.964
898.451 652.261
898.746 662.889
899.041 677.658
899.335 649.323
899.630 546.185
899.925 581.140
900.219 643.151
900.514 733.032
900.809 582.863
901.103 417.538
901.398 615.594
901.693 579.848
901.987 556.309
902.282 639.528
902.577 492.596
902.871 410.169
903.166 548.814
903.461 635.920
903.755 653.477
904.050 589.831
904.344 466.123
904.639 535.670
904.934 528.081
905.228 501.162
905.523 468.262
905.818 497.579
906.112 612.002
906.407 582.430
906.702 523.818
906.996 559.488
907.291 610.130
907.586 522.983
907.880 637.042
908.175 643.085
908.470 637.640
908.764 661.593
909.059 688.000
909.354 598.936
909.648 523.693
909.943 526.442
910.237 673.801
910.532 684.211
910.827 741.965
911.121 716.967
911.416 594.213
911.711 608.009
912.005 721.477
912.300 683.150
912.599 736.859
912.898 645.286
913.196 621.117
913.495 637.824
913.794 709.650
914.093 635.649
914.391 599.631
914.690 644.229
914.989 628.967
915.288 727.270
915.586 703.405
915.885 567.091
916.184 437.770
916.483 423.708
916.782 570.190
917.080 634.109
917.379 629.663
917.678 601.990
917.977 700.115
918.275 694.164
918.574 666.737
918.873 680.675
919.172 670.562
919.471 583.432
919.769 556.511
920.068 511.738
920.367 520.382
920.666 534.879
920.964 616.172
921.263 564.382
921.562 494.052
921.861 656.193
922.159 575.031
922.458 625.477
922.757 617.584
923.056 583.873
923.355 558.174
923.653 665.921
923.952 648.884
924.251 526.500
924.550 732.940
924.848 713.383
925.147 579.736
925.446 579.328
925.745 640.131
926.043 652.372
926.342 603.388
926.641 593.001
926.940 644.945
927.239 608.672
927.537 746.494
927.836 668.055
928.135 596.398
928.434 714.489
928.732 670.476
929.031 700.180
929.330 738.549
929.629 715.411
929.927 641.714
930.226 558.089
930.525 570.814
930.824 729.022
931.123 714.584
931.421 754.876
931.720 690.771
932.019 745.673
932.318 722.236
932.616 659.731
932.915 639.222
933.214 700.875
933.513 686.168
933.812 621.543
934.110 699.375
934.409 827.474
934.708 713.123
935.007 956.130
935.305 927.001
935.604 666.993
935.903 779.424
936.202 854.448
936.500 924.830
936.799 1017.397
937.098 1006.568
937.397 920.320
937.696 766.260
937.994 710.542
938.293 831.219
938.592 795.258
938.891 772.390
939.189 788.728
939.488 926.216
939.787 1051.175
940.086 862.075
940.384 904.495
940.683 862.779
940.982 805.163
941.281 943.747
941.580 1213.824
941.878 1151.977
942.177 900.841
942.476 993.436
942.775 969.984
943.073 783.419
943.372 717.767
943.671 877.604
943.970 1073.990
944.268 997.868
944.567 831.218
944.866 879.477
945.165 930.760
945.464 838.803
945.762 664.135
946.061 935.835
946.360 1058.427
946.659 1043.862
946.957 1046.540
947.256 938.399
947.555 856.636
947.854 883.688
948.153 835.196
948.451 841.716
948.750 899.691
949.049 867.519
949.348 1088.623
949.646 917.852
949.945 838.582
950.244 990.177
950.543 891.059
950.841 852.985
951.140 774.201
951.439 604.147
951.738 697.216
952.037 791.643
952.335 871.977
952.634 930.323
952.933 743.990
953.232 739.552
953.530 528.214
953.829 777.699
954.128 908.429
954.427 888.004
954.725 1023.216
955.024 953.203
955.323 938.939
955.622 731.648
955.921 664.114
956.219 736.906
956.518 671.330
956.817 743.668
957.116 777.421
957.414 736.945
957.713 607.908
958.012 557.832
958.311 604.138
958.610 751.409
958.908 764.674
959.207 756.858
959.506 769.394
959.805 746.588
960.103 774.127
960.402 821.081
960.701 682.512
961.000 613.084
961.298 618.186
961.597 766.012
961.896 676.403
962.195 732.592
962.494 789.904
962.792 686.559
963.091 656.109
963.390 602.306
963.689 596.839
963.987 708.504
964.286 776.222
964.585 772.723
964.884 711.649
965.182 651.725
965.481 1032.427
965.780 1096.848
966.080 920.617
966.380 799.337
966.680 713.573
966.981 744.871
967.281 752.886
967.581 630.294
967.881 708.128
968.181 702.806
968.481 622.336
968.781 674.362
969.082 567.325
969.382 658.147
969.682 793.137
969.982 801.558
970.282 804.103
970.582 607.080
970.882 603.462
971.183 783.121
971.483 687.969
971.783 720.596
972.083 776.395
972.383 797.868
972.683 767.137
972.983 766.422
973.284 681.826
973.584 650.237
973.884 697.307
974.184 694.452
974.484 746.808
974.784 592.407
975.084 558.260
975.385 570.263
975.685 711.239
975.985 704.535
976.285 711.980
976.585 686.444
976.885 590.324
977.185 570.027
977.486 629.671
977.786 647.201
978.086 719.981
978.386 700.816
978.686 565.169
978.986 571.525
979.286 622.533
979.587 629.541
979.887 558.549
980.187 577.557
980.487 531.565
980.787 572.573
981.087 527.581
981.387 719.589
981.688 628.596
981.988 481.604
982.288 499.612
982.588 589.620
982.888 584.628
983.188 580.636
983.488 698.644
983.789 722.652
984.089 697.660
984.389 620.667
984.689 537.675
984.989 489.683
985.289 521.691
985.589 688.699
985.890 692.707
986.190 536.714
986.490 516.722
986.790 672.730
987.090 635.738
987.390 725.746
987.690 714.753
987.991 536.761
988.291 572.769
988.591 613.777
988.891 547.784
989.191 556.792
989.491 700.800
989.791 672.808
990.092 681.815
990.392 697.823
990.692 657.831
990.992 686.838
991.292 528.846
991.592 622.854
991.892 654.862
992.193 705.869
992.493 703.877
992.793 578.885
993.093 600.892
993.393 621.900
993.693 664.907
993.993 741.915
994.294 753.923
994.594 646.930
994.894 621.938
995.194 659.945
995.494 569.953
995.794 567.961
996.094 511.968
996.395 561.976
996.695 724.983
996.995 574.991
997.295 449.998
997.595 533.006
997.895 555.014
998.195 492.021
998.496 485.029
998.796 476.036
999.096 730.044
999.396 620.051
999.696 617.059
999.996 679.066
1000.296 777.074
1000.597 787.081
1000.897 620.088
1001.197 636.096
1001.497 801.103
1001.797 601.111
1002.097 524.118
1002.397 636.126
1002.698 703.133
1002.998 762.140
1003.298 690.148
1003.598 575.155
1003.898 547.163
1004.198 689.170
1004.498 730.177
1004.799 658.185
1005.099 711.192
1005.399 737.200
1005.699 738.207
1005.999 737.214
1006.299 649.222
1006.599 838.229
1006.900 817.236
1007.200 648.244
1007.500 610.251
1007.800 639.258
1008.100 544.265
1008.400 488.273
1008.700 548.280
1009.001 496.287
1009.301 559.295
1009.601 794.302
1009.901 858.309
1010.201 733.316
1010.501 641.324
1010.801 759.331
1011.102 590.338
1011.402 631.345
1011.702 550.353
1012.002 496.360
1012.302 720.367
1012.602 687.374
1012.902 617.381
1013.203 639.389
1013.503 719.396
1013.803 716.403
1014.103 587.410
1014.403 722.417
1014.703 641.424
1015.003 573.431
1015.304 728.439
1015.604 807.446
1015.904 592.453
1016.204 506.460
1016.504 549.467
1016.804 569.474
1017.104 540.481
1017.405 576.488
1017.705 555.495
1018.005 539.503
1018.305 585.510
1018.605 555.517
1018.905 442.524
1019.205 496.531
1019.506 860.538
1019.806 822.545
1020.106 696.552
1020.406 676.559
1020.706 651.566
1021.006 707.573
1021.306 779.580
1021.607 662.587
1021.907 747.594
1022.207 690.601
1022.507 516.608
1022.807 596.615
1023.107 675.622
1023.407 574.629
1023.708 615.636
1024.008 591.643
1024.308 649.650
1024.608 640.657
1024.908 489.664
1025.208 605.671
1025.508 864.677
1025.809 835.684
1026.109 585.691
1026.409 679.698
1026.709 711.705
1027.009 610.712
1027.309 690.719
1027.609 585.726
1027.910 511.733
1028.210 648.739
1028.510 805.746
1028.810 985.753
1029.110 848.760
1029.410 690.767
1029.710 778.774
1030.011 812.780
1030.311 771.787
1030.611 654.794
1030.911 670.801
1031.211 664.808
1031.511 626.814
1031.811 865.821
1032.112 858.828
1032.412 733.835
1032.712 549.842
1033.012 596.848
1033.312 790.855
1033.612 735.862
1033.912 593.869
1034.212 526.875
1034.513 586.882
1034.813 554.889
1035.113 664.896
1035.413 600.902
1035.713 600.909
1036.013 634.916
1036.313 621.922
1036.614 743.929
1036.914 656.936
1037.214 498.942
1037.514 655.949
1037.814 628.956
1038.114 641.962
1038.414 644.969
1038.715 716.976
1039.015 543.982
1039.315 462.989
1039.615 574.996
1039.915 583.002
1040.215 597.009
1040.515 637.016
1040.816 710.022
1041.116 676.029
1041.416 570.035
1041.716 525.042
1042.016 505.048
1042.316 672.055
1042.616 615.062
1042.917 533.068
1043.217 594.075
1043.517 602.081
1043.817 663.088
1044.117 668.094
1044.417 643.101
1044.717 609.107
1045.018 646.114
1045.318 728.121
1045.618 732.127
1045.918 683.134
1046.218 561.140
1046.518 554.147
1046.818 664.153
1047.119 538.160
1047.419 711.166
1047.719 696.172
1048.019 594.179
1048.319 664.185
1048.619 588.192
1048.919 668.198
1049.220 633.205
1049.520 689.211
1049.820 592.218
1050.120 534.224
1050.420 729.230
1050.720 683.237
1051.020 690.243
1051.321 710.250
1051.621 714.256
1051.921 662.262
1052.221 548.269
1052.521 498.275
1052.821 526.282
1053.121 641.288
1053.422 688.294
1053.722 747.301
1054.022 641.307
1054.322 768.313
1054.622 632.320
1054.922 514.326
1055.222 685.332
1055.523 714.339
1055.823 725.345
1056.123 763.351
1056.423 622.358
1056.723 636.364
1057.023 612.370
1057.323 532.377
1057.624 636.383
1057.924 711.389
1058.224 675.395
1058.524 611.402
1058.824 691.408
1059.124 648.414
1059.424 573.420
1059.725 687.427
1060.025 566.433
1060.325 587.439
1060.625 628.445
1060.925 593.452
1061.225 598.458
1061.525 708.464
1061.826 608.470
1062.126 612.477
1062.426 688.483
1062.726 733.489
1063.026 683.495
1063.326 873.501
1063.626 787.507
1063.927 663.514
1064.227 689.520
1064.527 597.526
1064.827 733.532
1065.127 669.538
1065.427 531.544
1065.727 509.551
1066.028 741.557
1066.328 771.563
1066.628 569.569
1066.928 573.575
1067.228 657.581
1067.528 572.587
1067.828 543.593
1068.129 482.599
1068.429 632.606
1068.729 777.612
1069.029 639.618
1069.329 510.624
1069.629 640.630
1069.929 734.636
1070.230 755.642
1070.530 685.648
1070.830 600.654
1071.130 688.660
1071.430 634.666
1071.730 659.672
1072.030 737.678
1072.331 617.684
1072.631 629.690
1072.931 651.696
1073.231 616.702
1073.531 594.708
1073.831 620.714
1074.131 680.720
1074.432 756.726
1074.732 667.732
1075.032 540.738
1075.332 519.744
1075.632 592.750
1075.932 495.756
1076.232 460.762
1076.533 547.768
1076.833 673.774
1077.133 660.780
1077.433 605.786
1077.733 540.792
1078.033 728.798
1078.333 726.804
1078.634 664.810
1078.934 657.815
1079.234 543.821
1079.534 710.827
1079.834 760.833
1080.134 683.839
1080.434 769.845
1080.735 745.851
1081.035 671.857
1081.335 529.863
1081.635 547.868
1081.935 593.874
1082.235 547.880
1082.535 534.886
1082.836 613.892
1083.136 661.898
1083.436 736.903
1083.736 767.909
1084.036 627.915
1084.336 563.921
1084.636 635.927
1084.937 772.933
1085.237 752.938
1085.537 633.944
1085.837 702.950
1086.137 624.956
1086.437 683.961
1086.737 612.967
1087.038 635.973
1087.338 741.979
1087.638 716.985
1087.938 573.990
1088.238 450.996
1088.538 567.002
1088.838 695.008
1089.139 768.013
1089.439 611.019
1089.739 659.025
1090.039 658.031
1090.339 676.036
1090.639 610.042
1090.939 684.048
1091.240 555.053
1091.540 572.059
1091.840 589.065
1092.140 688.070
1092.453 763.076
1092.766 632.082
1093.079 538.087
1093.392 628.093
1093.705 634.099
1094.018 643.104
1094.330 722.110
1094.643 674.116
1094.956 785.121
1095.269 699.127
1095.582 699.133
1095.895 584.138
1096.208 528.144
1096.521 607.150
1096.834 662.155
1097.147 617.161
1097.460 668.166
1097.773 772.172
1098.085 611.178
1098.398 530.183
1098.711 553.189
1099.024 522.194
1099.337 624.200
1099.650 770.206
1099.963 761.211
1100.276 590.217
1100.589 568.222
1100.902 621.228
1101.215 652.233
1101.528 700.239
1101.841 590.244
1102.153 664.250
1102.466 765.255
1102.779 562.261
1103.092 529.267
1103.405 660.272
1103.718 602.278
1104.031 567.283
1104.344 705.289
1104.657 666.294
1104.970 908.300
1105.283 681.305
1105.596 514.311
1105.909 601.316
1106.221 747.321
1106.534 728.327
1106.847 524.332
1107.160 466.338
1107.473 503.343
1107.786 584.349
1108.099 471.354
1108.412 545.360
1108.725 613.365
1109.038 507.371
1109.351 648.376
1109.664 674.381
1109.977 532.387
1110.289 550.392
1110.602 549.398
1110.915 561.403
1111.228 566.408
1111.541 514.414
1111.854 531.419
1112.167 522.425
1112.480 519.430
1112.793 564.435
1113.106 582.441
1113.419 649.446
1113.732 602.452
1114.044 521.457
1114.357 599.462
1114.670 601.468
1114.983 574.473
1115.296 541.478
1115.609 624.484
1115.922 671.489
1116.235 740.494
1116.548 663.500
1116.861 612.505
1117.174 618.510
1117.487 642.516
1117.800 844.521
1118.112 703.526
1118.425 593.532
1118.738 545.537
1119.051 609.542
1119.364 610.547
1119.677 630.553
1119.990 537.558
1120.303 571.563
1120.616 736.568
1120.929 618.574
1121.242 718.579
1121.555 685.584
1121.868 651.590
1122.180 637.595
1122.493 451.600
1122.806 464.605
1123.119 635.610
1123.432 714.616
1123.745 662.621
1124.058 544.626
1124.371 505.631
1124.684 632.637
1124.997 657.642
1125.310 635.647
1125.623 531.652
1125.935 424.657
1126.248 603.663
1126.561 717.668
1126.874 654.673
1127.187 717.678
1127.500 749.683
1127.813 691.688
1128.126 672.694
1128.439 637.699
1128.752 776.704
1129.065 582.709
1129.378 407.714
1129.691 592.719
1130.003 654.725
1130.316 556.730
1130.629 529.735
1130.942 685.740
1131.255 605.745
1131.568 493.750
1131.881 575.755
1132.194 722.760
1132.507 676.765
1132.820 621.771
1133.133 725.776
1133.446 583.781
1133.759 760.786
1134.071 1169.791
1134.384 828.796
1134.697 806.801
1135.010 857.806
1135.323 657.811
1135.636 575.816
1135.949 534.821
1136.262 547.826
1136.575 612.831
1136.888 610.837
1137.201 619.842
1137.514 604.847
1137.826 647.852
1138.139 603.857
1138.452 609.862
1138.765 789.867
1139.078 787.872
1139.391 747.877
1139.704 707.882
1140.017 739.887
1140.330 606.892
1140.643 566.897
1140.956 559.902
1141.269 596.907
1141.582 660.912
1141.894 574.917
1142.207 748.922
1142.520 710.927
1142.833 725.932
1143.146 619.937
1143.459 531.942
1143.772 579.947
1144.085 686.951
1144.398 636.956
1144.711 589.961
1145.024 532.966
1145.337 617.971
1145.650 667.976
1145.962 591.981
1146.275 596.986
1146.588 464.991
1146.901 630.996
1147.214 647.001
1147.527 553.006
1147.840 634.011
1148.153 597.015
1148.466 644.020
1148.779 622.025
1149.092 728.030
1149.405 638.035
1149.718 669.040
1150.030 715.045
1150.343 663.050
1150.656 588.055
1150.969 563.059
1151.282 758.064
1151.595 717.069
1151.908 615.074
1152.221 449.079
1152.534 467.084
1152.847 722.089
1153.160 691.093
1153.473 662.098
1153.785 676.103
1154.098 645.108
1154.411 736.113
1154.724 694.117
1155.037 772.122
1155.350 690.127
1155.663 638.132
1155.976 578.137
1156.289 663.142
1156.602 573.146
1156.915 469.151
1157.228 480.156
1157.541 580.161
1157.853 575.165
1158.166 641.170
1158.479 665.175
1158.792 598.180
1159.105 661.185
1159.418 660.189
1159.731 570.194
1160.044 627.199
1160.357 759.204
1160.670 656.208
1160.983 474.213
1161.296 628.218
1161.609 751.222
1161.921 708.227
1162.234 601.232
1162.547 442.237
1162.860 467.241
1163.173 531.246
1163.486 650.251
1163.799 661.256
1164.112 596.260
1164.425 626.265
1164.738 555.270
1165.051 494.274
1165.364 557.279
1165.676 588.284
1165.989 686.288
1166.302 619.293
1166.615 716.298
1166.928 681.302
1167.241 681.307
1167.554 646.312
1167.867 633.316
1168.180 593.321
1168.493 510.326
1168.806 604.330
1169.119 579.335
1169.432 678.340
1169.744 664.344
1170.057 671.349
1170.370 795.353
1170.683 682.358
1170.996 524.363
1171.309 552.367
1171.622 560.372
1171.935 580.377
1172.248 794.381
1172.561 782.386
1172.874 723.390
1173.187 685.395
1173.500 691.400
1173.812 781.404
1174.125 702.409
1174.438 698.413
1174.751 563.418
1175.064 588.422
1175.377 699.427
1175.690 628.432
1176.003 558.436
1176.316 587.441
1176.629 612.445
1176.942 620.450
1177.255 570.454
1177.567 511.459
1177.880 578.463
1178.193 699.468
1178.506 606.473
1178.819 673.477
1179.132 730.482
1179.445 515.486
1179.758 681.491
1180.071 725.495
1180.384 572.500
1180.697 603.504
1181.010 697.509
1181.323 825.513
1181.635 805.518
1181.948 714.522
1182.261 557.527
1182.574 514.531
1182.887 668.536
1183.200 846.540
1183.513 773.545
1183.826 615.549
1184.139 661.554
1184.452 663.558
1184.765 571.562
1185.078 495.567
1185.391 563.571
1185.703 548.576
1186.016 458.580
1186.329 480.585
1186.642 555.589
1186.955 717.594
1187.268 621.598
1187.581 676.602
1187.894 602.607
1188.207 626.611
1188.520 547.616
1188.833 571.620
1189.146 496.625
1189.459 430.629
1189.771 486.633
1190.084 665.638
1190.397 623.642
1190.710 667.647
1191.023 673.651
1191.336 631.655
1191.649 593.660
1191.962 653.664
1192.275 557.668
1192.588 612.673
1192.901 767.677
1193.214 579.682
1193.526 546.686
1193.839 643.690
1194.152 551.695
1194.465 644.699
1194.778 592.703
1195.091 596.708
1195.404 571.712
1195.717 674.716
1196.030 752.721
1196.343 625.725
1196.656 493.729
1196.969 543.734
1197.282 648.738
1197.594 638.742
1197.907 752.747
1198.220 764.751
1198.533 634.755
1198.846 578.760
1199.159 521.764
1199.472 565.768
1199.785 700.773
1200.098 608.777
1200.411 671.781
1200.724 643.785
1201.037 598.790
1201.350 482.794
1201.662 522.798
1201.975 631.803
1202.288 655.807
1202.601 250.811
