165.028 145.425
165.288 52.056
165.547 91.690
165.807 142.327
166.067 48.968
166.327 -30.389
166.587 4.258
166.847 81.907
167.107 86.560
167.367 188.216
167.627 171.874
167.886 130.536
168.146 144.201
168.406 293.868
168.666 277.538
168.926 177.212
169.186 189.888
169.446 154.566
169.706 10.248
169.966 165.932
170.225 150.619
170.485 164.309
170.745 255.001
171.005 335.696
171.265 207.393
171.525 165.093
171.785 53.796
172.045 60.501
172.305 226.208
172.564 148.918
172.824 56.630
173.084 150.345
173.344 114.062
173.604 127.782
173.864 185.503
174.124 187.227
174.384 155.953
174.644 245.682
174.903 367.412
175.163 404.145
175.423 390.880
175.683 148.617
175.943 202.356
176.203 175.097
176.463 136.840
176.723 110.585
176.983 207.333
177.242 211.082
177.502 318.832
177.762 374.585
178.022 117.340
178.282 120.096
178.542 152.855
178.802 193.615
179.062 132.377
179.322 363.140
179.581 387.905
179.841 220.672
180.101 305.441
180.361 289.211
180.621 184.982
180.881 186.756
181.141 204.530
181.401 169.307
181.661 251.084
181.920 349.864
182.180 244.644
182.440 150.426
182.700 111.210
182.960 97.994
183.220 165.781
183.480 427.568
183.740 318.357
184.000 197.146
184.259 83.938
184.519 219.730
184.779 228.523
185.039 259.318
185.299 377.114
185.559 368.911
185.819 361.709
186.079 387.508
186.339 311.308
186.598 236.109
186.858 145.911
187.118 104.713
187.378 252.517
187.638 298.322
187.898 347.128
188.158 394.934
188.418 249.742
188.678 183.550
188.937 273.359
189.197 337.168
189.457 368.979
189.717 279.790
189.977 91.602
190.237 135.414
190.497 321.228
190.757 245.041
191.017 268.856
191.276 189.671
191.536 201.486
191.796 160.303
192.056 130.119
192.316 204.936
192.576 192.754
192.836 128.572
193.096 131.391
193.356 178.210
193.616 200.029
193.875 206.849
194.135 166.669
194.395 271.489
194.655 307.310
194.915 304.131
195.175 270.952
195.435 283.774
195.695 110.595
195.955 5.417
196.214 186.239
196.474 326.062
196.734 265.884
196.994 271.707
197.254 299.530
197.514 253.352
197.774 263.175
198.034 223.998
198.294 217.821
198.553 260.644
198.813 197.468
199.073 114.291
199.333 155.114
199.593 328.937
199.853 356.760
200.113 374.582
200.373 411.405
200.633 232.228
200.892 146.050
201.152 175.873
201.412 209.695
201.672 280.517
201.932 467.339
202.192 439.160
202.452 240.982
202.712 168.803
202.972 204.624
203.231 368.444
203.491 398.264
203.751 332.084
204.011 300.904
204.271 378.723
204.531 169.542
204.791 153.361
205.051 241.179
205.311 325.997
205.570 198.814
205.830 205.631
206.090 225.448
206.350 291.264
206.610 475.079
206.870 330.894
207.130 229.709
207.390 282.523
207.650 279.337
207.909 307.150
208.169 351.962
208.429 335.774
208.689 208.585
208.949 294.396
209.209 397.206
209.469 210.016
209.729 157.825
209.989 221.633
210.248 156.440
210.508 443.247
210.768 433.054
211.028 285.859
211.288 326.664
211.548 251.468
211.808 275.272
212.068 464.074
212.328 459.876
212.587 422.677
212.847 319.478
213.107 387.278
213.367 359.076
213.627 318.874
213.887 288.672
214.147 225.468
214.407 286.264
214.667 275.058
214.926 355.852
215.186 307.645
215.446 376.437
215.706 289.229
215.966 245.019
216.226 287.809
216.486 289.597
216.746 327.385
217.006 372.171
217.265 271.957
217.525 195.742
217.785 245.526
218.045 297.309
218.305 255.091
218.565 259.872
218.825 317.652
219.085 407.431
219.345 252.209
219.604 210.986
219.864 343.762
220.124 387.537
220.384 322.310
220.644 361.083
220.904 269.855
221.164 241.626
221.424 246.395
221.684 207.164
221.943 275.931
222.203 398.698
222.463 277.463
222.723 162.227
222.983 319.990
223.243 305.752
223.503 300.513
223.763 168.273
224.023 173.032
224.282 330.789
224.542 341.545
224.802 374.301
225.062 348.055
225.322 447.807
225.582 379.559
225.842 318.310
226.102 316.059
226.362 290.807
226.621 340.554
226.881 275.300
227.141 281.044
227.401 287.787
227.661 243.529
227.921 488.270
228.181 369.010
228.441 307.748
228.701 468.486
228.960 461.222
229.220 270.956
229.480 256.690
229.740 415.422
230.000 494.153
230.260 325.883
230.520 284.611
230.780 268.338
231.040 300.064
231.299 282.789
231.559 283.512
231.819 292.234
232.079 383.955
232.339 335.674
232.599 213.393
232.859 357.109
233.119 428.825
233.379 298.539
233.638 291.252
233.898 401.964
234.158 375.674
234.418 278.383
234.678 355.091
234.938 443.797
235.198 309.502
235.458 242.206
235.718 341.908
235.978 326.610
236.237 301.309
236.497 343.008
236.757 431.705
237.017 410.400
237.277 390.095
237.537 372.788
237.797 284.479
238.057 413.170
238.317 369.859
238.576 226.546
238.836 300.232
239.096 370.917
239.356 372.601
239.616 396.283
239.876 397.964
240.136 358.643
240.396 429.321
240.656 519.998
240.915 426.673
241.175 350.347
241.435 260.019
241.695 347.691
241.955 522.360
242.215 576.029
242.475 536.696
242.735 412.361
242.995 426.026
243.254 419.689
243.514 339.350
243.774 171.010
244.034 283.669
244.294 555.326
244.554 427.982
244.814 371.637
245.074 301.290
245.334 300.942
245.593 334.592
245.853 338.241
246.113 266.889
246.373 373.535
246.633 474.180
246.893 407.823
247.153 381.465
247.413 444.106
247.673 444.745
247.932 399.383
248.192 397.019
248.452 469.654
248.712 435.288
248.972 266.920
249.232 477.551
249.492 412.180
249.752 229.809
250.012 408.435
250.271 365.061
250.531 394.684
250.791 573.307
251.051 562.928
251.311 380.548
251.571 215.166
251.831 345.783
252.091 438.399
252.351 365.013
252.610 336.626
252.870 416.237
253.130 376.847
253.390 341.456
253.650 449.063
253.911 453.669
254.172 471.273
254.433 417.876
254.694 341.478
254.955 385.078
255.216 328.677
255.477 496.275
255.738 452.871
255.999 339.466
256.261 486.059
256.522 478.651
256.783 468.242
257.044 304.831
257.305 248.419
257.566 218.005
257.827 178.590
258.088 318.174
258.349 303.757
258.610 374.338
258.871 441.917
259.132 488.496
259.393 378.072
259.654 328.648
259.915 265.222
260.176 296.795
260.437 425.367
260.698 415.937
260.959 380.505
261.221 479.073
261.482 530.639
261.743 467.204
262.004 430.767
262.265 615.329
262.526 535.890
262.787 303.449
263.048 344.007
263.309 341.563
263.570 451.119
263.831 397.673
264.092 343.225
264.353 253.777
264.614 519.326
264.875 500.875
265.136 379.422
265.397 564.968
265.658 613.513
265.919 647.056
266.181 588.598
266.442 413.139
266.703 318.678
266.964 328.216
267.225 288.753
267.486 352.288
267.747 490.822
268.008 539.355
268.269 535.886
268.530 520.416
268.791 482.945
269.052 483.473
269.313 478.999
269.574 437.524
269.835 434.047
270.096 494.570
270.357 504.091
270.618 412.611
270.879 287.129
271.141 375.646
271.402 384.162
271.663 292.677
271.924 397.190
272.185 439.702
272.446 448.213
272.707 451.722
272.968 407.231
273.229 364.738
273.490 391.243
273.751 354.748
274.012 293.251
274.273 434.753
274.534 419.253
274.795 420.753
275.056 438.251
275.317 360.748
275.578 268.243
275.839 344.738
276.101 342.231
276.362 298.723
276.623 357.214
276.884 478.703
277.145 473.191
277.406 511.678
277.667 371.164
277.928 315.648
278.189 488.132
278.450 473.614
278.711 433.095
278.972 400.574
279.233 359.053
279.494 520.530
279.755 636.006
280.016 594.481
280.277 458.954
280.538 511.427
280.799 395.898
281.061 412.368
281.322 375.837
281.583 398.304
281.844 397.771
282.105 361.236
282.366 429.700
282.627 438.163
282.888 510.624
283.149 475.085
283.410 416.544
283.671 488.002
283.932 413.459
284.193 232.915
284.454 369.370
284.715 457.823
284.976 417.275
285.237 478.727
285.498 765.177
285.759 626.625
286.021 555.073
286.282 455.520
286.543 513.965
286.804 477.409
287.065 471.852
287.326 517.294
287.587 378.735
287.848 472.175
288.109 555.613
288.370 504.051
288.631 353.487
288.892 308.922
289.153 369.357
289.414 356.789
289.675 560.221
289.936 667.652
290.197 636.082
290.458 535.510
290.719 388.938
290.981 535.364
291.242 659.789
291.503 587.213
291.764 450.636
292.025 283.058
292.286 330.479
292.547 479.899
292.808 431.318
293.069 444.735
293.330 483.152
293.591 501.567
293.852 450.981
294.113 396.395
294.374 374.807
294.635 455.218
294.896 530.628
295.157 562.037
295.418 567.445
295.679 544.852
295.941 484.258
296.202 471.663
296.463 463.067
296.724 522.469
296.985 560.871
297.246 555.272
297.507 413.671
297.768 351.070
298.029 504.467
298.290 660.864
298.551 667.259
298.812 650.654
299.073 436.047
299.334 357.440
299.595 530.831
299.856 557.222
300.117 666.611
300.378 587.999
300.639 367.387
300.901 332.773
301.162 445.158
301.423 490.543
301.684 655.926
301.945 684.309
302.206 408.690
302.467 440.070
302.728 416.450
302.989 460.828
303.250 554.206
303.511 616.582
303.772 578.958
304.033 518.332
304.294 482.706
304.555 450.078
304.816 539.450
305.077 578.820
305.338 449.190
305.599 443.559
305.861 479.927
306.122 507.293
306.383 491.659
306.644 510.024
306.905 382.388
307.166 599.751
307.427 570.113
307.688 478.474
307.949 447.835
308.210 463.194
308.471 493.552
308.732 421.910
308.993 326.266
309.254 433.622
309.515 325.976
309.776 425.330
310.037 471.683
310.298 365.035
310.559 390.386
310.821 544.736
311.082 565.085
311.343 413.433
311.604 372.781
311.865 363.127
312.126 363.473
312.387 470.817
312.648 451.161
312.909 437.504
313.170 469.846
313.434 534.187
313.698 489.527
313.963 545.867
314.227 441.205
314.491 393.543
314.755 448.880
315.019 481.216
315.284 290.551
315.548 437.885
315.812 516.218
316.076 642.550
316.340 621.882
316.604 514.213
316.869 576.542
317.133 562.871
317.397 609.200
317.661 576.527
317.925 450.853
318.190 418.179
318.454 429.504
318.718 437.828
318.982 560.151
319.246 659.473
319.511 761.794
319.775 563.115
320.039 582.435
320.303 625.754
320.567 607.072
320.832 560.389
321.096 473.706
321.360 466.021
321.624 502.336
321.888 415.650
322.153 376.963
322.417 342.276
322.681 326.588
322.945 525.898
323.209 522.208
323.473 483.518
323.738 469.826
324.002 479.134
324.266 632.441
324.530 566.747
324.794 486.052
325.059 423.356
325.323 367.660
325.587 479.963
325.851 504.265
326.115 653.567
326.380 528.867
326.644 528.167
326.908 587.466
327.172 516.765
327.436 550.062
327.701 502.359
327.965 472.655
328.229 570.950
328.493 370.245
328.757 377.538
329.022 520.831
329.286 394.124
329.550 405.415
329.814 466.706
330.078 456.996
330.342 421.285
330.607 468.574
330.871 584.862
331.135 633.149
331.399 633.435
331.663 552.721
331.928 527.006
332.192 600.290
332.456 556.573
332.720 553.856
332.984 445.138
333.249 450.419
333.513 450.700
333.777 360.980
334.041 367.259
334.305 490.537
334.570 528.815
334.834 410.092
335.098 594.368
335.362 657.644
335.626 553.919
335.891 470.193
336.155 492.467
336.419 467.739
336.683 323.012
336.947 480.283
337.211 503.554
337.476 359.824
337.740 447.093
338.004 510.362
338.268 467.630
338.532 492.897
338.797 493.164
339.061 598.430
339.325 657.695
339.589 708.960
339.853 591.224
340.118 492.487
340.382 580.750
340.646 617.012
340.910 470.273
341.174 488.534
341.439 419.794
341.703 503.053
341.967 486.312
342.231 430.570
342.495 439.827
342.759 581.084
343.024 561.340
343.288 657.596
343.552 579.851
343.816 288.105
344.080 370.358
344.345 535.611
344.609 409.864
344.873 334.115
345.137 522.366
345.401 604.617
345.666 383.866
345.930 525.116
346.194 645.364
346.458 465.612
346.722 418.859
346.987 417.106
347.251 523.352
347.515 719.597
347.779 530.842
348.043 435.086
348.308 463.330
348.572 371.573
348.836 327.815
349.100 436.057
349.364 368.298
349.628 363.539
349.893 418.779
350.157 539.018
350.421 588.257
350.685 557.495
350.949 457.733
351.214 340.970
351.478 431.206
351.742 473.442
352.006 482.677
352.270 503.912
352.535 417.146
352.799 447.379
353.063 501.612
353.327 411.845
353.591 369.076
353.856 460.308
354.120 498.538
354.384 581.768
354.648 665.998
354.912 619.227
355.177 512.455
355.441 406.683
355.705 632.910
355.969 622.137
356.233 496.363
356.497 495.588
356.762 541.813
357.026 510.038
357.290 484.262
357.554 469.485
357.818 501.708
358.083 496.930
358.347 473.152
358.611 558.373
358.875 592.593
359.139 559.813
359.404 434.033
359.668 547.252
359.932 709.470
360.196 688.688
360.460 511.906
360.725 547.122
360.989 603.339
361.253 681.555
361.517 659.770
361.781 635.985
362.046 640.199
362.310 668.412
362.574 670.626
362.838 516.838
363.102 523.050
363.366 590.262
363.631 457.473
363.895 516.684
364.159 630.894
364.423 589.103
364.687 632.312
364.952 679.521
365.216 696.729
365.480 593.936
365.747 449.143
366.013 487.350
366.280 481.556
366.546 609.761
366.813 545.966
367.079 572.171
367.346 637.375
367.612 554.579
367.879 583.782
368.145 642.984
368.412 551.186
368.678 495.388
368.945 617.589
369.211 514.789
369.478 541.990
369.744 540.189
370.011 531.388
370.278 554.587
370.544 533.785
370.811 580.983
371.077 617.180
371.344 564.377
371.610 533.573
371.877 545.769
372.143 593.964
372.410 658.159
372.676 683.354
372.943 636.548
373.209 557.741
373.476 491.934
373.742 452.127
374.009 572.319
374.276 586.511
374.542 557.702
374.809 506.892
375.075 401.083
375.342 416.273
375.608 383.462
375.875 434.651
376.141 675.839
376.408 618.027
376.674 567.215
376.941 507.402
377.207 511.589
377.474 914.775
377.740 824.961
378.007 515.146
378.273 584.331
378.540 626.515
378.807 497.699
379.073 429.883
379.340 444.066
379.606 531.249
379.873 550.431
380.139 563.613
380.406 612.795
380.672 555.976
380.939 466.156
381.205 414.336
381.472 380.516
381.738 417.695
382.005 567.874
382.271 554.053
382.538 541.231
382.804 684.408
383.071 640.585
383.338 599.762
383.604 549.939
383.871 654.115
384.137 617.290
384.404 511.465
384.670 592.640
384.937 531.814
385.203 598.988
385.470 588.162
385.736 622.335
386.003 567.507
386.269 572.680
386.536 488.852
386.802 470.023
387.069 588.194
387.336 732.365
387.602 705.535
387.869 427.705
388.135 419.874
388.402 404.044
388.668 451.212
388.935 641.381
389.201 730.548
389.468 646.716
389.734 683.883
390.001 622.050
390.267 494.216
390.534 587.382
390.800 634.548
391.067 618.713
391.333 653.878
391.600 575.042
391.867 542.206
392.133 540.370
392.400 457.533
392.666 404.696
392.933 610.859
393.199 695.021
393.466 515.183
393.732 495.344
393.999 624.505
394.265 615.666
394.532 518.826
394.798 627.986
395.065 529.146
395.331 608.305
395.598 678.464
395.864 667.622
396.131 715.780
396.398 773.938
396.664 849.095
396.931 962.252
397.197 1120.409
397.464 1130.565
397.730 1348.721
397.997 1501.877
398.263 1517.032
398.530 1568.187
398.796 1748.341
399.063 1807.496
399.329 1710.649
399.596 1825.803
399.862 1793.956
400.129 1885.109
400.396 1901.261
400.662 1616.413
400.929 1629.565
401.195 1600.716
401.462 1646.867
401.728 1758.018
401.995 1886.168
402.261 1827.318
402.528 1858.468
402.794 1962.617
403.061 2139.766
403.327 2417.915
403.594 2405.063
403.860 2344.211
404.127 2385.359
404.393 2548.506
404.660 2669.653
404.931 2823.800
405.202 2949.946
405.473 2992.092
405.745 3171.238
406.016 3382.383
406.287 3357.528
406.558 3330.673
406.829 3564.817
407.100 3448.961
407.371 3737.105
407.642 3858.249
407.914 3689.392
408.185 3573.534
408.456 3635.677
408.727 3801.819
408.998 3765.961
409.269 3905.102
409.540 3960.243
409.811 3694.384
410.083 3702.525
410.354 3582.665
410.625 3418.805
410.896 3505.944
411.167 3588.084
411.438 3461.223
411.709 3059.361
411.981 3198.500
412.252 2834.638
412.523 2603.775
412.794 2729.913
413.065 2649.050
413.336 2307.187
413.607 2277.323
413.878 2188.459
414.150 1969.595
414.421 1761.731
414.692 1648.866
414.963 1557.001
415.234 1647.136
415.505 1573.270
415.776 1578.404
416.047 1496.538
416.319 1393.672
416.590 1149.805
416.861 944.938
417.132 1067.071
417.403 1032.203
417.674 880.335
417.945 732.467
418.217 766.598
418.488 939.729
418.759 756.860
419.030 644.991
419.301 668.121
419.572 699.251
419.843 708.381
420.114 623.510
420.386 631.640
420.657 770.769
420.928 682.897
421.199 587.026
421.470 524.154
421.741 431.281
422.012 465.409
422.283 509.536
422.555 520.663
422.826 588.790
423.097 736.916
423.368 661.042
423.639 482.168
423.910 559.294
424.181 515.419
424.453 444.544
424.724 751.669
424.995 831.793
425.266 653.917
425.537 580.041
425.808 669.165
426.079 679.288
426.350 616.412
426.622 671.534
426.893 735.657
427.164 606.779
427.435 573.901
427.706 586.023
427.977 555.145
428.248 503.266
428.519 655.387
428.791 597.508
429.062 650.628
429.333 559.749
429.604 470.869
429.875 600.988
430.146 693.108
430.417 648.227
430.689 633.346
430.960 511.465
431.231 531.583
431.502 694.701
431.773 746.819
432.044 603.937
432.315 743.054
432.586 688.172
432.858 724.289
433.129 555.405
433.400 562.522
433.671 655.638
433.942 587.754
434.213 415.870
434.484 515.985
434.755 598.100
435.027 438.215
435.298 514.330
435.569 625.444
435.840 593.559
436.116 609.673
436.391 639.786
436.667 608.900
436.942 700.013
437.218 752.126
437.493 718.239
437.769 763.351
438.045 630.464
438.320 603.576
438.596 640.688
438.871 526.799
439.147 550.911
439.422 592.022
439.698 507.133
439.974 474.243
440.249 630.354
440.525 671.464
440.800 418.574
441.076 510.684
441.351 691.793
441.627 782.902
441.903 709.011
442.178 536.120
442.454 554.229
442.729 761.337
443.005 638.445
443.281 663.553
443.556 766.661
443.832 660.768
444.107 593.876
444.383 592.983
444.658 586.089
444.934 502.196
445.210 688.302
445.485 769.408
445.761 737.514
446.036 679.620
446.312 741.725
446.587 723.831
446.863 545.936
447.139 580.040
447.414 586.145
447.690 610.249
447.965 651.353
448.241 593.457
448.516 627.561
448.792 618.665
449.068 593.768
449.343 669.871
449.619 563.974
449.894 610.076
450.170 620.179
450.445 721.281
450.721 688.383
450.997 473.485
451.272 645.587
451.548 575.688
451.823 545.789
452.099 649.890
452.375 540.991
452.650 534.091
452.926 621.192
453.201 620.292
453.477 905.392
453.752 773.492
454.028 605.591
454.304 671.690
454.579 746.789
454.855 700.888
455.130 683.987
455.406 835.086
455.681 740.184
455.957 636.282
456.233 603.380
456.508 632.478
456.784 709.575
457.059 667.672
457.335 809.770
457.610 707.867
457.886 646.963
458.162 592.060
458.437 601.156
458.713 698.252
458.988 667.348
459.264 705.444
459.539 697.539
459.815 643.635
460.091 603.730
460.366 575.825
460.642 551.920
460.917 624.014
461.193 573.109
461.468 492.203
461.744 519.297
462.020 517.391
462.295 612.484
462.571 600.578
462.846 629.671
463.122 757.764
463.397 716.857
463.673 575.374
463.949 567.475
464.224 593.541
464.500 662.564
464.775 594.319
465.051 666.078
465.327 718.783
465.602 809.973
465.878 834.850
466.153 658.459
466.429 862.004
466.704 1117.722
466.980 990.048
467.256 1035.138
467.531 1128.356
467.807 1076.471
468.082 1035.479
468.358 1003.501
468.633 1094.967
468.909 1044.855
469.185 972.628
469.460 1105.487
469.736 1128.844
470.011 912.418
470.287 929.698
470.562 1020.371
470.838 926.635
471.114 1014.529
471.389 937.850
471.665 861.030
471.940 954.095
472.216 969.365
472.491 776.920
472.767 804.165
473.043 953.340
473.318 1036.592
473.594 861.957
473.869 761.192
474.145 720.588
474.421 738.987
474.696 732.970
474.972 675.759
475.247 736.677
475.523 844.975
475.798 824.516
476.074 745.351
476.350 701.649
476.625 725.896
476.901 769.815
477.176 800.685
477.452 713.485
477.727 680.000
478.003 530.004
478.279 754.682
478.554 874.685
478.830 833.951
479.105 824.220
479.381 765.658
479.656 663.308
479.932 737.694
480.208 888.853
480.483 902.193
480.759 853.742
481.034 733.770
481.310 692.439
481.585 740.520
481.861 779.916
482.137 692.607
482.412 757.384
482.688 812.169
482.963 836.510
483.239 914.911
483.514 714.591
483.790 794.242
484.066 1021.301
484.341 834.733
484.617 677.450
484.892 777.673
485.168 805.613
485.443 709.464
485.719 750.298
485.995 799.483
486.270 820.572
486.546 715.169
486.821 630.183
487.097 599.401
487.373 720.189
487.648 885.187
487.924 849.978
488.199 673.384
488.475 501.555
488.750 555.550
489.026 705.337
489.302 655.363
489.577 628.326
489.853 690.469
490.128 895.246
490.404 838.672
490.679 666.535
490.955 844.844
491.231 919.210
491.506 890.829
491.782 745.841
492.057 655.166
492.333 802.989
492.608 736.527
492.884 715.074
493.160 602.623
493.435 652.898
493.711 794.148
493.986 719.986
494.262 709.000
494.537 711.034
494.813 746.152
495.089 617.292
495.364 644.870
495.640 698.970
495.915 701.007
496.191 875.688
496.467 818.495
496.742 767.335
497.018 791.628
497.293 718.649
497.569 777.732
497.844 667.463
498.120 766.545
498.396 765.161
498.671 697.473
498.947 852.460
499.222 821.570
499.498 808.529
499.773 820.541
500.049 819.257
500.325 805.176
500.600 844.858
500.876 811.741
501.151 1026.079
501.427 1051.277
501.702 1102.656
501.978 1083.632
502.254 1103.005
502.529 956.091
502.805 1104.154
503.080 1260.580
503.356 1082.306
503.631 1078.420
503.907 1126.220
504.183 1058.477
504.458 1144.580
504.734 1112.148
505.009 1184.008
505.285 1113.414
505.560 1085.057
505.836 1056.873
506.112 1035.688
506.387 938.591
506.663 927.600
506.938 919.581
507.214 942.906
507.490 983.436
507.765 974.440
508.041 982.581
508.316 991.731
508.592 776.308
508.867 869.156
509.143 1030.159
509.419 919.674
509.694 779.481
509.970 747.452
510.245 684.962
510.521 794.344
510.796 707.703
511.072 639.837
511.348 674.520
511.623 682.562
511.899 647.789
512.174 822.981
512.450 829.175
512.725 749.875
513.001 643.151
513.277 548.520
513.552 727.343
513.828 709.207
514.103 690.839
514.379 820.776
514.654 714.893
514.930 753.828
515.206 1061.297
515.481 924.952
515.757 686.181
516.032 619.036
516.308 774.140
516.583 877.838
516.859 772.004
517.135 767.197
517.410 790.064
517.686 865.927
517.961 896.116
518.237 858.551
518.513 743.688
518.788 962.566
519.064 995.518
519.339 942.434
519.615 852.782
519.890 879.021
520.166 966.867
520.442 1175.814
520.717 1161.437
520.993 1113.483
521.268 1016.225
521.544 1069.220
521.819 950.030
522.095 977.009
522.371 1123.783
522.646 1127.677
522.922 1265.545
523.197 1221.542
523.473 1266.365
523.748 1198.481
524.024 1087.535
524.300 1083.765
524.575 1039.805
524.851 1077.183
525.126 1042.751
525.402 1133.759
525.677 1240.037
525.953 1127.054
526.229 1078.355
526.504 988.535
526.780 1167.380
527.055 1113.052
527.331 1090.143
527.606 1214.807
527.882 1257.721
528.158 1087.527
528.433 1166.447
528.709 1099.325
528.984 1080.188
529.260 1069.822
529.535 1108.236
529.811 953.634
530.087 882.379
530.362 898.700
530.638 1048.036
530.913 1132.081
531.189 1142.882
531.465 973.054
531.740 925.741
532.016 1018.569
532.291 917.078
532.567 951.857
532.842 947.068
533.118 904.395
533.394 988.824
533.669 857.536
533.945 742.805
534.220 784.690
534.496 920.855
534.771 844.810
535.047 885.690
535.323 885.634
535.598 890.679
535.874 964.846
536.149 915.991
536.425 823.010
536.700 842.634
536.976 911.008
537.252 1171.035
537.527 1272.437
537.803 1387.423
538.078 1625.814
538.354 1806.793
538.629 1817.484
538.905 1909.074
539.181 2052.934
539.456 2065.809
539.732 2276.195
540.007 2362.133
540.283 2219.265
540.558 2222.064
540.834 2326.415
541.110 2306.991
541.385 2341.698
541.661 2518.980
541.936 2623.612
542.212 2443.289
542.488 2453.254
542.763 2441.415
543.039 2463.732
543.314 2509.420
543.590 2468.272
543.865 2416.687
544.141 2397.872
544.417 2360.190
544.692 2273.848
544.968 2370.226
545.243 2211.602
545.519 2018.793
545.794 2064.590
546.070 2123.291
546.348 2060.780
546.627 1880.852
546.905 2054.915
547.183 2040.956
547.461 2063.848
547.740 2162.212
548.018 2020.279
548.296 1925.971
548.575 1939.926
548.853 1951.894
549.131 2079.056
549.409 2217.918
549.688 2379.676
549.966 2368.815
550.244 2455.176
550.523 2404.231
550.801 2435.565
551.079 2597.401
551.357 2660.755
551.636 2584.066
551.914 2614.523
552.192 2509.050
552.471 2593.513
552.749 2692.886
553.027 2628.278
553.306 2661.142
553.584 2885.380
553.862 2843.303
554.140 2916.044
554.419 2930.052
554.697 3140.679
554.975 3268.771
555.254 3307.658
555.532 3107.211
555.810 3107.156
556.088 3301.738
556.367 3136.255
556.645 2993.175
556.923 3060.344
557.202 2967.039
557.480 3050.615
557.758 2751.874
558.036 2591.883
558.315 2565.616
558.593 2647.948
558.871 2515.372
559.150 2351.139
559.428 2305.480
559.706 2120.315
559.984 2088.393
560.263 2262.897
560.541 2076.682
560.819 1888.941
561.098 1919.009
561.376 1896.940
561.654 1609.487
561.932 1393.565
562.211 1402.462
562.489 1417.878
562.767 1269.730
563.046 1078.873
563.324 957.922
563.602 1009.800
563.880 937.860
564.159 966.696
564.437 986.908
564.715 841.068
564.994 731.708
565.272 833.481
565.550 717.674
565.828 596.527
566.107 748.445
566.385 701.898
566.663 586.106
566.942 614.572
567.220 677.056
567.498 821.022
567.776 720.105
568.055 594.188
568.333 655.771
568.611 718.736
568.890 638.819
569.168 550.329
569.446 599.214
569.725 629.210
570.003 520.076
570.281 458.728
570.559 589.333
570.838 624.798
571.116 676.804
571.394 737.895
571.673 777.452
571.951 692.814
572.229 670.528
572.507 659.562
572.786 645.656
573.064 682.356
573.342 676.557
573.621 567.678
573.899 603.819
574.177 802.695
574.455 674.491
574.734 593.003
575.012 733.947
575.290 679.861
575.569 699.198
575.847 785.306
576.125 762.778
576.403 634.887
576.682 675.870
576.960 718.624
577.243 756.346
577.527 615.263
577.810 495.109
578.093 567.633
578.377 573.738
578.660 625.165
578.944 611.374
579.227 531.440
579.510 674.725
579.794 651.628
580.077 565.792
580.360 596.158
580.644 612.682
580.927 565.620
581.210 586.538
581.494 556.872
581.777 584.222
582.061 587.834
582.344 584.475
582.627 600.470
582.911 585.557
583.194 548.260
583.477 640.119
583.761 655.131
584.044 716.052
584.327 681.844
584.611 580.987
584.894 599.011
585.178 511.141
585.461 592.102
585.744 674.062
586.028 593.778
586.311 640.820
586.594 677.862
586.878 595.904
587.161 574.945
587.444 657.987
587.728 667.028
588.011 697.070
588.295 555.111
588.578 588.564
588.861 807.386
589.145 693.235
589.428 634.911
589.711 534.317
589.995 547.810
590.278 747.651
590.562 662.440
590.845 608.872
591.128 757.007
591.412 642.277
591.695 593.009
591.978 751.141
592.262 701.981
592.545 533.124
592.828 687.389
593.112 603.992
593.395 563.155
593.679 505.861
593.962 661.280
594.245 638.771
594.529 545.278
594.812 498.056
595.095 448.840
595.379 615.813
595.662 655.232
595.945 574.184
596.229 504.209
596.512 544.834
596.796 646.503
597.079 732.041
597.362 830.100
597.646 846.132
597.929 679.010
598.212 643.793
598.496 632.962
598.779 747.874
599.062 838.732
599.346 586.055
599.629 523.385
599.913 593.844
600.196 660.877
600.479 678.965
600.763 633.367
601.046 522.031
601.329 540.300
601.613 647.967
601.896 576.225
602.179 656.247
602.463 605.204
602.746 709.367
603.030 774.238
603.313 691.081
603.596 544.897
603.880 621.851
604.163 632.672
604.446 594.871
604.730 565.525
605.013 702.974
605.296 728.185
605.580 643.011
605.863 703.772
606.147 614.681
606.430 572.602
606.713 661.119
606.997 628.503
607.280 756.104
607.563 661.229
607.847 629.338
608.130 691.332
608.414 744.508
608.697 651.589
608.980 594.477
609.264 738.233
609.547 635.685
609.830 642.577
610.114 685.708
610.397 663.217
610.680 676.302
610.964 695.311
611.247 730.641
611.531 639.146
611.814 517.494
612.097 537.157
612.381 684.705
612.664 829.671
612.947 666.802
613.231 552.019
613.514 575.190
613.797 692.121
614.081 735.378
614.364 636.199
614.648 610.694
614.931 549.825
615.214 486.010
615.498 546.503
615.781 600.225
616.064 570.733
616.348 690.846
616.631 721.118
616.914 755.876
617.198 726.114
617.481 606.937
617.765 659.838
618.048 740.485
618.331 648.713
618.615 559.468
618.898 709.700
619.181 813.489
619.465 733.221
619.748 645.223
620.031 581.540
620.315 547.463
620.598 642.287
620.882 743.257
621.165 894.129
621.448 853.408
621.732 795.585
622.015 611.540
622.298 571.916
622.582 681.303
622.865 646.054
623.148 596.138
623.432 654.423
623.715 597.400
623.999 794.219
624.282 800.071
624.565 866.101
624.849 724.284
625.132 536.262
625.415 807.466
625.699 950.595
625.982 786.149
626.265 662.393
626.549 618.324
626.832 825.428
627.116 833.543
627.399 618.425
627.682 599.067
627.966 587.419
628.249 599.940
628.532 605.401
628.816 765.704
629.099 663.768
629.383 616.089
629.666 617.888
629.949 567.270
630.233 601.960
630.516 674.534
630.799 698.949
631.083 606.184
631.366 577.464
631.649 519.349
631.933 516.913
632.216 630.050
632.500 672.671
632.783 701.812
633.066 648.157
633.350 655.006
633.633 716.181
633.916 712.496
634.200 657.745
634.483 674.387
634.766 720.241
635.050 710.594
635.333 571.034
635.617 533.892
635.900 654.237
636.183 766.558
636.467 666.620
636.750 640.864
637.033 704.101
637.317 682.389
637.600 640.424
637.883 582.575
638.167 582.058
638.450 592.234
638.734 609.117
639.017 626.000
639.300 641.947
639.584 584.314
639.867 810.723
640.150 752.754
640.434 744.364
640.717 727.809
641.000 655.876
641.284 706.372
641.567 624.742
641.851 663.754
642.134 793.182
642.417 784.993
642.701 859.657
642.984 878.508
643.267 797.785
643.551 661.110
643.834 595.216
644.117 674.276
644.401 637.448
644.684 704.018
644.968 848.092
645.251 741.321
645.534 632.532
645.818 663.517
646.101 783.417
646.384 829.455
646.668 790.986
646.951 728.104
647.235 722.237
647.518 735.423
647.801 895.226
648.085 970.470
648.368 931.937
648.651 887.792
648.935 945.047
649.218 1121.158
649.501 1066.635
649.785 1003.512
650.068 1165.811
650.352 1293.474
650.635 1341.984
650.918 1332.874
651.202 1458.138
651.485 1630.491
651.768 1698.609
652.052 1732.093
652.335 1813.749
652.618 1945.530
652.902 2030.762
653.185 2264.503
653.469 2294.510
653.752 2310.882
654.035 2403.078
654.319 2606.225
654.602 2632.059
654.885 2639.195
655.169 2674.152
655.452 2648.933
655.735 2676.230
656.019 2693.135
656.302 2656.121
656.586 2740.210
656.869 2891.459
657.152 2881.251
657.436 2764.338
657.719 2815.438
658.002 2965.261
658.286 2932.932
658.569 2786.860
658.852 2773.717
659.136 2781.409
659.419 2669.762
659.703 2453.547
659.986 2420.073
660.269 2399.594
660.553 2180.720
660.836 2126.887
661.119 2283.420
661.403 2253.476
661.686 2120.998
661.969 2009.124
662.253 1922.761
662.536 1927.871
662.820 2085.246
663.103 1963.570
663.386 1944.329
663.670 1879.448
663.953 1775.469
664.236 1862.402
664.520 1833.048
664.803 1778.365
665.086 1742.180
665.370 1842.251
665.653 1926.372
665.937 1905.027
666.220 1850.288
666.503 1755.995
666.787 1786.449
667.070 1760.636
667.353 1693.590
667.637 1553.266
667.920 1696.295
668.204 1506.179
668.487 1361.751
668.770 1534.245
669.054 1309.221
669.337 1181.124
669.620 1094.505
669.904 1054.721
670.187 1121.063
670.470 1180.398
670.754 1042.670
671.037 850.555
671.321 743.483
671.604 943.657
671.887 930.321
672.171 837.206
672.454 886.479
672.737 879.101
673.021 741.569
673.304 761.864
673.587 890.228
673.871 860.194
674.154 862.561
674.438 895.335
674.721 910.778
675.004 859.273
675.288 798.601
675.571 734.568
675.854 687.221
676.138 741.565
676.421 759.901
676.704 643.977
676.988 803.298
677.271 944.651
677.555 848.447
677.838 821.586
678.121 838.326
678.405 783.153
678.688 818.376
678.971 610.557
679.255 774.484
679.538 857.498
679.821 827.442
680.105 757.715
680.388 694.398
680.672 673.316
680.955 666.066
681.238 693.841
681.522 583.999
681.805 690.127
682.088 799.851
682.372 821.567
682.655 732.680
682.938 797.425
683.222 829.810
683.505 755.469
683.789 799.382
684.072 811.947
684.355 766.241
684.639 755.829
684.922 673.391
685.205 662.979
685.489 804.967
685.772 817.329
686.056 801.473
686.339 896.687
686.622 726.783
686.906 648.520
687.189 795.728
687.472 932.497
687.756 757.410
688.039 626.703
688.322 564.098
688.606 797.944
688.889 806.320
689.173 697.786
689.456 808.459
689.739 790.739
690.023 746.144
690.306 785.794
690.589 732.918
690.873 814.387
691.156 801.925
691.439 721.825
691.723 662.537
692.006 711.169
692.290 741.940
692.573 806.615
692.856 822.585
693.140 778.050
693.423 753.460
693.706 661.001
693.990 678.273
694.273 707.556
694.556 886.417
694.840 946.186
695.123 779.944
695.407 784.323
695.690 697.253
695.973 695.935
696.257 792.050
696.540 893.111
696.830 782.248
697.120 768.912
697.410 816.401
697.699 780.716
697.989 972.563
698.279 849.482
698.569 704.169
698.859 780.012
699.149 832.633
699.439 795.034
699.729 723.839
700.018 714.679
700.308 874.015
700.598 701.765
700.888 585.828
701.178 792.363
701.468 753.044
701.758 666.184
702.048 749.037
702.337 715.440
702.627 816.945
702.917 765.505
703.207 682.416
703.497 732.054
703.787 666.015
704.077 688.840
704.366 728.645
704.656 628.639
704.946 611.776
705.236 618.180
705.526 773.274
705.816 853.137
706.106 584.114
706.396 621.403
706.685 675.185
706.975 565.972
707.265 516.310
707.555 747.745
707.845 756.195
708.135 606.565
708.425 530.678
708.715 590.572
709.004 805.426
709.294 726.396
709.584 686.524
709.874 723.035
710.164 679.664
710.454 635.575
710.744 617.200
711.034 677.757
711.323 695.146
711.613 623.317
711.903 717.121
712.193 760.407
712.483 573.605
712.773 584.442
713.063 566.634
713.352 635.085
713.642 657.325
713.932 686.308
714.222 686.940
714.512 628.900
714.802 568.344
715.092 651.698
715.382 560.517
715.671 518.915
715.961 621.982
716.251 552.639
716.541 588.701
716.831 678.540
717.121 574.021
717.411 607.392
717.701 717.461
717.990 660.065
718.280 612.979
718.570 532.770
718.860 494.114
719.150 574.836
719.440 568.583
719.730 578.697
720.019 805.264
720.309 728.690
720.599 647.526
720.889 597.111
721.179 665.073
721.469 705.960
721.759 608.863
722.049 673.121
722.338 581.099
722.628 536.126
722.918 598.971
723.208 722.258
723.498 542.471
723.788 585.361
724.078 774.024
724.368 712.856
724.657 640.899
724.947 663.716
725.237 715.535
725.527 707.833
725.817 632.918
726.107 627.037
726.397 574.833
726.686 478.141
726.976 609.689
727.266 718.026
727.556 637.775
727.846 752.643
728.136 697.776
728.426 552.830
728.716 531.532
729.005 713.722
729.295 649.789
729.585 512.235
729.875 500.603
730.165 640.779
730.455 655.347
730.745 600.663
731.035 624.955
731.324 703.039
731.614 670.625
731.904 615.903
732.194 729.625
732.484 637.942
732.774 587.378
733.064 591.288
733.354 466.794
733.643 515.009
733.933 601.271
734.223 527.216
734.513 681.232
734.803 760.940
735.093 594.130
735.383 600.589
735.672 659.202
735.962 695.737
736.252 512.280
736.542 559.336
736.832 562.294
737.122 491.296
737.412 569.747
737.702 643.927
737.991 644.927
738.281 621.633
738.571 617.112
738.861 603.582
739.151 560.294
739.441 659.074
739.731 559.782
740.021 593.416
740.310 705.460
740.600 760.470
740.890 550.123
741.180 580.844
741.470 657.862
741.760 755.610
742.050 847.436
742.339 717.578
742.629 581.099
742.919 726.518
743.209 531.155
743.499 504.004
743.789 589.671
744.079 668.898
744.369 692.983
744.658 644.821
744.948 442.221
745.238 600.260
745.528 641.905
745.818 714.981
746.108 664.404
746.398 717.714
746.688 706.810
746.977 821.029
747.267 655.208
747.557 637.986
747.847 697.647
748.137 600.847
748.427 578.975
748.717 554.670
749.006 461.599
749.296 651.321
749.586 640.741
749.876 705.143
750.166 577.671
750.456 575.275
750.746 689.640
751.036 554.928
751.325 734.587
751.615 700.374
751.905 687.406
752.195 726.111
752.485 629.130
752.775 624.773
753.065 590.757
753.355 739.925
753.644 722.926
753.934 647.813
754.224 653.199
754.514 786.404
754.804 578.010
755.094 443.625
755.384 525.890
755.674 607.152
755.963 710.480
756.253 684.103
756.543 700.486
756.833 715.983
757.123 706.246
757.413 633.607
757.703 597.444
757.992 612.538
758.282 656.118
758.572 590.463
758.862 501.034
759.152 613.615
759.442 614.021
759.732 700.083
760.022 774.473
760.311 661.588
760.601 564.020
760.891 657.599
761.181 676.052
761.471 659.647
761.761 544.518
762.051 538.494
762.341 692.899
762.630 764.108
762.920 615.083
763.210 643.946
763.500 718.844
763.793 597.009
764.086 641.337
764.379 656.806
764.671 777.548
764.964 610.563
765.257 637.744
765.550 689.450
765.843 513.057
766.136 631.018
766.429 599.785
766.722 611.283
767.014 571.450
767.307 435.084
767.600 501.567
767.893 535.356
768.186 473.882
768.479 563.617
768.772 706.779
769.064 727.966
769.357 699.052
769.650 626.186
769.943 744.404
770.236 705.146
770.529 565.753
770.822 609.117
771.115 694.820
771.407 791.401
771.700 759.128
771.993 716.477
772.286 625.963
772.579 701.962
772.872 593.108
773.165 531.633
773.457 661.690
773.750 693.657
774.043 596.802
774.336 605.502
774.629 633.532
774.922 660.425
775.215 609.987
775.508 629.924
775.800 597.114
776.093 721.599
776.386 710.829
776.679 617.906
776.972 730.712
777.265 865.674
777.558 840.675
777.850 722.258
778.143 700.164
778.436 685.795
778.729 673.062
779.022 675.089
779.315 621.839
779.608 532.408
779.900 577.651
780.193 652.039
780.486 672.485
780.779 642.740
781.072 511.851
781.365 601.649
781.658 671.547
781.951 586.222
782.243 679.251
782.536 719.788
782.829 649.523
783.122 690.704
783.415 662.947
783.708 676.002
784.001 728.174
784.293 773.326
784.586 759.541
784.879 763.565
785.172 673.728
785.465 599.269
785.758 664.415
786.051 632.367
786.344 697.118
786.636 845.980
786.929 650.801
787.222 615.011
787.515 606.789
787.808 629.568
788.101 604.609
788.394 736.493
788.686 886.359
788.979 740.261
789.272 687.589
789.565 698.895
789.858 601.106
790.151 546.778
790.444 551.788
790.737 576.356
791.029 539.293
791.322 684.019
791.615 638.487
791.908 649.769
792.201 633.168
792.494 600.648
792.787 702.654
793.079 806.062
793.372 664.837
793.665 706.393
793.958 640.605
794.251 629.654
794.544 734.620
794.837 849.026
795.130 717.437
795.422 652.646
795.715 632.722
796.008 647.340
796.301 663.995
796.594 643.093
796.887 686.933
797.180 676.666
797.472 481.268
797.765 431.433
798.058 528.628
798.351 500.257
798.644 508.248
798.937 520.227
799.230 588.449
799.523 885.163
799.815 809.405
800.108 540.228
800.401 477.431
800.694 628.621
800.987 591.120
801.280 664.244
801.573 773.151
801.865 786.153
802.158 663.626
802.451 610.747
802.744 577.828
803.037 595.807
803.330 601.412
803.623 761.505
803.915 736.570
804.208 619.439
804.501 631.705
804.794 681.770
805.087 664.103
805.380 556.230
805.673 550.683
805.966 659.807
806.258 622.407
806.551 667.848
806.844 657.823
807.137 686.639
807.430 585.563
807.723 548.429
808.016 779.367
808.308 778.938
808.601 582.610
808.894 526.453
809.187 583.392
809.480 667.327
809.773 654.611
810.066 777.014
810.359 785.868
810.651 687.569
810.944 449.995
811.237 460.555
811.530 679.540
811.825 580.241
812.119 550.407
812.414 487.858
812.709 597.457
813.003 630.057
813.298 580.901
813.593 609.448
813.887 585.566
814.182 944.781
814.476 875.704
814.771 816.835
815.066 697.453
815.360 578.873
815.655 526.042
815.950 617.130
816.244 683.269
816.539 762.148
816.834 681.633
817.128 683.363
817.423 731.611
817.718 910.761
818.012 744.347
818.307 503.844
818.602 587.875
818.896 692.793
819.191 606.161
819.486 596.095
819.780 696.006
820.075 778.985
820.369 826.112
820.664 666.526
820.959 654.118
821.253 707.660
821.548 645.498
821.843 701.890
822.137 746.293
822.432 727.029
822.727 720.502
823.021 674.296
823.316 836.979
823.611 848.170
823.905 671.581
824.200 553.716
824.495 682.536
824.789 751.116
825.084 749.285
825.379 635.111
825.673 616.789
825.968 703.823
826.262 647.379
826.557 671.774
826.852 739.016
827.146 732.661
827.441 752.047
827.736 799.569
828.030 688.850
828.325 521.466
828.620 727.425
828.914 853.611
829.209 664.472
829.504 821.077
829.798 781.258
830.093 680.023
830.388 596.528
830.682 470.252
830.977 641.413
831.271 756.676
831.566 596.620
831.861 597.476
832.155 620.994
832.450 708.498
832.745 847.858
833.039 700.345
833.334 616.001
833.629 646.811
833.923 617.652
834.218 617.577
834.513 616.118
834.807 618.659
835.102 556.520
835.397 566.181
835.691 576.750
835.986 568.338
836.281 554.928
836.575 561.247
836.870 608.015
837.164 614.487
837.459 485.970
837.754 532.858
838.048 562.289
838.343 605.948
838.638 660.143
838.932 658.816
839.227 581.156
839.522 613.206
839.816 606.101
840.111 590.750
840.406 606.188
840.700 760.622
840.995 858.812
841.290 905.824
841.584 786.696
841.879 819.224
842.174 693.500
842.468 684.277
842.763 579.083
843.057 641.142
843.352 618.376
843.647 634.513
843.941 652.599
844.236 701.223
844.531 735.807
844.825 697.219
845.120 740.909
845.415 821.368
845.709 714.595
846.004 770.863
846.299 626.137
846.593 757.034
846.888 807.699
847.183 677.629
847.477 588.114
847.772 591.466
848.066 680.789
848.361 707.411
848.656 731.037
848.950 730.437
849.245 827.397
849.540 729.013
849.834 834.100
850.129 831.631
850.424 740.751
850.718 670.353
851.013 828.988
851.308 673.056
851.602 706.365
851.897 861.055
852.192 961.273
852.486 815.901
852.781 677.312
853.076 783.856
853.370 768.099
853.665 807.014
853.959 816.601
854.254 658.330
854.549 840.965
854.843 807.949
855.138 726.068
855.433 812.462
855.727 893.005
856.022 719.128
856.317 690.114
856.611 677.312
856.906 607.705
857.201 711.297
857.495 859.608
857.790 857.543
858.085 797.899
858.379 761.960
858.674 576.623
858.969 538.303
859.263 642.610
859.558 677.945
859.852 563.281
860.147 637.717
860.442 786.459
860.736 606.342
861.031 730.330
861.326 778.358
861.620 656.589
861.915 772.518
862.210 777.555
862.504 721.299
862.799 814.185
863.094 750.763
863.388 636.655
863.683 637.053
863.978 601.005
864.272 623.963
864.567 645.096
864.861 621.768
865.156 538.895
865.451 454.539
865.745 655.776
866.040 713.968
866.335 718.689
866.629 753.970
866.924 609.098
867.219 578.180
867.513 737.379
867.808 709.975
868.103 608.832
868.397 621.386
868.692 612.061
868.987 538.801
869.281 560.768
869.576 716.408
869.871 752.740
870.165 583.249
870.460 512.958
870.754 597.437
871.049 544.676
871.344 639.648
871.638 619.009
871.933 560.658
872.228 631.968
872.522 615.020
872.817 722.213
873.112 940.424
873.406 729.878
873.701 759.158
873.996 695.373
874.290 604.241
874.585 616.671
874.880 693.678
875.174 604.636
875.469 597.299
875.764 687.467
876.058 649.207
876.353 503.108
876.647 470.942
876.942 561.671
877.237 666.290
877.531 652.943
877.826 659.004
878.121 626.717
878.415 553.958
878.710 542.925
879.005 706.371
879.299 628.983
879.594 590.181
879.889 503.171
880.183 467.528
880.478 562.578
880.773 560.604
881.067 602.440
881.362 659.004
881.656 550.918
881.951 574.492
882.246 521.203
882.540 558.040
882.835 553.754
883.130 531.217
883.424 513.285
883.719 523.325
884.014 617.620
884.308 531.457
884.603 468.257
884.898 496.886
885.192 631.050
885.487 643.707
885.782 558.193
886.076 669.609
886.371 653.157
886.666 473.209
886.960 497.884
887.255 509.981
887.549 488.526
887.844 651.181
888.139 727.880
888.433 712.360
888.728 599.204
889.023 581.451
889.317 614.118
889.612 503.752
889.907 500.661
890.201 561.732
890.496 610.759
890.791 595.211
891.085 595.578
891.380 597.353
891.675 625.275
891.969 660.620
892.264 520.557
892.559 537.781
892.853 683.013
893.148 596.527
893.442 555.837
893.737 644.520
894.032 510.041
894.326 438.685
894.621 504.773
894.916 429.390
895.210 480.122
895.505 582.994
895.800 524.279
896.094 450.989
896.389 537.494
896.684 545.046
896.978 543.691
897.273 475.696
897.568 574.225
897.862 594.194
898.157 527.890
898.451 686.774
898.746 677.934
899.041 720.173
899.335 667.924
899.630 555.936
899.925 569.625
900.219 674.152
900.514 730.370
900.809 551.724
901.103 411.322
901.398 625.363
901.693 564.710
901.987 517.985
902.282 637.747
902.577 542.551
902.871 439.581
903.166 579.144
903.461 659.135
903.755 593.602
904.050 560.261
904.344 439.193
904.639 478.271
904.934 492.174
905.228 520.946
905.523 498.018
905.818 534.516
906.112 692.183
906.407 634.777
906.702 535.572
906.996 579.362
907.291 590.166
907.586 502.150
907.880 647.942
908.175 615.812
908.470 654.913
908.764 705.190
909.059 764.503
909.354 671.016
909.648 500.862
909.943 488.999
910.237 669.226
910.532 721.791
910.827 760.297
911.121 721.554
911.416 648.441
911.711 622.715
912.005 659.783
912.300 641.637
912.599 735.933
912.898 610.133
913.196 600.709
913.495 619.271
913.794 722.662
914.093 647.719
914.391 637.771
914.690 716.990
914.989 658.845
915.288 765.516
915.586 685.648
915.885 548.364
916.184 441.522
916.483 427.460
916.782 607.784
917.080 670.763
917.379 606.122
917.678 583.140
917.977 660.417
918.275 650.645
918.574 679.071
918.873 675.927
919.172 652.484
919.471 603.394
919.769 615.615
920.068 588.147
920.367 564.401
920.666 542.564
920.964 561.364
921.263 553.785
921.562 518.183
921.861 649.417
922.159 583.761
922.458 596.379
922.757 607.857
923.056 588.756
923.355 607.146
923.653 716.851
923.952 642.984
924.251 509.768
924.550 677.768
924.848 680.774
925.147 588.655
925.446 574.368
925.745 673.929
926.043 677.273
926.342 653.338
926.641 600.001
926.940 643.942
927.239 641.871
927.537 718.211
927.836 643.764
928.135 626.824
928.434 690.099
928.732 649.048
929.031 670.498
929.330 734.447
929.629 687.662
929.927 650.983
930.226 598.462
930.525 616.552
930.824 759.262
931.123 703.077
931.421 744.393
931.720 699.219
932.019 744.613
932.318 741.405
932.616 735.748
932.915 690.946
933.214 680.268
933.513 669.811
933.812 674.232
934.110 766.853
934.409 829.704
934.708 700.736
935.007 913.095
935.305 897.219
935.604 649.571
935.903 785.300
936.202 840.213
936.500 902.049
936.799 1031.978
937.098 1005.335
937.397 946.603
937.696 796.640
937.994 745.025
938.293 863.519
938.592 731.206
938.891 806.872
939.189 883.902
939.488 927.567
939.787 1071.695
940.086 887.006
940.384 882.210
940.683 793.862
940.982 769.752
941.281 933.790
941.580 1251.020
941.878 1203.851
942.177 932.679
942.476 973.057
942.775 936.309
943.073 786.356
943.372 776.418
943.671 911.329
943.970 1050.564
944.268 953.945
944.567 810.750
944.866 926.260
945.165 908.863
945.464 872.379
945.762 780.245
946.061 1065.893
946.360 1084.326
946.659 1028.102
946.957 968.080
947.256 919.933
947.555 890.583
947.854 933.123
948.153 856.264
948.451 769.090
948.750 853.921
949.049 823.502
949.348 1007.801
949.646 891.967
949.945 918.420
950.244 1013.119
950.543 870.952
950.841 816.985
951.140 802.052
951.439 675.107
951.738 690.697
952.037 796.845
952.335 922.300
952.634 917.469
952.933 806.649
953.232 766.337
953.530 582.575
953.829 846.707
954.128 1008.554
954.427 912.849
954.725 964.103
955.024 870.994
955.323 824.445
955.622 725.580
955.921 655.660
956.219 794.807
956.518 731.067
956.817 782.814
957.116 795.172
957.414 758.171
957.713 623.166
958.012 564.849
958.311 536.618
958.610 718.889
958.908 803.889
959.207 788.968
959.506 781.951
959.805 786.361
960.103 826.340
960.402 742.938
960.701 594.376
961.000 572.589
961.298 580.112
961.597 731.297
961.896 729.974
962.195 740.361
962.494 782.161
962.792 706.361
963.091 729.978
963.390 695.713
963.689 641.647
963.987 709.593
964.286 843.613
964.585 864.127
964.884 763.710
965.182 622.599
965.481 936.728
965.780 1107.589
966.080 920.617
966.380 817.597
966.680 736.033
966.981 729.914
967.281 735.829
967.581 619.633
967.881 733.714
968.181 759.309
968.481 725.308
968.781 698.778
969.082 585.277
969.382 664.483
969.682 780.519
969.982 789.991
970.282 812.542
970.582 677.905
970.882 607.651
971.183 764.233
971.483 647.089
971.783 662.141
972.083 784.728
972.383 793.715
972.683 758.881
972.983 822.322
973.284 727.187
973.584 699.670
973.884 786.998
974.184 788.908
974.484 834.437
974.784 641.739
975.084 532.672
975.385 614.096
975.685 732.624
975.985 713.719
976.285 737.464
976.585 734.208
976.885 650.222
977.185 635.002
977.486 680.329
977.786 698.978
978.086 779.517
978.386 773.470
978.686 582.340
978.986 585.525
979.286 633.533
979.587 669.541
979.887 593.549
980.187 564.557
980.487 505.565
980.787 598.573
981.087 605.581
981.387 792.589
981.688 679.596
981.988 539.604
982.288 568.612
982.588 606.620
982.888 648.628
983.188 658.636
983.488 792.644
983.789 715.652
984.089 676.660
984.389 637.667
984.689 597.675
984.989 577.683
985.289 610.691
985.589 737.699
985.890 719.707
986.190 565.714
986.490 612.722
986.790 766.730
987.090 642.738
987.390 646.746
987.690 697.753
987.991 563.761
988.291 587.769
988.591 617.777
988.891 520.784
989.191 523.792
989.491 715.800
989.791 716.808
990.092 724.815
990.392 733.823
990.692 733.831
990.992 719.838
991.292 520.846
991.592 668.854
991.892 644.862
992.193 731.869
992.493 728.877
992.793 580.885
993.093 526.892
993.393 552.900
993.693 637.907
993.993 692.915
994.294 847.923
994.594 713.930
994.894 576.938
995.194 612.945
995.494 545.953
995.794 528.961
996.094 537.968
996.395 638.976
996.695 708.983
996.995 566.991
997.295 490.998
997.595 497.006
997.895 455.014
998.195 424.021
998.496 516.029
998.796 534.036
999.096 747.044
999.396 662.051
999.696 711.059
999.996 705.066
1000.296 777.074
1000.597 759.081
1000.897 589.088
1001.197 676.096
1001.497 820.103
1001.797 621.111
1002.097 532.118
1002.397 620.126
1002.698 677.133
1002.998 719.140
1003.298 697.148
1003.598 581.155
1003.898 505.163
1004.198 669.170
1004.498 757.177
1004.799 724.185
1005.099 743.192
1005.399 756.200
1005.699 755.207
1005.999 666.214
1006.299 567.222
1006.599 806.229
1006.900 764.236
1007.200 597.244
1007.500 687.251
1007.800 695.258
1008.100 596.265
1008.400 558.273
1008.700 583.280
1009.001 566.287
1009.301 574.295
1009.601 765.302
1009.901 821.309
1010.201 740.316
1010.501 662.324
1010.801 824.331
1011.102 669.338
1011.402 731.345
1011.702 622.353
1012.002 505.360
1012.302 655.367
1012.602 656.374
1012.902 616.381
1013.203 690.389
1013.503 782.396
1013.803 738.403
1014.103 561.410
1014.403 682.417
1014.703 597.424
1015.003 550.431
1015.304 762.439
1015.604 842.446
1015.904 590.453
1016.204 554.460
1016.504 649.467
1016.804 655.474
1017.104 589.481
1017.405 578.488
1017.705 573.495
1018.005 523.503
1018.305 583.510
1018.605 580.517
1018.905 465.524
1019.205 515.531
1019.506 826.538
1019.806 855.545
1020.106 724.552
1020.406 714.559
1020.706 668.566
1021.006 678.573
1021.306 837.580
1021.607 698.587
1021.907 795.594
1022.207 767.601
1022.507 655.608
1022.807 654.615
1023.107 675.622
1023.407 575.629
1023.708 603.636
1024.008 547.643
1024.308 579.650
1024.608 599.657
1024.908 495.664
1025.208 615.671
1025.508 845.677
1025.809 778.684
1026.109 604.691
1026.409 714.698
1026.709 692.705
1027.009 631.712
1027.309 708.719
1027.609 590.726
1027.910 580.733
1028.210 723.739
1028.510 817.746
1028.810 1005.753
1029.110 902.760
1029.410 666.767
1029.710 704.774
1030.011 746.780
1030.311 815.787
1030.611 683.794
1030.911 682.801
1031.211 693.808
1031.511 659.814
1031.811 827.821
1032.112 783.828
1032.412 677.835
1032.712 495.842
1033.012 561.848
1033.312 794.855
1033.612 727.862
1033.912 618.869
1034.212 597.875
1034.513 631.882
1034.813 566.889
1035.113 702.896
1035.413 613.902
1035.713 626.909
1036.013 662.916
1036.313 626.922
1036.614 707.929
1036.914 589.936
1037.214 487.942
1037.514 654.949
1037.814 628.956
1038.114 635.962
1038.414 625.969
1038.715 685.976
1039.015 572.982
1039.315 489.989
1039.615 626.996
1039.915 598.002
1040.215 519.009
1040.515 544.016
1040.816 685.022
1041.116 663.029
1041.416 594.035
1041.716 551.042
1042.016 568.048
1042.316 767.055
1042.616 704.062
1042.917 551.068
1043.217 562.075
1043.517 573.081
1043.817 680.088
1044.117 680.094
1044.417 660.101
1044.717 629.107
1045.018 645.114
1045.318 751.121
1045.618 750.127
1045.918 591.134
1046.218 530.140
1046.518 598.147
1046.818 645.153
1047.119 559.160
1047.419 745.166
1047.719 736.172
1048.019 666.179
1048.319 700.185
1048.619 633.192
1048.919 653.198
1049.220 606.205
1049.520 669.211
1049.820 619.218
1050.120 526.224
1050.420 750.230
1050.720 719.237
1051.020 686.243
1051.321 723.250
1051.621 793.256
1051.921 619.262
1052.221 525.269
1052.521 533.275
1052.821 512.282
1053.121 641.288
1053.422 726.294
1053.722 797.301
1054.022 659.307
1054.322 740.313
1054.622 616.320
1054.922 546.326
1055.222 646.332
1055.523 666.339
1055.823 670.345
1056.123 742.351
1056.423 629.358
1056.723 676.364
1057.023 629.370
1057.323 549.377
1057.624 673.383
1057.924 721.389
1058.224 673.395
1058.524 562.402
1058.824 704.408
1059.124 686.414
1059.424 590.420
1059.725 697.427
1060.025 625.433
1060.325 583.439
1060.625 573.445
1060.925 594.452
1061.225 629.458
1061.525 785.464
1061.826 682.470
1062.126 667.477
1062.426 747.483
1062.726 762.489
1063.026 755.495
1063.326 908.501
1063.626 852.507
1063.927 696.514
1064.227 665.520
1064.527 585.526
1064.827 710.532
1065.127 631.538
1065.427 474.544
1065.727 553.551
1066.028 680.557
1066.328 680.563
1066.628 500.569
1066.928 477.575
1067.228 630.581
1067.528 617.587
1067.828 615.593
1068.129 542.599
1068.429 705.606
1068.729 804.612
1069.029 649.618
1069.329 512.624
1069.629 618.630
1069.929 746.636
1070.230 795.642
1070.530 738.648
1070.830 669.654
1071.130 757.660
1071.430 662.666
1071.730 633.672
1072.030 741.678
1072.331 616.684
1072.631 620.690
1072.931 703.696
1073.231 704.702
1073.531 652.708
1073.831 611.714
1074.131 713.720
1074.432 804.726
1074.732 631.732
1075.032 542.738
1075.332 555.744
1075.632 609.750
1075.932 586.756
1076.232 510.762
1076.533 513.768
1076.833 624.774
1077.133 638.780
1077.433 603.786
1077.733 591.792
1078.033 692.798
1078.333 671.804
1078.634 694.810
1078.934 716.815
1079.234 594.821
1079.534 803.827
1079.834 825.833
1080.134 726.839
1080.434 718.845
1080.735 673.851
1081.035 687.857
1081.335 520.863
1081.635 563.868
1081.935 623.874
1082.235 576.880
1082.535 580.886
1082.836 626.892
1083.136 610.898
1083.436 719.903
1083.736 725.909
1084.036 582.915
1084.336 522.921
1084.636 574.927
1084.937 747.933
1085.237 802.938
1085.537 637.944
1085.837 688.950
1086.137 643.956
1086.437 660.961
1086.737 621.967
1087.038 650.973
1087.338 778.979
1087.638 782.985
1087.938 605.990
1088.238 410.996
1088.538 552.002
1088.838 750.008
1089.139 768.013
1089.439 556.019
1089.739 708.025
1090.039 737.031
1090.339 727.036
1090.639 650.042
1090.939 680.048
1091.240 581.053
1091.540 632.059
1091.840 615.065
1092.140 712.070
1092.453 749.076
1092.766 621.082
1093.079 578.087
1093.392 618.093
1093.705 648.099
1094.018 636.104
1094.330 718.110
1094.643 688.116
1094.956 744.121
1095.269 604.127
1095.582 631.133
1095.895 580.138
1096.208 579.144
1096.521 651.150
1096.834 669.155
1097.147 669.161
1097.460 710.166
1097.773 769.172
1098.085 622.178
1098.398 549.183
1098.711 580.189
1099.024 530.194
1099.337 644.200
1099.650 729.206
1099.963 747.211
1100.276 617.217
1100.589 563.222
1100.902 681.228
1101.215 664.233
1101.528 671.239
1101.841 596.244
1102.153 660.250
1102.466 784.255
1102.779 602.261
1103.092 585.267
1103.405 697.272
1103.718 613.278
1104.031 637.283
1104.344 744.289
1104.657 713.294
1104.970 1011.300
1105.283 773.305
1105.596 632.311
1105.909 636.316
1106.221 716.321
1106.534 718.327
1106.847 529.332
1107.160 427.338
1107.473 471.343
1107.786 609.349
1108.099 567.354
1108.412 594.360
1108.725 683.365
1109.038 532.371
1109.351 644.376
1109.664 665.381
1109.977 525.387
1110.289 578.392
1110.602 604.398
1110.915 588.403
1111.228 573.408
1111.541 518.414
1111.854 482.419
1112.167 434.425
1112.480 508.430
1112.793 570.435
1113.106 519.441
1113.419 590.446
1113.732 586.452
1114.044 536.457
1114.357 646.462
1114.670 655.468
1114.983 604.473
1115.296 590.478
1115.609 661.484
1115.922 668.489
1116.235 678.494
1116.548 628.500
1116.861 632.505
1117.174 613.510
1117.487 615.516
1117.800 853.521
1118.112 719.526
1118.425 609.532
1118.738 592.537
1119.051 591.542
1119.364 580.547
1119.677 626.553
1119.990 615.558
1120.303 641.563
1120.616 700.568
1120.929 611.574
1121.242 685.579
1121.555 700.584
1121.868 711.590
1122.180 639.595
1122.493 466.600
1122.806 477.605
1123.119 654.610
1123.432 679.616
1123.745 657.621
1124.058 558.626
1124.371 539.631
1124.684 717.637
1124.997 693.642
1125.310 614.647
1125.623 514.652
1125.935 446.657
1126.248 601.663
1126.561 704.668
1126.874 762.673
1127.187 809.678
1127.500 732.683
1127.813 685.688
1128.126 664.694
1128.439 655.699
1128.752 809.704
1129.065 619.709
1129.378 444.714
1129.691 589.719
1130.003 645.725
1130.316 622.730
1130.629 540.735
1130.942 649.740
1131.255 610.745
1131.568 517.750
1131.881 619.755
1132.194 672.760
1132.507 623.765
1132.820 590.771
1133.133 699.776
1133.446 586.781
1133.759 761.786
1134.071 1181.791
1134.384 871.796
1134.697 771.801
1135.010 872.806
1135.323 699.811
1135.636 558.816
1135.949 526.821
1136.262 514.826
1136.575 534.831
1136.888 601.837
1137.201 646.842
1137.514 624.847
1137.826 721.852
1138.139 626.857
1138.452 624.862
1138.765 828.867
1139.078 844.872
1139.391 775.877
1139.704 707.882
1140.017 711.887
1140.330 601.892
1140.643 561.897
1140.956 625.902
1141.269 678.907
1141.582 685.912
1141.894 622.917
1142.207 788.922
1142.520 682.927
1142.833 738.932
1143.146 641.937
1143.459 544.942
1143.772 617.947
1144.085 723.951
1144.398 660.956
1144.711 617.961
1145.024 576.966
1145.337 623.971
1145.650 714.976
1145.962 599.981
1146.275 661.986
1146.588 561.991
1146.901 695.996
1147.214 725.001
1147.527 596.006
1147.840 671.011
1148.153 648.015
1148.466 645.020
1148.779 597.025
1149.092 710.030
1149.405 589.035
1149.718 584.040
1150.030 684.045
1150.343 656.050
1150.656 539.055
1150.969 537.059
1151.282 758.064
1151.595 700.069
1151.908 591.074
1152.221 448.079
1152.534 499.084
1152.847 810.089
1153.160 726.093
1153.473 699.098
1153.785 723.103
1154.098 684.108
1154.411 725.113
1154.724 696.117
1155.037 808.122
1155.350 714.127
1155.663 684.132
1155.976 592.137
1156.289 720.142
1156.602 614.146
1156.915 482.151
1157.228 519.156
1157.541 643.161
1157.853 622.165
1158.166 641.170
1158.479 662.175
1158.792 652.180
1159.105 651.185
1159.418 680.189
1159.731 656.194
1160.044 599.199
1160.357 700.204
1160.670 703.208
1160.983 566.213
1161.296 624.218
1161.609 745.222
1161.921 687.227
1162.234 609.232
1162.547 473.237
1162.860 526.241
1163.173 504.246
1163.486 610.251
1163.799 668.256
1164.112 626.260
1164.425 634.265
1164.738 549.270
1165.051 511.274
1165.364 605.279
1165.676 641.284
1165.989 648.288
1166.302 593.293
1166.615 713.298
1166.928 719.302
1167.241 787.307
1167.554 757.312
1167.867 684.316
1168.180 633.321
1168.493 537.326
1168.806 595.330
1169.119 559.335
1169.432 670.340
1169.744 690.344
1170.057 657.349
1170.370 793.353
1170.683 721.358
1170.996 567.363
1171.309 632.367
1171.622 624.372
1171.935 574.377
1172.248 753.381
1172.561 733.386
1172.874 656.390
1173.187 697.395
1173.500 728.400
1173.812 738.404
1174.125 713.409
1174.438 690.413
1174.751 537.418
1175.064 585.422
1175.377 712.427
1175.690 619.432
1176.003 541.436
1176.316 593.441
1176.629 672.445
1176.942 601.450
1177.255 528.454
1177.567 505.459
1177.880 573.463
1178.193 665.468
1178.506 579.473
1178.819 686.477
1179.132 782.482
1179.445 569.486
1179.758 687.491
1180.071 756.495
1180.384 628.500
1180.697 641.504
1181.010 669.509
1181.323 774.513
1181.635 758.518
1181.948 709.522
1182.261 637.527
1182.574 579.531
1182.887 667.536
1183.200 790.540
1183.513 723.545
1183.826 637.549
1184.139 634.554
1184.452 602.558
1184.765 595.562
1185.078 538.567
1185.391 621.571
1185.703 576.576
1186.016 468.580
1186.329 521.585
1186.642 667.589
1186.955 784.594
1187.268 630.598
1187.581 657.602
1187.894 653.607
1188.207 689.611
1188.520 635.616
1188.833 653.620
1189.146 529.625
1189.459 431.629
1189.771 545.633
1190.084 736.638
1190.397 617.642
1190.710 684.647
1191.023 691.651
1191.336 637.655
1191.649 635.660
1191.962 659.664
1192.275 529.668
1192.588 650.673
1192.901 783.677
1193.214 641.682
1193.526 621.686
1193.839 656.690
1194.152 564.695
1194.465 671.699
1194.778 616.703
1195.091 648.708
1195.404 615.712
1195.717 647.716
1196.030 779.721
1196.343 657.725
1196.656 539.729
1196.969 559.734
1197.282 625.738
1197.594 690.742
1197.907 822.747
1198.220 789.751
1198.533 670.755
1198.846 599.760
1199.159 540.764
1199.472 591.768
1199.785 689.773
1200.098 581.777
1200.411 716.781
1200.724 693.785
1201.037 636.790
1201.350 513.794
1201.662 482.798
1201.975 602.803
1202.288 627.807
1202.601 203.811
