165.028 171.002
165.288 81.655
165.547 122.311
165.807 196.970
166.067 163.633
166.327 50.299
166.587 79.968
166.847 225.640
167.107 190.316
167.367 257.994
167.627 312.676
167.886 236.360
168.146 277.048
168.406 492.738
168.666 420.432
168.926 304.129
169.186 312.828
169.446 240.530
169.706 158.236
169.966 290.944
170.225 286.654
170.485 323.368
170.745 408.084
171.005 548.803
171.265 359.525
171.525 262.249
171.785 167.976
172.045 227.706
172.305 407.438
172.564 336.172
172.824 186.909
173.084 338.649
173.344 321.391
173.604 332.135
173.864 384.882
174.124 321.631
174.384 276.382
174.644 409.136
174.903 513.892
175.163 505.650
175.423 527.411
175.683 285.173
175.943 360.938
176.203 358.705
176.463 296.474
176.723 251.245
176.983 270.018
177.242 364.793
177.502 501.570
177.762 478.349
178.022 272.130
178.282 281.912
178.542 250.697
178.802 261.483
179.062 248.272
179.322 473.062
179.581 547.853
179.841 388.647
180.101 438.442
180.361 483.239
180.621 409.037
180.881 353.837
181.141 357.639
181.401 377.442
181.661 447.247
181.920 510.053
182.180 429.861
182.440 343.670
182.700 295.481
182.960 284.293
183.220 365.106
183.480 609.921
183.740 434.737
184.000 345.554
184.259 262.373
184.519 403.193
184.779 328.014
185.039 370.836
185.299 523.659
185.559 536.484
185.819 567.310
186.079 556.136
186.339 473.964
186.598 412.793
186.858 275.623
187.118 284.454
187.378 423.285
187.638 436.118
187.898 488.952
188.158 552.786
188.418 452.622
188.678 411.458
188.937 465.295
189.197 482.133
189.457 512.971
189.717 448.810
189.977 280.651
190.237 227.491
190.497 448.333
190.757 465.175
191.017 451.018
191.276 318.861
191.536 328.705
191.796 272.549
192.056 250.394
192.316 326.240
192.576 319.086
192.836 285.932
193.096 325.779
193.356 321.627
193.616 327.474
193.875 367.322
194.135 265.171
194.395 380.020
194.655 416.869
194.915 392.719
195.175 354.568
195.435 410.418
195.695 232.269
195.955 78.119
196.214 263.970
196.474 452.821
196.734 400.672
196.994 348.523
197.254 384.374
197.514 342.226
197.774 319.077
198.034 220.929
198.294 215.780
198.553 278.632
198.813 228.484
199.073 82.335
199.333 188.187
199.593 385.039
199.853 347.890
200.113 414.742
200.373 410.593
200.633 187.444
200.892 166.295
201.152 159.146
201.412 182.997
201.672 291.847
201.932 499.698
202.192 484.548
202.452 277.398
202.712 210.247
202.972 270.097
203.231 376.946
203.491 359.794
203.751 349.643
204.011 351.491
204.271 422.339
204.531 220.186
204.791 152.033
205.051 182.880
205.311 252.726
205.570 198.572
205.830 179.417
206.090 158.262
206.350 329.106
206.610 522.950
206.870 293.793
207.130 238.636
207.390 263.479
207.650 230.321
207.909 287.162
208.169 389.002
208.429 343.843
208.689 171.682
208.949 260.521
209.209 361.359
209.469 190.197
209.729 205.034
209.989 249.870
210.248 142.706
210.508 424.541
210.768 412.375
211.028 262.208
211.288 366.041
211.548 302.873
211.808 326.705
212.068 448.535
212.328 451.365
212.587 455.194
212.847 363.022
213.107 374.850
213.367 386.676
213.627 374.502
213.887 329.327
214.147 206.151
214.407 294.974
214.667 331.797
214.926 397.618
215.186 335.439
215.446 375.258
215.706 302.077
215.966 301.895
216.226 281.712
216.486 238.528
216.746 265.343
217.006 341.157
217.265 294.970
217.525 250.782
217.785 333.593
218.045 392.403
218.305 314.212
218.565 277.020
218.825 374.827
219.085 460.633
219.345 289.438
219.604 221.242
219.864 355.045
220.124 418.847
220.384 403.648
220.644 358.447
220.904 254.246
221.164 240.043
221.424 271.840
221.684 280.635
221.943 330.429
222.203 449.222
222.463 347.014
222.723 213.805
222.983 329.594
223.243 311.383
223.503 323.170
223.763 243.956
224.023 216.741
224.282 332.525
224.542 363.307
224.802 337.089
225.062 366.869
225.322 523.648
225.582 470.426
225.842 419.202
226.102 396.978
226.362 305.752
226.621 384.524
226.881 325.296
227.141 351.066
227.401 397.836
227.661 273.603
227.921 456.370
228.181 402.135
228.441 322.899
228.701 504.662
228.960 506.424
229.220 358.184
229.480 271.943
229.740 412.701
230.000 510.457
230.260 339.212
230.520 283.966
230.780 356.718
231.040 357.469
231.299 261.219
231.559 283.967
231.819 294.714
232.079 407.460
232.339 424.205
232.599 253.948
232.859 359.690
233.119 467.430
233.379 359.169
233.638 363.907
233.898 430.643
234.158 443.378
234.418 318.112
234.678 425.844
234.938 448.575
235.198 290.305
235.458 287.033
235.718 372.759
235.978 354.485
236.237 362.209
236.497 409.931
236.757 432.653
237.017 437.373
237.277 393.091
237.537 344.808
237.797 267.524
238.057 424.238
238.317 401.951
238.576 200.662
238.836 298.372
239.096 436.081
239.356 386.788
239.616 339.494
239.876 357.198
240.136 347.901
240.396 423.603
240.656 490.303
240.915 450.002
241.175 352.699
241.435 315.395
241.695 444.090
241.955 565.783
242.215 646.474
242.475 540.164
242.735 339.853
242.995 437.540
243.254 472.226
243.514 393.911
243.774 236.594
244.034 292.275
244.294 578.956
244.554 494.634
244.814 447.312
245.074 377.987
245.334 292.662
245.593 362.335
245.853 395.006
246.113 306.676
246.373 441.345
246.633 456.012
246.893 373.678
247.153 409.342
247.413 465.005
247.673 409.667
247.932 426.327
248.192 461.985
248.452 470.642
248.712 404.298
248.972 300.952
249.232 503.605
249.492 428.256
249.752 299.906
250.012 486.555
250.271 449.202
250.531 477.847
250.791 667.491
251.051 588.134
251.311 375.775
251.571 251.415
251.831 365.053
252.091 437.690
252.351 402.326
252.610 362.960
252.870 489.592
253.130 399.224
253.390 376.853
253.650 450.482
253.911 416.109
254.172 401.734
254.433 345.358
254.694 337.981
254.955 422.602
255.216 376.221
255.477 475.840
255.738 421.457
255.999 336.072
256.261 502.686
256.522 450.299
256.783 453.910
257.044 363.519
257.305 274.128
257.566 272.735
257.827 236.340
258.088 345.944
258.349 344.547
258.610 413.148
258.871 439.748
259.132 476.346
259.393 386.943
259.654 297.539
259.915 292.133
260.176 354.725
260.437 487.317
260.698 463.907
260.959 338.495
261.221 479.082
261.482 544.668
261.743 451.252
262.004 457.835
262.265 625.417
262.526 566.997
262.787 363.576
263.048 311.153
263.309 337.729
263.570 460.303
263.831 419.877
264.092 362.448
264.353 242.019
264.614 519.588
264.875 492.155
265.136 368.722
265.397 585.287
265.658 670.850
265.919 636.412
266.181 545.973
266.442 462.532
266.703 406.090
266.964 352.647
267.225 328.202
267.486 407.756
267.747 481.309
268.008 557.860
268.269 599.410
268.530 563.959
268.791 504.506
269.052 498.052
269.313 465.596
269.574 480.139
269.835 480.681
270.096 436.222
270.357 491.761
270.618 411.298
270.879 334.835
271.141 416.370
271.402 388.904
271.663 339.436
271.924 474.967
272.185 526.497
272.446 515.026
272.707 486.553
272.968 394.079
273.229 408.603
273.490 452.127
273.751 382.649
274.012 404.169
274.273 554.689
274.534 463.207
274.795 478.723
275.056 563.239
275.317 426.753
275.578 325.266
275.839 353.777
276.101 383.288
276.362 349.797
276.623 415.304
276.884 537.811
277.145 531.316
277.406 510.820
277.667 412.322
277.928 403.824
278.189 568.324
278.450 510.823
278.711 435.320
278.972 446.816
279.233 393.312
279.494 511.805
279.755 654.298
280.016 630.789
280.277 564.279
280.538 517.768
280.799 361.255
281.061 406.742
281.322 461.227
281.583 433.711
281.844 336.193
282.105 375.675
282.366 574.155
282.627 505.634
282.888 537.111
283.149 544.588
283.410 422.063
283.671 446.537
283.932 414.010
284.193 308.481
284.454 380.952
284.715 491.421
284.976 410.889
285.237 506.356
285.498 814.822
285.759 667.286
286.021 564.749
286.282 506.211
286.543 589.672
286.804 505.132
287.065 532.590
287.326 567.048
287.587 399.504
287.848 536.959
288.109 646.413
288.370 561.865
288.631 362.317
288.892 359.767
289.153 415.216
289.414 342.664
289.675 588.111
289.936 722.557
290.197 627.001
290.458 505.445
290.719 425.887
290.981 586.328
291.242 672.768
291.503 563.207
291.764 386.645
292.025 300.081
292.286 323.517
292.547 483.951
292.808 490.384
293.069 519.816
293.330 566.247
293.591 561.677
293.852 481.106
294.113 444.533
294.374 453.960
294.635 509.385
294.896 543.810
295.157 600.233
295.418 591.655
295.679 558.076
295.941 529.496
296.202 528.915
296.463 556.333
296.724 611.750
296.985 600.165
297.246 592.580
297.507 445.993
297.768 406.406
298.029 551.817
298.290 710.227
298.551 749.637
298.812 736.045
299.073 544.452
299.334 415.858
299.595 587.263
299.856 600.667
300.117 719.070
300.378 629.472
300.639 393.872
300.901 370.272
301.162 521.671
301.423 598.069
301.684 690.465
301.945 691.861
302.206 486.256
302.467 533.649
302.728 434.042
302.989 484.433
303.250 600.824
303.511 661.213
303.772 648.602
304.033 553.989
304.294 546.376
304.555 531.761
304.816 606.146
305.077 610.529
305.338 490.912
305.599 413.294
305.861 498.674
306.122 590.054
306.383 539.432
306.644 529.810
306.905 391.186
307.166 558.562
307.427 570.937
307.688 561.310
307.949 563.683
308.210 588.055
308.471 528.426
308.732 485.795
308.993 392.164
309.254 415.532
309.515 351.899
309.776 497.265
310.037 507.630
310.298 339.994
310.559 358.358
310.821 536.720
311.082 529.081
311.343 446.441
311.604 446.801
311.865 349.159
312.126 339.517
312.387 461.874
312.648 465.229
312.909 483.584
313.170 455.938
313.434 518.291
313.698 472.643
313.963 524.994
314.227 440.344
314.491 426.694
314.755 493.042
315.019 491.390
315.284 340.736
315.548 457.082
315.812 485.427
316.076 584.771
316.340 531.114
316.604 471.456
316.869 583.797
317.133 559.138
317.397 612.477
317.661 601.816
317.925 589.154
318.190 511.491
318.454 488.827
318.718 468.162
318.982 528.496
319.246 642.830
319.511 816.162
319.775 561.494
320.039 523.825
320.303 527.155
320.567 524.484
320.832 537.812
321.096 494.140
321.360 490.466
321.624 424.792
321.888 333.117
322.153 451.441
322.417 440.765
322.681 378.087
322.945 508.409
323.209 500.730
323.473 469.049
323.738 454.369
324.002 466.687
324.266 577.004
324.530 532.321
324.794 447.637
325.059 414.952
325.323 335.266
325.587 462.580
325.851 520.893
326.115 725.204
326.380 631.515
326.644 577.826
326.908 563.135
327.172 497.444
327.436 510.752
327.701 494.059
327.965 436.365
328.229 462.671
328.493 400.975
328.757 426.279
329.022 515.583
329.286 482.885
329.550 446.187
329.814 454.487
330.078 488.788
330.342 441.087
330.607 453.385
330.871 542.683
331.135 625.980
331.399 590.277
331.663 466.572
331.928 500.867
332.192 592.161
332.456 543.454
332.720 590.747
332.984 537.039
333.249 526.330
333.513 482.620
333.777 380.910
334.041 400.198
334.305 478.486
334.570 508.774
334.834 406.060
335.098 605.346
335.362 670.632
335.626 573.916
335.891 444.200
336.155 472.483
336.419 460.765
336.683 348.047
336.947 477.327
337.211 434.608
337.476 381.887
337.740 443.166
338.004 462.444
338.268 423.721
338.532 522.998
338.797 496.274
339.061 576.549
339.325 670.824
339.589 660.097
339.853 538.371
340.118 493.643
340.382 611.915
340.646 711.186
340.910 524.456
341.174 490.726
341.439 488.995
341.703 535.263
341.967 509.531
342.231 476.798
342.495 448.064
342.759 581.330
343.024 542.595
343.288 573.860
343.552 500.123
343.816 320.386
344.080 371.649
344.345 481.910
344.609 411.171
344.873 378.432
345.137 522.691
345.401 617.951
345.666 394.209
345.930 579.467
346.194 672.724
346.458 457.980
346.722 443.236
346.987 425.491
347.251 527.746
347.515 706.000
347.779 518.253
348.043 431.506
348.308 432.758
348.572 372.009
348.836 355.260
349.100 431.510
349.364 366.760
349.628 397.009
349.893 459.257
350.157 592.505
350.421 572.752
350.685 497.998
350.949 432.244
351.214 340.489
351.478 450.734
351.742 440.978
352.006 490.221
352.270 489.464
352.535 432.706
352.799 448.948
353.063 559.189
353.327 442.429
353.591 386.669
353.856 463.908
354.120 525.147
354.384 630.385
354.648 738.623
354.912 663.859
355.177 532.096
355.441 432.331
355.705 617.567
355.969 622.801
356.233 558.035
356.497 554.268
356.762 574.501
357.026 545.733
357.290 486.965
357.554 547.196
357.818 582.427
358.083 535.657
358.347 526.886
358.611 498.115
358.875 475.343
359.139 501.571
359.404 449.798
359.668 566.024
359.932 692.251
360.196 702.476
360.460 555.701
360.725 539.925
360.989 600.149
361.253 707.372
361.517 636.595
361.781 619.817
362.046 580.039
362.310 592.260
362.574 654.481
362.838 559.701
363.102 597.920
363.366 590.139
363.631 516.358
363.895 514.575
364.159 621.793
364.423 610.010
364.687 644.226
364.952 688.442
365.216 710.657
365.480 617.872
365.747 492.086
366.013 489.300
366.280 448.513
366.546 567.725
366.813 513.937
367.079 541.149
367.346 588.360
367.612 579.571
367.879 588.781
368.145 640.991
368.412 588.200
368.678 562.408
368.945 636.616
369.211 582.824
369.478 634.031
369.744 597.237
370.011 592.444
370.278 573.649
370.544 511.854
370.811 584.059
371.077 586.263
371.344 518.466
371.610 542.670
371.877 549.872
372.143 682.074
372.410 699.276
372.676 736.477
372.943 683.678
373.209 601.878
373.476 495.078
373.742 411.277
374.009 590.476
374.276 687.674
374.542 651.872
374.809 522.069
375.075 385.266
375.342 304.463
375.608 378.659
375.875 457.854
376.141 689.049
376.408 676.244
376.674 588.438
376.941 534.631
377.207 548.824
377.474 938.017
377.740 839.209
378.007 551.401
378.273 615.592
378.540 654.783
378.807 572.974
379.073 506.164
379.340 558.353
379.606 552.542
379.873 499.731
380.139 570.919
380.406 629.107
380.672 609.294
380.939 527.481
381.205 451.667
381.472 345.853
381.738 363.039
382.005 550.224
382.271 624.409
382.538 593.593
382.804 740.777
383.071 642.960
383.338 605.143
383.604 570.325
383.871 654.507
384.137 667.689
384.404 606.870
384.670 617.051
384.937 551.231
385.203 659.411
385.470 620.591
385.736 622.770
386.003 608.949
386.269 569.127
386.536 598.305
386.802 622.482
387.069 663.659
387.336 799.836
387.602 790.012
387.869 561.188
388.135 566.363
388.402 488.538
388.668 533.713
388.935 712.887
389.201 860.061
389.468 793.234
389.734 752.407
390.001 730.579
390.267 641.751
390.534 746.923
390.800 717.094
391.067 751.265
391.333 753.436
391.600 641.606
391.867 661.776
392.133 683.945
392.400 544.114
392.666 488.283
392.933 789.451
393.199 862.619
393.466 732.786
393.732 703.953
393.999 786.120
394.265 752.286
394.532 691.452
394.798 805.617
395.065 789.783
395.331 894.947
395.598 957.112
395.864 999.276
396.131 1215.439
396.398 1412.602
396.664 1679.765
396.931 2117.928
397.197 2779.090
397.464 3303.252
397.730 4013.413
397.997 4579.574
398.263 4870.734
398.530 5229.895
398.796 5737.055
399.063 6122.214
399.329 6152.373
399.596 6365.532
399.862 6317.691
400.129 6499.849
400.396 6538.006
400.662 6232.164
400.929 6296.321
401.195 6304.477
401.462 6487.634
401.728 6673.790
401.995 6905.945
402.261 6920.100
402.528 7184.255
402.794 7629.410
403.061 8110.564
403.327 8704.718
403.594 9000.871
403.860 9160.024
404.127 9385.177
404.393 9604.330
404.660 9934.482
404.931 10384.633
405.202 10887.785
405.473 11451.936
405.745 11976.087
406.016 12620.237
406.287 12728.387
406.558 12819.537
406.829 13241.686
407.100 13340.835
407.371 13820.984
407.642 13914.132
407.914 13817.280
408.185 13856.428
408.456 13931.575
408.727 14149.722
408.998 14129.869
409.269 14301.015
409.540 14387.161
409.811 13977.307
410.083 13930.453
410.354 13645.598
410.625 13044.742
410.896 12868.887
411.167 12745.031
411.438 12365.175
411.709 11633.318
411.981 11283.461
412.252 10516.604
412.523 9795.747
412.794 9141.889
413.065 8622.031
413.336 7958.172
413.607 7658.314
413.878 7232.455
414.150 6719.595
414.421 6099.735
414.692 5606.875
414.963 5121.015
415.234 4912.155
415.505 4525.294
415.776 4237.432
416.047 3975.571
416.319 3516.709
416.590 3020.847
416.861 2501.984
417.132 2396.122
417.403 2198.259
417.674 1956.395
417.945 1717.532
418.217 1550.668
418.488 1506.803
418.759 1309.939
419.030 1236.074
419.301 1203.209
419.572 1167.343
419.843 1116.478
420.114 957.612
420.386 928.745
420.657 1055.879
420.928 916.012
421.199 832.144
421.470 856.277
421.741 808.409
422.012 777.541
422.283 748.673
422.555 785.804
422.826 857.935
423.097 961.066
423.368 915.196
423.639 779.327
423.910 876.457
424.181 756.586
424.453 622.716
424.724 942.845
424.995 1015.973
425.266 800.102
425.537 776.230
425.808 897.358
426.079 961.486
426.350 895.613
426.622 915.740
426.893 1022.867
427.164 958.994
427.435 841.120
427.706 842.246
427.977 861.372
428.248 836.498
428.519 963.623
428.791 881.748
429.062 1000.872
429.333 852.997
429.604 759.121
429.875 944.245
430.146 1040.369
430.417 988.492
430.689 952.615
430.960 800.738
431.231 827.860
431.502 1023.983
431.773 1051.105
432.044 908.226
432.315 1057.348
432.586 994.469
432.858 956.590
433.129 781.711
433.400 742.831
433.671 814.952
433.942 789.072
434.213 673.191
434.484 664.311
434.755 717.430
435.027 576.549
435.298 708.668
435.569 779.786
435.840 675.904
436.116 693.022
436.391 752.140
436.667 753.257
436.942 848.375
437.218 870.492
437.493 853.608
437.769 909.725
438.045 805.841
438.320 831.957
438.596 814.073
438.871 692.188
439.147 747.303
439.422 689.418
439.698 624.533
439.974 659.648
440.249 829.762
440.525 858.876
440.800 629.990
441.076 715.103
441.351 903.216
441.627 937.330
441.903 842.442
442.178 691.555
442.454 731.667
442.729 898.779
443.005 730.891
443.281 839.003
443.556 998.114
443.832 821.226
444.107 658.337
444.383 735.447
444.658 771.558
444.934 618.668
445.210 810.778
445.485 899.888
445.761 911.997
446.036 847.107
446.312 912.216
446.587 930.325
446.863 667.433
447.139 724.542
447.414 827.650
447.690 899.758
447.965 884.866
448.241 809.973
448.516 851.081
448.792 853.188
449.068 828.295
449.343 899.401
449.619 870.508
449.894 923.614
450.170 954.720
450.445 1102.826
450.721 1101.931
450.997 821.037
451.272 969.142
451.548 940.247
451.823 846.351
452.099 1050.456
452.375 929.560
452.650 899.664
452.926 1043.768
453.201 1080.871
453.477 1368.975
453.752 1223.078
454.028 1046.181
454.304 1120.284
454.579 1202.386
454.855 1174.489
455.130 1153.591
455.406 1287.693
455.681 1158.794
455.957 1035.896
456.233 1013.997
456.508 1034.098
456.784 1044.199
457.059 996.300
457.335 1161.400
457.610 1039.501
457.886 930.601
458.162 889.701
458.437 881.800
458.713 924.900
458.988 903.999
459.264 916.098
459.539 946.197
459.815 851.296
460.091 766.394
460.366 728.492
460.642 700.590
460.917 776.688
461.193 858.786
461.468 786.883
461.744 697.981
462.020 701.078
462.295 778.175
462.571 724.271
462.846 767.368
463.122 931.464
463.397 955.560
463.673 778.877
463.949 789.962
464.224 862.984
464.500 944.998
464.775 932.038
465.051 1035.063
465.327 1236.991
465.602 1482.358
465.878 1625.791
466.153 1501.508
466.429 1728.876
466.704 2081.536
466.980 2052.792
467.256 2215.886
467.531 2482.461
467.807 2509.090
468.082 2479.123
468.358 2537.795
468.633 2687.099
468.909 2595.826
469.185 2593.502
469.460 2681.717
469.736 2695.587
470.011 2467.079
470.287 2475.756
470.562 2585.678
470.838 2409.772
471.114 2409.267
471.389 2407.339
471.665 2329.986
471.940 2300.047
472.216 2241.433
472.491 1980.371
472.767 1898.292
473.043 2010.959
473.318 2038.433
473.594 1828.236
473.869 1738.630
474.145 1625.801
474.421 1441.761
474.696 1416.419
474.972 1333.430
475.247 1338.956
475.523 1365.178
475.798 1295.303
476.074 1191.222
476.350 1165.853
476.625 1215.041
476.901 1270.175
477.176 1208.889
477.452 1075.499
477.727 1092.881
478.003 963.810
478.279 1161.052
478.554 1285.123
478.830 1236.671
479.105 1184.501
479.381 1174.259
479.656 1165.218
479.932 1187.426
480.208 1253.112
480.483 1344.954
480.759 1378.407
481.034 1256.898
481.310 1286.277
481.585 1343.244
481.861 1367.523
482.137 1280.631
482.412 1277.415
482.688 1258.870
482.963 1333.919
483.239 1430.863
483.514 1257.599
483.790 1220.167
484.066 1472.777
484.341 1305.721
484.617 1261.630
484.892 1373.630
485.168 1327.940
485.443 1254.137
485.719 1312.867
485.995 1389.708
486.270 1371.563
486.546 1331.344
486.821 1222.621
487.097 1148.224
487.373 1243.819
487.648 1464.875
487.924 1478.263
488.199 1307.932
488.475 1100.741
488.750 1130.034
489.026 1291.182
489.302 1286.354
489.577 1286.152
489.853 1306.517
490.128 1461.345
490.404 1455.101
490.679 1228.172
490.955 1425.485
491.231 1517.449
491.506 1407.464
491.782 1315.874
492.057 1193.332
492.333 1312.783
492.608 1321.665
492.884 1374.579
493.160 1231.798
493.435 1229.388
493.711 1394.169
493.986 1341.949
494.262 1294.321
494.537 1299.298
494.813 1359.530
495.089 1235.204
495.364 1284.396
495.640 1315.905
495.915 1342.502
496.191 1460.378
496.467 1361.399
496.742 1381.178
497.018 1452.094
497.293 1393.926
497.569 1444.785
497.844 1367.523
498.120 1414.132
498.396 1436.853
498.671 1474.104
498.947 1552.629
499.222 1593.014
499.498 1636.465
499.773 1733.056
500.049 1803.385
500.325 1815.239
500.600 1955.944
500.876 2070.087
501.151 2262.880
501.427 2400.768
501.702 2551.998
501.978 2644.534
502.254 2833.217
502.529 2756.999
502.805 2973.343
503.080 3158.874
503.356 3109.662
503.631 3075.503
503.907 3073.704
504.183 3005.964
504.458 3151.786
504.734 3097.104
505.009 3090.099
505.285 3024.473
505.560 3012.387
505.836 3054.982
506.112 2976.107
506.387 2757.555
506.663 2704.283
506.938 2667.954
507.214 2593.202
507.490 2522.978
507.765 2411.522
508.041 2362.148
508.316 2323.874
508.592 2112.818
508.867 2024.244
509.143 2109.717
509.419 1926.872
509.694 1702.415
509.970 1613.217
510.245 1535.982
510.521 1597.515
510.796 1474.110
511.072 1388.265
511.348 1402.515
511.623 1397.598
511.899 1302.047
512.174 1378.280
512.450 1450.393
512.725 1397.881
513.001 1134.918
513.277 1057.624
513.552 1271.016
513.828 1232.086
514.103 1174.781
514.379 1275.612
514.654 1138.325
514.930 1168.571
515.206 1532.553
515.481 1460.980
515.757 1280.907
516.032 1265.041
516.308 1399.354
516.583 1561.956
516.859 1484.977
517.135 1485.042
517.410 1625.077
517.686 1734.956
517.961 1813.737
518.237 1853.929
518.513 1895.902
518.788 2274.209
519.064 2381.851
519.339 2422.863
519.615 2558.618
519.890 2724.969
520.166 2848.611
520.442 3149.108
520.717 3288.727
520.993 3277.507
521.268 3084.809
521.544 3245.602
521.819 3201.964
522.095 3241.179
522.371 3434.682
522.646 3457.753
522.922 3569.445
523.197 3544.602
523.473 3704.907
523.748 3591.092
524.024 3474.406
524.300 3443.844
524.575 3435.292
524.851 3483.199
525.126 3496.182
525.402 3529.252
525.677 3541.753
525.953 3466.725
526.229 3488.773
526.504 3352.458
526.780 3647.898
527.055 3624.655
527.331 3570.169
527.606 3665.603
527.882 3647.801
528.158 3585.263
528.433 3747.674
528.709 3534.682
528.984 3542.419
529.260 3474.291
529.535 3363.424
529.811 3251.092
530.087 3120.739
530.362 3091.050
530.638 3123.745
530.913 3142.365
531.189 2994.878
531.465 2843.393
531.740 2757.310
532.016 2772.608
532.291 2700.133
532.567 2635.657
532.842 2562.073
533.118 2417.187
533.394 2447.747
533.669 2243.424
533.945 2088.813
534.220 2024.669
534.496 2129.912
534.771 1977.076
535.047 1967.356
535.323 1927.343
535.598 1877.716
535.874 1939.178
536.149 2063.321
536.425 2001.797
536.700 2107.530
536.976 2597.014
537.252 3300.308
537.527 3991.230
537.803 4785.001
538.078 5519.361
538.354 6085.790
538.629 6390.065
538.905 6809.414
539.181 7343.612
539.456 7690.810
539.732 8143.671
540.007 8481.340
540.283 8555.983
540.558 8932.589
540.834 9375.638
541.110 9791.908
541.385 10222.658
541.661 10379.151
541.936 10564.915
542.212 10567.945
542.488 10658.190
542.763 10822.765
543.039 10956.574
543.314 10895.123
543.590 10672.632
543.865 10757.097
544.141 10551.592
544.417 10240.824
544.692 9930.055
544.968 9842.723
545.243 9536.459
545.519 9079.179
545.794 8940.148
546.070 8852.729
546.348 8530.249
546.627 8112.283
546.905 8310.459
547.183 8305.925
547.461 8285.126
547.740 8270.285
548.018 8306.394
548.296 8268.408
548.575 8385.643
548.853 8755.111
549.131 9090.816
549.409 9501.494
549.688 10034.286
549.966 10286.324
550.244 10630.624
550.523 10822.323
550.801 11049.285
551.079 11280.744
551.357 11420.263
551.636 11505.869
551.914 11579.875
552.192 11638.113
552.471 11891.511
552.749 12040.546
553.027 12281.700
553.306 12777.051
553.584 13331.675
553.862 13498.396
554.140 13977.819
554.419 14329.552
554.697 15088.664
554.975 15731.486
555.254 15983.022
555.532 15971.371
555.810 16108.035
556.088 16023.163
556.367 15607.440
556.645 15209.040
556.923 15007.729
557.202 14728.860
557.480 14434.028
557.758 13942.872
558.036 13382.301
558.315 12761.089
558.593 12725.321
558.871 12180.356
559.150 11780.057
559.428 11437.655
559.706 10832.330
559.984 10292.001
560.263 10000.544
560.541 9331.679
560.819 8794.476
561.098 8142.997
561.376 7523.815
561.654 6591.171
561.932 5769.845
562.211 5242.958
562.489 4851.075
562.767 4385.816
563.046 3820.432
563.324 3366.718
563.602 3107.752
563.880 2803.474
564.159 2586.632
564.437 2424.084
564.715 2146.228
564.994 1885.239
565.272 1867.053
565.550 1691.772
565.828 1595.555
566.107 1645.846
566.385 1572.206
566.663 1362.491
566.942 1263.943
567.220 1312.982
567.498 1463.329
567.776 1272.030
568.055 1154.769
568.333 1190.393
568.611 1211.038
568.890 1091.624
569.168 1023.315
569.446 1035.945
569.725 1019.566
570.003 880.482
570.281 857.203
570.559 983.941
570.838 989.781
571.116 1005.321
571.394 1018.933
571.673 1040.336
571.951 942.364
572.229 847.264
572.507 849.105
572.786 872.351
573.064 895.642
573.342 916.136
573.621 755.043
573.899 747.284
574.177 944.348
574.455 889.599
574.734 752.551
575.012 835.767
575.290 830.754
575.569 866.909
575.847 889.395
576.125 897.291
576.403 723.366
576.682 755.588
576.960 848.748
577.243 905.044
577.527 827.164
577.810 674.500
578.093 655.486
578.377 718.092
578.660 754.699
578.944 758.696
579.227 705.788
579.510 810.597
579.794 760.851
580.077 694.730
580.360 708.361
580.644 699.179
580.927 725.764
581.210 774.517
581.494 715.348
581.777 726.621
582.061 701.493
582.344 695.258
582.627 666.389
582.911 688.368
583.194 638.201
583.477 723.076
583.761 810.945
584.044 843.924
584.327 781.874
584.611 700.999
584.894 703.041
585.178 665.123
585.461 682.150
585.744 765.111
586.028 673.920
586.311 750.964
586.594 802.008
586.878 695.052
587.161 623.095
587.444 650.139
587.728 732.182
588.011 823.226
588.295 629.269
588.578 658.654
588.861 849.506
589.145 736.399
589.428 698.140
589.711 596.485
589.995 592.935
590.278 771.799
590.562 691.614
590.845 661.995
591.128 838.023
591.412 768.205
591.695 679.105
591.978 810.206
592.262 777.092
592.545 609.084
592.828 765.423
593.112 640.076
593.395 582.291
593.679 593.706
593.962 748.130
594.245 789.218
594.529 723.588
594.812 569.829
595.095 531.632
595.379 728.234
595.662 780.689
595.945 669.727
596.229 535.175
596.512 593.562
596.796 697.263
597.079 784.733
597.362 853.090
597.646 869.102
597.929 760.340
598.212 723.068
598.496 733.978
598.779 843.856
599.062 871.537
599.346 709.682
599.629 697.188
599.913 695.556
600.196 724.168
600.479 804.203
600.763 830.651
601.046 670.749
601.329 668.496
601.613 776.039
601.896 695.450
602.179 766.515
602.463 707.615
602.746 808.833
603.030 939.521
603.313 866.018
603.596 649.178
603.880 723.090
604.163 814.305
604.446 681.323
604.730 628.473
605.013 775.646
605.296 858.717
605.580 789.216
605.863 859.773
606.147 704.082
606.430 648.293
606.713 768.049
606.997 716.930
607.280 939.358
607.563 873.839
607.847 785.046
608.130 860.079
608.414 944.403
608.697 843.658
608.980 738.744
609.264 855.192
609.547 767.223
609.830 755.507
610.114 839.776
610.397 814.348
610.680 843.922
610.964 868.163
611.247 909.377
611.531 806.283
611.814 681.689
612.097 736.682
612.381 935.016
612.664 1069.435
612.947 935.027
613.231 867.351
613.514 898.692
613.797 990.084
614.081 1008.785
614.364 1052.044
614.648 1074.674
614.931 1003.002
615.214 920.524
615.498 1016.844
615.781 1091.701
616.064 1042.525
616.348 1189.215
616.631 1200.275
616.914 1253.264
617.198 1159.954
617.481 1031.912
617.765 1023.104
618.048 1131.751
618.331 1098.224
618.615 1039.069
618.898 1159.658
619.181 1191.315
619.465 1102.519
619.748 959.133
620.031 919.525
620.315 931.374
620.598 1030.548
620.882 1053.455
621.165 1202.649
621.448 1116.204
621.732 1017.848
622.015 923.357
622.298 909.282
622.582 978.089
622.865 966.115
623.148 834.283
623.432 901.054
623.715 821.010
623.999 1039.342
624.282 1065.522
624.565 1029.472
624.849 829.307
625.132 725.168
625.415 1012.502
625.699 1086.213
625.982 968.186
626.265 900.412
626.549 864.185
626.832 925.837
627.116 992.539
627.399 775.402
627.682 746.657
627.966 793.271
628.249 776.412
628.532 745.515
628.816 893.503
629.099 817.492
629.383 771.664
629.666 776.151
629.949 738.009
630.233 674.946
630.516 738.385
630.799 847.739
631.083 759.466
631.366 698.950
631.649 631.537
631.933 602.548
632.216 770.962
632.500 837.653
632.783 848.839
633.066 831.723
633.350 842.871
633.633 888.423
633.916 854.269
634.200 803.906
634.483 881.712
634.766 926.973
635.050 890.071
635.333 789.351
635.617 753.696
635.900 930.498
636.183 1020.538
636.467 910.909
636.750 964.883
637.033 1030.952
637.317 999.851
637.600 1013.041
637.883 1023.388
638.167 1073.116
638.450 1086.119
638.734 1046.824
639.017 1112.398
639.300 1166.735
639.584 1056.227
639.867 1254.574
640.150 1247.121
640.434 1270.538
640.717 1288.072
641.000 1267.542
641.284 1343.273
641.567 1259.434
641.851 1294.461
642.134 1434.425
642.417 1406.946
642.701 1578.545
642.984 1634.109
643.267 1544.503
643.551 1390.975
643.834 1352.946
644.117 1484.668
644.401 1421.423
644.684 1514.236
644.968 1724.621
645.251 1702.396
645.534 1602.988
645.818 1699.641
646.101 1920.046
646.384 2072.189
646.668 2220.575
646.951 2275.065
647.235 2419.150
647.518 2460.533
647.801 2761.315
648.085 3098.658
648.368 3280.171
648.651 3544.298
648.935 3891.869
649.218 4220.523
649.501 4489.375
649.785 4758.247
650.068 5123.858
650.352 5524.382
650.635 6039.085
650.918 6434.610
651.202 7118.988
651.485 7914.002
651.768 8583.151
652.052 9218.786
652.335 10151.420
652.618 11111.441
652.902 11998.655
653.185 12783.297
653.469 13237.123
653.752 13661.849
654.035 14056.039
654.319 14693.338
654.602 14981.232
654.885 15006.665
655.169 15265.071
655.452 15358.142
655.735 15591.801
656.019 15653.056
656.302 15831.804
656.586 16053.832
656.869 16373.023
657.152 16413.881
657.436 16412.144
657.719 16787.840
658.002 17065.735
658.286 17068.862
658.569 16757.045
658.852 16332.556
659.136 15872.348
659.419 15160.703
659.703 14569.870
659.986 13958.733
660.269 13587.366
660.553 12891.677
660.836 12697.602
661.119 12610.233
661.403 12381.364
661.686 12217.221
661.969 12037.190
662.253 11710.962
662.536 11571.764
662.820 11429.661
663.103 11178.169
663.386 11015.927
663.670 10852.670
663.953 10491.662
664.236 10547.914
664.520 10471.955
664.803 10293.666
665.086 10193.196
665.370 10225.842
665.653 10303.886
665.937 10075.014
666.220 9661.250
666.503 9475.681
666.787 9149.138
667.070 8860.852
667.353 8534.662
667.637 8071.131
667.920 7744.588
668.204 7125.323
668.487 6541.425
668.770 6126.527
669.054 5422.890
669.337 4859.639
669.620 4351.003
669.904 3853.729
670.187 3657.890
670.470 3497.366
670.754 3084.129
671.037 2712.142
671.321 2515.324
671.604 2517.925
671.887 2404.870
672.171 2227.826
672.454 2216.374
672.737 2096.969
673.021 1958.636
673.304 1980.182
673.587 2080.827
673.871 1992.544
674.154 2012.095
674.438 1944.304
674.721 1960.776
675.004 1976.196
675.288 1856.883
675.571 1901.048
675.854 1919.614
676.138 1892.755
676.421 1864.809
676.704 1825.441
676.988 1900.985
677.271 2116.820
677.555 1991.839
677.838 1845.021
678.121 1833.846
678.405 1740.362
678.688 1712.440
678.971 1507.514
679.255 1559.409
679.538 1579.147
679.821 1579.175
680.105 1456.232
680.388 1386.685
680.672 1337.219
680.955 1250.968
681.238 1210.674
681.522 1164.745
681.805 1209.084
682.088 1272.435
682.372 1313.414
682.655 1183.289
682.938 1245.947
683.222 1266.852
683.505 1187.743
683.789 1256.736
684.072 1226.461
684.355 1189.717
684.639 1203.314
684.922 1101.045
685.205 1049.924
685.489 1233.668
685.772 1283.051
686.056 1202.830
686.339 1222.732
686.622 1070.937
686.906 986.413
687.189 1136.753
687.472 1283.962
687.756 1176.289
688.039 1121.177
688.322 1048.135
688.606 1268.412
688.889 1263.220
689.173 1186.002
689.456 1308.158
689.739 1330.106
690.023 1349.600
690.306 1344.413
690.589 1285.748
690.873 1398.900
691.156 1459.281
691.439 1396.872
691.723 1258.501
692.006 1415.047
692.290 1422.526
692.573 1494.803
692.856 1593.286
693.140 1590.203
693.423 1508.873
693.706 1375.747
693.990 1388.440
694.273 1409.758
694.556 1628.144
694.840 1671.868
695.123 1475.951
695.407 1489.934
695.690 1380.814
695.973 1456.490
696.257 1605.376
696.540 1825.972
696.830 1774.789
697.120 1840.591
697.410 1938.316
697.699 1904.558
697.989 2203.861
698.279 2063.583
698.569 1845.305
698.859 2025.658
699.149 2071.643
699.439 1956.171
699.729 1872.567
700.018 1824.633
700.308 1925.754
700.598 1785.106
700.888 1717.696
701.178 1949.479
701.468 1908.987
701.758 1715.588
702.048 1826.575
702.337 1747.557
702.627 1728.918
702.917 1706.743
703.207 1549.251
703.497 1498.420
703.787 1306.989
704.077 1317.382
704.366 1333.837
704.656 1192.102
704.946 1083.549
705.236 989.584
705.526 1101.394
705.816 1214.192
706.106 935.837
706.396 967.797
706.685 935.146
706.975 780.254
707.265 746.025
707.555 910.390
707.845 958.163
708.135 857.096
708.425 785.408
708.715 796.099
709.004 954.427
709.294 919.865
709.584 892.432
709.874 919.083
710.164 898.396
710.454 875.490
710.744 797.650
711.034 827.458
711.323 886.876
711.613 790.442
711.903 890.966
712.193 928.353
712.483 753.351
712.773 745.507
713.063 732.291
713.352 773.974
713.642 764.663
713.932 888.071
714.222 892.206
714.512 789.220
714.802 787.152
715.092 835.624
715.382 737.318
715.671 752.326
715.961 709.472
716.251 615.082
716.541 766.581
716.831 812.019
717.121 634.250
717.411 757.459
717.701 857.002
717.990 791.952
718.280 756.077
718.570 715.984
718.860 695.283
719.150 736.084
719.440 708.685
719.730 696.012
720.019 929.147
720.309 772.463
720.599 688.434
720.889 715.610
721.179 782.617
721.469 837.986
721.759 765.944
722.049 786.099
722.338 654.768
722.628 644.520
722.918 714.940
723.208 814.413
723.498 661.549
723.788 730.542
724.078 890.332
724.368 813.960
724.657 775.625
724.947 750.357
725.237 783.921
725.527 840.892
725.817 768.742
726.107 737.144
726.397 693.645
726.686 573.743
726.976 673.377
727.266 759.471
727.556 695.662
727.846 814.459
728.136 813.692
728.426 665.096
728.716 625.388
729.005 793.045
729.295 730.081
729.585 596.568
729.875 586.711
730.165 720.182
730.455 744.451
730.745 682.087
731.035 700.554
731.324 818.669
731.614 753.993
731.904 642.988
732.194 776.147
732.484 743.849
732.774 682.585
733.064 648.559
733.354 542.548
733.643 577.327
733.933 642.087
734.223 607.020
734.513 752.264
734.803 793.019
735.093 675.966
735.383 656.138
735.672 739.166
735.962 779.772
736.252 563.976
736.542 644.435
736.832 599.402
737.122 501.970
737.412 642.187
737.702 783.171
737.991 768.471
738.281 698.222
738.571 699.521
738.861 728.477
739.151 683.222
739.441 752.383
739.731 618.677
740.021 696.763
740.310 842.441
740.600 842.305
740.890 599.286
741.180 591.605
741.470 710.085
741.760 768.348
742.050 876.956
742.339 764.962
742.629 675.961
742.919 804.567
743.209 581.459
743.499 634.478
743.789 640.076
744.079 665.839
744.369 767.079
744.658 679.422
744.948 467.878
745.238 652.703
745.528 739.937
745.818 857.755
746.108 727.814
746.398 745.438
746.688 713.680
746.977 833.859
747.267 696.838
747.557 730.353
747.847 804.925
748.137 719.179
748.427 660.492
748.717 572.524
749.006 501.327
749.296 646.268
749.586 703.356
749.876 820.610
750.166 721.027
750.456 630.041
750.746 679.591
751.036 613.742
751.325 747.494
751.615 700.308
751.905 681.347
752.195 736.047
752.485 683.067
752.775 710.797
753.065 621.727
753.355 819.944
753.644 775.919
753.934 683.898
754.224 671.195
754.514 827.511
754.804 607.041
755.094 501.744
755.384 596.046
755.674 612.114
755.963 696.385
756.253 687.064
756.543 784.688
756.833 791.310
757.123 740.333
757.413 655.669
757.703 631.568
757.992 623.546
758.282 662.096
758.572 630.619
758.862 574.357
759.152 650.758
759.442 679.240
759.732 723.157
760.022 769.407
760.311 686.699
760.601 588.126
760.891 747.099
761.181 753.402
761.471 681.744
761.761 542.469
762.051 568.671
762.341 762.282
762.630 877.872
762.920 745.967
763.210 687.262
763.500 720.828
763.793 594.966
764.086 648.358
764.379 616.537
764.671 717.159
764.964 679.954
765.257 679.972
765.550 688.418
765.843 531.178
766.136 623.939
766.429 612.868
766.722 641.474
767.014 607.648
767.307 511.601
767.600 505.577
767.893 558.524
768.186 585.760
768.479 606.948
768.772 743.054
769.064 696.702
769.357 673.863
769.650 671.536
769.943 773.597
770.236 659.819
770.529 551.631
770.822 601.044
771.115 704.893
771.407 786.348
771.700 810.584
771.993 876.067
772.286 760.166
772.579 780.587
772.872 648.548
773.165 587.074
773.457 709.068
773.750 723.928
774.043 622.029
774.336 660.049
774.629 723.252
774.922 654.373
775.215 562.564
775.508 576.554
775.800 570.962
776.093 698.442
776.386 699.769
776.679 640.069
776.972 721.657
777.265 936.176
777.558 927.204
777.850 748.400
778.143 687.111
778.436 716.994
778.729 667.045
779.022 674.097
779.315 637.934
779.608 570.614
779.900 593.747
780.193 601.805
780.486 661.459
780.779 614.674
781.072 541.931
781.365 644.799
781.658 626.387
781.951 615.360
782.243 746.408
782.536 743.908
782.829 688.704
783.122 733.902
783.415 733.183
783.708 777.332
784.001 777.349
784.293 756.303
784.586 777.606
784.879 805.679
785.172 685.770
785.465 585.272
785.758 658.435
786.051 652.440
786.344 739.152
786.636 929.098
786.929 754.940
787.222 673.222
787.515 638.858
787.808 649.586
788.101 594.657
788.394 766.502
788.686 890.395
788.979 813.302
789.272 751.567
789.565 701.931
789.858 630.091
790.151 594.773
790.444 543.841
790.737 591.401
791.029 596.225
791.322 664.105
791.615 588.684
791.908 678.788
792.201 691.101
792.494 662.512
792.787 735.573
793.079 827.051
793.372 787.398
793.665 816.116
793.958 665.584
794.251 637.684
794.544 739.654
794.837 861.046
795.130 680.604
795.422 660.680
795.715 722.510
796.008 738.217
796.301 764.651
796.594 687.974
796.887 668.070
797.180 692.680
797.472 511.240
797.765 476.361
798.058 585.464
798.351 582.076
798.644 557.166
798.937 519.296
799.230 604.452
799.523 989.916
799.815 899.204
800.108 585.162
800.401 534.330
800.694 711.526
800.987 620.105
801.280 653.327
801.573 759.237
801.865 789.223
802.158 709.609
802.451 628.786
802.744 628.802
803.037 633.807
803.330 650.440
803.623 747.611
803.915 709.702
804.208 586.551
804.501 641.795
804.794 711.880
805.087 697.184
805.380 590.380
805.673 558.774
805.966 626.857
806.258 616.479
806.551 701.066
806.844 692.045
807.137 714.867
807.430 557.538
807.723 547.513
808.016 783.472
808.308 850.457
808.601 640.933
808.894 551.695
809.187 618.731
809.480 662.389
809.773 656.714
810.066 709.704
810.359 769.850
810.651 750.228
810.944 490.414
811.237 486.888
811.530 662.484
811.825 598.522
812.119 537.388
812.414 478.877
812.709 645.032
813.003 682.790
813.298 616.392
813.593 709.855
813.887 668.666
814.182 895.190
814.476 828.093
814.771 812.880
815.066 721.975
815.360 599.306
815.655 583.061
815.950 657.931
816.244 695.586
816.539 852.983
816.834 773.487
817.128 702.863
817.423 795.944
817.718 994.719
818.012 758.821
818.307 480.395
818.602 599.262
818.896 699.070
819.191 711.109
819.486 653.887
819.780 690.977
820.075 833.801
820.369 861.394
820.664 686.317
820.959 752.585
821.253 761.670
821.548 710.908
821.843 785.089
822.137 731.866
822.432 700.073
822.727 688.305
823.021 649.373
823.316 803.671
823.611 828.406
823.905 697.946
824.200 593.849
824.495 738.577
824.789 798.719
825.084 753.635
825.379 634.192
825.673 644.381
825.968 783.326
826.262 740.739
826.557 749.492
826.852 764.635
827.146 744.480
827.441 715.073
827.736 774.234
828.030 701.746
828.325 533.288
828.620 681.923
828.914 858.008
829.209 716.525
829.504 895.454
829.798 856.537
830.093 703.427
830.388 618.875
830.682 549.599
830.977 702.615
831.271 784.137
831.566 630.243
831.861 626.854
832.155 625.301
832.450 678.627
832.745 837.699
833.039 749.827
833.334 627.399
833.629 686.595
833.923 584.468
834.218 564.460
834.513 601.253
834.807 600.863
835.102 534.865
835.397 616.676
835.691 609.348
835.986 596.975
836.281 556.057
836.575 569.225
836.870 632.580
837.164 670.357
837.459 593.544
837.754 631.643
838.048 575.163
838.343 558.110
838.638 608.286
838.932 663.899
839.227 618.826
839.522 665.892
839.816 684.790
840.111 634.912
840.406 613.379
840.700 792.068
840.995 970.540
841.290 916.206
841.584 756.127
841.879 770.891
842.174 649.020
842.468 623.845
842.763 602.343
843.057 722.801
843.352 685.505
843.647 674.224
843.941 671.061
844.236 742.533
844.531 795.776
844.825 702.871
845.120 742.196
845.415 838.097
845.709 761.247
846.004 797.753
846.299 649.769
846.593 856.894
846.888 824.769
847.183 691.356
847.477 676.350
847.772 680.204
848.066 695.764
848.361 713.310
848.656 750.626
848.950 762.642
849.245 835.612
849.540 701.760
849.834 804.526
850.129 849.042
850.424 774.257
850.718 757.920
851.013 875.177
851.308 763.969
851.602 739.873
851.897 838.254
852.192 948.858
852.486 839.025
852.781 719.910
853.076 785.217
853.370 786.622
853.665 870.160
853.959 828.234
854.254 740.645
854.549 961.912
854.843 812.724
855.138 724.019
855.433 820.609
855.727 871.731
856.022 739.687
856.317 745.638
856.611 757.487
856.906 637.106
857.201 775.419
857.495 958.262
857.790 889.050
858.085 820.392
858.379 726.665
858.674 652.317
858.969 646.064
859.263 714.655
859.558 696.889
859.852 640.426
860.147 728.948
860.442 877.391
860.736 621.814
861.031 785.926
861.326 851.248
861.620 646.023
861.915 778.122
862.210 783.142
862.504 692.613
862.799 806.944
863.094 832.900
863.388 720.741
863.683 713.627
863.978 666.628
864.272 653.658
864.567 631.677
864.861 633.508
865.156 582.912
865.451 568.184
865.745 753.406
866.040 803.973
866.335 858.972
866.629 865.303
866.924 734.448
867.219 683.827
867.513 829.531
867.808 735.629
868.103 658.699
868.397 678.287
868.692 733.495
868.987 673.231
869.281 634.356
869.576 731.660
869.871 783.993
870.165 657.249
870.460 558.001
870.754 624.498
871.049 536.961
871.344 614.128
871.638 690.307
871.933 638.713
872.228 651.875
872.522 644.713
872.817 752.768
873.112 921.078
873.406 752.540
873.701 820.844
873.996 784.204
874.290 667.694
874.585 599.419
874.880 689.053
875.174 701.572
875.469 666.123
875.764 677.074
876.058 572.286
876.353 497.575
876.647 512.473
876.942 550.380
877.237 633.022
877.531 704.695
877.826 732.633
878.121 688.730
878.415 665.295
878.710 607.545
879.005 753.855
879.299 660.312
879.594 567.829
879.889 479.900
880.183 495.897
880.478 600.222
880.773 619.654
881.067 603.598
881.362 610.858
881.656 557.631
881.951 571.015
882.246 498.345
882.540 599.741
882.835 605.451
883.130 606.742
883.424 544.646
883.719 539.091
884.014 630.608
884.308 608.186
884.603 529.337
884.898 528.815
885.192 640.310
885.487 651.160
885.782 582.744
886.076 650.052
886.371 617.476
886.666 463.570
886.960 540.225
887.255 531.695
887.549 520.031
887.844 720.220
888.139 793.170
888.433 703.691
888.728 565.684
889.023 609.211
889.317 654.240
889.612 493.352
889.907 510.624
890.201 624.793
890.496 664.923
890.791 634.310
891.085 580.803
891.380 596.700
891.675 630.806
891.969 684.703
892.264 546.339
892.559 532.722
892.853 676.185
893.148 579.990
893.442 527.877
893.737 669.445
894.032 580.760
894.326 488.259
894.621 534.964
894.916 494.000
895.210 554.367
895.505 584.115
895.800 513.907
896.094 467.114
896.389 517.432
896.684 578.853
896.978 550.991
897.273 493.620
897.568 626.586
897.862 670.474
898.157 589.140
898.451 722.414
898.746 714.459
899.041 749.646
899.335 707.140
899.630 579.230
899.925 569.870
900.219 677.054
900.514 785.630
900.809 632.042
901.103 460.414
901.398 617.617
901.693 567.629
901.987 550.320
902.282 667.382
902.577 567.779
902.871 483.504
903.166 590.100
903.461 666.529
903.755 601.004
904.050 616.070
904.344 513.057
904.639 501.844
904.934 500.508
905.228 531.095
905.523 500.079
905.818 569.909
906.112 714.963
906.407 606.155
906.702 532.216
906.996 612.142
907.291 603.132
907.586 511.470
907.880 690.893
908.175 672.440
908.470 648.813
908.764 720.894
909.059 762.947
909.354 684.057
909.648 521.221
909.943 517.577
910.237 674.069
910.532 762.391
910.827 799.980
911.121 791.550
911.416 712.132
911.711 692.840
912.005 656.372
912.300 647.446
912.599 763.035
912.898 665.913
913.196 639.946
913.495 685.411
913.794 758.256
914.093 660.997
914.391 627.817
914.690 710.741
914.989 692.740
915.288 754.603
915.586 701.818
915.885 587.973
916.184 475.578
916.483 493.411
916.782 666.341
917.080 706.764
917.379 645.016
917.678 585.313
917.977 701.349
918.275 738.919
918.574 730.596
918.873 766.437
919.172 722.234
919.471 597.983
919.769 643.555
920.068 598.948
920.367 589.578
920.666 588.011
920.964 664.547
921.263 602.254
921.562 594.739
921.861 711.674
922.159 610.252
922.458 661.668
922.757 664.582
923.056 634.961
923.355 636.837
923.653 757.317
923.952 719.007
924.251 562.244
924.550 719.458
924.848 720.613
925.147 592.934
925.446 599.484
925.745 730.905
926.043 662.650
926.342 621.689
926.641 619.320
926.940 688.395
927.239 708.592
927.537 817.525
927.836 705.830
928.135 659.604
928.434 746.321
928.732 758.561
929.031 781.371
929.330 786.061
929.629 733.216
929.927 691.482
930.226 651.593
930.525 676.142
930.824 775.243
931.123 715.971
931.421 765.700
931.720 786.154
932.019 800.103
932.318 751.339
932.616 755.372
932.915 713.930
933.214 793.424
933.513 799.941
933.812 833.761
934.110 901.068
934.409 934.867
934.708 757.416
935.007 1018.794
935.305 1036.202
935.604 792.815
935.903 816.244
936.202 863.148
936.500 1025.951
936.799 1122.300
937.098 1064.935
937.397 1043.394
937.696 910.989
937.994 887.217
938.293 987.985
938.592 853.216
938.891 937.294
939.189 978.189
939.488 990.188
939.787 1211.694
940.086 1118.778
940.384 1074.885
940.683 982.808
940.982 918.961
941.281 1028.159
941.580 1265.816
941.878 1298.004
942.177 1083.682
942.476 1073.994
942.775 1100.795
943.073 914.614
943.372 842.906
943.671 1093.653
943.970 1223.837
944.268 1073.045
944.567 878.508
944.866 992.557
945.165 1056.815
945.464 937.120
945.762 808.326
946.061 1083.737
946.360 1129.432
946.659 1157.543
946.957 1109.806
947.256 1012.760
947.555 968.872
947.854 994.353
948.153 969.117
948.451 972.096
948.750 1052.746
949.049 891.388
949.348 1050.751
949.646 990.541
949.945 908.074
950.244 1113.463
950.543 1092.607
950.841 953.459
951.140 878.121
951.439 800.411
951.738 785.035
952.037 892.238
952.335 1065.987
952.634 1061.888
952.933 896.622
953.232 877.764
953.530 686.696
953.829 977.648
954.128 1086.601
954.427 987.831
954.725 1028.587
955.024 976.959
955.323 996.627
955.622 826.747
955.921 728.561
956.219 850.733
956.518 816.328
956.817 897.124
957.116 900.929
957.414 877.705
957.713 790.262
958.012 724.341
958.311 661.607
958.610 799.454
958.908 817.000
959.207 831.821
959.506 866.845
959.805 953.824
960.103 931.185
960.402 849.811
960.701 769.935
961.000 697.864
961.298 681.310
961.597 845.934
961.896 758.290
962.195 849.541
962.494 945.183
962.792 834.383
963.091 815.284
963.390 741.178
963.689 734.951
963.987 851.457
964.286 909.237
964.585 909.148
964.884 831.362
965.182 708.225
965.481 1033.907
965.780 1203.590
966.080 994.140
966.380 874.929
966.680 811.303
966.981 836.086
967.281 842.842
967.581 734.109
967.881 793.820
968.181 860.993
968.481 824.438
968.781 827.632
969.082 660.652
969.382 691.284
969.682 815.620
969.982 869.257
970.282 877.291
970.582 721.650
970.882 714.858
971.183 856.976
971.483 769.084
971.783 772.145
972.083 840.337
972.383 868.881
972.683 809.846
972.983 895.186
973.284 840.987
973.584 711.397
973.884 787.397
974.184 772.878
974.484 846.177
974.784 649.332
975.084 578.105
975.385 662.403
975.685 765.607
975.985 720.239
976.285 718.494
976.585 781.353
976.885 704.426
977.185 670.932
977.486 730.371
977.786 712.573
978.086 810.185
978.386 828.357
978.686 691.828
978.986 663.918
979.286 691.927
979.587 716.935
979.887 649.944
980.187 641.952
980.487 606.960
980.787 676.969
981.087 626.977
981.387 862.985
981.688 782.994
981.988 622.002
982.288 657.010
982.588 736.018
982.888 748.027
983.188 679.035
983.488 793.043
983.789 802.051
984.089 749.060
984.389 678.068
984.689 663.076
984.989 591.084
985.289 682.093
985.589 867.101
985.890 765.109
986.190 554.117
986.490 603.125
986.790 775.134
987.090 690.142
987.390 718.150
987.690 775.158
987.991 643.166
988.291 668.174
988.591 637.183
988.891 478.191
989.191 483.199
989.491 667.207
989.791 668.215
990.092 705.223
990.392 743.231
990.692 707.239
990.992 683.247
991.292 598.255
991.592 699.263
991.892 647.271
992.193 762.279
992.493 755.288
992.793 641.296
993.093 654.304
993.393 620.312
993.693 679.320
993.993 725.328
994.294 749.336
994.594 687.344
994.894 625.352
995.194 647.359
995.494 618.367
995.794 662.375
996.094 571.383
996.395 607.391
996.695 787.399
996.995 625.407
997.295 581.415
997.595 546.423
997.895 485.431
998.195 474.439
998.496 556.447
998.796 529.454
999.096 738.462
999.396 666.470
999.696 726.478
999.996 726.486
1000.296 786.494
1000.597 809.502
1000.897 696.509
1001.197 679.517
1001.497 830.525
1001.797 646.533
1002.097 511.541
1002.397 619.548
1002.698 719.556
1002.998 800.564
1003.298 720.572
1003.598 593.580
1003.898 535.587
1004.198 656.595
1004.498 760.603
1004.799 716.610
1005.099 765.618
1005.399 722.626
1005.699 750.634
1005.999 732.641
1006.299 576.649
1006.599 799.657
1006.900 882.664
1007.200 705.672
1007.500 678.680
1007.800 701.687
1008.100 631.695
1008.400 556.703
1008.700 597.710
1009.001 588.718
1009.301 564.726
1009.601 706.733
1009.901 805.741
1010.201 769.748
1010.501 727.756
1010.801 811.764
1011.102 622.771
1011.402 679.779
1011.702 576.786
1012.002 489.794
1012.302 662.801
1012.602 619.809
1012.902 588.817
1013.203 665.824
1013.503 726.832
1013.803 737.839
1014.103 614.847
1014.403 680.854
1014.703 592.862
1015.003 558.869
1015.304 769.877
1015.604 796.884
1015.904 548.892
1016.204 532.899
1016.504 636.906
1016.804 649.914
1017.104 602.921
1017.405 597.929
1017.705 597.936
1018.005 590.944
1018.305 630.951
1018.605 627.958
1018.905 532.966
1019.205 542.973
1019.506 809.981
1019.806 818.988
1020.106 703.995
1020.406 718.003
1020.706 677.010
1021.006 708.017
1021.306 817.025
1021.607 704.032
1021.907 796.040
1022.207 748.047
1022.507 662.054
1022.807 626.061
1023.107 625.069
1023.407 588.076
1023.708 610.083
1024.008 562.091
1024.308 619.098
1024.608 612.105
1024.908 511.113
1025.208 683.120
1025.508 877.127
1025.809 833.134
1026.109 661.142
1026.409 730.149
1026.709 667.156
1027.009 638.163
1027.309 721.170
1027.609 561.178
1027.910 574.185
1028.210 721.192
1028.510 815.199
1028.810 990.206
1029.110 873.214
1029.410 720.221
1029.710 799.228
1030.011 782.235
1030.311 803.242
1030.611 700.249
1030.911 687.257
1031.211 721.264
1031.511 634.271
1031.811 746.278
1032.112 707.285
1032.412 634.292
1032.712 516.299
1033.012 610.306
1033.312 819.313
1033.612 801.320
1033.912 672.328
1034.212 597.335
1034.513 536.342
1034.813 504.349
1035.113 606.356
1035.413 551.363
1035.713 625.370
1036.013 742.377
1036.313 708.384
1036.614 755.391
1036.914 668.398
1037.214 574.405
1037.514 697.412
1037.814 627.419
1038.114 638.426
1038.414 605.433
1038.715 692.440
1039.015 614.447
1039.315 484.454
1039.615 602.461
1039.915 658.468
1040.215 615.475
1040.515 646.482
1040.816 710.488
1041.116 650.495
1041.416 604.502
1041.716 533.509
1042.016 578.516
1042.316 764.523
1042.616 724.530
1042.917 598.537
1043.217 566.544
1043.517 618.551
1043.817 727.557
1044.117 729.564
1044.417 660.571
1044.717 592.578
1045.018 633.585
1045.318 757.592
1045.618 716.598
1045.918 627.605
1046.218 506.612
1046.518 609.619
1046.818 677.626
1047.119 561.633
1047.419 760.639
1047.719 761.646
1048.019 690.653
1048.319 746.660
1048.619 668.666
1048.919 665.673
1049.220 658.680
1049.520 723.687
1049.820 669.693
1050.120 558.700
1050.420 762.707
1050.720 711.714
1051.020 733.720
1051.321 740.727
1051.621 803.734
1051.921 690.741
1052.221 581.747
1052.521 565.754
1052.821 549.761
1053.121 666.767
1053.422 749.774
1053.722 823.781
1054.022 679.787
1054.322 776.794
1054.622 669.801
1054.922 570.807
1055.222 714.814
1055.523 742.821
1055.823 699.827
1056.123 759.834
1056.423 725.840
1056.723 812.847
1057.023 711.854
1057.323 572.860
1057.624 680.867
1057.924 740.873
1058.224 716.880
1058.524 592.887
1058.824 684.893
1059.124 681.900
1059.424 609.906
1059.725 743.913
1060.025 686.919
1060.325 631.926
1060.625 614.932
1060.925 629.939
1061.225 637.945
1061.525 784.952
1061.826 731.958
1062.126 699.965
1062.426 719.971
1062.726 768.978
1063.026 726.984
1063.326 870.991
1063.626 876.997
1063.927 720.004
1064.227 689.010
1064.527 594.017
1064.827 714.023
1065.127 669.030
1065.427 503.036
1065.727 535.043
1066.028 700.049
1066.328 723.055
1066.628 549.062
1066.928 563.068
1067.228 655.075
1067.528 654.081
1067.828 648.087
1068.129 603.094
1068.429 767.100
1068.729 811.107
1069.029 633.113
1069.329 539.119
1069.629 620.126
1069.929 718.132
1070.230 832.138
1070.530 770.145
1070.830 617.151
1071.130 692.158
1071.430 673.164
1071.730 701.170
1072.030 775.176
1072.331 628.183
1072.631 637.189
1072.931 706.195
1073.231 703.202
1073.531 673.208
1073.831 674.214
1074.131 766.221
1074.432 841.227
1074.732 667.233
1075.032 541.239
1075.332 526.246
1075.632 607.252
1075.932 598.258
1076.232 581.264
1076.533 600.271
1076.833 727.277
1077.133 675.283
1077.433 573.289
1077.733 632.296
1078.033 740.302
1078.333 667.308
1078.634 672.314
1078.934 730.320
1079.234 607.327
1079.534 778.333
1079.834 829.339
1080.134 728.345
1080.434 756.351
1080.735 697.357
1081.035 680.364
1081.335 502.370
1081.635 556.376
1081.935 673.382
1082.235 633.388
1082.535 626.394
1082.836 701.400
1083.136 658.407
1083.436 715.413
1083.736 734.419
1084.036 593.425
1084.336 582.431
1084.636 640.437
1084.937 759.443
1085.237 814.449
1085.537 708.455
1085.837 731.461
1086.137 668.467
1086.437 740.474
1086.737 679.480
1087.038 642.486
1087.338 791.492
1087.638 811.498
1087.938 650.504
1088.238 536.510
1088.538 652.516
1088.838 747.522
1089.139 746.528
1089.439 555.534
1089.739 717.540
1090.039 778.546
1090.339 786.552
1090.639 609.558
1090.939 655.564
1091.240 578.570
1091.540 605.576
1091.840 597.582
1092.140 701.588
1092.453 780.594
1092.766 697.600
1093.079 607.606
1093.392 625.612
1093.705 631.617
1094.018 684.623
1094.330 827.629
1094.643 752.635
1094.956 827.641
1095.269 659.647
1095.582 654.653
1095.895 594.659
1096.208 576.665
1096.521 657.671
1096.834 748.677
1097.147 680.683
1097.460 739.688
1097.773 772.694
1098.085 638.700
1098.398 593.706
1098.711 640.712
1099.024 539.718
1099.337 649.724
1099.650 747.729
1099.963 745.735
1100.276 657.741
1100.589 581.747
1100.902 647.753
1101.215 682.759
1101.528 738.764
1101.841 631.770
1102.153 658.776
1102.466 794.782
1102.779 642.788
1103.092 589.793
1103.405 654.799
1103.718 614.805
1104.031 596.811
1104.344 704.816
1104.657 668.822
1104.970 958.828
1105.283 753.834
1105.596 575.840
1105.909 592.845
1106.221 752.851
1106.534 763.857
1106.847 524.862
1107.160 456.868
1107.473 512.874
1107.786 599.880
1108.099 493.885
1108.412 572.891
1108.725 674.897
1109.038 603.902
1109.351 681.908
1109.664 592.914
1109.977 504.920
1110.289 599.925
1110.602 626.931
1110.915 662.937
1111.228 665.942
1111.541 592.948
1111.854 597.954
1112.167 480.959
1112.480 466.965
1112.793 573.970
1113.106 623.976
1113.419 684.982
1113.732 639.987
1114.044 543.993
1114.357 674.999
1114.670 697.004
1114.983 563.010
1115.296 594.015
1115.609 702.021
1115.922 679.027
1116.235 692.032
1116.548 706.038
1116.861 647.043
1117.174 641.049
1117.487 658.055
1117.800 879.060
1118.112 761.066
1118.425 635.071
1118.738 630.077
1119.051 608.082
1119.364 561.088
1119.677 648.093
1119.990 678.099
1120.303 673.104
1120.616 802.110
1120.929 685.116
1121.242 697.121
1121.555 709.127
1121.868 712.132
1122.180 625.138
1122.493 413.143
1122.806 494.149
1123.119 676.154
1123.432 722.160
1123.745 657.165
1124.058 594.170
1124.371 570.176
1124.684 678.181
1124.997 663.187
1125.310 592.192
1125.623 503.198
1125.935 476.203
1126.248 574.209
1126.561 677.214
1126.874 686.220
1127.187 749.225
1127.500 757.230
1127.813 736.236
1128.126 692.241
1128.439 692.247
1128.752 830.252
1129.065 627.257
1129.378 385.263
1129.691 574.268
1130.003 629.274
1130.316 548.279
1130.629 542.284
1130.942 642.290
1131.255 614.295
1131.568 531.301
1131.881 581.306
1132.194 678.311
1132.507 636.317
1132.820 636.322
1133.133 705.327
1133.446 562.333
1133.759 837.338
1134.071 1206.343
1134.384 863.349
1134.697 796.354
1135.010 866.359
1135.323 700.365
1135.636 553.370
1135.949 536.375
1136.262 546.380
1136.575 616.386
1136.888 647.391
1137.201 597.396
1137.514 567.402
1137.826 700.407
1138.139 613.412
1138.452 583.417
1138.765 853.423
1139.078 870.428
1139.391 729.433
1139.704 673.439
1140.017 684.444
1140.330 557.449
1140.643 536.454
1140.956 553.459
1141.269 635.465
1141.582 667.470
1141.894 578.475
1142.207 734.480
1142.520 644.486
1142.833 780.491
1143.146 662.496
1143.459 507.501
1143.772 593.506
1144.085 662.512
1144.398 610.517
1144.711 593.522
1145.024 595.527
1145.337 683.532
1145.650 697.538
1145.962 601.543
1146.275 621.548
1146.588 535.553
1146.901 707.558
1147.214 692.563
1147.527 556.568
1147.840 643.574
1148.153 614.579
1148.466 623.584
1148.779 648.589
1149.092 732.594
1149.405 612.599
1149.718 677.604
1150.030 771.609
1150.343 709.615
1150.656 579.620
1150.969 553.625
1151.282 748.630
1151.595 702.635
1151.908 558.640
1152.221 440.645
1152.534 496.650
1152.847 791.655
1153.160 651.660
1153.473 684.665
1153.785 758.671
1154.098 640.676
1154.411 692.681
1154.724 680.686
1155.037 785.691
1155.350 727.696
1155.663 717.701
1155.976 613.706
1156.289 753.711
1156.602 614.716
1156.915 507.721
1157.228 485.726
1157.541 582.731
1157.853 608.736
1158.166 598.741
1158.479 695.746
1158.792 653.751
1159.105 688.756
1159.418 698.761
1159.731 665.766
1160.044 638.771
1160.357 733.776
1160.670 747.781
1160.983 531.786
1161.296 654.791
1161.609 766.796
1161.921 672.801
1162.234 606.806
1162.547 493.811
1162.860 557.816
1163.173 532.821
1163.486 612.826
1163.799 658.830
1164.112 593.835
1164.425 575.840
1164.738 528.845
1165.051 539.850
1165.364 578.855
1165.676 615.860
1165.989 667.865
1166.302 614.870
1166.615 727.875
1166.928 747.880
1167.241 773.884
1167.554 732.889
1167.867 722.894
1168.180 648.899
1168.493 512.904
1168.806 582.909
1169.119 571.914
1169.432 653.919
1169.744 654.923
1170.057 620.928
1170.370 730.933
1170.683 725.938
1170.996 631.943
1171.309 638.948
1171.622 608.953
1171.935 626.957
1172.248 768.962
1172.561 716.967
1172.874 673.972
1173.187 699.977
1173.500 709.981
1173.812 762.986
1174.125 788.991
1174.438 797.996
1174.751 629.001
1175.064 591.006
1175.377 724.010
1175.690 609.015
1176.003 521.020
1176.316 625.025
1176.629 665.029
1176.942 635.034
1177.255 618.039
1177.567 550.044
1177.880 577.048
1178.193 634.053
1178.506 541.058
1178.819 684.063
1179.132 727.067
1179.445 517.072
1179.758 726.077
1180.071 762.082
1180.384 618.086
1180.697 656.091
1181.010 709.096
1181.323 820.101
1181.635 842.105
1181.948 785.110
1182.261 623.115
1182.574 510.119
1182.887 611.124
1183.200 774.129
1183.513 758.134
1183.826 672.138
1184.139 691.143
1184.452 668.148
1184.765 603.152
1185.078 554.157
1185.391 614.162
1185.703 587.166
1186.016 506.171
1186.329 540.176
1186.642 657.180
1186.955 807.185
1187.268 673.190
1187.581 691.194
1187.894 649.199
1188.207 638.204
1188.520 608.208
1188.833 610.213
1189.146 515.217
1189.459 461.222
1189.771 567.227
1190.084 680.231
1190.397 573.236
1190.710 622.240
1191.023 660.245
1191.336 650.250
1191.649 593.254
1191.962 617.259
1192.275 578.263
1192.588 688.268
1192.901 809.273
1193.214 615.277
1193.526 608.282
1193.839 724.286
1194.152 640.291
1194.465 765.296
1194.778 698.300
1195.091 651.305
1195.404 611.309
1195.717 700.314
1196.030 774.318
1196.343 624.323
1196.656 521.327
1196.969 553.332
1197.282 639.336
1197.594 705.341
1197.907 844.346
1198.220 814.350
1198.533 649.355
1198.846 593.359
1199.159 595.364
1199.472 603.368
1199.785 693.373
1200.098 548.377
1200.411 665.382
1200.724 652.386
1201.037 633.391
1201.350 614.395
1201.662 531.400
1201.975 593.404
1202.288 636.409
1202.601 253.413
