165.028 230.712
165.288 172.375
165.547 183.041
165.807 209.710
166.067 116.383
166.327 85.058
166.587 98.738
166.847 249.420
167.107 276.106
167.367 283.794
167.627 304.486
167.886 277.181
168.146 302.879
168.406 464.580
168.666 367.284
168.926 258.991
169.186 298.701
169.446 319.414
169.706 196.130
169.966 329.849
170.225 325.570
170.485 330.295
170.745 366.022
171.005 521.752
171.265 361.484
171.525 243.219
171.785 206.957
172.045 225.698
172.305 389.441
172.564 351.187
172.824 216.935
173.084 299.685
173.344 236.439
173.604 257.194
173.864 417.952
174.124 360.713
174.384 293.475
174.644 403.241
174.903 580.008
175.163 584.778
175.423 539.549
175.683 323.324
175.943 415.100
176.203 355.878
176.463 298.659
176.723 265.441
176.983 330.226
177.242 395.013
177.502 529.801
177.762 524.592
178.022 285.385
178.282 246.179
178.542 242.976
178.802 286.774
179.062 241.574
179.322 422.376
179.581 541.180
179.841 408.985
180.101 446.793
180.361 440.601
180.621 405.412
180.881 399.224
181.141 328.038
181.401 322.853
181.661 422.670
181.920 539.489
182.180 494.309
182.440 357.130
182.700 260.953
182.960 281.777
183.220 347.603
183.480 592.430
183.740 458.258
184.000 333.088
184.259 253.919
184.519 365.751
184.779 385.584
185.039 506.419
185.299 534.255
185.559 513.092
185.819 564.930
186.079 556.769
186.339 440.609
186.598 398.451
186.858 329.293
187.118 303.137
187.378 382.981
187.638 368.826
187.898 458.672
188.158 555.519
188.418 463.367
188.678 397.216
188.937 411.066
189.197 511.916
189.457 484.768
189.717 342.620
189.977 281.472
190.237 293.326
190.497 501.180
190.757 452.035
191.017 368.890
191.276 313.746
191.536 355.603
191.796 344.460
192.056 348.318
192.316 398.176
192.576 330.035
192.836 240.894
193.096 238.754
193.356 212.614
193.616 274.475
193.875 320.336
194.135 333.197
194.395 473.059
194.655 484.921
194.915 415.783
195.175 344.646
195.435 417.509
195.695 207.372
195.955 67.235
196.214 333.099
196.474 484.962
196.734 417.826
196.994 384.690
197.254 398.555
197.514 359.419
197.774 354.283
198.034 226.148
198.294 197.012
198.553 278.877
198.813 249.741
199.073 141.606
199.333 192.470
199.593 398.334
199.853 370.199
200.113 426.063
200.373 442.927
200.633 241.791
200.892 201.655
201.152 237.519
201.412 261.383
201.672 363.246
201.932 557.109
202.192 488.972
202.452 314.835
202.712 273.697
202.972 293.559
203.231 370.421
203.491 342.283
203.751 326.144
204.011 359.005
204.271 432.866
204.531 246.726
204.791 209.586
205.051 284.445
205.311 344.304
205.570 239.162
205.830 258.021
206.090 217.878
206.350 289.735
206.610 507.592
206.870 323.448
207.130 255.304
207.390 327.159
207.650 244.013
207.909 297.867
208.169 331.721
208.429 369.573
208.689 249.426
208.949 341.277
209.209 478.128
209.469 257.978
209.729 173.828
209.989 248.677
210.248 201.525
210.508 520.373
210.768 458.220
211.028 317.066
211.288 349.911
211.548 298.756
211.808 329.600
212.068 488.443
212.328 518.285
212.587 484.127
212.847 386.967
213.107 385.807
213.367 345.646
213.627 314.484
213.887 318.322
214.147 213.158
214.407 286.994
214.667 352.829
214.926 395.663
215.186 293.495
215.446 351.328
215.706 302.159
215.966 283.989
216.226 320.818
216.486 312.646
216.746 359.474
217.006 461.300
217.265 381.125
217.525 272.950
217.785 355.773
218.045 379.595
218.305 286.417
218.565 271.237
218.825 360.056
219.085 472.874
219.345 316.691
219.604 254.508
219.864 363.323
220.124 374.136
220.384 358.949
220.644 386.761
220.904 276.572
221.164 347.381
221.424 339.190
221.684 269.997
221.943 295.803
222.203 421.608
222.463 332.412
222.723 210.214
222.983 340.016
223.243 321.816
223.503 361.616
223.763 303.414
224.023 227.210
224.282 368.006
224.542 455.800
224.802 485.593
225.062 428.385
225.322 528.176
225.582 450.966
225.842 398.754
226.102 401.541
226.362 328.327
226.621 390.111
226.881 326.895
227.141 349.677
227.401 379.457
227.661 301.237
227.921 462.015
228.181 376.792
228.441 358.567
228.701 535.342
228.960 524.115
229.220 329.886
229.480 253.657
229.740 416.426
230.000 506.194
230.260 365.960
230.520 328.725
230.780 354.489
231.040 347.251
231.299 337.012
231.559 357.772
231.819 313.531
232.079 385.288
232.339 431.043
232.599 254.798
232.859 394.551
233.119 514.302
233.379 312.053
233.638 357.801
233.898 471.549
234.158 495.295
234.418 374.040
234.678 436.783
234.938 456.525
235.198 297.265
235.458 258.005
235.718 296.742
235.978 305.479
236.237 304.214
236.497 383.947
236.757 486.679
237.017 429.410
237.277 422.139
237.537 411.867
237.797 265.594
238.057 438.319
238.317 417.042
238.576 270.765
238.836 372.485
239.096 478.205
239.356 397.923
239.616 352.639
239.876 396.354
240.136 359.068
240.396 463.780
240.656 566.491
240.915 521.200
241.175 452.908
241.435 365.614
241.695 443.319
241.955 596.023
242.215 570.725
242.475 476.425
242.735 336.124
242.995 403.822
243.254 445.518
243.514 380.213
243.774 225.906
244.034 388.598
244.294 665.289
244.554 499.978
244.814 404.665
245.074 340.351
245.334 349.036
245.593 386.719
245.853 391.401
246.113 341.081
246.373 461.760
246.633 492.437
246.893 426.113
247.153 467.787
247.413 464.460
247.673 407.131
247.932 415.801
248.192 505.470
248.452 537.137
248.712 454.802
248.972 353.466
249.232 539.129
249.492 440.790
249.752 323.450
250.012 479.108
250.271 413.765
250.531 473.420
250.791 684.074
251.051 640.727
251.311 479.378
251.571 329.027
251.831 430.675
252.091 471.322
252.351 394.967
252.610 358.610
252.870 438.252
253.130 463.893
253.390 440.532
253.650 463.170
253.911 454.807
254.172 472.441
254.433 466.075
254.694 373.707
254.955 448.337
255.216 397.966
255.477 496.594
255.738 454.220
255.999 322.845
256.261 494.468
256.522 498.090
256.783 492.710
257.044 339.329
257.305 272.947
257.566 262.563
257.827 248.177
258.088 367.791
258.349 331.402
258.610 388.013
258.871 472.621
259.132 586.229
259.393 470.835
259.654 253.439
259.915 177.042
260.176 374.644
260.437 474.244
260.698 404.843
260.959 356.441
261.221 456.037
261.482 563.631
261.743 552.224
262.004 473.816
262.265 624.406
262.526 587.995
262.787 368.583
263.048 326.169
263.309 349.753
263.570 478.337
263.831 458.918
264.092 407.499
264.353 295.078
264.614 604.655
264.875 564.232
265.136 366.806
265.397 557.380
265.658 631.952
265.919 662.522
266.181 618.092
266.442 488.660
266.703 405.226
266.964 373.791
267.225 355.355
267.486 396.917
267.747 465.478
268.008 529.038
268.269 563.596
268.530 576.153
268.791 524.708
269.052 516.262
269.313 525.815
269.574 471.366
269.835 452.916
270.096 463.465
270.357 481.012
270.618 458.558
270.879 417.103
271.141 468.646
271.402 429.188
271.663 383.728
271.924 458.267
272.185 505.805
272.446 462.342
272.707 442.877
272.968 425.411
273.229 426.943
273.490 438.474
273.751 429.004
274.012 444.533
274.273 552.060
274.534 478.586
274.795 523.110
275.056 560.633
275.317 417.155
275.578 327.676
275.839 416.195
276.101 429.713
276.362 390.230
276.623 454.745
276.884 562.259
277.145 575.772
277.406 509.284
277.667 403.794
277.928 379.303
278.189 584.810
278.450 566.317
278.711 464.822
278.972 515.325
279.233 468.828
279.494 505.329
279.755 653.829
280.016 696.328
280.277 548.825
280.538 542.321
280.799 489.816
281.061 502.310
281.322 466.802
281.583 485.293
281.844 386.783
282.105 386.272
282.366 557.759
282.627 522.245
282.888 577.730
283.149 626.214
283.410 503.696
283.671 506.178
283.932 493.658
284.193 337.136
284.454 419.614
284.715 493.090
284.976 434.565
285.237 528.039
285.498 805.512
285.759 715.983
286.021 618.453
286.282 576.922
286.543 619.390
286.804 560.857
287.065 545.322
287.326 586.787
287.587 434.250
287.848 512.711
288.109 643.172
288.370 596.632
288.631 418.090
288.892 368.547
289.153 447.003
289.414 400.458
289.675 609.911
289.936 698.364
290.197 641.815
290.458 534.265
290.719 433.714
290.981 621.162
291.242 749.608
291.503 640.054
291.764 455.498
292.025 326.941
292.286 411.383
292.547 524.824
292.808 477.264
293.069 500.703
293.330 494.140
293.591 509.577
293.852 515.012
294.113 476.446
294.374 458.879
294.635 552.311
294.896 664.741
295.157 696.171
295.418 665.600
295.679 678.027
295.941 550.453
296.202 587.879
296.463 594.303
296.724 576.726
296.985 612.148
297.246 626.568
297.507 464.988
297.768 408.407
298.029 623.824
298.290 780.241
298.551 770.656
298.812 812.071
299.073 632.484
299.334 471.896
299.595 549.307
299.856 592.717
300.117 734.126
300.378 647.534
300.639 427.941
300.901 423.347
301.162 560.752
301.423 597.155
301.684 700.558
301.945 719.960
302.206 498.360
302.467 517.760
302.728 448.158
302.989 538.556
303.250 636.952
303.511 695.347
303.772 677.742
304.033 611.135
304.294 532.528
304.555 527.919
304.816 596.309
305.077 607.699
305.338 526.087
305.599 530.474
305.861 607.860
306.122 651.246
306.383 581.630
306.644 549.013
306.905 424.396
307.166 663.777
307.427 661.157
307.688 575.537
307.949 530.915
308.210 577.292
308.471 631.669
308.732 574.044
308.993 424.418
309.254 507.792
309.515 435.164
309.776 533.536
310.037 522.907
310.298 374.276
310.559 466.645
310.821 623.013
311.082 619.379
311.343 494.745
311.604 424.110
311.865 377.474
312.126 360.837
312.387 427.199
312.648 484.560
312.909 489.920
313.170 523.279
313.434 528.638
313.698 501.995
313.963 629.351
314.227 493.707
314.491 472.062
314.755 506.415
315.019 517.768
315.284 408.120
315.548 497.471
315.812 499.821
316.076 614.170
316.340 635.518
316.604 535.866
316.869 636.212
317.133 607.558
317.397 670.902
317.661 657.246
317.925 573.589
318.190 542.931
318.454 529.272
318.718 419.612
318.982 532.952
319.246 642.290
319.511 711.628
319.775 532.964
320.039 504.300
320.303 585.635
320.567 616.970
320.832 588.303
321.096 588.635
321.360 525.967
321.624 462.298
321.888 405.627
322.153 420.956
322.417 407.285
322.681 358.612
322.945 517.938
323.209 566.264
323.473 502.589
323.738 469.913
324.002 481.236
324.266 636.558
324.530 591.880
324.794 494.200
325.059 469.520
325.323 392.839
325.587 438.157
325.851 521.475
326.115 678.791
326.380 620.107
326.644 592.422
326.908 570.736
327.172 453.050
327.436 513.362
327.701 577.674
327.965 536.985
328.229 583.295
328.493 462.604
328.757 435.913
329.022 575.221
329.286 456.528
329.550 407.834
329.814 491.139
330.078 503.444
330.342 400.748
330.607 516.051
330.871 637.353
331.135 719.655
331.399 645.955
331.663 543.255
331.928 528.555
332.192 585.853
332.456 584.151
332.720 557.448
332.984 469.744
333.249 555.039
333.513 512.334
333.777 355.628
334.041 361.921
334.305 494.214
334.570 570.505
334.834 420.796
335.098 574.086
335.362 649.376
335.626 587.665
335.891 524.953
336.155 582.240
336.419 558.527
336.683 399.812
336.947 518.098
337.211 495.382
337.476 362.666
337.740 442.949
338.004 490.231
338.268 433.512
338.532 465.793
338.797 487.073
339.061 594.353
339.325 671.631
339.589 737.909
339.853 585.187
340.118 520.463
340.382 662.739
340.646 714.014
340.910 507.289
341.174 541.562
341.439 579.836
341.703 564.108
341.967 474.380
342.231 480.651
342.495 476.921
342.759 587.191
343.024 588.460
343.288 704.728
343.552 637.996
343.816 389.263
344.080 399.529
344.345 443.795
344.609 350.060
344.873 348.324
345.137 520.588
345.401 603.851
345.666 416.113
345.930 593.375
346.194 663.636
346.458 473.896
346.722 433.156
346.987 433.415
347.251 556.673
347.515 721.931
347.779 518.188
348.043 441.445
348.308 540.701
348.572 436.956
348.836 420.210
349.100 470.464
349.364 357.718
349.628 420.970
349.893 476.222
350.157 556.474
350.421 550.725
350.685 534.975
350.949 483.224
351.214 364.473
351.478 460.722
351.742 512.969
352.006 512.216
352.270 489.463
352.535 435.709
352.799 484.954
353.063 574.199
353.327 499.443
353.591 478.686
353.856 552.929
354.120 570.171
354.384 646.413
354.648 718.654
354.912 590.894
355.177 498.134
355.441 454.373
355.705 694.612
355.969 731.850
356.233 605.088
356.497 579.324
356.762 592.561
357.026 520.796
357.290 537.032
357.554 588.266
357.818 617.500
358.083 567.734
358.347 525.966
358.611 570.199
358.875 609.430
359.139 607.662
359.404 503.892
359.668 595.122
359.932 664.352
360.196 654.581
360.460 550.809
360.725 564.037
360.989 619.264
361.253 754.490
361.517 706.717
361.781 683.942
362.046 719.167
362.310 718.391
362.574 652.615
362.838 531.839
363.102 553.062
363.366 571.284
363.631 526.506
363.895 578.727
364.159 693.947
364.423 649.167
364.687 651.387
364.952 660.606
365.216 708.825
365.480 615.043
365.747 503.260
366.013 574.477
366.280 602.693
366.546 668.909
366.813 543.124
367.079 586.339
367.346 688.554
367.612 628.767
367.879 597.981
368.145 673.193
368.412 611.406
368.678 564.617
368.945 637.829
369.211 625.039
369.478 677.249
369.744 609.459
370.011 586.668
370.278 560.877
370.544 510.085
370.811 585.293
371.077 624.500
371.344 569.707
371.610 590.913
371.877 575.119
372.143 654.324
372.410 756.528
372.676 818.733
372.943 739.936
373.209 629.140
373.476 571.342
373.742 555.545
374.009 683.746
374.276 711.948
374.542 616.149
374.809 511.349
375.075 391.549
375.342 342.748
375.608 432.947
375.875 493.145
376.141 749.343
376.408 734.541
376.674 667.738
376.941 569.934
377.207 550.130
377.474 980.326
377.740 882.521
378.007 558.716
378.273 677.910
378.540 744.104
378.807 588.297
379.073 537.490
379.340 565.682
379.606 584.874
379.873 586.066
380.139 636.257
380.406 668.447
380.672 580.638
380.939 563.827
381.205 576.016
381.472 496.205
381.738 413.394
382.005 582.581
382.271 633.769
382.538 608.956
382.804 761.142
383.071 637.329
383.338 631.514
383.604 690.699
383.871 721.884
384.137 674.069
384.404 691.253
384.670 718.436
384.937 613.619
385.203 686.802
385.470 668.984
385.736 648.166
386.003 609.347
386.269 648.528
386.536 633.709
386.802 641.889
387.069 711.068
387.336 863.248
387.602 899.427
387.869 651.605
388.135 565.783
388.402 540.961
388.668 655.138
388.935 808.315
389.201 940.491
389.468 845.667
389.734 847.842
390.001 786.018
390.267 702.192
390.534 803.367
390.800 818.541
391.067 851.714
391.333 856.887
391.600 762.060
391.867 788.232
392.133 743.404
392.400 651.576
392.666 588.747
392.933 832.917
393.199 946.088
393.466 767.258
393.732 734.427
393.999 859.596
394.265 878.765
394.532 849.934
394.798 971.102
395.065 872.269
395.331 1003.436
395.598 1178.603
395.864 1273.770
396.131 1565.936
396.398 1920.101
396.664 2403.267
396.931 3005.432
397.197 3973.596
397.464 4853.760
397.730 5914.924
397.997 6793.088
398.263 7463.251
398.530 8119.413
398.796 8835.576
399.063 9434.738
399.329 9578.899
399.596 9841.060
399.862 9824.221
400.129 9829.382
400.396 9801.542
400.662 9530.701
400.929 9599.861
401.195 9502.020
401.462 9574.178
401.728 9865.337
401.995 10094.495
402.261 10244.652
402.528 10610.809
402.794 11054.966
403.061 11334.123
403.327 12004.279
403.594 12522.435
403.860 12706.590
404.127 12747.745
404.393 13044.900
404.660 13139.054
404.931 13632.208
405.202 14234.362
405.473 14697.515
405.745 15293.668
406.016 15985.821
406.287 16128.973
406.558 16291.125
406.829 16712.277
407.100 16657.428
407.371 17103.579
407.642 17449.730
407.914 17356.880
408.185 17406.030
408.456 17652.180
408.727 17935.329
408.998 17952.478
409.269 18150.626
409.540 18329.775
409.811 17892.923
410.083 17699.070
410.354 17488.217
410.625 17125.364
410.896 16758.511
411.167 16490.657
411.438 16152.803
411.709 15444.949
411.981 14890.094
412.252 14000.239
412.523 12841.384
412.794 12099.528
413.065 11246.672
413.336 10395.816
413.607 9930.959
413.878 9355.102
414.150 8652.245
414.421 8105.387
414.692 7494.530
414.963 6942.671
415.234 6594.813
415.505 6109.954
415.776 5612.095
416.047 5033.235
416.319 4549.376
416.590 3975.516
416.861 3353.655
417.132 3172.795
417.403 2856.934
417.674 2557.072
417.945 2139.211
418.217 1912.349
418.488 1916.487
418.759 1557.624
419.030 1403.761
419.301 1357.898
419.572 1384.035
419.843 1360.171
420.114 1164.307
420.386 1107.443
420.657 1186.578
420.928 1060.713
421.199 1004.848
421.470 920.982
421.741 812.117
422.012 879.251
422.283 894.384
422.555 928.518
422.826 1038.651
423.097 1044.783
423.368 998.916
423.639 893.048
423.910 970.180
424.181 843.312
424.453 847.443
424.724 1156.574
424.995 1233.705
425.266 1068.835
425.537 1030.965
425.808 1221.095
426.079 1275.225
426.350 1199.354
426.622 1199.483
426.893 1293.612
427.164 1257.740
427.435 1226.869
427.706 1218.997
427.977 1259.124
428.248 1204.252
428.519 1285.379
428.791 1209.506
429.062 1293.632
429.333 1192.759
429.604 1177.885
429.875 1305.010
430.146 1311.136
430.417 1246.261
430.689 1164.386
430.960 1073.511
431.231 1061.635
431.502 1272.759
431.773 1291.883
432.044 1159.007
432.315 1278.130
432.586 1190.253
432.858 1106.376
433.129 949.499
433.400 927.621
433.671 934.743
433.942 900.865
434.213 809.986
434.484 854.107
434.755 896.229
435.027 745.349
435.298 878.470
435.569 939.590
435.840 801.710
436.116 787.830
436.391 849.949
436.667 863.068
436.942 928.187
437.218 949.306
437.493 982.425
437.769 1039.543
438.045 894.661
438.320 926.778
438.596 915.896
438.871 852.013
439.147 871.130
439.422 784.247
439.698 769.363
439.974 768.479
440.249 930.595
440.525 1009.711
440.800 786.827
441.076 867.942
441.351 992.057
441.627 1060.172
441.903 997.286
442.178 858.401
442.454 872.515
442.729 1075.628
443.005 924.742
443.281 969.855
443.556 1062.968
443.832 922.081
444.107 765.194
444.383 828.306
444.658 841.418
444.934 760.530
445.210 983.642
445.485 1011.754
445.761 1013.865
446.036 948.976
446.312 1028.087
446.587 1011.197
446.863 770.307
447.139 879.417
447.414 986.527
447.690 1031.637
447.965 1062.746
448.241 963.855
448.516 1004.964
448.792 1035.073
449.068 984.182
449.343 1031.290
449.619 1001.398
449.894 1034.506
450.170 1037.613
450.445 1244.721
450.721 1325.828
450.997 1095.935
451.272 1190.041
451.548 1112.148
451.823 1145.254
452.099 1261.360
452.375 1166.466
452.650 1128.572
452.926 1256.677
453.201 1344.782
453.477 1582.887
453.752 1435.992
454.028 1282.097
454.304 1364.201
454.579 1429.305
454.855 1383.409
455.130 1378.513
455.406 1512.616
455.681 1407.719
455.957 1338.822
456.233 1301.925
456.508 1260.028
456.784 1303.130
457.059 1225.232
457.335 1364.334
457.610 1262.436
457.886 1172.538
458.162 1057.639
458.437 1030.740
458.713 1150.841
458.988 1136.942
459.264 1182.043
459.539 1178.143
459.815 1130.243
460.091 974.343
460.366 914.443
460.642 917.542
460.917 924.642
461.193 940.741
461.468 892.840
461.744 817.939
462.020 803.037
462.295 847.135
462.571 852.234
462.846 872.332
463.122 1003.429
463.397 1043.527
463.673 942.682
463.949 974.747
464.224 1035.783
464.500 1160.754
464.775 1037.012
465.051 1219.669
465.327 1457.746
465.602 1693.912
465.878 1850.546
466.153 1783.924
466.429 2142.445
466.704 2521.639
466.980 2594.777
467.256 2862.872
467.531 3079.046
467.807 3168.398
468.082 3318.793
468.358 3346.596
468.633 3507.373
468.909 3500.439
469.185 3446.765
469.460 3511.694
469.736 3564.670
470.011 3289.839
470.287 3347.991
470.562 3455.641
470.838 3170.624
471.114 3300.182
471.389 3285.124
471.665 3204.615
471.940 3156.332
472.216 2976.263
472.491 2692.643
472.767 2620.416
473.043 2597.182
473.318 2588.146
473.594 2283.539
473.869 2145.568
474.145 2041.895
474.421 1911.773
474.696 1776.565
474.972 1610.441
475.247 1599.941
475.523 1587.202
475.798 1523.671
476.074 1358.259
476.350 1277.901
476.625 1294.585
476.901 1312.004
477.176 1338.253
477.452 1248.477
477.727 1244.497
478.003 1093.931
478.279 1268.817
478.554 1371.548
478.830 1353.704
479.105 1322.617
479.381 1298.037
479.656 1313.338
479.932 1370.860
480.208 1486.968
480.483 1432.974
480.759 1449.239
481.034 1323.619
481.310 1325.726
481.585 1386.648
481.861 1451.250
482.137 1332.050
482.412 1380.091
482.688 1453.710
482.963 1566.680
483.239 1529.123
483.514 1296.743
483.790 1381.233
484.066 1609.708
484.341 1454.493
484.617 1417.234
484.892 1521.959
485.168 1475.276
485.443 1370.513
485.719 1381.530
485.995 1487.006
486.270 1490.570
486.546 1407.584
486.821 1338.427
487.097 1306.251
487.373 1423.387
487.648 1591.926
487.924 1505.879
488.199 1319.804
488.475 1208.882
488.750 1254.631
489.026 1420.809
489.302 1373.784
489.577 1380.359
489.853 1417.284
490.128 1584.846
490.404 1542.278
490.679 1357.426
490.955 1567.321
491.231 1594.769
491.506 1566.075
491.782 1488.353
492.057 1450.771
492.333 1554.567
492.608 1465.604
492.884 1482.315
493.160 1334.643
493.435 1354.004
493.711 1550.159
493.986 1524.232
494.262 1459.137
494.537 1400.390
494.813 1535.305
495.089 1402.312
495.364 1437.752
495.640 1499.714
495.915 1489.967
496.191 1635.693
496.467 1506.346
496.742 1462.087
497.018 1493.677
497.293 1424.651
497.569 1572.380
497.844 1562.698
498.120 1666.734
498.396 1653.252
498.671 1518.921
498.947 1599.433
499.222 1676.645
499.498 1740.080
499.773 1923.240
500.049 2046.791
500.325 2024.957
500.600 2222.082
500.876 2314.471
501.151 2658.206
501.427 2862.757
501.702 3068.724
501.978 3153.221
502.254 3295.598
502.529 3258.152
502.805 3496.150
503.080 3716.483
503.356 3660.772
503.631 3694.847
503.907 3679.121
504.183 3670.086
504.458 3777.447
504.734 3658.434
505.009 3750.520
505.285 3691.636
505.560 3699.099
505.836 3661.419
506.112 3619.994
506.387 3372.091
506.663 3271.687
506.938 3304.115
507.214 3236.443
507.490 3185.771
507.765 3089.793
508.041 3015.193
508.316 2946.647
508.592 2581.267
508.867 2487.193
509.143 2409.387
509.419 2199.408
509.694 1997.474
509.970 1918.307
510.245 1816.439
510.521 1841.693
510.796 1692.071
511.072 1597.236
511.348 1607.081
511.623 1636.064
511.899 1472.209
512.174 1523.447
512.450 1553.751
512.725 1501.240
513.001 1356.114
513.277 1233.057
513.552 1391.755
513.828 1374.285
514.103 1362.161
514.379 1432.606
514.654 1277.294
514.930 1285.657
515.206 1586.719
515.481 1574.028
515.757 1449.562
516.032 1439.403
516.308 1608.533
516.583 1779.712
516.859 1692.573
517.135 1754.956
517.410 1833.243
517.686 2028.643
517.961 2098.679
518.237 2179.056
518.513 2225.241
518.788 2570.348
519.064 2791.319
519.339 2943.838
519.615 3139.902
519.890 3290.265
520.166 3496.214
520.442 3782.614
520.717 3841.388
520.993 3879.834
521.268 3900.224
521.544 3957.072
521.819 3867.880
522.095 3924.691
522.371 4119.457
522.646 4181.839
522.922 4366.593
523.197 4329.298
523.473 4389.332
523.748 4337.719
524.024 4287.062
524.300 4400.042
524.575 4428.812
524.851 4486.289
525.126 4433.304
525.402 4464.402
525.677 4631.927
525.953 4525.264
526.229 4404.866
526.504 4309.620
526.780 4480.513
527.055 4450.411
527.331 4353.820
527.606 4457.667
527.882 4518.533
528.158 4443.420
528.433 4591.164
528.709 4407.922
528.984 4409.901
529.260 4412.672
529.535 4361.423
529.811 4118.447
530.087 3911.804
530.362 3919.486
530.638 3858.987
530.913 3847.203
531.189 3812.365
531.465 3583.660
531.740 3376.553
532.016 3360.536
532.291 3300.633
532.567 3184.996
532.842 3051.333
533.118 3075.690
533.394 3080.677
533.669 2741.398
533.945 2472.974
534.220 2417.586
534.496 2541.712
534.771 2423.390
535.047 2342.886
535.323 2243.669
535.598 2230.807
535.874 2286.754
536.149 2301.756
536.425 2339.291
536.700 2481.227
536.976 2928.307
537.252 3771.278
537.527 4657.162
537.803 5649.362
538.078 6565.495
538.354 7157.490
538.629 7531.718
538.905 8062.288
539.181 8593.040
539.456 9087.180
539.732 9692.457
540.007 10270.994
540.283 10344.441
540.558 10499.144
540.834 11092.671
541.110 11654.206
541.385 12069.114
541.661 12357.290
541.936 12590.604
542.212 12710.582
542.488 12810.737
542.763 13023.876
543.039 13274.948
543.314 13141.076
543.590 13202.841
543.865 13383.632
544.141 13257.571
544.417 12912.046
544.692 12446.362
544.968 12219.010
545.243 11829.622
545.519 11410.780
545.794 11191.562
546.070 11062.393
546.348 10617.734
546.627 10255.346
546.905 10213.865
547.183 9995.024
547.461 10115.238
547.740 10231.479
548.018 10034.945
548.296 10124.340
548.575 10449.121
548.853 10909.950
549.131 11323.113
549.409 11759.354
549.688 12185.996
549.966 12521.367
550.244 12921.223
550.523 13174.080
550.801 13395.744
551.079 13557.621
551.357 13798.031
551.636 13959.351
551.914 13885.520
552.192 13890.504
552.471 14321.841
552.749 14537.023
553.027 14666.468
553.306 14995.265
553.584 15895.023
553.862 16327.398
554.140 16696.802
554.419 17325.561
554.697 18181.636
554.975 18720.649
555.254 19327.034
555.532 19466.415
555.810 19477.718
556.088 19239.254
556.367 18857.611
556.645 18183.675
556.923 17912.325
557.202 17576.213
557.480 17278.616
557.758 16654.730
558.036 16075.731
558.315 15639.042
558.593 15083.429
558.871 14598.484
559.150 14169.358
559.428 13654.765
559.706 12964.626
559.984 12346.949
560.263 11940.685
560.541 11267.124
560.819 10650.860
561.098 9904.465
561.376 9142.014
561.654 8146.870
561.932 7185.559
562.211 6573.339
562.489 5951.870
562.767 5251.389
563.046 4634.003
563.324 4113.289
563.602 3808.932
563.880 3361.946
564.159 3125.910
564.437 2924.494
564.715 2546.351
564.994 2188.433
565.272 2225.909
565.550 2042.614
565.828 1819.094
566.107 1862.460
566.385 1799.803
566.663 1628.257
566.942 1556.862
567.220 1487.745
567.498 1600.761
567.776 1399.846
568.055 1248.932
568.333 1339.363
568.611 1365.112
568.890 1245.698
569.168 1146.799
569.446 1205.925
569.725 1196.310
570.003 1003.119
570.281 919.997
570.559 989.676
570.838 1029.403
571.116 1104.090
571.394 1124.485
571.673 1117.863
571.951 1037.441
572.229 958.847
572.507 981.205
572.786 910.221
573.064 898.495
573.342 917.042
573.621 772.536
573.899 830.143
574.177 989.202
574.455 950.137
574.734 858.158
575.012 972.685
575.290 856.152
575.569 875.664
575.847 929.563
576.125 869.746
576.403 787.149
576.682 804.684
576.960 903.852
577.243 988.638
577.527 856.653
577.810 680.344
578.093 720.508
578.377 752.609
578.660 781.311
578.944 806.060
579.227 789.879
579.510 864.047
579.794 793.521
580.077 726.378
580.360 778.731
580.644 749.757
580.927 757.506
581.210 791.348
581.494 732.213
581.777 850.932
582.061 816.964
582.344 662.290
582.627 655.355
582.911 762.080
583.194 686.039
583.477 789.876
583.761 874.751
584.044 919.705
584.327 891.697
584.611 846.787
584.894 775.902
585.178 715.007
585.461 746.020
585.744 811.998
586.028 712.854
586.311 703.898
586.594 860.942
586.878 756.986
587.161 666.029
587.444 741.073
587.728 767.117
588.011 839.160
588.295 716.204
588.578 737.509
588.861 876.414
589.145 741.333
589.428 695.072
589.711 636.420
589.995 646.816
590.278 794.711
590.562 806.549
590.845 785.806
591.128 928.777
591.412 801.075
591.695 681.038
591.978 820.122
592.262 764.040
592.545 566.148
592.828 750.388
593.112 663.940
593.395 653.015
593.679 659.378
593.962 721.173
594.245 735.423
594.529 649.892
594.812 581.694
595.095 499.727
595.379 734.129
595.662 781.619
595.945 736.197
596.229 678.961
596.512 677.657
596.796 719.995
597.079 813.383
597.362 881.740
597.646 864.094
597.929 810.722
598.212 800.080
598.496 827.789
598.779 937.575
599.062 975.128
599.346 756.017
599.629 644.858
599.913 701.405
600.196 787.160
600.479 829.732
600.763 804.974
601.046 651.021
601.329 722.568
601.613 821.209
601.896 731.770
602.179 832.269
602.463 825.432
602.746 890.305
603.030 976.788
603.313 913.062
603.596 741.364
603.880 811.265
604.163 894.637
604.446 801.733
604.730 728.314
605.013 798.091
605.296 886.080
605.580 842.045
605.863 899.870
606.147 801.965
606.430 767.723
606.713 861.923
606.997 843.216
607.280 993.115
607.563 889.435
607.847 824.087
608.130 890.382
608.414 967.827
608.697 918.941
608.980 888.537
609.264 951.211
609.547 831.806
609.830 872.000
610.114 897.503
610.397 915.171
610.680 964.215
610.964 973.986
611.247 961.279
611.531 938.707
611.814 809.206
612.097 885.789
612.381 1109.467
612.664 1234.244
612.947 1075.302
613.231 1043.936
613.514 1074.468
613.797 1132.462
614.081 1206.172
614.364 1193.439
614.648 1125.696
614.931 1092.334
615.214 1140.505
615.498 1219.342
615.781 1268.808
616.064 1333.805
616.348 1449.983
616.631 1469.182
616.914 1493.363
617.198 1345.117
617.481 1263.381
617.765 1311.014
618.048 1380.459
618.331 1302.509
618.615 1221.817
618.898 1364.146
619.181 1337.502
619.465 1281.492
619.748 1182.616
620.031 1090.754
620.315 1075.023
620.598 1091.999
620.882 1166.605
621.165 1368.596
621.448 1327.876
621.732 1174.009
622.015 983.001
622.298 952.095
622.582 972.044
622.865 919.104
623.148 920.139
623.432 1033.128
623.715 934.065
623.999 1041.291
624.282 1036.348
624.565 1084.747
624.849 930.859
625.132 831.965
625.415 1096.114
625.699 1205.227
625.982 1021.610
626.265 917.544
626.549 826.754
626.832 906.587
627.116 977.330
627.399 813.729
627.682 823.212
627.966 809.327
628.249 833.699
628.532 791.690
628.816 948.612
629.099 854.510
629.383 840.676
629.666 832.038
629.949 778.790
630.233 801.133
630.516 895.911
630.799 902.085
631.083 807.735
631.366 782.556
631.649 731.482
631.933 667.136
632.216 821.639
632.500 906.732
632.783 900.241
633.066 889.808
633.350 923.977
633.633 971.381
633.916 941.716
634.200 863.296
634.483 858.670
634.766 924.055
635.050 895.733
635.333 818.794
635.617 858.107
635.900 1011.014
636.183 1070.628
636.467 1065.867
636.750 1109.170
637.033 1127.126
637.317 1062.829
637.600 1092.876
637.883 1118.172
638.167 1138.731
638.450 1181.573
638.734 1186.286
639.017 1261.223
639.300 1344.587
639.584 1257.298
639.867 1438.807
640.150 1429.483
640.434 1480.964
640.717 1458.115
641.000 1335.716
641.284 1428.270
641.567 1441.797
641.851 1511.964
642.134 1633.626
642.417 1614.372
642.701 1755.295
642.984 1787.330
643.267 1728.910
643.551 1610.962
643.834 1575.951
644.117 1626.004
644.401 1680.041
644.684 1798.160
644.968 1977.153
645.251 1883.396
645.534 1837.460
645.818 1995.088
646.101 2175.395
646.384 2332.233
646.668 2495.643
646.951 2658.114
647.235 2846.732
647.518 2967.062
647.801 3313.897
648.085 3685.462
648.368 3979.369
648.651 4160.790
648.935 4552.836
649.218 5081.114
649.501 5421.465
649.785 5716.766
650.068 6237.016
650.352 6625.371
650.635 7057.939
650.918 7508.354
651.202 8164.479
651.485 8987.077
651.768 9798.881
652.052 10539.041
652.335 11520.043
652.618 12524.393
652.902 13517.799
653.185 14451.516
653.469 14884.756
653.752 15342.341
654.035 15902.591
654.319 16395.622
654.602 16598.369
654.885 16857.887
655.169 17022.388
655.452 17099.233
655.735 17228.114
656.019 17450.824
656.302 17830.758
656.586 18027.858
656.869 18521.972
657.152 18495.994
657.436 18543.751
657.719 18724.409
658.002 18931.476
658.286 18640.527
658.569 18290.934
658.852 17691.167
659.136 17224.580
659.419 16444.915
659.703 15921.087
659.986 15794.214
660.269 15357.406
660.553 14816.423
660.836 14691.453
661.119 14694.532
661.403 14575.813
661.686 14339.245
661.969 14139.885
662.253 13914.163
662.536 13828.827
662.820 13566.527
663.103 13377.915
663.386 13457.052
663.670 13158.907
663.953 12904.567
664.236 12945.026
664.520 12651.236
664.803 12515.500
665.086 12454.279
665.370 12434.505
665.653 12397.047
665.937 12219.994
666.220 11642.944
666.503 11160.215
666.787 10879.311
667.070 10438.038
667.353 9944.164
667.637 9184.672
667.920 8725.268
668.204 8058.131
668.487 7306.380
668.770 6785.336
669.054 5922.839
669.337 5335.634
669.620 4779.088
669.904 4216.205
670.187 3897.392
670.470 3745.275
670.754 3452.447
671.037 3064.852
671.321 2754.294
671.604 2742.824
671.887 2622.835
672.171 2443.744
672.454 2341.069
672.737 2328.477
673.021 2273.458
673.304 2275.820
673.587 2405.212
673.871 2476.033
674.154 2460.710
674.438 2410.853
674.721 2390.326
675.004 2349.604
675.288 2343.459
675.571 2324.274
675.854 2242.942
676.138 2299.922
676.421 2309.548
676.704 2213.821
676.988 2298.252
677.271 2388.464
677.555 2264.799
677.838 2129.357
678.121 1973.259
678.405 1844.868
678.688 1950.486
678.971 1662.029
679.255 1775.128
679.538 1866.442
679.821 1807.341
680.105 1636.868
680.388 1540.323
680.672 1501.411
680.955 1472.333
681.238 1380.240
681.522 1319.582
681.805 1381.089
682.088 1451.553
682.372 1485.420
682.655 1357.561
682.938 1429.614
683.222 1408.765
683.505 1249.345
683.789 1302.664
684.072 1292.242
684.355 1293.009
684.639 1293.036
684.922 1215.819
685.205 1213.759
685.489 1304.600
685.772 1292.407
686.056 1309.476
686.339 1332.516
686.622 1149.177
686.906 1121.020
687.189 1289.106
687.472 1446.753
687.756 1347.253
688.039 1208.811
688.322 1095.059
688.606 1357.090
688.889 1362.336
689.173 1297.645
689.456 1458.424
689.739 1449.056
690.023 1386.049
690.306 1476.795
690.589 1390.908
690.873 1500.830
691.156 1600.752
691.439 1536.263
691.723 1425.987
692.006 1533.749
692.290 1613.747
692.573 1721.132
692.856 1781.839
693.140 1774.612
693.423 1678.598
693.706 1544.612
693.990 1547.648
694.273 1569.836
694.556 1781.864
694.840 1875.544
695.123 1771.359
695.407 1749.949
695.690 1671.190
695.973 1683.248
696.257 1730.974
696.540 1974.074
696.830 2014.209
697.120 2057.400
697.410 2221.637
697.699 2189.640
697.989 2431.274
698.279 2395.845
698.569 2308.374
698.859 2419.055
699.149 2402.886
699.439 2273.796
699.729 2202.113
700.018 2186.832
700.308 2274.332
700.598 2179.556
700.888 2065.212
701.178 2142.328
701.468 2155.393
701.758 2019.495
702.048 2058.854
702.337 1993.215
702.627 2002.335
702.917 1921.633
703.207 1773.778
703.497 1714.674
703.787 1567.246
704.077 1494.400
704.366 1512.508
704.656 1361.566
704.946 1248.506
705.236 1153.376
705.526 1238.077
705.816 1340.895
706.106 1042.473
706.396 1005.602
706.685 1033.414
706.975 889.446
707.265 852.027
707.555 996.742
707.845 970.013
708.135 862.008
708.425 743.863
708.715 804.959
709.004 1009.720
709.294 968.241
709.584 938.741
709.874 1007.797
710.164 977.248
710.454 872.483
710.744 822.287
711.034 915.187
711.323 942.936
711.613 862.250
711.903 963.686
712.193 1042.372
712.483 877.203
712.773 838.877
713.063 803.887
713.352 834.657
713.642 852.598
713.932 898.761
714.222 896.059
714.512 809.607
714.802 852.034
715.092 945.079
715.382 832.054
715.671 747.459
715.961 769.162
716.251 692.112
716.541 771.352
716.831 871.594
717.121 783.778
717.411 906.701
717.701 967.967
717.990 887.606
718.280 762.722
718.570 740.776
718.860 777.305
719.150 743.684
719.440 685.744
719.730 748.503
720.019 978.726
720.309 873.665
720.599 868.910
720.889 764.374
721.179 775.879
721.469 861.892
721.759 782.203
722.049 841.668
722.338 719.925
722.628 729.014
722.918 773.441
723.208 858.604
723.498 703.817
723.788 756.489
724.078 918.204
724.368 885.280
724.657 824.718
724.947 848.678
725.237 850.483
725.527 860.157
725.817 762.916
726.107 706.157
726.397 702.309
726.686 645.270
726.976 684.943
727.266 764.267
727.556 697.557
727.846 800.867
728.136 830.094
728.426 760.987
728.716 701.899
729.005 789.129
729.295 744.576
729.585 629.538
729.875 634.153
730.165 743.421
730.455 757.020
730.745 760.689
731.035 766.535
731.324 837.113
731.614 803.469
731.904 704.173
732.194 801.375
732.484 764.238
732.774 738.966
733.064 724.395
733.354 595.038
733.643 645.581
733.933 717.097
734.223 690.801
734.513 820.451
734.803 889.565
735.093 752.024
735.383 701.998
735.672 753.776
735.962 843.334
736.252 656.802
736.542 666.923
736.832 711.997
737.122 609.775
737.412 695.089
737.702 781.169
737.991 770.394
738.281 719.816
738.571 721.093
738.861 662.494
739.151 628.065
739.441 756.278
739.731 670.752
740.021 710.517
740.310 797.037
740.600 778.101
740.890 592.351
741.180 680.411
741.470 715.969
741.760 807.796
742.050 887.776
742.339 771.847
742.629 724.389
742.919 852.995
743.209 632.804
743.499 596.853
743.789 603.404
744.079 703.424
744.369 744.291
744.658 670.464
744.948 514.374
745.238 707.174
745.528 716.113
745.818 867.637
746.108 764.482
746.398 719.581
746.688 704.704
746.977 865.598
747.267 740.494
747.557 796.915
747.847 824.768
748.137 731.081
748.427 749.011
748.717 660.135
749.006 533.129
749.296 623.321
749.586 689.387
749.876 856.428
750.166 761.826
750.456 726.713
750.746 753.405
751.036 636.658
751.325 724.502
751.615 683.287
751.905 767.223
752.195 791.009
752.485 729.029
752.775 718.767
753.065 675.743
753.355 867.954
753.644 898.004
753.934 767.194
754.224 715.290
754.514 893.738
754.804 633.082
755.094 499.701
755.384 593.000
755.674 703.350
755.963 766.558
756.253 702.086
756.543 755.563
756.833 754.086
757.123 732.264
757.413 703.873
757.703 626.505
757.992 580.293
758.282 669.087
758.572 675.808
758.862 593.415
759.152 667.806
759.442 708.319
759.732 781.411
760.022 851.782
760.311 715.837
760.601 537.787
760.891 669.596
761.181 711.153
761.471 660.580
761.761 533.368
762.051 582.732
762.341 805.505
762.630 825.469
762.920 675.437
763.210 686.217
763.500 766.108
763.793 617.084
764.086 731.906
764.379 714.085
764.671 755.351
764.964 690.983
765.257 653.779
765.550 683.341
765.843 566.424
766.136 625.918
766.429 609.807
766.722 640.430
767.014 629.744
767.307 553.860
767.600 560.928
767.893 585.705
768.186 541.369
768.479 644.209
768.772 774.268
769.064 764.205
769.357 692.961
769.650 738.032
769.943 829.955
770.236 691.001
770.529 570.748
770.822 567.741
771.115 662.518
771.407 756.040
771.700 744.958
771.993 817.445
772.286 713.712
772.579 732.164
772.872 622.303
773.165 586.030
773.457 723.145
773.750 717.838
774.043 609.884
774.336 606.477
774.629 700.030
774.922 725.982
775.215 644.264
775.508 659.096
775.800 594.065
776.093 726.604
776.386 731.927
776.679 621.906
776.972 660.192
777.265 900.894
777.558 891.957
777.850 750.374
778.143 747.377
778.436 779.333
778.729 696.155
779.022 706.223
779.315 622.823
779.608 528.368
779.900 575.622
780.193 664.081
780.486 684.516
780.779 674.819
781.072 548.910
781.365 668.836
781.658 666.512
781.951 565.124
782.243 696.273
782.536 700.700
782.829 699.713
783.122 771.016
783.415 741.172
783.708 669.975
784.001 656.953
784.293 754.262
784.586 813.644
784.879 823.681
785.172 700.751
785.465 593.253
785.758 655.395
786.051 687.476
786.344 755.117
786.636 920.054
786.929 702.854
787.222 633.067
787.515 640.825
787.808 638.562
788.101 580.637
788.394 736.498
788.686 856.394
788.979 764.267
789.272 722.562
789.565 716.867
789.858 656.005
790.151 591.742
790.444 543.806
790.737 640.367
791.029 623.137
791.322 731.936
791.615 669.408
791.908 698.734
792.201 723.003
792.494 712.328
792.787 755.460
793.079 873.876
793.372 754.496
793.665 749.283
793.958 643.616
794.251 681.518
794.544 771.493
794.837 880.953
795.130 735.405
795.422 708.502
795.715 724.471
796.008 706.248
796.301 641.112
796.594 605.271
796.887 735.765
797.180 752.467
797.472 585.983
797.765 482.310
798.058 581.447
798.351 596.001
798.644 557.133
798.937 523.251
799.230 618.363
799.523 984.898
799.815 913.129
800.108 636.973
800.401 540.279
800.694 684.547
800.987 633.033
801.280 706.241
801.573 769.194
801.865 796.183
802.158 673.648
802.451 573.863
802.744 637.751
803.037 714.613
803.330 688.369
803.623 813.446
803.915 797.494
804.208 652.452
804.501 744.865
804.794 749.886
805.087 689.151
805.380 579.325
805.673 590.773
805.966 689.888
806.258 639.492
806.551 743.202
806.844 769.322
807.137 800.261
807.430 585.618
807.723 539.448
808.016 796.492
808.308 799.116
808.601 577.647
808.894 587.879
809.187 644.881
809.480 726.743
809.773 668.742
810.066 722.750
810.359 786.937
810.651 743.132
810.944 478.285
811.237 538.319
811.530 707.860
811.825 616.671
812.119 543.410
812.414 485.908
812.709 595.505
813.003 634.175
813.298 568.837
813.593 679.428
813.887 672.682
814.182 976.293
814.476 816.893
814.771 788.482
815.066 765.687
815.360 654.151
815.655 560.671
815.950 634.501
816.244 710.813
816.539 781.595
816.834 733.700
817.128 762.015
817.423 848.919
817.718 1019.227
818.012 797.763
818.307 486.510
818.602 565.418
818.896 636.410
819.191 628.857
819.486 611.630
819.780 702.273
820.075 909.104
820.369 917.204
820.664 689.390
820.959 727.708
821.253 786.508
821.548 687.041
821.843 724.828
822.137 756.782
822.432 703.165
822.727 686.187
823.021 599.236
823.316 771.246
823.611 839.892
823.905 693.716
824.200 574.869
824.495 705.844
824.789 768.095
825.084 716.722
825.379 652.092
825.673 702.426
825.968 825.621
826.262 741.765
826.557 733.518
826.852 786.895
827.146 784.787
827.441 692.771
827.736 727.492
828.030 703.838
828.325 559.794
828.620 748.769
828.914 869.665
829.209 704.840
829.504 820.130
829.798 794.071
830.093 704.451
830.388 637.870
830.682 543.230
830.977 662.582
831.271 789.356
831.566 697.156
831.861 613.252
832.155 583.690
832.450 684.807
832.745 794.368
833.039 679.909
833.334 572.153
833.629 649.979
833.923 636.963
834.218 647.846
834.513 625.246
834.807 618.779
835.102 563.577
835.397 584.070
835.691 514.923
835.986 508.537
836.281 560.925
836.575 589.743
836.870 577.863
837.164 607.767
837.459 597.421
837.754 625.755
838.048 569.263
838.343 553.183
838.638 591.574
838.932 616.579
839.227 602.015
839.522 639.103
839.816 659.909
840.111 663.882
840.406 614.353
840.700 822.310
840.995 937.041
841.290 954.991
841.584 820.645
841.879 811.107
842.174 734.140
842.468 700.094
842.763 615.953
843.057 700.547
843.352 668.470
843.647 674.192
843.941 619.416
844.236 706.786
844.531 783.787
844.825 727.975
845.120 857.421
845.415 906.421
845.709 776.701
846.004 865.574
846.299 692.147
846.593 808.709
846.888 804.489
847.183 672.157
847.477 660.516
847.772 746.005
848.066 787.777
848.361 704.165
848.656 692.440
848.950 678.038
849.245 814.984
849.540 714.312
849.834 822.820
850.129 835.247
850.424 770.779
850.718 773.979
851.013 901.580
851.308 743.269
851.602 757.061
851.897 863.537
852.192 915.530
852.486 745.062
852.781 668.330
853.076 810.384
853.370 809.472
853.665 859.830
853.959 869.297
854.254 738.332
854.549 918.599
854.843 832.053
855.138 747.796
855.433 810.383
855.727 895.454
856.022 763.383
856.317 761.407
856.611 793.491
856.906 697.680
857.201 778.750
857.495 948.163
857.790 937.062
858.085 832.610
858.379 763.259
858.674 634.527
858.969 599.469
859.263 650.535
859.558 652.805
859.852 626.109
860.147 690.539
860.442 783.371
860.736 609.801
861.031 792.410
861.326 846.879
861.620 704.245
861.915 823.302
862.210 811.009
862.504 656.180
862.799 763.204
863.094 761.593
863.388 631.539
863.683 647.850
863.978 603.307
864.272 605.208
864.567 643.190
864.861 746.568
865.156 660.046
865.451 515.085
865.745 696.383
866.040 774.016
866.335 758.016
866.629 772.681
866.924 695.445
867.219 657.186
867.513 767.194
867.808 706.099
868.103 611.051
868.397 683.320
868.692 696.093
868.987 623.758
869.281 585.082
869.576 730.630
869.871 787.969
870.165 643.263
870.460 536.061
870.754 627.452
871.049 566.696
871.344 627.962
871.638 686.331
871.933 638.685
872.228 685.313
872.522 649.597
872.817 741.978
873.112 959.211
873.406 766.172
873.701 828.622
873.996 786.124
874.290 688.095
874.585 668.324
874.880 719.094
875.174 651.255
875.469 611.024
875.764 612.376
876.058 612.761
876.353 531.137
876.647 513.407
876.942 622.331
877.237 648.307
877.531 689.401
877.826 758.346
878.121 737.183
878.415 678.564
878.710 635.928
879.005 785.966
879.299 646.148
879.594 590.381
879.889 480.815
880.183 403.001
880.478 594.584
880.773 648.573
881.067 589.593
881.362 601.531
881.656 535.363
881.951 558.027
882.246 532.484
882.540 604.324
882.835 589.801
883.130 622.328
883.424 598.651
883.719 523.527
884.014 657.019
884.308 616.358
884.603 566.551
884.898 595.819
885.192 675.516
885.487 658.363
885.782 553.891
886.076 653.625
886.371 617.453
886.666 443.815
886.960 540.202
887.255 503.918
887.549 530.731
887.844 757.729
888.139 794.929
888.433 668.970
888.728 556.779
889.023 593.201
889.317 649.784
889.612 558.873
889.907 597.326
890.201 648.664
890.496 649.869
890.791 628.986
891.085 527.823
891.380 519.890
891.675 583.963
891.969 615.775
892.264 555.127
892.559 595.309
892.853 682.340
893.148 548.193
893.442 543.713
893.737 665.013
894.032 546.375
894.326 501.451
894.621 561.373
894.916 471.931
895.210 544.653
895.505 657.413
895.800 609.375
896.094 487.391
896.389 534.179
896.684 549.678
896.978 523.607
897.273 468.840
897.568 579.743
897.862 597.949
898.157 567.012
898.451 702.037
898.746 671.073
899.041 723.936
899.335 726.603
899.630 598.711
899.925 559.218
900.219 618.572
900.514 697.763
900.809 552.838
901.103 432.860
901.398 658.447
901.693 599.664
901.987 559.209
902.282 647.768
902.577 522.261
902.871 428.222
903.166 531.201
903.461 620.078
903.755 634.940
904.050 620.527
904.344 471.741
904.639 513.480
904.934 539.085
905.228 529.273
905.523 484.727
905.818 514.931
906.112 633.859
906.407 637.721
906.702 588.251
906.996 617.539
907.291 617.628
907.586 534.092
907.880 672.705
908.175 651.508
908.470 651.517
908.764 694.532
909.059 789.335
909.354 691.333
909.648 571.426
909.943 583.308
910.237 694.174
910.532 727.537
910.827 765.127
911.121 749.325
911.416 682.697
911.711 627.560
912.005 636.091
912.300 689.858
912.599 792.615
912.898 693.642
913.196 673.318
913.495 664.979
913.794 751.727
914.093 658.188
914.391 645.469
914.690 691.128
914.989 668.440
915.288 765.774
915.586 684.972
915.885 617.913
916.184 528.087
916.483 470.874
916.782 618.385
917.080 656.928
917.379 637.460
917.678 608.852
917.977 751.420
918.275 747.411
918.574 708.751
918.873 742.672
919.172 663.219
919.471 567.542
919.769 622.559
920.068 585.553
920.367 541.708
920.666 582.223
920.964 628.947
921.263 595.486
921.562 578.306
921.861 692.290
922.159 629.627
922.458 626.727
922.757 686.931
923.056 685.718
923.355 624.080
923.653 699.506
923.952 718.000
924.251 587.811
924.550 731.257
924.848 785.806
925.147 671.205
925.446 627.238
925.745 713.982
926.043 710.434
926.342 692.593
926.641 669.296
926.940 691.380
927.239 712.591
927.537 798.309
927.836 720.987
928.135 714.346
928.434 783.898
928.732 695.271
929.031 715.840
929.330 779.882
929.629 747.580
929.927 714.114
930.226 700.222
930.525 712.500
930.824 800.244
931.123 744.188
931.421 889.365
931.720 834.703
932.019 856.282
932.318 817.341
932.616 742.498
932.915 779.637
933.214 830.274
933.513 787.920
933.812 771.166
934.110 872.281
934.409 880.214
934.708 776.533
935.007 1110.499
935.305 1111.776
935.604 845.053
935.903 953.701
936.202 935.480
936.500 1005.539
936.799 1178.164
937.098 1114.228
937.397 989.547
937.696 826.149
937.994 879.524
938.293 1022.838
938.592 915.930
938.891 973.072
939.189 970.115
939.488 1072.588
939.787 1265.013
940.086 1125.671
940.384 1127.777
940.683 1044.660
940.982 914.678
941.281 1085.025
941.580 1353.050
941.878 1257.624
942.177 1044.574
942.476 1104.527
942.775 1039.267
943.073 860.248
943.372 834.074
943.671 1046.698
943.970 1171.094
944.268 1127.184
944.567 991.047
944.866 998.371
945.165 958.971
945.464 871.393
945.762 773.459
946.061 1063.472
946.360 1197.025
946.659 1181.865
946.957 1114.053
947.256 1075.227
947.555 1029.660
947.854 1036.693
948.153 974.702
948.451 948.320
948.750 977.818
949.049 978.013
949.348 1208.253
949.646 1038.194
949.945 979.761
950.244 1116.130
950.543 996.062
950.841 914.761
951.140 929.815
951.439 804.323
951.738 803.258
952.037 906.512
952.335 1067.248
952.634 1023.298
952.933 910.659
953.232 879.011
953.530 670.232
953.829 975.110
954.128 1090.327
954.427 974.138
954.725 1092.598
955.024 1051.778
955.323 1086.733
955.622 860.700
955.921 759.935
956.219 932.732
956.518 867.675
956.817 882.863
957.116 947.056
957.414 889.471
957.713 733.897
958.012 691.566
958.311 681.371
958.610 892.343
958.908 940.388
959.207 964.822
959.506 958.144
959.805 934.480
960.103 899.378
960.402 909.808
960.701 809.457
961.000 773.204
961.298 821.262
961.597 880.623
961.896 831.925
962.195 851.736
962.494 926.353
962.792 824.457
963.091 762.338
963.390 741.153
963.689 775.364
963.987 823.141
964.286 895.082
964.585 929.798
964.884 799.884
965.182 730.854
965.481 1095.173
965.780 1212.159
966.080 1065.084
966.380 949.019
966.680 905.397
966.981 878.798
967.281 848.148
967.581 743.680
967.881 830.043
968.181 898.283
968.481 780.890
968.781 737.374
969.082 680.692
969.382 838.040
969.682 978.583
969.982 973.335
970.282 945.833
970.582 716.341
970.882 665.620
971.183 829.670
971.483 795.267
971.783 810.744
972.083 877.814
972.383 929.086
972.683 890.319
972.983 875.494
973.284 733.748
973.584 724.763
973.884 769.848
974.184 791.336
974.484 808.010
974.784 661.643
975.084 674.296
975.385 774.511
975.685 833.813
975.985 785.523
976.285 857.106
976.585 818.932
976.885 692.221
977.185 699.336
977.486 784.047
977.786 820.166
978.086 884.835
978.386 896.953
978.686 781.705
978.986 757.897
979.286 740.905
979.587 772.914
979.887 722.922
980.187 708.930
980.487 633.939
980.787 730.947
981.087 734.955
981.387 944.964
981.688 778.972
981.988 617.980
982.288 682.989
982.588 733.997
982.888 789.005
983.188 740.013
983.488 830.022
983.789 856.030
984.089 827.038
984.389 777.047
984.689 658.055
984.989 572.063
985.289 614.071
985.589 831.079
985.890 788.088
986.190 593.096
986.490 624.104
986.790 713.112
987.090 687.120
987.390 763.129
987.690 773.137
987.991 662.145
988.291 674.153
988.591 667.161
988.891 543.169
989.191 533.178
989.491 710.186
989.791 728.194
990.092 714.202
990.392 743.210
990.692 712.218
990.992 714.226
991.292 576.234
991.592 735.242
991.892 723.250
992.193 732.258
992.493 729.266
992.793 675.275
993.093 671.283
993.393 609.291
993.693 629.299
993.993 694.307
994.294 763.315
994.594 646.323
994.894 590.331
995.194 680.339
995.494 625.347
995.794 649.354
996.094 602.362
996.395 699.370
996.695 767.378
996.995 553.386
997.295 491.394
997.595 584.402
997.895 538.410
998.195 491.418
998.496 530.426
998.796 526.434
999.096 777.442
999.396 674.449
999.696 669.457
999.996 717.465
1000.296 809.473
1000.597 797.481
1000.897 665.489
1001.197 665.497
1001.497 838.504
1001.797 576.512
1002.097 516.520
1002.397 695.528
1002.698 716.536
1002.998 753.543
1003.298 719.551
1003.598 591.559
1003.898 546.567
1004.198 694.574
1004.498 792.582
1004.799 713.590
1005.099 733.598
1005.399 786.605
1005.699 794.613
1005.999 737.621
1006.299 628.629
1006.599 844.636
1006.900 856.644
1007.200 654.652
1007.500 591.659
1007.800 637.667
1008.100 611.675
1008.400 596.682
1008.700 609.690
1009.001 600.698
1009.301 606.705
1009.601 826.713
1009.901 857.721
1010.201 695.728
1010.501 672.736
1010.801 842.743
1011.102 635.751
1011.402 626.759
1011.702 595.766
1012.002 569.774
1012.302 751.781
1012.602 724.789
1012.902 621.796
1013.203 636.804
1013.503 725.811
1013.803 691.819
1014.103 572.826
1014.403 690.834
1014.703 572.842
1015.003 505.849
1015.304 741.857
1015.604 815.864
1015.904 590.871
1016.204 530.879
1016.504 613.886
1016.804 627.894
1017.104 553.901
1017.405 596.909
1017.705 597.916
1018.005 609.924
1018.305 634.931
1018.605 661.939
1018.905 516.946
1019.205 516.953
1019.506 789.961
1019.806 825.968
1020.106 755.976
1020.406 750.983
1020.706 687.990
1021.006 717.998
1021.306 872.005
1021.607 757.012
1021.907 852.020
1022.207 753.027
1022.507 576.034
1022.807 669.042
1023.107 703.049
1023.407 595.056
1023.708 633.064
1024.008 580.071
1024.308 627.078
1024.608 594.086
1024.908 525.093
1025.208 726.100
1025.508 921.107
1025.809 807.115
1026.109 602.122
1026.409 734.129
1026.709 712.136
1027.009 686.144
1027.309 733.151
1027.609 564.158
1027.910 551.165
1028.210 688.172
1028.510 783.180
1028.810 915.187
1029.110 809.194
1029.410 694.201
1029.710 816.208
1030.011 822.216
1030.311 831.223
1030.611 656.230
1030.911 655.237
1031.211 705.244
1031.511 660.251
1031.811 802.258
1032.112 823.266
1032.412 735.273
1032.712 573.280
1033.012 645.287
1033.312 785.294
1033.612 751.301
1033.912 660.308
1034.212 635.315
1034.513 632.322
1034.813 587.329
1035.113 690.336
1035.413 570.344
1035.713 576.351
1036.013 664.358
1036.313 678.365
1036.614 735.372
1036.914 659.379
1037.214 549.386
1037.514 692.393
1037.814 610.400
1038.114 624.407
1038.414 655.414
1038.715 757.421
1039.015 590.428
1039.315 510.435
1039.615 638.442
1039.915 616.449
1040.215 618.456
1040.515 669.462
1040.816 729.469
1041.116 660.476
1041.416 600.483
1041.716 537.490
1042.016 534.497
1042.316 740.504
1042.616 709.511
1042.917 618.518
1043.217 613.525
1043.517 693.532
1043.817 809.538
1044.117 711.545
1044.417 653.552
1044.717 636.559
1045.018 630.566
1045.318 749.573
1045.618 741.580
1045.918 628.586
1046.218 553.593
1046.518 638.600
1046.818 731.607
1047.119 619.614
1047.419 805.621
1047.719 794.627
1048.019 715.634
1048.319 742.641
1048.619 650.648
1048.919 704.654
1049.220 632.661
1049.520 761.668
1049.820 697.675
1050.120 576.682
1050.420 748.688
1050.720 692.695
1051.020 680.702
1051.321 721.708
1051.621 791.715
1051.921 705.722
1052.221 620.729
1052.521 594.735
1052.821 530.742
1053.121 629.749
1053.422 735.755
1053.722 826.762
1054.022 695.769
1054.322 817.775
1054.622 698.782
1054.922 594.789
1055.222 700.795
1055.523 677.802
1055.823 723.809
1056.123 790.815
1056.423 692.822
1056.723 746.829
1057.023 678.835
1057.323 526.842
1057.624 625.848
1057.924 770.855
1058.224 794.862
1058.524 667.868
1058.824 721.875
1059.124 641.881
1059.424 606.888
1059.725 670.894
1060.025 625.901
1060.325 678.908
1060.625 638.914
1060.925 603.921
1061.225 630.927
1061.525 787.934
1061.826 669.940
1062.126 679.947
1062.426 702.953
1062.726 762.960
1063.026 713.966
1063.326 903.973
1063.626 833.979
1063.927 709.986
1064.227 685.992
1064.527 587.999
1064.827 756.005
1065.127 703.012
1065.427 533.018
1065.727 579.024
1066.028 758.031
1066.328 747.037
1066.628 608.044
1066.928 575.050
1067.228 629.057
1067.528 579.063
1067.828 613.069
1068.129 585.076
1068.429 708.082
1068.729 768.089
1069.029 673.095
1069.329 574.101
1069.629 713.108
1069.929 769.114
1070.230 783.120
1070.530 795.127
1070.830 708.133
1071.130 794.140
1071.430 726.146
1071.730 769.152
1072.030 803.159
1072.331 653.165
1072.631 676.171
1072.931 720.178
1073.231 689.184
1073.531 653.190
1073.831 641.196
1074.131 744.203
1074.432 834.209
1074.732 669.215
1075.032 600.222
1075.332 620.228
1075.632 661.234
1075.932 622.240
1076.232 565.247
1076.533 569.253
1076.833 661.259
1077.133 671.265
1077.433 614.272
1077.733 610.278
1078.033 782.284
1078.333 742.290
1078.634 690.296
1078.934 694.303
1079.234 608.309
1079.534 768.315
1079.834 798.321
1080.134 682.327
1080.434 798.334
1080.735 759.340
1081.035 729.346
1081.335 566.352
1081.635 543.358
1081.935 649.364
1082.235 593.371
1082.535 575.377
1082.836 669.383
1083.136 677.389
1083.436 783.395
1083.736 770.401
1084.036 682.407
1084.336 629.413
1084.636 605.420
1084.937 770.426
1085.237 803.432
1085.537 682.438
1085.837 744.444
1086.137 711.450
1086.437 779.456
1086.737 691.462
1087.038 660.468
1087.338 826.474
1087.638 820.480
1087.938 572.486
1088.238 457.492
1088.538 588.498
1088.838 767.504
1089.139 770.511
1089.439 568.517
1089.739 727.523
1090.039 759.529
1090.339 780.535
1090.639 641.541
1090.939 682.547
1091.240 610.553
1091.540 641.559
1091.840 627.565
1092.140 735.571
1092.453 714.576
1092.766 587.582
1093.079 577.588
1093.392 610.594
1093.705 553.600
1094.018 603.606
1094.330 778.612
1094.643 710.618
1094.956 756.624
1095.269 691.630
1095.582 708.636
1095.895 631.642
1096.208 618.648
1096.521 661.654
1096.834 687.660
1097.147 667.665
1097.460 726.671
1097.773 803.677
1098.085 675.683
1098.398 596.689
1098.711 617.695
1099.024 552.701
1099.337 645.707
1099.650 814.712
1099.963 765.718
1100.276 590.724
1100.589 575.730
1100.902 689.736
1101.215 718.742
1101.528 737.747
1101.841 624.753
1102.153 666.759
1102.466 770.765
1102.779 594.771
1103.092 568.776
1103.405 709.782
1103.718 654.788
1104.031 597.794
1104.344 695.800
1104.657 658.805
1104.970 967.811
1105.283 812.817
1105.596 591.823
1105.909 640.828
1106.221 746.834
1106.534 741.840
1106.847 553.846
1107.160 496.851
1107.473 511.857
1107.786 592.863
1108.099 514.869
1108.412 557.874
1108.725 609.880
1109.038 527.886
1109.351 660.891
1109.664 685.897
1109.977 602.903
1110.289 647.909
1110.602 622.914
1110.915 607.920
1111.228 581.926
1111.541 550.931
1111.854 551.937
1112.167 476.943
1112.480 544.948
1112.793 613.954
1113.106 636.960
1113.419 684.965
1113.732 682.971
1114.044 546.976
1114.357 664.982
1114.670 704.988
1114.983 581.993
1115.296 584.999
1115.609 695.005
1115.922 661.010
1116.235 693.016
1116.548 674.021
1116.861 562.027
1117.174 563.032
1117.487 602.038
1117.800 782.044
1118.112 686.049
1118.425 608.055
1118.738 617.060
1119.051 591.066
1119.364 609.071
1119.677 654.077
1119.990 661.083
1120.303 669.088
1120.616 754.094
1120.929 677.099
1121.242 734.105
1121.555 749.110
1121.868 746.116
1122.180 727.121
1122.493 503.127
1122.806 519.132
1123.119 635.138
1123.432 674.143
1123.745 671.149
1124.058 616.154
1124.371 629.160
1124.684 679.165
1124.997 652.171
1125.310 624.176
1125.623 545.182
1125.935 463.187
1126.248 567.192
1126.561 660.198
1126.874 641.203
1127.187 761.209
1127.500 758.214
1127.813 734.220
1128.126 721.225
1128.439 703.230
1128.752 842.236
1129.065 593.241
1129.378 373.247
1129.691 607.252
1130.003 634.258
1130.316 546.263
1130.629 528.268
1130.942 607.274
1131.255 605.279
1131.568 538.284
1131.881 579.290
1132.194 644.295
1132.507 603.301
1132.820 610.306
1133.133 740.311
1133.446 616.317
1133.759 770.322
1134.071 1198.327
1134.384 918.333
1134.697 849.338
1135.010 905.343
1135.323 693.349
1135.636 584.354
1135.949 525.359
1136.262 584.365
1136.575 635.370
1136.888 659.375
1137.201 617.380
1137.514 641.386
1137.826 695.391
1138.139 579.396
1138.452 625.402
1138.765 883.407
1139.078 909.412
1139.391 835.417
1139.704 741.423
1140.017 732.428
1140.330 642.433
1140.643 559.438
1140.956 556.444
1141.269 646.449
1141.582 683.454
1141.894 538.459
1142.207 739.465
1142.520 672.470
1142.833 762.475
1143.146 672.480
1143.459 530.485
1143.772 549.491
1144.085 628.496
1144.398 621.501
1144.711 559.506
1145.024 515.511
1145.337 629.517
1145.650 709.522
1145.962 565.527
1146.275 629.532
1146.588 555.537
1146.901 659.543
1147.214 652.548
1147.527 524.553
1147.840 607.558
1148.153 630.563
1148.466 656.568
1148.779 638.573
1149.092 734.579
1149.405 638.584
1149.718 622.589
1150.030 688.594
1150.343 643.599
1150.656 568.604
1150.969 567.609
1151.282 728.614
1151.595 724.619
1151.908 642.625
1152.221 451.630
1152.534 496.635
1152.847 749.640
1153.160 720.645
1153.473 706.650
1153.785 722.655
1154.098 688.660
1154.411 725.665
1154.724 683.670
1155.037 779.675
1155.350 674.680
1155.663 648.685
1155.976 584.690
1156.289 667.696
1156.602 571.701
1156.915 515.706
1157.228 492.711
1157.541 576.716
1157.853 612.721
1158.166 699.726
1158.479 738.731
1158.792 667.736
1159.105 691.741
1159.418 736.746
1159.731 647.751
1160.044 610.756
1160.357 741.761
1160.670 712.766
1160.983 513.771
1161.296 630.776
1161.609 765.781
1161.921 672.786
1162.234 629.791
1162.547 521.795
1162.860 480.800
1163.173 510.805
1163.486 667.810
1163.799 719.815
1164.112 629.820
1164.425 636.825
1164.738 567.830
1165.051 548.835
1165.364 577.840
1165.676 637.845
1165.989 689.850
1166.302 614.855
1166.615 702.860
1166.928 678.864
1167.241 744.869
1167.554 743.874
1167.867 712.879
1168.180 611.884
1168.493 476.889
1168.806 607.894
1169.119 615.899
1169.432 732.904
1169.744 706.908
1170.057 680.913
1170.370 741.918
1170.683 684.923
1170.996 624.928
1171.309 603.933
1171.622 583.938
1171.935 595.942
1172.248 799.947
1172.561 773.952
1172.874 712.957
1173.187 720.962
1173.500 722.967
1173.812 747.971
1174.125 706.976
1174.438 719.981
1174.751 622.986
1175.064 614.991
1175.377 680.995
1175.690 574.000
1176.003 545.005
1176.316 640.010
1176.629 651.015
1176.942 631.019
1177.255 587.024
1177.567 497.029
1177.880 555.034
1178.193 674.038
1178.506 636.043
1178.819 739.048
1179.132 750.053
1179.445 558.057
1179.758 745.062
1180.071 692.067
1180.384 567.072
1180.697 626.076
1181.010 673.081
1181.323 795.086
1181.635 818.091
1181.948 761.095
1182.261 635.100
1182.574 538.105
1182.887 605.109
1183.200 821.114
1183.513 783.119
1183.826 687.124
1184.139 728.128
1184.452 682.133
1184.765 584.138
1185.078 515.142
1185.391 580.147
1185.703 553.152
1186.016 478.156
1186.329 532.161
1186.642 635.166
1186.955 775.170
1187.268 632.175
1187.581 640.180
1187.894 668.184
1188.207 705.189
1188.520 620.194
1188.833 597.198
1189.146 514.203
1189.459 455.207
1189.771 529.212
1190.084 687.217
1190.397 603.221
1190.710 677.226
1191.023 685.231
1191.336 644.235
1191.649 595.240
1191.962 647.244
1192.275 559.249
1192.588 647.254
1192.901 772.258
1193.214 627.263
1193.526 610.267
1193.839 688.272
1194.152 655.277
1194.465 775.281
1194.778 675.286
1195.091 608.290
1195.404 550.295
1195.717 658.299
1196.030 741.304
1196.343 603.308
1196.656 538.313
1196.969 616.318
1197.282 651.322
1197.594 664.327
1197.907 815.331
1198.220 753.336
1198.533 613.340
1198.846 587.345
1199.159 569.349
1199.472 601.354
1199.785 686.358
1200.098 562.363
1200.411 697.367
1200.724 677.372
1201.037 591.376
1201.350 491.381
1201.662 470.385
1201.975 678.390
1202.288 670.394
1202.601 226.399
