165.028 223.056
165.288 106.696
165.547 198.338
165.807 283.984
166.067 201.634
166.327 69.286
166.587 69.942
166.847 183.600
167.107 254.262
167.367 285.927
167.627 287.595
167.886 262.266
168.146 299.939
168.406 425.616
168.666 338.296
168.926 270.978
169.186 287.664
169.446 319.352
169.706 189.043
169.966 252.737
170.225 282.433
170.485 308.132
170.745 387.834
171.005 497.539
171.265 342.246
171.525 310.956
171.785 226.668
172.045 256.383
172.305 390.100
172.564 333.820
172.824 194.542
173.084 330.267
173.344 265.994
173.604 250.723
173.864 407.455
174.124 307.189
174.384 248.925
174.644 353.664
174.903 506.404
175.163 523.147
175.423 508.892
175.683 329.640
175.943 347.389
176.203 288.140
176.463 295.894
176.723 263.649
176.983 260.407
177.242 374.166
177.502 542.927
177.762 478.691
178.022 286.456
178.282 341.223
178.542 276.992
178.802 272.762
179.062 265.535
179.322 470.309
179.581 536.084
179.841 410.862
180.101 476.641
180.361 487.422
180.621 406.204
180.881 284.988
181.141 291.774
181.401 334.561
181.661 438.349
181.920 541.139
182.180 487.931
182.440 364.724
182.700 316.518
182.960 313.314
183.220 353.111
183.480 561.909
183.740 432.709
184.000 312.510
184.259 212.312
184.519 377.115
184.779 427.920
185.039 456.725
185.299 573.532
185.559 550.340
185.819 521.149
186.079 490.959
186.339 419.770
186.598 346.582
186.858 305.395
187.118 301.209
187.378 408.025
187.638 427.840
187.898 546.657
188.158 558.475
188.418 316.294
188.678 254.113
188.937 323.933
189.197 476.754
189.457 502.576
189.717 448.398
189.977 342.221
190.237 356.045
190.497 545.870
190.757 469.695
191.017 381.521
191.276 301.347
191.536 323.174
191.796 311.001
192.056 304.829
192.316 388.658
192.576 325.487
192.836 216.316
193.096 261.146
193.356 308.976
193.616 322.807
193.875 267.638
194.135 273.470
194.395 394.301
194.655 408.133
194.915 361.966
195.175 337.799
195.435 411.631
195.695 190.465
195.955 98.298
196.214 273.132
196.474 393.965
196.734 350.799
196.994 380.633
197.254 390.468
197.514 288.302
197.774 317.136
198.034 231.971
198.294 198.805
198.553 274.640
198.813 242.474
199.073 119.309
199.333 191.143
199.593 370.977
199.853 420.812
200.113 445.646
200.373 423.480
200.633 258.314
200.892 169.148
201.152 184.982
201.412 185.816
201.672 311.649
201.932 501.482
202.192 428.315
202.452 220.148
202.712 201.980
202.972 245.813
203.231 335.645
203.491 375.476
203.751 348.308
204.011 373.139
204.271 448.969
204.531 268.800
204.791 208.630
205.051 246.459
205.311 329.288
205.570 240.117
205.830 229.945
206.090 195.773
206.350 304.601
206.610 525.428
206.870 326.254
207.130 264.080
207.390 320.905
207.650 284.730
207.909 310.555
208.169 347.378
208.429 378.201
208.689 246.024
208.949 345.846
209.209 443.667
209.469 244.488
209.729 226.308
209.989 291.128
210.248 203.947
210.508 476.765
210.768 398.582
211.028 271.399
211.288 350.215
211.548 300.030
211.808 374.845
212.068 480.659
212.328 488.472
212.587 470.284
212.847 380.096
213.107 410.906
213.367 377.716
213.627 360.525
213.887 373.334
214.147 228.141
214.407 290.948
214.667 307.754
214.926 409.559
215.186 393.363
215.446 402.166
215.706 265.968
215.966 282.769
216.226 306.570
216.486 290.369
216.746 353.168
217.006 400.966
217.265 321.762
217.525 284.558
217.785 319.353
218.045 351.147
218.305 298.939
218.565 301.731
218.825 401.522
219.085 493.312
219.345 290.101
219.604 231.888
219.864 400.675
220.124 381.461
220.384 328.245
220.644 314.029
220.904 272.811
221.164 295.593
221.424 311.373
221.684 284.152
221.943 311.930
222.203 400.708
222.463 275.483
222.723 246.258
222.983 338.032
223.243 276.805
223.503 335.576
223.763 270.346
224.023 280.115
224.282 427.883
224.542 407.650
224.802 380.416
225.062 359.180
225.322 523.944
225.582 416.706
225.842 387.467
226.102 417.226
226.362 325.985
226.621 394.742
226.881 370.498
227.141 406.253
227.401 445.007
227.661 341.759
227.921 495.510
228.181 456.260
228.441 351.009
228.701 468.756
228.960 490.502
229.220 316.247
229.480 225.991
229.740 455.733
230.000 604.474
230.260 412.214
230.520 335.953
230.780 318.690
231.040 347.426
231.299 289.161
231.559 336.894
231.819 364.626
232.079 466.357
232.339 462.086
232.599 245.815
232.859 362.541
233.119 445.267
233.379 303.991
233.638 378.714
233.898 501.436
234.158 477.156
234.418 319.875
234.678 376.592
234.938 429.308
235.198 312.023
235.458 299.737
235.718 378.449
235.978 361.160
236.237 373.869
236.497 434.577
236.757 464.284
237.017 449.989
237.277 387.693
237.537 403.396
237.797 330.097
238.057 416.797
238.317 369.495
238.576 258.193
238.836 351.888
239.096 399.583
239.356 390.276
239.616 422.967
239.876 446.658
240.136 421.346
240.396 463.034
240.656 503.720
240.915 410.405
241.175 350.088
241.435 277.770
241.695 440.450
241.955 528.129
242.215 540.807
242.475 488.483
242.735 364.158
242.995 418.832
243.254 384.504
243.514 347.174
243.774 243.844
244.034 335.511
244.294 614.178
244.554 475.843
244.814 391.507
245.074 363.169
245.334 339.830
245.593 373.489
245.853 407.147
246.113 347.804
246.373 469.459
246.633 509.113
246.893 428.765
247.153 451.416
247.413 490.065
247.673 412.714
247.932 385.360
248.192 438.006
248.452 487.649
248.712 415.292
248.972 263.933
249.232 526.573
249.492 420.211
249.752 250.848
250.012 455.483
250.271 407.117
250.531 439.750
250.791 629.381
251.051 634.010
251.311 436.639
251.571 222.266
251.831 420.891
252.091 496.515
252.351 406.138
252.610 362.759
252.870 422.379
253.130 373.998
253.390 369.615
253.650 441.230
253.911 461.845
254.172 508.457
254.433 433.069
254.694 334.679
254.955 410.288
255.216 397.895
255.477 499.501
255.738 442.105
255.999 316.708
256.261 501.310
256.522 515.910
256.783 481.509
257.044 318.106
257.305 234.702
257.566 234.297
257.827 240.890
258.088 288.482
258.349 264.073
258.610 366.662
258.871 490.249
259.132 566.836
259.393 403.421
259.654 310.004
259.915 276.586
260.176 339.167
260.437 443.747
260.698 388.325
260.959 367.901
261.221 461.477
261.482 555.051
261.743 499.623
262.004 455.194
262.265 633.764
262.526 553.332
262.787 316.900
263.048 328.465
263.309 329.030
263.570 485.593
263.831 466.154
264.092 407.714
264.353 311.273
264.614 555.831
264.875 534.387
265.136 401.942
265.397 558.496
265.658 610.048
265.919 653.599
266.181 552.148
266.442 436.696
266.703 371.243
266.964 322.788
267.225 337.333
267.486 394.875
267.747 497.417
268.008 536.957
268.269 585.496
268.530 559.033
268.791 521.569
269.052 499.104
269.313 471.638
269.574 502.170
269.835 496.701
270.096 425.231
270.357 503.759
270.618 433.286
270.879 345.811
271.141 449.336
271.402 476.859
271.663 380.381
271.924 445.901
272.185 507.420
272.446 474.938
272.707 490.455
272.968 396.970
273.229 396.484
273.490 437.997
273.751 399.508
274.012 432.018
274.273 608.527
274.534 526.035
274.795 506.541
275.056 541.046
275.317 393.550
275.578 312.052
275.839 450.554
276.101 413.054
276.362 368.552
276.623 419.050
276.884 560.546
277.145 575.041
277.406 491.535
277.667 400.027
277.928 386.519
278.189 580.009
278.450 526.497
278.711 523.985
278.972 569.471
279.233 498.956
279.494 587.440
279.755 703.923
280.016 674.404
280.277 510.884
280.538 529.363
280.799 370.841
281.061 405.317
281.322 464.793
281.583 463.267
281.844 394.740
282.105 411.211
282.366 533.682
282.627 483.151
282.888 536.619
283.149 528.086
283.410 461.552
283.671 521.016
283.932 447.479
284.193 324.942
284.454 428.403
284.715 490.862
284.976 471.321
285.237 540.778
285.498 753.235
285.759 620.690
286.021 525.144
286.282 494.596
286.543 565.048
286.804 517.498
287.065 525.948
287.326 560.396
287.587 418.843
287.848 569.288
288.109 651.733
288.370 506.177
288.631 401.619
288.892 384.060
289.153 349.500
289.414 345.939
289.675 596.377
289.936 685.814
290.197 577.249
290.458 500.684
290.719 486.117
290.981 672.550
291.242 664.981
291.503 611.411
291.764 481.840
292.025 331.267
292.286 364.694
292.547 526.120
292.808 492.544
293.069 561.968
293.330 598.390
293.591 605.811
293.852 555.231
294.113 496.650
294.374 531.068
294.635 567.485
294.896 539.901
295.157 593.316
295.418 580.729
295.679 604.142
295.941 567.553
296.202 583.964
296.463 562.373
296.724 682.781
296.985 673.189
297.246 577.595
297.507 464.000
297.768 455.404
298.029 569.807
298.290 717.209
298.551 728.610
298.812 779.010
299.073 576.409
299.334 442.807
299.595 563.204
299.856 592.600
300.117 753.994
300.378 653.388
300.639 440.781
300.901 469.173
301.162 552.563
301.423 563.953
301.684 734.342
301.945 778.730
302.206 484.116
302.467 488.502
302.728 411.887
302.989 512.270
303.250 573.653
303.511 657.035
303.772 668.415
304.033 623.795
304.294 585.174
304.555 574.551
304.816 597.928
305.077 587.304
305.338 465.679
305.599 475.053
305.861 558.426
306.122 605.798
306.383 529.168
306.644 566.538
306.905 487.907
307.166 649.276
307.427 628.643
307.688 503.009
307.949 434.374
308.210 515.738
308.471 563.102
308.732 509.464
308.993 380.825
309.254 445.186
309.515 388.546
309.776 474.904
310.037 511.262
310.298 374.619
310.559 440.975
310.821 573.329
311.082 547.683
311.343 420.037
311.604 358.389
311.865 374.740
312.126 352.090
312.387 437.440
312.648 472.788
312.909 486.136
313.170 523.483
313.434 556.829
313.698 480.174
313.963 543.518
314.227 463.861
314.491 453.203
314.755 504.545
315.019 540.885
315.284 377.225
315.548 469.564
315.812 480.902
316.076 605.239
316.340 619.575
316.604 596.910
316.869 591.244
317.133 573.578
317.397 614.911
317.661 638.242
317.925 559.573
318.190 497.904
318.454 489.233
318.718 487.561
318.982 614.889
319.246 652.216
319.511 753.542
319.775 523.867
320.039 530.191
320.303 529.514
320.567 578.837
320.832 587.158
321.096 529.479
321.360 455.799
321.624 453.119
321.888 449.437
322.153 455.755
322.417 371.071
322.681 335.387
322.945 478.702
323.209 544.017
323.473 469.330
323.738 455.643
324.002 508.955
324.266 673.266
324.530 647.576
324.794 545.886
325.059 430.195
325.323 343.503
325.587 441.810
325.851 461.116
326.115 651.422
326.380 613.727
326.644 582.031
326.908 547.334
327.172 501.636
327.436 519.938
327.701 532.239
327.965 513.539
328.229 576.838
328.493 427.137
328.757 413.435
329.022 534.732
329.286 406.028
329.550 414.324
329.814 484.619
330.078 478.913
330.342 435.206
330.607 528.499
330.871 640.790
331.135 688.081
331.399 640.372
331.663 553.661
331.928 538.950
332.192 608.238
332.456 623.526
332.720 635.812
332.984 542.098
333.249 528.383
333.513 517.668
333.777 450.952
334.041 384.235
334.305 468.517
334.570 544.798
334.834 350.079
335.098 556.360
335.362 618.639
335.626 546.918
335.891 502.196
336.155 547.473
336.419 480.750
336.683 368.026
336.947 492.301
337.211 502.575
337.476 457.849
337.740 537.122
338.004 534.395
338.268 466.666
338.532 543.937
338.797 534.208
339.061 562.478
339.325 683.747
339.589 700.015
339.853 582.283
340.118 508.550
340.382 548.816
340.646 676.081
340.910 545.346
341.174 480.611
341.439 480.874
341.703 566.137
341.967 559.400
342.231 506.661
342.495 413.922
342.759 573.183
343.024 534.442
343.288 627.701
343.552 598.960
343.816 372.217
344.080 417.474
344.345 543.731
344.609 396.987
344.873 300.242
345.137 509.496
345.401 542.750
345.666 354.003
345.930 530.256
346.194 634.508
346.458 476.759
346.722 485.010
346.987 451.260
347.251 532.510
347.515 680.758
347.779 484.007
348.043 414.254
348.308 501.501
348.572 405.747
348.836 306.993
349.100 439.238
349.364 399.483
349.628 391.727
349.893 441.970
350.157 575.213
350.421 544.455
350.685 524.696
350.949 503.937
351.214 381.178
351.478 446.417
351.742 529.656
352.006 527.895
352.270 530.133
352.535 421.370
352.799 447.607
353.063 519.843
353.327 421.079
353.591 409.314
353.856 498.548
354.120 546.782
354.384 642.015
354.648 704.248
354.912 603.480
355.177 508.711
355.441 424.942
355.705 666.173
355.969 675.402
356.233 583.632
356.497 586.860
356.762 556.088
357.026 519.316
357.290 526.543
357.554 539.769
357.818 564.995
358.083 554.221
358.347 531.445
358.611 532.670
358.875 594.893
359.139 604.116
359.404 505.339
359.668 620.561
359.932 662.782
360.196 699.003
360.460 589.224
360.725 579.444
360.989 633.663
361.253 733.882
361.517 673.100
361.781 685.318
362.046 702.535
362.310 710.751
362.574 642.968
362.838 548.183
363.102 584.398
363.366 609.613
363.631 515.827
363.895 540.040
364.159 648.253
364.423 623.466
364.687 618.678
364.952 591.889
365.216 650.100
365.480 587.310
365.747 456.520
366.013 475.730
366.280 489.939
366.546 615.147
366.813 587.355
367.079 657.562
367.346 698.769
367.612 545.975
367.879 588.181
368.145 647.387
368.412 550.592
368.678 546.796
368.945 655.000
369.211 572.203
369.478 603.406
369.744 632.608
370.011 612.810
370.278 597.012
370.544 593.213
370.811 603.413
371.077 581.613
371.344 523.813
371.610 552.012
371.877 579.210
372.143 662.408
372.410 722.606
372.676 738.803
372.943 727.000
373.209 650.196
373.476 520.392
373.742 466.587
374.009 636.782
374.276 659.976
374.542 609.170
374.809 574.363
375.075 403.556
375.342 370.749
375.608 387.941
375.875 412.132
376.141 707.323
376.408 709.514
376.674 626.704
376.941 585.894
377.207 625.083
377.474 1042.272
377.740 821.460
378.007 508.648
378.273 660.836
378.540 720.023
378.807 600.209
379.073 496.395
379.340 423.581
379.606 531.766
379.873 626.951
380.139 649.136
380.406 663.319
380.672 624.503
380.939 575.686
381.205 518.869
381.472 434.051
381.738 387.233
382.005 617.414
382.271 673.595
382.538 614.776
382.804 741.956
383.071 686.135
383.338 650.315
383.604 609.493
383.871 708.672
384.137 672.850
384.404 584.027
384.670 612.204
384.937 589.381
385.203 683.557
385.470 620.733
385.736 678.909
386.003 630.084
386.269 593.259
386.536 635.433
386.802 663.607
387.069 759.780
387.336 847.953
387.602 845.126
387.869 608.298
388.135 573.470
388.402 556.641
388.668 639.812
388.935 711.983
389.201 863.153
389.468 872.323
389.734 863.493
390.001 850.662
390.267 691.830
390.534 785.999
390.800 772.166
391.067 794.334
391.333 794.501
391.600 645.668
391.867 695.834
392.133 719.000
392.400 637.166
392.666 556.331
392.933 741.496
393.199 889.660
393.466 757.824
393.732 698.988
393.999 800.151
394.265 802.314
394.532 724.476
394.798 886.639
395.065 847.800
395.331 905.962
395.598 1055.123
395.864 1217.283
396.131 1462.444
396.398 1830.604
396.664 2239.763
396.931 2737.922
397.197 3783.081
397.464 4784.240
397.730 5769.398
397.997 6492.556
398.263 7141.713
398.530 7684.870
398.796 8392.027
399.063 8846.183
399.329 9046.339
399.596 9351.495
399.862 9260.650
400.129 9405.805
400.396 9442.959
400.662 9136.113
400.929 9080.267
401.195 9183.421
401.462 9152.574
401.728 9414.727
401.995 9902.879
402.261 10228.031
402.528 10791.183
402.794 11308.334
403.061 11962.485
403.327 12611.636
403.594 13088.787
403.860 13302.937
404.127 13483.086
404.393 13808.236
404.660 13986.385
404.931 14402.533
405.202 15122.682
405.473 15824.830
405.745 16668.977
406.016 17276.125
406.287 17531.272
406.558 17755.418
406.829 18194.565
407.100 18415.711
407.371 18836.857
407.642 18996.002
407.914 19017.147
408.185 19009.292
408.456 19410.436
408.727 19813.580
408.998 19844.724
409.269 20121.867
409.540 20030.011
409.811 19759.153
410.083 19628.296
410.354 19342.438
410.625 18987.580
410.896 18620.721
411.167 18340.863
411.438 17666.003
411.709 16972.144
411.981 16463.284
412.252 15224.424
412.523 14068.564
412.794 13350.703
413.065 12546.842
413.336 11569.981
413.607 10820.119
413.878 10151.257
414.150 9550.395
414.421 8853.533
414.692 8178.670
414.963 7549.807
415.234 7112.943
415.505 6591.080
415.776 6198.216
416.047 5630.351
416.319 5045.487
416.590 4380.622
416.861 3706.757
417.132 3433.891
417.403 2979.025
417.674 2677.159
417.945 2266.293
418.217 1970.426
418.488 1842.559
418.759 1570.692
419.030 1393.824
419.301 1377.956
419.572 1379.088
419.843 1306.220
420.114 1132.351
420.386 1065.482
420.657 1159.613
420.928 1023.743
421.199 978.873
421.470 926.003
421.741 831.132
422.012 866.262
422.283 828.391
422.555 837.519
422.826 968.648
423.097 1025.776
423.368 932.904
423.639 783.031
423.910 830.159
424.181 769.286
424.453 722.413
424.724 1002.539
424.995 1092.665
425.266 905.791
425.537 882.917
425.808 1019.042
426.079 1099.167
426.350 1058.292
426.622 1043.417
426.893 1198.541
427.164 1099.665
427.435 1037.789
427.706 1103.912
427.977 1115.036
428.248 1061.159
428.519 1141.281
428.791 1065.404
429.062 1138.526
429.333 1035.648
429.604 989.770
429.875 1122.891
430.146 1193.012
430.417 1174.133
430.689 1121.254
430.960 976.374
431.231 915.494
431.502 1109.614
431.773 1095.733
432.044 966.853
432.315 1108.972
432.586 1056.091
432.858 990.209
433.129 822.328
433.400 820.446
433.671 912.563
433.942 880.681
434.213 722.798
434.484 725.915
434.755 734.032
435.027 598.149
435.298 702.265
435.569 817.381
435.840 696.497
436.116 710.612
436.391 775.728
436.667 786.843
436.942 888.958
437.218 967.072
437.493 991.187
437.769 967.301
438.045 850.415
438.320 852.528
438.596 846.642
438.871 801.755
439.147 770.868
439.422 716.980
439.698 650.093
439.974 703.205
440.249 894.317
440.525 952.429
440.800 718.540
441.076 821.651
441.351 978.762
441.627 993.873
441.903 938.984
442.178 741.094
442.454 708.204
442.729 901.314
443.005 756.424
443.281 891.533
443.556 1046.642
443.832 916.751
444.107 757.860
444.383 800.968
444.658 815.077
444.934 707.185
445.210 852.293
445.485 896.400
445.761 950.507
446.036 937.615
446.312 1006.722
446.587 971.828
446.863 772.935
447.139 827.041
447.414 910.147
447.690 955.253
447.965 997.358
448.241 917.464
448.516 985.569
448.792 956.674
449.068 984.779
449.343 1093.883
449.619 982.987
449.894 1047.091
450.170 1030.195
450.445 1192.299
450.721 1278.402
450.997 1048.506
451.272 1197.609
451.548 1147.711
451.823 1094.814
452.099 1256.916
452.375 1208.018
452.650 1123.120
452.926 1223.222
453.201 1305.324
453.477 1567.425
453.752 1435.526
454.028 1236.627
454.304 1365.728
454.579 1458.828
454.855 1355.929
455.130 1333.029
455.406 1496.128
455.681 1374.228
455.957 1287.328
456.233 1267.427
456.508 1230.526
456.784 1235.625
457.059 1216.723
457.335 1327.822
457.610 1176.920
457.886 1137.018
458.162 1055.116
458.437 1020.214
458.713 1093.311
458.988 1088.409
459.264 1117.506
459.539 1077.602
459.815 1033.699
460.091 925.796
460.366 908.892
460.642 862.988
460.917 869.084
461.193 922.180
461.468 832.275
461.744 791.370
462.020 779.466
462.295 861.560
462.571 848.655
462.846 886.750
463.122 1015.844
463.397 991.938
463.673 900.132
463.949 902.224
464.224 929.290
464.500 986.327
464.775 962.406
465.051 1218.063
465.327 1443.149
465.602 1727.230
465.878 1943.834
466.153 1909.052
466.429 2261.700
466.704 2582.888
466.980 2705.145
467.256 3010.237
467.531 3243.572
467.807 3415.250
468.082 3425.361
468.358 3464.065
468.633 3691.458
468.909 3663.436
469.185 3590.827
469.460 3743.423
469.736 3854.031
470.011 3579.197
470.287 3538.463
470.562 3527.542
470.838 3316.257
471.114 3352.020
471.389 3355.140
471.665 3263.577
471.940 3248.751
472.216 3083.861
472.491 2767.925
472.767 2617.678
473.043 2652.250
473.318 2597.572
473.594 2342.778
473.869 2184.517
474.145 2013.701
474.421 1863.230
474.696 1736.156
474.972 1576.098
475.247 1506.437
475.523 1471.386
475.798 1382.250
476.074 1287.243
476.350 1245.579
476.625 1234.704
476.901 1213.384
477.176 1188.814
477.452 1158.189
477.727 1188.795
478.003 1016.941
478.279 1234.506
478.554 1300.649
478.830 1266.453
479.105 1271.073
479.381 1230.316
479.656 1227.358
479.932 1334.608
480.208 1369.779
480.483 1351.289
480.759 1353.396
481.034 1273.325
481.310 1243.105
481.585 1310.239
481.861 1327.459
482.137 1247.655
482.412 1273.646
482.688 1272.174
482.963 1363.257
483.239 1404.057
483.514 1189.710
483.790 1236.412
484.066 1423.070
484.341 1278.018
484.617 1276.825
484.892 1407.698
485.168 1384.892
485.443 1265.305
485.719 1321.051
485.995 1408.787
486.270 1397.559
486.546 1314.755
486.821 1244.606
487.097 1146.472
487.373 1224.315
487.648 1429.660
487.924 1411.617
488.199 1193.215
488.475 1025.316
488.750 1086.128
489.026 1276.672
489.302 1246.327
489.577 1222.633
489.853 1265.586
490.128 1463.507
490.404 1420.077
490.679 1232.286
490.955 1473.581
491.231 1520.578
491.506 1456.583
491.782 1323.903
492.057 1259.082
492.333 1383.423
492.608 1291.522
492.884 1319.972
493.160 1217.307
493.435 1213.886
493.711 1348.274
493.986 1322.542
494.262 1270.972
494.537 1238.693
494.813 1287.087
495.089 1219.663
495.364 1276.711
495.640 1295.449
495.915 1250.336
496.191 1468.422
496.467 1440.385
496.742 1316.321
497.018 1353.544
497.293 1258.849
497.569 1363.921
497.844 1328.081
498.120 1356.867
498.396 1372.529
498.671 1393.826
498.947 1459.440
499.222 1548.438
499.498 1633.634
499.773 1727.238
500.049 1896.258
500.325 1978.064
500.600 2181.092
500.876 2277.442
501.151 2545.874
501.427 2789.467
501.702 3016.463
501.978 3161.259
502.254 3320.770
502.529 3365.790
502.805 3628.063
503.080 3869.696
503.356 3856.518
503.631 3850.384
503.907 3945.295
504.183 4005.083
504.458 4019.324
504.734 3879.841
505.009 3941.591
505.285 3831.279
505.560 3802.198
505.836 3809.153
506.112 3779.872
506.387 3580.549
506.663 3471.843
506.938 3375.856
507.214 3246.503
507.490 3254.404
507.765 3054.419
508.041 2897.072
508.316 2819.442
508.592 2552.000
508.867 2455.940
509.143 2420.374
509.419 2238.533
509.694 1924.181
509.970 1784.831
510.245 1684.229
510.521 1719.612
510.796 1541.139
511.072 1432.315
511.348 1443.485
511.623 1479.444
511.899 1380.665
512.174 1430.999
512.450 1484.210
512.725 1353.324
513.001 1159.779
513.277 1088.399
513.552 1322.480
513.828 1306.130
514.103 1227.076
514.379 1308.233
514.654 1203.360
514.930 1174.538
515.206 1506.129
515.481 1473.809
515.757 1343.660
516.032 1346.323
516.308 1572.273
516.583 1697.631
516.859 1629.150
517.135 1687.636
517.410 1898.219
517.686 2054.744
517.961 2101.454
518.237 2204.132
518.513 2265.755
518.788 2704.631
519.064 2979.395
519.339 3167.842
519.615 3292.259
519.890 3456.938
520.166 3704.150
520.442 4053.870
520.717 4229.100
520.993 4213.967
521.268 4108.913
521.544 4309.166
521.819 4292.302
522.095 4383.253
522.371 4637.020
522.646 4652.421
522.922 4688.254
523.197 4692.145
523.473 4803.504
523.748 4766.243
524.024 4713.671
524.300 4772.103
524.575 4785.559
524.851 4765.523
525.126 4758.158
525.402 4866.119
525.677 4970.484
525.953 4809.003
526.229 4715.371
526.504 4724.726
526.780 4887.572
527.055 4868.383
527.331 4824.422
527.606 5018.757
527.882 4945.112
528.158 4842.627
528.433 5060.233
528.709 4939.370
528.984 4858.813
529.260 4871.099
529.535 4797.313
529.811 4471.722
530.087 4292.707
530.362 4228.499
530.638 4245.660
530.913 4363.838
531.189 4116.177
531.465 3794.806
531.740 3736.693
532.016 3717.153
532.291 3535.392
532.567 3373.696
532.842 3334.024
533.118 3210.253
533.394 3164.883
533.669 2869.540
533.945 2659.480
534.220 2600.198
534.496 2595.971
534.771 2437.738
535.047 2413.832
535.323 2308.823
535.598 2336.871
535.874 2379.248
536.149 2419.753
536.425 2478.928
536.700 2635.540
536.976 3137.822
537.252 4067.356
537.527 4982.016
537.803 6120.579
538.078 7198.433
538.354 8091.310
538.629 8638.700
538.905 9122.023
539.181 9750.524
539.456 10396.536
539.732 11184.742
540.007 11811.648
540.283 12128.711
540.558 12346.803
540.834 12962.776
541.110 13442.003
541.385 13693.543
541.661 13985.677
541.936 14211.684
542.212 14137.407
542.488 14294.052
542.763 14444.751
543.039 14338.104
543.314 14315.341
543.590 14405.083
543.865 14453.796
544.141 14120.186
544.417 13865.027
544.692 13489.708
544.968 13299.097
545.243 13081.754
545.519 12576.265
545.794 12189.217
546.070 12082.909
546.348 11863.145
546.627 11517.410
546.905 11415.490
547.183 11204.192
547.461 11362.139
547.740 11379.074
548.018 11253.261
548.296 11335.486
548.575 11843.979
548.853 12423.972
549.131 12814.293
549.409 13302.625
549.688 13894.939
549.966 14282.888
550.244 14981.353
550.523 15265.863
550.801 15605.256
551.079 15926.173
551.357 16267.470
551.636 16215.874
551.914 16283.547
552.192 16337.839
552.471 16715.321
552.749 17078.495
553.027 17459.374
553.306 18044.027
553.584 18576.034
553.862 18925.224
554.140 19605.038
554.419 20263.448
554.697 21276.231
554.975 22093.036
555.254 22691.235
555.532 22911.313
555.810 22958.278
556.088 22830.853
556.367 22281.729
556.645 21994.540
556.923 21689.141
557.202 20905.236
557.480 20533.532
557.758 20058.766
558.036 19442.908
558.315 18623.125
558.593 18093.647
558.871 17504.151
559.150 16670.374
559.428 15914.949
559.706 15232.789
559.984 14435.315
560.263 13781.133
560.541 12956.771
560.819 12057.932
561.098 11205.945
561.376 10438.685
561.654 9268.539
561.932 8062.878
562.211 7263.572
562.489 6557.567
562.767 5905.447
563.046 5186.863
563.324 4589.802
563.602 4244.593
563.880 3739.607
564.159 3448.866
564.437 3174.273
564.715 2780.052
564.994 2449.964
565.272 2356.920
565.550 2187.879
565.828 1977.933
566.107 2063.331
566.385 1895.390
566.663 1696.880
566.942 1671.658
567.220 1643.846
567.498 1721.434
567.776 1497.441
568.055 1333.063
568.333 1381.185
568.611 1422.427
568.890 1328.060
569.168 1246.692
569.446 1248.908
569.725 1201.610
570.003 991.993
570.281 954.313
570.559 1031.727
570.838 1044.388
571.116 1125.871
571.394 1197.621
571.673 1159.060
571.951 1015.570
572.229 956.392
572.507 937.929
572.786 978.770
573.064 909.660
573.342 925.284
573.621 836.402
573.899 858.886
574.177 1081.448
574.455 1019.011
574.734 889.916
575.012 974.109
575.290 930.053
575.569 929.048
575.847 892.713
576.125 869.204
576.403 757.136
576.682 806.105
576.960 884.585
577.243 941.829
577.527 785.166
577.810 677.820
578.093 716.994
578.377 714.502
578.660 727.392
578.944 706.685
579.227 711.098
579.510 849.607
579.794 797.914
580.077 697.067
580.360 723.596
580.644 718.400
580.927 721.146
581.210 703.296
581.494 678.844
581.777 787.665
582.061 743.672
582.344 712.552
582.627 648.787
582.911 721.612
583.194 714.391
583.477 802.258
583.761 819.267
584.044 868.212
584.327 856.136
584.611 823.211
584.894 775.302
585.178 735.384
585.461 751.411
585.744 824.381
586.028 765.248
586.311 738.290
586.594 745.332
586.878 677.375
587.161 689.417
587.444 768.459
587.728 745.501
588.011 784.543
588.295 648.585
588.578 747.879
588.861 859.809
589.145 668.710
589.428 655.407
589.711 615.794
589.995 599.236
590.278 745.131
590.562 719.918
590.845 706.253
591.128 860.280
591.412 780.481
591.695 691.392
591.978 823.477
592.262 758.407
592.545 584.453
592.828 769.707
593.112 674.265
593.395 676.299
593.679 611.921
593.962 764.352
594.245 701.941
594.529 633.324
594.812 581.045
595.095 513.007
595.379 673.895
595.662 765.062
595.945 687.877
596.229 609.854
596.512 627.497
596.796 666.811
597.079 776.091
597.362 824.646
597.646 822.880
597.929 746.757
598.212 730.248
598.496 807.363
598.779 899.398
599.062 895.489
599.346 726.722
599.629 702.376
599.913 696.796
600.196 737.229
600.479 752.290
600.763 743.217
601.046 631.666
601.329 680.555
601.613 828.400
601.896 730.110
602.179 810.963
602.463 846.364
602.746 896.501
603.030 932.884
603.313 870.181
603.596 722.035
603.880 800.776
604.163 804.736
604.446 794.191
604.730 752.113
605.013 803.273
605.296 867.760
605.580 826.661
605.863 917.786
606.147 832.612
606.430 779.760
606.713 862.205
606.997 800.402
607.280 944.470
607.563 903.411
607.847 870.307
608.130 861.275
608.414 914.285
608.697 880.075
608.980 853.549
609.264 954.423
609.547 872.232
609.830 896.754
610.114 900.708
610.397 897.806
610.680 913.598
610.964 971.308
611.247 1023.305
611.531 938.967
611.814 780.024
612.097 889.972
612.381 1115.606
612.664 1236.462
612.947 1090.276
613.231 1021.617
613.514 1056.055
613.797 1193.616
614.081 1269.290
614.364 1290.937
614.648 1245.786
614.931 1242.874
615.214 1259.609
615.498 1326.763
615.781 1396.018
616.064 1357.668
616.348 1494.514
616.631 1521.637
616.914 1554.624
617.198 1463.580
617.481 1314.847
617.765 1336.889
618.048 1472.498
618.331 1388.624
618.615 1310.980
618.898 1435.521
619.181 1427.651
619.465 1336.120
619.748 1162.070
620.031 1146.424
620.315 1109.934
620.598 1130.911
620.882 1209.527
621.165 1338.001
621.448 1218.751
621.732 1158.307
622.015 1023.018
622.298 990.198
622.582 1030.143
622.865 985.252
623.148 904.368
623.432 998.305
623.715 907.249
623.999 1060.558
624.282 1045.593
624.565 1069.864
624.849 895.854
625.132 764.630
625.415 1021.721
625.699 1185.249
625.982 1051.076
626.265 946.057
626.549 916.853
626.832 920.927
627.116 948.234
627.399 809.885
627.682 796.189
627.966 799.449
628.249 803.709
628.532 748.664
628.816 973.876
629.099 911.812
629.383 916.938
629.666 848.207
629.949 789.929
630.233 850.022
630.516 907.983
630.799 964.578
631.083 863.138
631.366 782.731
631.649 735.576
631.933 691.793
632.216 835.467
632.500 866.005
632.783 883.903
633.066 838.617
633.350 876.798
633.633 960.925
633.916 935.145
634.200 878.795
634.483 951.740
634.766 984.383
635.050 940.649
635.333 874.133
635.617 915.239
635.900 1014.008
636.183 1094.429
636.467 1058.453
636.750 1141.392
637.033 1233.875
637.317 1284.045
637.600 1243.395
637.883 1192.492
638.167 1211.103
638.450 1269.727
638.734 1281.929
639.017 1397.127
639.300 1445.846
639.584 1407.105
639.867 1637.257
640.150 1548.418
640.434 1562.480
640.717 1600.301
641.000 1530.237
641.284 1619.986
641.567 1553.243
641.851 1560.643
642.134 1725.425
642.417 1715.431
642.701 1885.446
642.984 1935.115
643.267 1867.607
643.551 1783.367
643.834 1827.242
644.117 1858.331
644.401 1890.093
644.684 2035.389
644.968 2256.141
645.251 2203.397
645.534 2118.998
645.818 2237.226
646.101 2510.717
646.384 2810.276
646.668 3104.202
646.951 3422.541
647.235 3681.425
647.518 3846.867
647.801 4236.933
648.085 4631.106
648.368 4987.930
648.651 5299.049
648.935 5862.729
649.218 6456.920
649.501 6879.622
649.785 7447.560
650.068 8140.886
650.352 8599.971
650.635 9181.852
650.918 9796.054
651.202 10658.880
651.485 11684.225
651.768 12779.011
652.052 13723.116
652.335 14858.241
652.618 16018.746
652.902 17256.850
653.185 18408.334
653.469 19035.422
653.752 19486.667
654.035 20030.831
654.319 20688.508
654.602 21176.577
654.885 21341.335
655.169 21586.320
655.452 21574.708
655.735 21564.163
656.019 21658.039
656.302 21748.250
656.586 22295.135
656.869 23056.049
657.152 23224.527
657.436 23365.937
657.719 23517.240
658.002 23364.445
658.286 22757.772
658.569 22431.837
658.852 21794.581
659.136 21368.813
659.419 20572.903
659.703 19824.708
659.986 19120.169
660.269 18734.888
660.553 18338.845
660.836 18331.760
661.119 18274.879
661.403 18232.698
661.686 17961.889
661.969 17556.018
662.253 17160.157
662.536 16933.559
662.820 16576.725
663.103 16344.502
663.386 16294.835
663.670 16143.747
663.953 15966.359
664.236 16065.644
664.520 15751.590
664.803 15656.380
665.086 15605.137
665.370 15505.474
665.653 15377.843
665.937 15008.071
666.220 14564.895
666.503 14202.854
666.787 13808.359
667.070 13379.135
667.353 12940.139
667.637 12031.566
667.920 11362.223
668.204 10418.290
668.487 9382.713
668.770 8673.355
669.054 7595.989
669.337 6747.491
669.620 5957.509
669.904 5243.731
670.187 4677.238
670.470 4316.733
670.754 3824.924
671.037 3396.168
671.321 3111.828
671.604 3116.060
671.887 2939.133
672.171 2638.240
672.454 2556.838
672.737 2437.105
673.021 2251.939
673.304 2240.932
673.587 2407.284
673.871 2397.861
674.154 2366.271
674.438 2376.952
674.721 2421.173
675.004 2421.633
675.288 2348.615
675.571 2328.404
675.854 2248.102
676.138 2336.014
676.421 2425.139
676.704 2448.333
676.988 2597.536
677.271 2785.164
677.555 2661.908
677.838 2405.472
678.121 2281.113
678.405 2209.259
678.688 2178.230
678.971 1848.751
679.255 1875.749
679.538 1945.278
679.821 1868.541
680.105 1733.437
680.388 1596.392
680.672 1511.800
680.955 1546.130
681.238 1535.279
681.522 1423.523
681.805 1451.986
682.088 1503.625
682.372 1504.177
682.655 1452.538
682.938 1513.108
683.222 1489.126
683.505 1329.789
683.789 1425.950
684.072 1372.685
684.355 1333.700
684.639 1365.042
684.922 1277.385
685.205 1203.299
685.489 1320.236
685.772 1351.945
686.056 1310.498
686.339 1324.123
686.622 1182.554
686.906 1167.966
687.189 1313.086
687.472 1518.749
687.756 1371.206
688.039 1266.192
688.322 1221.332
688.606 1481.275
688.889 1490.695
689.173 1396.776
689.456 1550.246
689.739 1633.779
690.023 1597.691
690.306 1664.452
690.589 1697.119
690.873 1834.817
691.156 1774.489
691.439 1688.146
691.723 1697.537
692.006 1785.789
692.290 1746.759
692.573 1890.349
692.856 1985.938
693.140 1972.492
693.423 1919.751
693.706 1880.314
693.990 1859.905
694.273 1803.256
694.556 2034.650
694.840 2050.259
695.123 1938.661
695.407 1924.302
695.690 1839.004
695.973 1905.873
696.257 2050.176
696.540 2285.745
696.830 2377.974
697.120 2444.802
697.410 2533.692
697.699 2622.400
697.989 2927.114
698.279 2825.526
698.569 2714.048
698.859 2846.245
699.149 2920.203
699.439 2740.533
699.729 2655.108
700.018 2573.499
700.308 2619.830
700.598 2500.588
700.888 2364.939
701.178 2582.866
701.468 2584.327
701.758 2399.362
702.048 2365.852
702.337 2250.978
702.627 2327.185
702.917 2179.882
703.207 1976.119
703.497 1913.793
703.787 1610.385
704.077 1555.690
704.366 1582.710
704.656 1372.520
704.946 1224.425
705.236 1101.347
705.526 1265.939
705.816 1346.801
706.106 1020.456
706.396 1047.351
706.685 1051.204
706.975 940.006
707.265 826.173
707.555 1036.377
707.845 1026.416
708.135 862.911
708.425 753.656
708.715 767.282
709.004 1014.570
709.294 959.256
709.584 959.359
709.874 1023.484
710.164 940.666
710.454 858.555
710.744 830.089
711.034 863.809
711.323 802.091
711.613 795.223
711.903 924.257
712.193 1045.223
712.483 878.086
712.773 787.646
713.063 753.737
713.352 804.192
713.642 797.754
713.932 870.366
714.222 907.640
714.512 819.230
714.802 823.828
715.092 857.764
715.382 720.730
715.671 693.298
715.961 757.494
716.251 664.066
716.541 723.121
716.831 810.908
717.121 685.874
717.411 779.319
717.701 893.215
717.990 785.102
718.280 742.553
718.570 772.182
718.860 730.435
719.150 702.500
719.440 709.484
719.730 711.138
720.019 974.792
720.309 865.906
720.599 776.147
720.889 740.332
721.179 782.458
721.469 857.940
721.759 779.205
722.049 794.566
722.338 688.163
722.628 702.954
722.918 780.994
723.208 836.363
723.498 676.768
723.788 748.662
724.078 922.888
724.368 833.078
724.657 782.199
724.947 755.973
725.237 801.125
725.527 878.365
725.817 792.678
726.107 707.957
726.397 683.800
726.686 630.628
726.976 678.037
727.266 759.295
727.556 660.670
727.846 806.537
728.136 802.876
728.426 662.979
728.716 597.108
729.005 769.608
729.295 712.458
729.585 593.473
729.875 588.467
730.165 676.351
730.455 703.529
730.745 759.572
731.035 737.262
731.324 804.864
731.614 756.719
731.904 655.434
732.194 780.818
732.484 683.348
732.774 655.158
733.064 639.613
733.354 505.392
733.643 601.525
733.933 666.261
734.223 645.812
734.513 831.017
734.803 847.457
735.093 699.184
735.383 706.723
735.672 753.617
735.962 771.746
736.252 605.811
736.542 630.523
736.832 615.851
737.122 492.945
737.412 605.710
737.702 730.956
737.991 744.714
738.281 724.566
738.571 681.634
738.861 716.460
739.151 720.416
739.441 740.376
739.731 623.385
740.021 718.229
740.310 790.949
740.600 818.402
740.890 624.691
741.180 611.136
741.470 667.424
741.760 765.173
742.050 892.536
742.339 781.562
742.629 670.800
742.919 814.241
743.209 594.088
743.499 559.087
743.789 575.501
744.079 704.233
744.369 795.544
744.658 708.934
744.948 483.498
745.238 707.981
745.528 770.438
745.818 836.697
746.108 730.566
746.398 727.338
746.688 683.663
746.977 795.896
747.267 695.617
747.557 726.149
747.847 776.863
748.137 732.879
748.427 690.112
748.717 557.352
749.006 469.254
749.296 628.107
749.586 652.376
749.876 777.547
750.166 736.729
750.456 700.593
750.746 707.299
751.036 637.458
751.325 777.197
751.615 716.054
751.905 719.070
752.195 734.807
752.485 687.826
752.775 661.506
753.065 627.491
753.355 814.697
753.644 778.679
753.934 708.754
754.224 681.983
754.514 834.293
754.804 557.647
755.094 446.332
755.384 559.690
755.674 626.910
755.963 718.203
756.253 673.761
756.543 699.182
756.833 708.646
757.123 718.997
757.413 680.542
757.703 566.993
757.992 563.996
758.282 709.030
758.572 697.701
758.862 582.141
759.152 592.210
759.442 634.806
759.732 702.799
760.022 753.068
760.311 690.464
760.601 599.939
760.891 751.868
761.181 728.015
761.471 642.247
761.761 584.503
762.051 611.711
762.341 767.049
762.630 857.467
762.920 681.251
763.210 681.956
763.500 739.696
763.793 657.136
764.086 715.563
764.379 678.643
764.671 791.337
764.964 686.727
765.257 670.648
765.550 690.163
765.843 528.891
766.136 622.659
766.429 648.886
766.722 645.229
767.014 601.338
767.307 500.249
767.600 505.302
767.893 509.861
768.186 528.024
768.479 623.808
768.772 715.559
769.064 695.416
769.357 665.528
769.650 635.975
769.943 777.346
770.236 673.637
770.529 604.777
770.822 672.335
771.115 764.086
771.407 860.737
771.700 762.874
771.993 818.207
772.286 746.763
772.579 736.955
772.872 618.021
773.165 583.764
773.457 655.354
773.750 727.677
774.043 629.813
774.336 602.184
774.629 662.479
774.922 661.146
775.215 588.509
775.508 615.538
775.800 602.864
776.093 709.228
776.386 752.797
776.679 606.543
776.972 679.068
777.265 886.537
777.558 889.686
777.850 718.959
778.143 709.931
778.436 698.589
778.729 666.748
779.022 694.906
779.315 582.360
779.608 549.211
779.900 559.278
780.193 604.520
780.486 607.946
780.779 616.380
781.072 568.685
781.365 673.585
781.658 694.358
781.951 634.134
782.243 677.970
782.536 709.468
782.829 678.360
783.122 623.156
783.415 655.646
783.708 758.973
784.001 728.899
784.293 717.882
784.586 743.231
784.879 825.412
785.172 704.482
785.465 553.901
785.758 631.072
786.051 644.114
786.344 722.842
786.636 870.729
786.929 681.556
787.222 645.828
787.515 634.541
787.808 594.329
788.101 539.400
788.394 731.224
788.686 881.090
788.979 813.987
789.272 737.266
789.565 667.684
789.858 586.861
790.151 512.539
790.444 581.486
790.737 621.083
791.029 534.031
791.322 652.809
791.615 617.279
791.908 657.489
792.201 708.745
792.494 713.039
792.787 742.225
793.079 878.574
793.372 792.057
793.665 744.009
793.958 644.324
794.251 691.199
794.544 829.968
794.837 921.539
795.130 726.141
795.422 685.279
795.715 690.280
796.008 714.936
796.301 721.496
796.594 621.910
796.887 725.511
797.180 726.250
797.472 551.788
797.765 436.151
798.058 544.298
798.351 647.548
798.644 591.730
798.937 563.830
799.230 587.188
799.523 964.658
799.815 885.909
800.108 605.765
800.401 512.062
800.694 656.300
800.987 612.790
801.280 683.960
801.573 746.912
801.865 770.903
802.158 613.462
802.451 548.607
802.744 593.532
803.037 673.388
803.330 641.109
803.623 739.286
803.915 689.401
804.208 551.244
804.501 653.464
804.794 724.550
805.087 681.840
805.380 515.887
805.673 542.413
805.966 696.582
806.258 647.195
806.551 684.654
806.844 691.697
807.137 716.528
807.430 568.233
807.723 567.244
808.016 753.002
808.308 801.815
808.601 663.674
808.894 586.553
809.187 637.511
809.480 703.283
809.773 639.275
810.066 658.041
810.359 752.374
810.651 745.835
810.944 494.090
811.237 487.540
811.530 662.126
811.825 622.405
812.119 583.447
812.414 498.699
812.709 568.914
813.003 633.846
813.298 633.219
813.593 673.018
813.887 597.452
814.182 930.322
814.476 839.911
814.771 756.677
815.066 682.951
815.360 596.906
815.655 549.156
815.950 617.888
816.244 659.612
816.539 776.160
816.834 741.516
817.128 729.022
817.423 782.320
817.718 993.323
818.012 767.676
818.307 489.241
818.602 562.001
818.896 675.079
819.191 631.594
819.486 641.149
819.780 721.493
820.075 823.100
820.369 828.954
820.664 676.617
820.959 734.603
821.253 773.721
821.548 702.233
821.843 733.820
822.137 736.676
822.432 746.559
822.727 651.419
823.021 578.001
823.316 829.403
823.611 818.589
823.905 655.579
824.200 599.769
824.495 723.412
824.789 778.279
825.084 686.852
825.379 577.886
825.673 627.086
825.968 726.840
826.262 712.794
826.557 725.708
826.852 735.568
827.146 768.492
827.441 741.180
827.736 770.644
828.030 699.214
828.325 529.697
828.620 702.747
828.914 831.033
829.209 652.559
829.504 817.634
829.798 796.871
830.093 649.108
830.388 574.070
830.682 481.609
830.977 656.944
831.271 721.755
831.566 621.469
831.861 621.229
832.155 590.594
832.450 727.914
832.745 868.225
833.039 706.261
833.334 615.752
833.629 652.661
833.923 600.234
834.218 574.116
834.513 558.818
834.807 547.629
835.102 504.743
835.397 524.481
835.691 511.615
835.986 563.188
836.281 568.403
836.575 596.235
836.870 602.896
837.164 589.813
837.459 518.938
837.754 601.958
838.048 605.106
838.343 557.720
838.638 587.287
838.932 601.437
839.227 579.932
839.522 639.727
839.816 605.863
840.111 640.511
840.406 655.144
840.700 763.408
840.995 907.252
841.290 869.830
841.584 753.664
841.879 815.882
842.174 712.983
842.468 680.894
842.763 618.708
843.057 701.208
843.352 719.080
843.647 725.072
843.941 708.258
844.236 736.681
844.531 768.159
844.825 700.239
845.120 749.431
845.415 840.953
845.709 737.563
846.004 775.050
846.299 615.829
846.593 727.655
846.888 712.946
847.183 670.599
847.477 611.551
847.772 647.953
848.066 719.159
848.361 677.531
848.656 704.544
848.950 713.026
849.245 827.129
849.540 740.187
849.834 825.814
850.129 897.877
850.424 768.038
850.718 647.096
851.013 801.134
851.308 774.970
851.602 750.874
851.897 857.335
852.192 943.785
852.486 781.270
852.781 688.501
853.076 774.426
853.370 781.564
853.665 811.326
853.959 827.753
854.254 709.377
854.549 930.679
854.843 792.880
855.138 689.525
855.433 788.419
855.727 904.057
856.022 716.608
856.317 642.450
856.611 732.233
856.906 646.729
857.201 726.735
857.495 885.078
857.790 903.097
858.085 784.281
858.379 728.409
858.674 614.105
858.969 529.181
859.263 668.877
859.558 697.517
859.852 606.987
860.147 699.967
860.442 804.789
860.736 596.290
861.031 755.056
861.326 852.949
861.620 726.462
861.915 861.618
862.210 851.346
862.504 692.149
862.799 757.440
863.094 820.735
863.388 667.201
863.683 612.423
863.978 603.932
864.272 624.778
864.567 684.734
864.861 672.841
865.156 574.114
865.451 490.725
865.745 720.828
866.040 764.304
866.335 759.653
866.629 808.266
866.924 684.766
867.219 675.188
867.513 791.287
867.808 693.471
868.103 673.449
868.397 673.791
868.692 723.957
868.987 657.648
869.281 592.705
869.576 762.277
869.871 780.545
870.165 615.929
870.460 528.673
870.754 618.091
871.049 591.083
871.344 625.567
871.638 682.956
871.933 643.198
872.228 666.199
872.522 617.750
872.817 725.911
873.112 977.390
873.406 750.151
873.701 752.113
873.996 768.187
874.290 692.548
874.585 660.146
874.880 749.721
875.174 664.385
875.469 612.546
875.764 633.202
876.058 605.601
876.353 497.140
876.647 488.022
876.942 583.534
877.237 651.727
877.531 668.002
877.826 712.180
878.121 661.681
878.415 616.429
878.710 579.651
879.005 715.617
879.299 641.974
879.594 604.088
879.889 461.613
880.183 498.281
880.478 592.310
880.773 555.734
881.067 566.824
881.362 607.640
881.656 539.596
881.951 588.181
882.246 524.697
882.540 579.040
882.835 592.159
883.130 600.809
883.424 575.359
883.719 524.957
884.014 635.655
884.308 595.014
884.603 547.081
884.898 599.047
885.192 677.831
885.487 588.410
885.782 503.046
886.076 618.158
886.371 648.477
886.666 440.730
886.960 504.861
887.255 495.467
887.549 491.910
887.844 696.567
888.139 771.363
888.433 686.370
888.728 536.848
889.023 549.291
889.317 618.363
889.612 511.536
889.907 511.093
890.201 606.678
890.496 669.811
890.791 654.212
891.085 600.687
891.380 544.210
891.675 562.368
891.969 625.982
892.264 533.588
892.559 534.950
892.853 658.997
893.148 544.267
893.442 520.410
893.737 635.517
894.032 586.508
894.326 531.011
894.621 557.452
894.916 445.960
895.210 521.348
895.505 615.495
895.800 540.894
896.094 465.809
896.389 519.658
896.684 557.229
896.978 548.803
897.273 505.574
897.568 627.929
897.862 619.651
898.157 533.012
898.451 668.891
898.746 681.290
899.041 767.819
899.335 683.684
899.630 554.866
899.925 598.671
900.219 621.710
900.514 731.962
900.809 605.811
901.103 454.655
901.398 591.432
901.693 552.950
901.987 550.778
902.282 632.221
902.577 533.447
902.871 465.245
903.166 556.659
903.461 653.594
903.755 612.186
904.050 547.533
904.344 446.191
904.639 529.208
904.934 534.181
905.228 525.259
905.523 482.505
905.818 602.800
906.112 693.801
906.407 588.564
906.702 510.072
906.996 556.594
907.291 576.370
907.586 526.422
907.880 684.088
908.175 658.355
908.470 626.546
908.764 649.602
909.059 740.639
909.354 719.190
909.648 590.175
909.943 563.701
910.237 690.999
910.532 760.103
910.827 799.526
911.121 727.792
911.416 651.933
911.711 624.369
912.005 633.815
912.300 653.444
912.599 767.200
912.898 658.976
913.196 678.445
913.495 720.198
913.794 755.003
914.093 649.391
914.391 576.189
914.690 661.766
914.989 628.780
915.288 724.285
915.586 647.144
915.885 522.897
916.184 504.187
916.483 539.844
916.782 656.469
917.080 646.140
917.379 643.600
917.678 575.413
917.977 688.585
918.275 727.089
918.574 757.631
918.873 719.423
919.172 678.937
919.471 564.233
919.769 583.015
920.068 572.677
920.367 544.117
920.666 578.878
920.964 656.367
921.263 588.277
921.562 593.283
921.861 700.534
922.159 612.668
922.458 647.595
922.757 658.249
923.056 632.510
923.355 610.872
923.653 724.495
923.952 738.170
924.251 572.568
924.550 715.013
924.848 709.238
925.147 635.043
925.446 596.992
925.745 673.735
926.043 676.083
926.342 609.187
926.641 541.806
926.940 667.819
927.239 747.309
927.537 813.975
927.836 711.381
928.135 687.479
928.434 773.236
928.732 777.422
929.031 788.007
929.330 841.941
929.629 713.157
929.927 693.009
930.226 677.972
930.525 724.460
930.824 814.327
931.123 699.738
931.421 755.722
931.720 746.535
932.019 796.371
932.318 815.748
932.616 747.320
932.915 748.929
933.214 791.774
933.513 766.657
933.812 702.562
934.110 777.703
934.409 935.399
934.708 841.287
935.007 1040.851
935.305 1053.930
935.604 796.853
935.903 955.464
936.202 1027.413
936.500 1102.060
936.799 1165.404
937.098 1101.279
937.397 1064.013
937.696 935.640
937.994 938.908
938.293 1037.693
938.592 890.436
938.891 957.815
939.189 1017.697
939.488 1084.069
939.787 1138.468
940.086 1023.863
940.384 1033.758
940.683 998.942
940.982 918.211
941.281 1124.134
941.580 1396.674
941.878 1321.735
942.177 1078.572
942.476 1097.966
942.775 1066.342
943.073 913.834
943.372 858.255
943.671 1016.626
943.970 1220.129
944.268 1123.510
944.567 930.360
944.866 987.391
945.165 1034.138
945.464 921.742
945.762 877.217
946.061 1160.999
946.360 1253.842
946.659 1171.102
946.957 1126.160
947.256 1048.931
947.555 969.528
947.854 1051.505
948.153 981.003
948.451 907.100
948.750 1003.457
949.049 925.036
949.348 1203.438
949.646 1105.612
949.945 1026.425
950.244 1101.939
950.543 1028.882
950.841 974.073
951.140 886.689
951.439 747.138
951.738 837.785
952.037 976.060
952.335 1069.160
952.634 1054.766
952.933 925.341
953.232 958.706
953.530 758.071
953.829 959.401
954.128 1009.577
954.427 967.280
954.725 1059.937
955.024 1032.734
955.323 1093.406
955.622 874.630
955.921 787.082
956.219 928.484
956.518 870.635
956.817 926.133
957.116 918.034
957.414 865.268
957.713 796.662
958.012 738.906
958.311 748.281
958.610 990.456
958.908 982.458
959.207 904.587
959.506 947.270
959.805 936.156
960.103 943.048
960.402 877.502
960.701 784.003
961.000 772.611
961.298 746.764
961.597 837.479
961.896 827.988
962.195 860.028
962.494 908.069
962.792 819.475
963.091 743.011
963.390 754.857
963.689 739.812
963.987 841.063
964.286 971.680
964.585 998.861
964.884 851.369
965.182 744.305
965.481 1133.311
965.780 1200.846
966.080 1020.426
966.380 926.965
966.680 887.714
966.981 828.014
967.281 832.654
967.581 827.333
967.881 890.241
968.181 863.598
968.481 806.861
968.781 807.932
969.082 735.037
969.382 797.348
969.682 872.867
969.982 898.113
970.282 918.896
970.582 765.456
970.882 715.319
971.183 889.967
971.483 783.173
971.783 760.078
972.083 811.628
972.383 856.876
972.683 816.491
972.983 841.810
973.284 780.615
973.584 738.625
973.884 731.147
974.184 768.194
974.484 896.113
974.784 759.751
975.084 699.330
975.385 759.688
975.685 882.141
975.985 794.153
976.285 840.243
976.585 887.486
976.885 747.507
977.185 750.561
977.486 804.773
977.786 818.598
978.086 928.685
978.386 928.694
978.686 750.852
978.986 713.352
979.286 741.360
979.587 794.368
979.887 734.376
980.187 715.384
980.487 629.392
980.787 762.400
981.087 751.408
981.387 903.416
981.688 756.424
981.988 610.432
982.288 645.440
982.588 681.448
982.888 758.456
983.188 735.464
983.488 852.472
983.789 837.480
984.089 782.488
984.389 750.496
984.689 656.504
984.989 586.512
985.289 620.520
985.589 783.528
985.890 758.536
986.190 643.544
986.490 632.552
986.790 728.560
987.090 721.568
987.390 784.575
987.690 810.583
987.991 620.591
988.291 627.599
988.591 641.607
988.891 528.615
989.191 537.623
989.491 695.630
989.791 678.638
990.092 696.646
990.392 759.654
990.692 709.662
990.992 687.670
991.292 563.677
991.592 715.685
991.892 718.693
992.193 751.701
992.493 739.708
992.793 664.716
993.093 625.724
993.393 598.732
993.693 651.739
993.993 704.747
994.294 784.755
994.594 635.763
994.894 605.770
995.194 671.778
995.494 588.786
995.794 595.793
996.094 636.801
996.395 716.809
996.695 777.816
996.995 573.824
997.295 506.832
997.595 539.839
997.895 492.847
998.195 493.855
998.496 559.862
998.796 540.870
999.096 751.878
999.396 674.885
999.696 675.893
999.996 753.900
1000.296 804.908
1000.597 769.915
1000.897 609.923
1001.197 646.931
1001.497 842.938
1001.797 599.946
1002.097 511.953
1002.397 607.961
1002.698 627.968
1002.998 713.976
1003.298 693.983
1003.598 536.991
1003.898 538.998
1004.198 674.006
1004.498 723.013
1004.799 687.021
1005.099 793.028
1005.399 758.036
1005.699 763.043
1005.999 732.051
1006.299 613.058
1006.599 846.065
1006.900 822.073
1007.200 633.080
1007.500 676.088
1007.800 694.095
1008.100 599.102
1008.400 559.110
1008.700 564.117
1009.001 572.125
1009.301 549.132
1009.601 772.139
1009.901 845.147
1010.201 696.154
1010.501 696.161
1010.801 861.169
1011.102 633.176
1011.402 632.183
1011.702 557.191
1012.002 499.198
1012.302 688.205
1012.602 673.213
1012.902 625.220
1013.203 616.227
1013.503 711.235
1013.803 720.242
1014.103 530.249
1014.403 622.256
1014.703 566.264
1015.003 511.271
1015.304 727.278
1015.604 777.285
1015.904 565.292
1016.204 536.300
1016.504 597.307
1016.804 565.314
1017.104 575.321
1017.405 587.328
1017.705 548.336
1018.005 568.343
1018.305 576.350
1018.605 588.357
1018.905 496.364
1019.205 512.372
1019.506 786.379
1019.806 757.386
1020.106 630.393
1020.406 667.400
1020.706 654.407
1021.006 721.414
1021.306 816.421
1021.607 693.428
1021.907 792.436
1022.207 735.443
1022.507 609.450
1022.807 678.457
1023.107 680.464
1023.407 594.471
1023.708 604.478
1024.008 577.485
1024.308 582.492
1024.608 593.499
1024.908 527.506
1025.208 635.513
1025.508 818.520
1025.809 763.527
1026.109 639.534
1026.409 726.541
1026.709 629.548
1027.009 574.555
1027.309 675.562
1027.609 553.569
1027.910 554.576
1028.210 719.583
1028.510 832.590
1028.810 980.597
1029.110 895.604
1029.410 720.611
1029.710 776.618
1030.011 751.625
1030.311 753.632
1030.611 635.638
1030.911 600.645
1031.211 660.652
1031.511 624.659
1031.811 820.666
1032.112 792.673
1032.412 633.680
1032.712 500.687
1033.012 608.693
1033.312 816.700
1033.612 782.707
1033.912 665.714
1034.212 579.721
1034.513 584.728
1034.813 576.735
1035.113 671.741
1035.413 592.748
1035.713 604.755
1036.013 650.762
1036.313 635.769
1036.614 714.775
1036.914 631.782
1037.214 485.789
1037.514 642.796
1037.814 612.802
1038.114 667.809
1038.414 627.816
1038.715 646.823
1039.015 561.829
1039.315 460.836
1039.615 525.843
1039.915 544.850
1040.215 544.856
1040.515 587.863
1040.816 684.870
1041.116 608.876
1041.416 560.883
1041.716 560.890
1042.016 515.896
1042.316 662.903
1042.616 656.910
1042.917 594.916
1043.217 559.923
1043.517 579.930
1043.817 683.936
1044.117 675.943
1044.417 611.950
1044.717 564.956
1045.018 640.963
1045.318 725.969
1045.618 731.976
1045.918 647.983
1046.218 568.989
1046.518 593.996
1046.818 652.002
1047.119 563.009
1047.419 746.016
1047.719 732.022
1048.019 653.029
1048.319 683.035
1048.619 649.042
1048.919 672.048
1049.220 597.055
1049.520 673.061
1049.820 633.068
1050.120 531.074
1050.420 755.081
1050.720 772.087
1051.020 669.094
1051.321 687.100
1051.621 826.107
1051.921 695.113
1052.221 528.120
1052.521 509.126
1052.821 546.133
1053.121 656.139
1053.422 725.146
1053.722 818.152
1054.022 742.159
1054.322 783.165
1054.622 633.171
1054.922 588.178
1055.222 693.184
1055.523 663.191
1055.823 724.197
1056.123 754.204
1056.423 668.210
1056.723 727.216
1057.023 647.223
1057.323 481.229
1057.624 613.235
1057.924 771.242
1058.224 745.248
1058.524 613.255
1058.824 749.261
1059.124 708.267
1059.424 579.274
1059.725 689.280
1060.025 629.286
1060.325 665.293
1060.625 663.299
1060.925 567.305
1061.225 595.311
1061.525 790.318
1061.826 693.324
1062.126 662.330
1062.426 725.337
1062.726 697.343
1063.026 679.349
1063.326 927.355
1063.626 879.362
1063.927 780.368
1064.227 710.374
1064.527 567.380
1064.827 697.387
1065.127 652.393
1065.427 445.399
1065.727 460.405
1066.028 660.412
1066.328 728.418
1066.628 568.424
1066.928 567.430
1067.228 643.436
1067.528 617.443
1067.828 610.449
1068.129 550.455
1068.429 713.461
1068.729 800.467
1069.029 657.474
1069.329 536.480
1069.629 654.486
1069.929 777.492
1070.230 861.498
1070.530 801.504
1070.830 645.510
1071.130 697.517
1071.430 684.523
1071.730 735.529
1072.030 769.535
1072.331 649.541
1072.631 696.547
1072.931 745.553
1073.231 723.559
1073.531 699.565
1073.831 647.571
1074.131 795.578
1074.432 834.584
1074.732 700.590
1075.032 590.596
1075.332 585.602
1075.632 609.608
1075.932 592.614
1076.232 582.620
1076.533 607.626
1076.833 728.632
1077.133 676.638
1077.433 600.644
1077.733 637.650
1078.033 762.656
1078.333 722.662
1078.634 676.668
1078.934 715.674
1079.234 624.680
1079.534 793.686
1079.834 842.692
1080.134 762.698
1080.434 739.704
1080.735 632.710
1081.035 645.716
1081.335 505.722
1081.635 564.728
1081.935 645.734
1082.235 647.740
1082.535 651.745
1082.836 694.751
1083.136 671.757
1083.436 717.763
1083.736 751.769
1084.036 637.775
1084.336 584.781
1084.636 646.787
1084.937 772.793
1085.237 816.799
1085.537 661.804
1085.837 660.810
1086.137 616.816
1086.437 685.822
1086.737 610.828
1087.038 615.834
1087.338 808.840
1087.638 811.845
1087.938 580.851
1088.238 453.857
1088.538 616.863
1088.838 769.869
1089.139 762.875
1089.439 566.880
1089.739 709.886
1090.039 763.892
1090.339 748.898
1090.639 658.904
1090.939 652.909
1091.240 588.915
1091.540 655.921
1091.840 651.927
1092.140 736.933
1092.453 724.938
1092.766 616.944
1093.079 604.950
1093.392 642.956
1093.705 615.961
1094.018 610.967
1094.330 758.973
1094.643 733.978
1094.956 745.984
1095.269 645.990
1095.582 665.996
1095.895 625.001
1096.208 613.007
1096.521 658.013
1096.834 667.018
1097.147 647.024
1097.460 714.030
1097.773 767.036
1098.085 640.041
1098.398 564.047
1098.711 592.053
1099.024 521.058
1099.337 654.064
1099.650 754.069
1099.963 712.075
1100.276 597.081
1100.589 547.086
1100.902 676.092
1101.215 668.098
1101.528 711.103
1101.841 663.109
1102.153 689.115
1102.466 749.120
1102.779 590.126
1103.092 550.131
1103.405 625.137
1103.718 581.143
1104.031 556.148
1104.344 677.154
1104.657 692.159
1104.970 982.165
1105.283 771.170
1105.596 638.176
1105.909 601.182
1106.221 704.187
1106.534 703.193
1106.847 578.198
1107.160 522.204
1107.473 498.209
1107.786 612.215
1108.099 563.220
1108.412 597.226
1108.725 650.231
1109.038 544.237
1109.351 615.242
1109.664 658.248
1109.977 589.253
1110.289 614.259
1110.602 645.264
1110.915 605.270
1111.228 616.275
1111.541 580.281
1111.854 559.286
1112.167 443.292
1112.480 461.297
1112.793 555.303
1113.106 587.308
1113.419 661.313
1113.732 657.319
1114.044 580.324
1114.357 620.330
1114.670 604.335
1114.983 553.341
1115.296 578.346
1115.609 706.351
1115.922 680.357
1116.235 661.362
1116.548 641.368
1116.861 665.373
1117.174 632.378
1117.487 594.384
1117.800 729.389
1118.112 614.395
1118.425 574.400
1118.738 550.405
1119.051 566.411
1119.364 585.416
1119.677 644.421
1119.990 623.427
1120.303 633.432
1120.616 690.437
1120.929 564.443
1121.242 664.448
1121.555 685.453
1121.868 675.459
1122.180 682.464
1122.493 458.469
1122.806 447.475
1123.119 636.480
1123.432 734.485
1123.745 704.491
1124.058 641.496
1124.371 597.501
1124.684 749.507
1124.997 667.512
1125.310 595.517
1125.623 501.522
1125.935 459.528
1126.248 607.533
1126.561 686.538
1126.874 647.543
1127.187 752.549
1127.500 734.554
1127.813 646.559
1128.126 652.564
1128.439 667.570
1128.752 793.575
1129.065 554.580
1129.378 363.585
1129.691 540.590
1130.003 618.596
1130.316 616.601
1130.629 539.606
1130.942 595.611
1131.255 617.616
1131.568 565.622
1131.881 654.627
1132.194 680.632
1132.507 624.637
1132.820 554.642
1133.133 682.648
1133.446 563.653
1133.759 750.658
1134.071 1203.663
1134.384 824.668
1134.697 757.673
1135.010 830.678
1135.323 671.684
1135.636 527.689
1135.949 481.694
1136.262 537.699
1136.575 540.704
1136.888 604.709
1137.201 603.714
1137.514 564.719
1137.826 743.725
1138.139 627.730
1138.452 590.735
1138.765 802.740
1139.078 830.745
1139.391 765.750
1139.704 675.755
1140.017 686.760
1140.330 600.765
1140.643 590.770
1140.956 631.775
1141.269 664.780
1141.582 641.786
1141.894 562.791
1142.207 708.796
1142.520 650.801
1142.833 780.806
1143.146 662.811
1143.459 552.816
1143.772 590.821
1144.085 699.826
1144.398 620.831
1144.711 565.836
1145.024 544.841
1145.337 600.846
1145.650 659.851
1145.962 614.856
1146.275 624.861
1146.588 523.866
1146.901 682.871
1147.214 627.876
1147.527 538.881
1147.840 629.886
1148.153 584.891
1148.466 620.896
1148.779 602.901
1149.092 737.906
1149.405 611.911
1149.718 631.915
1150.030 729.920
1150.343 691.925
1150.656 567.930
1150.969 580.935
1151.282 730.940
1151.595 674.945
1151.908 593.950
1152.221 447.955
1152.534 530.960
1152.847 778.965
1153.160 735.970
1153.473 708.975
1153.785 745.979
1154.098 723.984
1154.411 771.989
1154.724 699.994
1155.037 830.999
1155.350 693.004
1155.663 662.009
1155.976 645.014
1156.289 722.018
1156.602 570.023
1156.915 447.028
1157.228 465.033
1157.541 530.038
1157.853 543.043
1158.166 592.048
1158.479 721.052
1158.792 715.057
1159.105 723.062
1159.418 699.067
1159.731 591.072
1160.044 576.077
1160.357 745.081
1160.670 723.086
1160.983 544.091
1161.296 652.096
1161.609 756.101
1161.921 678.105
1162.234 597.110
1162.547 463.115
1162.860 516.120
1163.173 542.125
1163.486 636.129
1163.799 664.134
1164.112 621.139
1164.425 612.144
1164.738 543.148
1165.051 483.153
1165.364 530.158
1165.676 615.163
1165.989 676.167
1166.302 607.172
1166.615 762.177
1166.928 702.182
1167.241 706.186
1167.554 758.191
1167.867 723.196
1168.180 641.200
1168.493 553.205
1168.806 605.210
1169.119 605.215
1169.432 681.219
1169.744 662.224
1170.057 625.229
1170.370 792.233
1170.683 690.238
1170.996 588.243
1171.309 553.247
1171.622 534.252
1171.935 617.257
1172.248 788.261
1172.561 719.266
1172.874 654.271
1173.187 666.275
1173.500 689.280
1173.812 744.285
1174.125 709.289
1174.438 700.294
1174.751 583.299
1175.064 598.303
1175.377 706.308
1175.690 624.313
1176.003 542.317
1176.316 614.322
1176.629 653.326
1176.942 598.331
1177.255 542.336
1177.567 573.340
1177.880 566.345
1178.193 626.350
1178.506 582.354
1178.819 674.359
1179.132 733.363
1179.445 563.368
1179.758 728.372
1180.071 735.377
1180.384 545.382
1180.697 590.386
1181.010 668.391
1181.323 762.395
1181.635 767.400
1181.948 706.404
1182.261 623.409
1182.574 580.414
1182.887 644.418
1183.200 806.423
1183.513 734.427
1183.826 614.432
1184.139 630.436
1184.452 648.441
1184.765 537.445
1185.078 467.450
1185.391 594.454
1185.703 602.459
1186.016 495.463
1186.329 484.468
1186.642 564.472
1186.955 715.477
1187.268 576.481
1187.581 644.486
1187.894 660.490
1188.207 685.495
1188.520 608.499
1188.833 596.504
1189.146 494.508
1189.459 436.513
1189.771 530.517
1190.084 680.522
1190.397 596.526
1190.710 668.531
1191.023 695.535
1191.336 679.539
1191.649 610.544
1191.962 607.548
1192.275 491.553
1192.588 625.557
1192.901 777.562
1193.214 565.566
1193.526 563.570
1193.839 659.575
1194.152 542.579
1194.465 713.584
1194.778 678.588
1195.091 596.593
1195.404 511.597
1195.717 582.601
1196.030 706.606
1196.343 606.610
1196.656 474.615
1196.969 571.619
1197.282 621.623
1197.594 677.628
1197.907 781.632
1198.220 746.636
1198.533 594.641
1198.846 580.645
1199.159 580.650
1199.472 591.654
1199.785 703.658
1200.098 554.663
1200.411 683.667
1200.724 659.671
1201.037 588.676
1201.350 516.680
1201.662 484.684
1201.975 595.689
1202.288 587.693
1202.601 173.697
