165.028 181.554
165.288 95.215
165.547 137.879
165.807 175.546
166.067 79.216
166.327 50.890
166.587 85.567
166.847 160.247
167.107 202.930
167.367 247.616
167.627 255.306
167.886 189.999
168.146 175.694
168.406 358.393
168.666 326.095
168.926 239.800
169.186 210.507
169.446 217.218
169.706 101.931
169.966 198.648
170.225 181.367
170.485 249.089
170.745 302.813
171.005 418.541
171.265 264.271
171.525 229.004
171.785 133.739
172.045 116.477
172.305 338.218
172.564 313.961
172.824 189.707
173.084 272.455
173.344 252.206
173.604 262.959
173.864 319.714
174.124 281.472
174.384 264.233
174.644 329.995
174.903 428.760
175.163 447.527
175.423 503.296
175.683 288.068
175.943 324.842
176.203 260.617
176.463 231.395
176.723 222.175
176.983 283.958
177.242 326.742
177.502 445.528
177.762 408.316
178.022 217.106
178.282 267.898
178.542 239.692
178.802 286.487
179.062 261.285
179.322 444.084
179.581 451.885
179.841 289.688
180.101 406.492
180.361 429.299
180.621 350.107
180.881 283.916
181.141 217.727
181.401 256.540
181.661 372.354
181.920 499.170
182.180 389.987
182.440 240.806
182.700 222.626
182.960 200.447
183.220 285.270
183.480 552.095
183.740 412.920
184.000 307.747
184.259 171.575
184.519 309.405
184.779 340.235
185.039 353.067
185.299 492.900
185.559 478.735
185.819 461.570
186.079 420.406
186.339 348.244
186.598 310.082
186.858 179.922
187.118 226.763
187.378 363.604
187.638 335.447
187.898 410.290
188.158 475.134
188.418 298.979
188.678 245.826
188.937 308.672
189.197 378.520
189.457 387.368
189.717 307.218
189.977 182.068
190.237 183.918
190.497 380.770
190.757 384.622
191.017 372.474
191.276 239.327
191.536 241.181
191.796 215.036
192.056 230.890
192.316 247.746
192.576 224.602
192.836 197.458
193.096 237.315
193.356 244.172
193.616 251.030
193.875 272.888
194.135 193.747
194.395 293.606
194.655 315.465
194.915 302.324
195.175 289.184
195.435 339.044
195.695 161.904
195.955 -4.235
196.214 199.626
196.474 407.487
196.734 382.348
196.994 361.209
197.254 281.070
197.514 225.931
197.774 221.793
198.034 155.655
198.294 136.516
198.553 160.378
198.813 180.239
199.073 99.101
199.333 135.963
199.593 299.824
199.853 327.686
200.113 413.547
200.373 432.409
200.633 185.270
200.892 158.131
201.152 144.992
201.412 199.852
201.672 326.713
201.932 469.573
202.192 389.433
202.452 222.293
202.712 196.153
202.972 291.012
203.231 387.871
203.491 313.730
203.751 284.588
204.011 333.446
204.271 408.304
204.531 209.161
204.791 176.018
205.051 223.875
205.311 317.731
205.570 243.587
205.830 232.442
206.090 190.297
206.350 320.151
206.610 501.005
206.870 311.858
207.130 247.711
207.390 286.563
207.650 261.415
207.909 317.266
208.169 346.117
208.429 335.967
208.689 207.816
208.949 295.665
209.209 427.513
209.469 223.360
209.729 174.207
209.989 250.053
210.248 140.899
210.508 439.743
210.768 404.587
211.028 225.431
211.288 300.273
211.548 314.115
211.808 340.956
212.068 444.797
212.328 450.636
212.587 405.475
212.847 282.313
213.107 402.150
213.367 399.986
213.627 362.822
213.887 310.656
214.147 200.490
214.407 299.323
214.667 289.155
214.926 368.986
215.186 280.816
215.446 343.645
215.706 281.474
215.966 264.301
216.226 295.128
216.486 305.953
216.746 344.778
217.006 392.601
217.265 309.424
217.525 235.246
217.785 361.066
218.045 410.886
218.305 306.704
218.565 271.522
218.825 354.339
219.085 490.154
219.345 271.969
219.604 179.782
219.864 321.594
220.124 374.405
220.384 388.216
220.644 337.025
220.904 229.833
221.164 304.639
221.424 338.445
221.684 263.250
221.943 313.053
222.203 423.856
222.463 329.657
222.723 202.457
222.983 365.256
223.243 349.053
223.503 357.850
223.763 307.645
224.023 282.439
224.282 400.232
224.542 382.024
224.802 390.815
225.062 387.604
225.322 453.392
225.582 407.179
225.842 392.965
226.102 398.749
226.362 346.532
226.621 401.314
226.881 282.095
227.141 345.874
227.401 406.652
227.661 317.429
227.921 479.205
228.181 378.979
228.441 345.752
228.701 525.524
228.960 511.294
229.220 331.064
229.480 264.831
229.740 426.598
230.000 500.363
230.260 322.127
230.520 317.890
230.780 317.651
231.040 351.411
231.299 300.169
231.559 293.927
231.819 317.683
232.079 402.437
232.339 370.190
232.599 199.942
232.859 325.693
233.119 450.442
233.379 318.190
233.638 391.936
233.898 455.681
234.158 412.425
234.418 306.167
234.678 398.908
234.938 466.647
235.198 323.385
235.458 216.122
235.718 337.857
235.978 381.591
236.237 346.324
236.497 362.055
236.757 436.785
237.017 450.513
237.277 392.240
237.537 333.965
237.797 247.689
238.057 415.412
238.317 360.133
238.576 238.853
238.836 366.571
239.096 485.288
239.356 397.004
239.616 340.718
239.876 409.431
240.136 392.142
240.396 460.852
240.656 543.560
240.915 449.267
241.175 421.973
241.435 298.677
241.695 386.379
241.955 535.080
242.215 560.780
242.475 502.478
242.735 345.175
242.995 427.871
243.254 426.565
243.514 373.257
243.774 232.948
244.034 315.638
244.294 541.326
244.554 427.012
244.814 379.698
245.074 311.381
245.334 326.064
245.593 379.745
245.853 354.424
246.113 279.102
246.373 415.779
246.633 481.454
246.893 392.127
247.153 392.799
247.413 464.470
247.673 410.139
247.932 363.807
248.192 426.473
248.452 515.138
248.712 482.801
248.972 284.463
249.232 459.124
249.492 348.783
249.752 246.440
250.012 451.096
250.271 448.751
250.531 451.404
250.791 627.056
251.051 635.706
251.311 459.355
251.571 270.002
251.831 394.648
252.091 471.292
252.351 405.935
252.610 352.577
252.870 435.217
253.130 383.855
253.390 356.493
253.650 496.128
253.911 477.763
254.172 495.395
254.433 420.027
254.694 355.657
254.955 359.285
255.216 304.912
255.477 491.537
255.738 442.162
255.999 310.784
256.261 480.405
256.522 469.025
256.783 429.644
257.044 304.260
257.305 264.876
257.566 262.490
257.827 252.102
258.088 353.714
258.349 339.323
258.610 377.932
258.871 440.538
259.132 524.144
259.393 380.748
259.654 265.350
259.915 198.951
260.176 302.551
260.437 452.149
260.698 431.746
260.959 357.342
261.221 461.936
261.482 505.528
261.743 437.119
262.004 409.709
262.265 637.297
262.526 575.884
262.787 366.470
263.048 360.054
263.309 325.637
263.570 469.218
263.831 433.798
264.092 391.376
264.353 311.954
264.614 614.529
264.875 552.104
265.136 380.676
265.397 545.248
265.658 608.818
265.919 624.387
266.181 592.954
266.442 445.520
266.703 379.085
266.964 371.648
267.225 365.210
267.486 450.770
267.747 501.329
268.008 486.887
268.269 588.443
268.530 604.998
268.791 551.552
269.052 559.104
269.313 478.655
269.574 494.205
269.835 469.753
270.096 440.300
270.357 530.845
270.618 470.389
270.879 414.932
271.141 511.473
271.402 471.013
271.663 335.552
271.924 468.090
272.185 522.626
272.446 460.160
272.707 467.694
272.968 418.226
273.229 420.757
273.490 422.286
273.751 400.814
274.012 481.341
274.273 563.866
274.534 501.390
274.795 546.913
275.056 619.435
275.317 494.955
275.578 390.474
275.839 428.991
276.101 421.507
276.362 416.022
276.623 463.536
276.884 563.049
277.145 590.560
277.406 611.069
277.667 473.578
277.928 372.085
278.189 556.591
278.450 612.096
278.711 562.599
278.972 569.101
279.233 525.602
279.494 570.102
279.755 703.600
280.016 715.097
280.277 589.593
280.538 666.087
280.799 504.581
281.061 509.073
281.322 440.563
281.583 435.053
281.844 408.541
282.105 471.028
282.366 564.514
282.627 480.998
282.888 583.482
283.149 619.964
283.410 503.445
283.671 558.924
283.932 523.403
284.193 351.880
284.454 385.356
284.715 533.830
284.976 538.304
285.237 617.776
285.498 801.247
285.759 704.717
286.021 651.186
286.282 553.653
286.543 580.120
286.804 528.585
287.065 626.049
287.326 647.511
287.587 466.973
287.848 587.433
288.109 641.892
288.370 594.350
288.631 430.807
288.892 379.263
289.153 436.717
289.414 398.170
289.675 650.622
289.936 759.073
290.197 684.523
290.458 606.972
290.719 506.419
290.981 659.865
291.242 732.311
291.503 701.755
291.764 527.197
292.025 391.639
292.286 427.080
292.547 528.519
292.808 518.957
293.069 581.395
293.330 585.831
293.591 614.266
293.852 572.699
294.113 520.132
294.374 525.564
294.635 611.994
294.896 674.423
295.157 651.852
295.418 657.279
295.679 641.705
295.941 645.130
296.202 615.553
296.463 543.976
296.724 625.398
296.985 632.818
297.246 610.238
297.507 504.656
297.768 459.073
298.029 579.489
298.290 780.904
298.551 782.319
298.812 752.731
299.073 504.143
299.334 415.554
299.595 575.964
299.856 573.373
300.117 707.780
300.378 666.187
300.639 508.592
300.901 456.997
301.162 504.400
301.423 596.803
301.684 715.204
301.945 739.604
302.206 542.004
302.467 569.402
302.728 478.799
302.989 536.195
303.250 622.590
303.511 676.984
303.772 603.377
304.033 585.770
304.294 558.161
304.555 513.551
304.816 583.940
305.077 627.328
305.338 511.715
305.599 476.101
305.861 580.486
306.122 621.870
306.383 511.253
306.644 557.635
306.905 426.016
307.166 606.396
307.427 637.775
307.688 551.153
307.949 560.530
308.210 581.906
308.471 537.281
308.732 463.655
308.993 373.029
309.254 447.401
309.515 374.772
309.776 518.142
310.037 576.512
310.298 385.880
310.559 450.248
310.821 635.614
311.082 568.980
311.343 408.344
311.604 366.708
311.865 354.071
312.126 416.432
312.387 477.793
312.648 509.153
312.909 500.512
313.170 491.870
313.434 531.227
313.698 433.583
313.963 536.939
314.227 407.293
314.491 361.647
314.755 515.999
315.019 530.351
315.284 393.701
315.548 539.051
315.812 539.400
316.076 611.748
316.340 598.095
316.604 570.441
316.869 600.787
317.133 587.131
317.397 678.475
317.661 615.817
317.925 557.159
318.190 541.500
318.454 523.840
318.718 489.179
318.982 626.517
319.246 687.854
319.511 777.191
319.775 514.527
320.039 463.861
320.303 530.195
320.567 628.528
320.832 631.860
321.096 469.192
321.360 495.522
321.624 532.852
321.888 460.181
322.153 485.509
322.417 479.836
322.681 426.162
322.945 593.487
323.209 591.812
323.473 541.136
323.738 508.459
324.002 479.781
324.266 634.102
324.530 594.422
324.794 499.742
325.059 418.061
325.323 379.379
325.587 445.696
325.851 503.012
326.115 654.328
326.380 571.642
326.644 536.956
326.908 580.269
327.172 532.582
327.436 573.893
327.701 555.204
327.965 489.514
328.229 568.823
328.493 426.131
328.757 408.439
329.022 560.745
329.286 436.051
329.550 398.357
329.814 491.661
330.078 541.965
330.342 470.267
330.607 495.570
330.871 592.871
331.135 675.171
331.399 651.471
331.663 525.770
331.928 517.068
332.192 598.366
332.456 572.663
332.720 562.959
332.984 502.254
333.249 604.548
333.513 556.842
333.777 402.135
334.041 397.427
334.305 437.719
334.570 493.009
334.834 416.299
335.098 611.589
335.362 701.877
335.626 557.165
335.891 507.452
336.155 526.738
336.419 453.024
336.683 330.309
336.947 503.593
337.211 530.877
337.476 425.159
337.740 494.441
338.004 500.723
338.268 441.003
338.532 521.283
338.797 497.562
339.061 573.841
339.325 615.118
339.589 700.396
339.853 602.672
340.118 539.948
340.382 617.223
340.646 681.497
340.910 525.770
341.174 520.043
341.439 489.315
341.703 570.587
341.967 527.858
342.231 532.128
342.495 469.397
342.759 599.666
343.024 585.934
343.288 686.202
343.552 627.469
343.816 352.735
344.080 418.000
344.345 530.265
344.609 385.529
344.873 298.792
345.137 548.055
345.401 641.317
345.666 404.579
345.930 616.840
346.194 705.100
346.458 502.359
346.722 478.618
346.987 466.876
347.251 554.134
347.515 702.391
347.779 570.647
348.043 508.903
348.308 571.158
348.572 482.412
348.836 349.666
349.100 415.919
349.364 369.172
349.628 386.423
349.893 493.675
350.157 578.925
350.421 581.175
350.685 576.424
350.949 555.673
351.214 394.921
351.478 425.169
351.742 472.416
352.006 521.662
352.270 502.908
352.535 425.153
352.799 429.397
353.063 602.641
353.327 512.884
353.591 419.127
353.856 480.369
354.120 556.610
354.384 626.851
354.648 697.091
354.912 667.331
355.177 523.570
355.441 449.808
355.705 670.046
355.969 682.284
356.233 596.520
356.497 552.756
356.762 562.992
357.026 548.227
357.290 507.461
357.554 538.695
357.818 569.928
358.083 533.161
358.347 541.393
358.611 611.625
358.875 638.855
359.139 581.086
359.404 455.316
359.668 533.545
359.932 692.774
360.196 698.002
360.460 519.229
360.725 563.456
360.989 638.683
361.253 743.909
361.517 679.134
361.781 659.359
362.046 663.583
362.310 653.807
362.574 656.030
362.838 521.252
363.102 520.475
363.366 595.696
363.631 545.917
363.895 519.138
364.159 662.357
364.423 597.577
364.687 629.796
364.952 708.014
365.216 724.232
365.480 664.449
365.747 522.666
366.013 544.882
366.280 538.098
366.546 622.313
366.813 542.527
367.079 531.741
367.346 612.955
367.612 573.168
367.879 607.381
368.145 716.593
368.412 535.804
368.678 481.015
368.945 620.226
369.211 540.436
369.478 566.645
369.744 580.854
370.011 575.063
370.278 594.271
370.544 543.478
370.811 626.685
371.077 648.892
371.344 527.098
371.610 506.303
371.877 604.508
372.143 699.713
372.410 726.917
372.676 788.120
372.943 728.323
373.209 654.526
373.476 550.728
373.742 485.930
374.009 635.131
374.276 603.331
374.542 543.531
374.809 498.731
375.075 390.930
375.342 363.129
375.608 427.327
375.875 471.525
376.141 689.722
376.408 637.919
376.674 615.116
376.941 577.311
377.207 582.507
377.474 1001.702
377.740 867.896
378.007 539.090
378.273 640.284
378.540 692.477
378.807 581.670
379.073 498.862
379.340 485.054
379.606 515.245
379.873 542.436
380.139 611.626
380.406 669.816
380.672 576.006
380.939 460.195
381.205 478.383
381.472 438.571
381.738 381.759
382.005 554.946
382.271 653.133
382.538 620.320
382.804 732.506
383.071 651.691
383.338 632.876
383.604 603.061
383.871 700.245
384.137 700.429
384.404 575.612
384.670 592.795
384.937 545.977
385.203 644.160
385.470 614.341
385.736 660.522
386.003 646.703
386.269 629.883
386.536 602.063
386.802 630.243
387.069 692.422
387.336 836.601
387.602 818.779
387.869 584.957
388.135 570.134
388.402 581.311
388.668 671.488
388.935 795.664
389.201 884.840
389.468 849.015
389.734 807.190
390.001 759.365
390.267 712.539
390.534 736.713
390.800 716.886
391.067 811.059
391.333 788.231
391.600 723.403
391.867 744.575
392.133 785.747
392.400 661.918
392.666 584.088
392.933 816.258
393.199 884.428
393.466 742.597
393.732 737.766
393.999 849.935
394.265 880.103
394.532 809.271
394.798 902.438
395.065 884.605
395.331 1000.772
395.598 1112.938
395.864 1328.104
396.131 1639.270
396.398 2037.435
396.664 2547.600
396.931 3137.764
397.197 4186.928
397.464 5363.092
397.730 6584.255
397.997 7327.418
398.263 7935.580
398.530 8617.743
398.796 9330.904
399.063 9798.066
399.329 9981.227
399.596 10306.387
399.862 10224.548
400.129 10316.708
400.396 10358.867
400.662 10056.026
400.929 10073.185
401.195 10280.344
401.462 10713.502
401.728 11323.660
401.995 11853.817
402.261 12553.974
402.528 13397.131
402.794 14081.287
403.061 14971.443
403.327 15869.599
403.594 16527.754
403.860 17050.909
404.127 17208.063
404.393 17407.218
404.660 17707.372
404.931 18350.525
405.202 19124.678
405.473 19943.831
405.745 21013.984
406.016 22172.136
406.287 22439.287
406.558 22620.439
406.829 23292.590
407.100 23667.741
407.371 24486.891
407.642 24878.041
407.914 25089.191
408.185 25413.341
408.456 25820.490
408.727 26257.638
408.998 26535.787
409.269 27033.935
409.540 27342.083
409.811 26912.230
410.083 26735.377
410.354 26494.524
410.625 26043.671
410.896 25517.817
411.167 25196.963
411.438 24813.108
411.709 23781.253
411.981 22828.398
412.252 21386.542
412.523 20011.687
412.794 18800.831
413.065 17740.974
413.336 16420.117
413.607 15545.260
413.878 14764.403
414.150 13889.545
414.421 13083.687
414.692 12323.829
414.963 11516.970
415.234 10783.111
415.505 9787.252
415.776 8990.392
416.047 8197.532
416.319 7321.672
416.590 6306.811
416.861 5317.951
417.132 4849.090
417.403 4295.228
417.674 3687.366
417.945 3073.504
418.217 2685.642
418.488 2505.779
418.759 2071.916
419.030 1812.053
419.301 1699.189
419.572 1650.326
419.843 1543.461
420.114 1329.597
420.386 1270.732
420.657 1372.867
420.928 1168.002
421.199 1044.136
421.470 990.270
421.741 923.404
422.012 918.537
422.283 932.671
422.555 870.803
422.826 951.936
423.097 1076.068
423.368 983.200
423.639 855.332
423.910 907.464
424.181 842.595
424.453 793.726
424.724 1072.856
424.995 1136.987
425.266 953.117
425.537 873.246
425.808 1094.376
426.079 1190.505
426.350 1124.634
426.622 1139.763
426.893 1263.891
427.164 1187.019
427.435 1134.147
427.706 1095.274
427.977 1089.402
428.248 1084.529
428.519 1137.655
428.791 1045.782
429.062 1149.908
429.333 1055.034
429.604 1024.159
429.875 1088.285
430.146 1150.410
430.417 1138.535
430.689 1093.659
430.960 990.783
431.231 991.907
431.502 1114.031
431.773 1164.155
432.044 1045.278
432.315 1202.401
432.586 1074.523
432.858 1016.646
433.129 876.768
433.400 893.890
433.671 885.012
433.942 828.133
434.213 708.254
434.484 779.375
434.755 864.496
435.027 645.616
435.298 699.736
435.569 818.856
435.840 702.975
436.116 716.095
436.391 752.214
436.667 787.333
436.942 877.451
437.218 912.570
437.493 909.688
437.769 961.805
438.045 842.923
438.320 842.040
438.596 862.157
438.871 754.274
439.147 797.391
439.422 742.507
439.698 710.623
439.974 778.739
440.249 959.855
440.525 915.970
440.800 670.085
441.076 779.200
441.351 969.315
441.627 1021.429
441.903 942.543
442.178 769.657
442.454 770.771
442.729 1015.884
443.005 826.997
443.281 890.110
443.556 1022.223
443.832 853.336
444.107 761.448
444.383 840.560
444.658 827.672
444.934 735.783
445.210 922.895
445.485 1045.006
445.761 1034.116
446.036 974.227
446.312 1037.337
446.587 1052.448
446.863 871.558
447.139 921.667
447.414 1026.777
447.690 1022.886
447.965 1086.995
448.241 1031.104
448.516 994.212
448.792 990.321
449.068 1035.429
449.343 1108.537
449.619 1057.644
449.894 1167.752
450.170 1191.859
450.445 1391.966
450.721 1398.073
450.997 1176.180
451.272 1345.286
451.548 1319.392
451.823 1271.498
452.099 1400.604
452.375 1340.709
452.650 1321.814
452.926 1403.919
453.201 1480.024
453.477 1767.129
453.752 1657.233
454.028 1479.338
454.304 1564.441
454.579 1627.545
454.855 1547.649
455.130 1561.752
455.406 1674.855
455.681 1532.958
455.957 1473.061
456.233 1398.163
456.508 1343.266
456.784 1312.368
457.059 1269.470
457.335 1356.571
457.610 1250.673
457.886 1147.774
458.162 1119.875
458.437 1143.976
458.713 1250.077
458.988 1140.177
459.264 1133.277
459.539 1196.377
459.815 1137.477
460.091 994.577
460.366 884.676
460.642 890.775
460.917 956.874
461.193 949.973
461.468 860.072
461.744 847.170
462.020 798.268
462.295 856.366
462.571 845.464
462.846 903.562
463.122 1050.659
463.397 1084.756
463.673 922.931
463.949 946.004
464.224 951.096
464.500 1052.091
464.775 1134.240
465.051 1333.668
465.327 1610.821
465.602 2028.470
465.878 2345.278
466.153 2312.094
466.429 2701.112
466.704 3009.888
466.980 3050.003
467.256 3330.097
467.531 3668.861
467.807 3827.942
468.082 3955.291
468.358 3990.464
468.633 4180.288
468.909 4131.185
469.185 4092.215
469.460 4181.939
469.736 4180.201
470.011 3931.553
470.287 3956.866
470.562 4019.372
470.838 3839.868
471.114 3790.304
471.389 3697.468
471.665 3765.000
471.940 3771.939
472.216 3538.226
472.491 3205.530
472.767 3066.886
473.043 3030.466
473.318 3051.856
473.594 2820.346
473.869 2631.039
474.145 2396.135
474.421 2184.629
474.696 2013.815
474.972 1703.330
475.247 1613.414
475.523 1625.100
475.798 1516.755
476.074 1396.156
476.350 1400.320
476.625 1355.966
476.901 1358.095
477.176 1288.573
477.452 1186.640
477.727 1179.608
478.003 1001.669
478.279 1197.896
478.554 1307.740
478.830 1326.453
479.105 1360.396
479.381 1348.962
479.656 1206.048
479.932 1318.389
480.208 1460.866
480.483 1421.054
480.759 1394.851
481.034 1320.801
481.310 1295.635
481.585 1350.569
481.861 1372.832
482.137 1300.035
482.412 1326.981
482.688 1330.426
482.963 1371.302
483.239 1425.123
483.514 1177.712
483.790 1251.441
484.066 1487.038
484.341 1329.949
484.617 1289.823
484.892 1388.831
485.168 1318.267
485.443 1251.433
485.719 1266.426
485.995 1380.067
486.270 1414.460
486.546 1279.201
486.821 1149.708
487.097 1105.071
487.373 1183.943
487.648 1338.189
487.924 1342.853
488.199 1151.045
488.475 998.865
488.750 1055.810
489.026 1226.700
489.302 1151.215
489.577 1214.871
489.853 1191.233
490.128 1406.787
490.404 1308.620
490.679 1134.530
490.955 1354.418
491.231 1419.990
491.506 1376.447
491.782 1269.156
492.057 1209.283
492.333 1342.433
492.608 1302.393
492.884 1204.623
493.160 1051.080
493.435 1114.982
493.711 1315.059
493.986 1237.452
494.262 1176.977
494.537 1168.230
494.813 1283.290
495.089 1131.385
495.364 1189.418
495.640 1182.618
495.915 1124.737
496.191 1353.405
496.467 1321.317
496.742 1211.048
497.018 1204.630
497.293 1167.193
497.569 1287.987
497.844 1210.415
498.120 1280.787
498.396 1287.372
498.671 1309.580
498.947 1473.508
499.222 1514.809
499.498 1632.809
499.773 1809.004
500.049 1975.198
500.325 2090.019
500.600 2339.273
500.876 2511.860
501.151 2907.144
501.427 3060.740
501.702 3381.479
501.978 3617.734
502.254 3911.097
502.529 4052.106
502.805 4325.143
503.080 4563.448
503.356 4583.263
503.631 4475.845
503.907 4597.328
504.183 4528.576
504.458 4567.111
504.734 4557.511
505.009 4559.607
505.285 4437.777
505.560 4424.263
505.836 4422.741
506.112 4285.162
506.387 4133.413
506.663 4009.994
506.938 3889.743
507.214 3833.193
507.490 3840.504
507.765 3704.511
508.041 3497.721
508.316 3383.766
508.592 3100.084
508.867 2820.376
509.143 2731.180
509.419 2563.412
509.694 2196.254
509.970 2046.876
510.245 1898.704
510.521 1890.876
510.796 1742.203
511.072 1595.420
511.348 1507.562
511.623 1469.745
511.899 1396.842
512.174 1392.545
512.450 1407.105
512.725 1390.308
513.001 1220.515
513.277 1143.137
513.552 1324.740
513.828 1223.575
514.103 1160.368
514.379 1284.854
514.654 1166.250
514.930 1226.894
515.206 1584.932
515.481 1586.961
515.757 1523.194
516.032 1532.533
516.308 1779.605
516.583 1967.203
516.859 1922.541
517.135 2015.109
517.410 2280.451
517.686 2446.696
517.961 2569.210
518.237 2799.984
518.513 2921.442
518.788 3439.958
519.064 3835.890
519.339 4019.370
519.615 4216.326
519.890 4599.016
520.166 4912.568
520.442 5297.701
520.717 5486.407
520.993 5613.142
521.268 5657.851
521.544 5817.682
521.819 5754.694
522.095 5977.641
522.371 6213.582
522.646 6287.470
522.922 6486.490
523.197 6522.950
523.473 6693.803
523.748 6751.281
524.024 6814.500
524.300 6886.331
524.575 6813.665
524.851 7032.865
525.126 7028.114
525.402 7037.771
525.677 7087.592
525.953 7110.514
526.229 6824.723
526.504 6621.745
526.780 6907.061
527.055 6907.032
527.331 6937.714
527.606 6952.082
527.882 6965.585
528.158 6861.206
528.433 7051.018
528.709 6974.302
528.984 6858.239
529.260 6818.603
529.535 6754.475
529.811 6373.170
530.087 6322.937
530.362 6175.909
530.638 6093.989
530.913 6084.586
531.189 5932.217
531.465 5677.450
531.740 5541.931
532.016 5511.567
532.291 5325.939
532.567 5167.714
532.842 4883.858
533.118 4715.036
533.394 4629.381
533.669 4282.415
533.945 4043.173
534.220 3865.216
534.496 3862.222
534.771 3584.368
535.047 3488.411
535.323 3328.790
535.598 3268.039
535.874 3272.265
536.149 3273.567
536.425 3370.761
536.700 3562.600
536.976 4203.957
537.252 5318.052
537.527 6649.463
537.803 8217.301
538.078 9518.457
538.354 10677.806
538.629 11688.373
538.905 12555.556
539.181 13464.994
539.456 14271.757
539.732 15325.389
540.007 16204.025
540.283 16587.683
540.558 17105.422
540.834 18075.025
541.110 18872.185
541.385 19510.856
541.661 20290.120
541.936 20688.879
542.212 21185.466
542.488 21576.008
542.763 21787.165
543.039 22250.304
543.314 22530.122
543.590 22865.362
543.865 23030.264
544.141 22919.098
544.417 22279.631
544.692 21490.213
544.968 21152.632
545.243 20684.648
545.519 20083.229
545.794 19579.391
546.070 19318.015
546.348 18767.143
546.627 18141.187
546.905 17974.218
547.183 17630.730
547.461 17596.028
547.740 17408.396
548.018 17151.401
548.296 17332.040
548.575 17646.891
548.853 18362.934
549.131 19012.442
549.409 19537.285
549.688 20438.133
549.966 21131.639
550.244 21808.280
550.523 22148.464
550.801 22392.925
551.079 22734.825
551.357 23076.125
551.636 23108.711
551.914 23275.216
552.192 23548.445
552.471 23953.777
552.749 24374.611
553.027 25020.948
553.306 25567.686
553.584 26544.139
553.862 27317.723
554.140 28326.616
554.419 29350.194
554.697 30527.523
554.975 31684.593
555.254 32591.111
555.532 32756.600
555.810 32924.694
556.088 32700.938
556.367 32359.217
556.645 31664.366
556.923 31254.883
557.202 30626.892
557.480 29963.227
557.758 29549.152
558.036 28924.566
558.315 28120.309
558.593 27372.052
558.871 26652.838
559.150 25734.718
559.428 25026.529
559.706 24222.740
559.984 23238.018
560.263 22467.346
560.541 21322.126
560.819 20066.223
561.098 18796.913
561.376 17296.962
561.654 15382.588
561.932 13433.053
562.211 11958.686
562.489 10446.727
562.767 9370.530
563.046 8346.919
563.324 7368.707
563.602 6669.782
563.880 5922.546
564.159 5356.375
564.437 4877.653
564.715 4210.597
564.994 3749.032
565.272 3602.247
565.550 3269.981
565.828 2959.347
566.107 2897.113
566.385 2676.982
566.663 2338.567
566.942 2249.603
567.220 2223.713
567.498 2253.783
567.776 1981.714
568.055 1815.415
568.333 1867.385
568.611 1814.189
568.890 1638.899
569.168 1542.689
569.446 1595.434
569.725 1517.219
570.003 1289.246
570.281 1217.039
570.559 1306.060
570.838 1275.425
571.116 1344.537
571.394 1347.490
571.673 1336.234
571.951 1237.577
572.229 1170.633
572.507 1149.465
572.786 1100.046
573.064 1009.634
573.342 988.258
573.621 867.306
573.899 927.839
574.177 1077.229
574.455 1027.497
574.734 922.873
575.012 981.627
575.290 907.218
575.569 922.859
575.847 1015.076
576.125 956.240
576.403 800.054
576.682 858.900
576.960 902.017
577.243 915.939
577.527 811.468
577.810 718.902
578.093 759.104
578.377 816.974
578.660 816.031
578.944 843.744
579.227 795.955
579.510 807.691
579.794 751.989
580.077 685.878
580.360 730.254
580.644 787.628
580.927 743.724
581.210 723.888
581.494 721.391
581.777 818.230
582.061 742.397
582.344 668.406
582.627 634.552
582.911 698.405
583.194 660.225
583.477 829.930
583.761 838.956
584.044 884.908
584.327 867.855
584.611 755.012
584.894 700.111
585.178 737.118
585.461 770.129
585.744 798.145
586.028 660.987
586.311 695.031
586.594 778.074
586.878 737.118
587.161 695.161
587.444 754.205
587.728 792.248
588.011 825.292
588.295 641.335
588.578 690.688
588.861 875.546
589.145 728.465
589.428 690.198
589.711 594.551
589.995 625.967
590.278 855.780
590.562 699.679
590.845 648.074
591.128 849.066
591.412 776.254
591.695 667.182
591.978 762.367
592.262 772.162
592.545 591.203
592.828 720.577
593.112 632.164
593.395 598.308
593.679 595.762
593.962 705.365
594.245 740.526
594.529 674.896
594.812 578.839
595.095 534.680
595.379 733.263
595.662 751.925
595.945 624.110
596.229 543.174
596.512 591.645
596.796 685.434
597.079 772.915
597.362 855.134
597.646 884.002
597.929 822.717
598.212 812.063
598.496 818.032
598.779 840.957
599.062 921.945
599.346 746.270
599.629 653.858
599.913 682.810
600.196 759.697
600.479 832.808
600.763 795.245
601.046 640.329
601.329 716.786
601.613 832.148
601.896 694.528
602.179 751.842
602.463 775.457
602.746 855.064
603.030 913.060
603.313 841.545
603.596 673.773
603.880 765.308
604.163 805.543
604.446 810.669
604.730 727.456
605.013 828.544
605.296 919.502
605.580 815.721
605.863 855.916
606.147 772.703
606.430 757.070
606.713 854.215
606.997 820.810
607.280 1002.041
607.563 863.135
607.847 831.049
608.130 883.646
608.414 955.226
608.697 874.050
608.980 857.314
609.264 992.506
609.547 892.649
609.830 854.489
610.114 884.889
610.397 887.865
610.680 850.830
610.964 944.693
611.247 978.064
611.531 941.769
611.814 835.820
612.097 866.280
612.381 1064.487
612.664 1233.380
612.947 1085.233
613.231 1036.202
613.514 1048.063
613.797 1191.518
614.081 1214.148
614.364 1263.301
614.648 1275.126
614.931 1205.418
615.214 1265.376
615.498 1269.607
615.781 1303.373
616.064 1357.544
616.348 1439.273
616.631 1470.284
616.914 1582.062
617.198 1472.327
617.481 1403.398
617.765 1399.888
618.048 1436.844
618.331 1391.470
618.615 1328.652
618.898 1486.791
619.181 1526.353
619.465 1475.475
619.748 1263.840
620.031 1217.602
620.315 1217.854
620.598 1268.701
620.882 1358.379
621.165 1472.091
621.448 1314.075
621.732 1155.219
622.015 1066.698
622.298 1032.969
622.582 1062.977
622.865 1042.097
623.148 969.206
623.432 974.185
623.715 862.108
623.999 1080.524
624.282 1086.664
624.565 1079.832
624.849 908.842
625.132 794.782
625.415 1032.721
625.699 1154.889
625.982 1005.580
626.265 876.203
626.549 847.071
626.832 997.611
627.116 1000.677
627.399 892.631
627.682 905.988
627.966 901.083
628.249 917.314
628.532 836.025
628.816 968.786
629.099 827.569
629.383 807.756
629.666 857.126
629.949 803.802
630.233 844.982
630.516 874.218
630.799 909.120
631.083 833.486
631.366 775.777
631.649 741.396
631.933 702.505
632.216 853.943
632.500 929.236
632.783 996.466
633.066 939.335
633.350 915.389
633.633 968.592
633.916 912.015
634.200 876.826
634.483 962.225
634.766 979.557
635.050 933.933
635.333 883.600
635.617 917.091
635.900 1056.617
636.183 1171.016
636.467 1086.765
636.750 1110.217
637.033 1216.853
637.317 1198.398
637.600 1268.731
637.883 1310.764
638.167 1360.222
638.450 1420.439
638.734 1391.444
639.017 1450.464
639.300 1576.899
639.584 1557.681
639.867 1719.545
640.150 1697.125
640.434 1761.702
640.717 1816.160
641.000 1755.443
641.284 1833.044
641.567 1841.337
641.851 1928.498
642.134 2044.391
642.417 2035.969
642.701 2210.962
642.984 2301.449
643.267 2253.355
643.551 2112.936
643.834 2139.313
644.117 2296.516
644.401 2314.631
644.684 2438.372
644.968 2623.263
645.251 2677.117
645.534 2634.933
645.818 2786.933
646.101 3094.744
646.384 3417.778
646.668 3682.597
646.951 4004.692
647.235 4373.147
647.518 4619.418
647.801 5125.086
648.085 5615.139
648.368 6107.288
648.651 6596.039
648.935 7264.800
649.218 8041.665
649.501 8740.132
649.785 9403.306
650.068 10080.511
650.352 10798.275
650.635 11571.270
650.918 12420.468
651.202 13739.531
651.485 15067.898
651.768 16243.847
652.052 17691.667
652.335 19156.245
652.618 20658.336
652.902 22266.459
653.185 23638.155
653.469 24584.664
653.752 25607.688
654.035 26535.701
654.319 27309.147
654.602 27802.571
654.885 28212.195
655.169 28782.803
655.452 29278.469
655.735 29907.069
656.019 30169.459
656.302 30614.940
656.586 31116.695
656.869 31683.075
657.152 32170.446
657.436 32583.050
657.719 32793.928
658.002 32777.189
658.286 32335.580
658.569 31558.515
658.852 30395.424
659.136 29460.217
659.419 28387.150
659.703 27502.916
659.986 26904.977
660.269 26343.267
660.553 25731.160
660.836 25703.751
661.119 25444.634
661.403 25370.213
661.686 25159.287
661.969 25123.711
662.253 24925.444
662.536 24680.555
662.820 24350.604
663.103 24206.617
663.386 24056.545
663.670 23923.715
663.953 23691.105
664.236 23674.611
664.520 23316.991
664.803 23099.188
665.086 22707.416
665.370 22427.514
665.653 22378.911
665.937 22223.138
666.220 21804.303
666.503 21283.033
666.787 20767.849
667.070 20276.553
667.353 19391.419
667.637 17913.981
667.920 16726.383
668.204 15231.172
668.487 13797.833
668.770 12507.432
669.054 10957.563
669.337 9605.866
669.620 8406.099
669.904 7256.020
670.187 6486.686
670.470 5804.559
670.754 5087.240
671.037 4606.875
671.321 4191.574
671.604 4111.022
671.887 3890.079
672.171 3475.573
672.454 3214.379
672.737 3117.511
673.021 3050.993
673.304 3074.688
673.587 3215.373
673.871 3287.861
674.154 3292.432
674.438 3344.148
674.721 3360.620
675.004 3406.287
675.288 3424.834
675.571 3476.793
675.854 3531.404
676.138 3600.021
676.421 3594.477
676.704 3581.689
676.988 3719.404
677.271 3875.134
677.555 3632.013
677.838 3338.349
678.121 3105.589
678.405 2861.530
678.688 2834.642
678.971 2407.979
679.255 2383.110
679.538 2437.080
679.821 2382.129
680.105 2141.639
680.388 2051.324
680.672 1977.601
680.955 1981.787
681.238 1881.899
681.522 1779.139
681.805 1744.065
682.088 1847.484
682.372 1822.327
682.655 1659.330
682.938 1651.007
683.222 1691.744
683.505 1588.001
683.789 1671.623
684.072 1602.685
684.355 1588.513
684.639 1645.952
684.922 1475.833
685.205 1420.537
685.489 1535.387
685.772 1525.524
686.056 1521.917
686.339 1621.316
686.622 1440.506
686.906 1353.894
687.189 1471.875
687.472 1692.152
687.756 1564.242
688.039 1451.079
688.322 1402.045
688.606 1637.980
688.889 1692.287
689.173 1674.568
689.456 1813.426
689.739 1855.206
690.023 1801.160
690.306 1881.479
690.589 1893.087
690.873 2006.648
691.156 2116.977
691.439 2117.003
691.723 2068.122
692.006 2171.344
692.290 2231.305
692.573 2335.972
692.856 2409.913
693.140 2465.898
693.423 2403.329
693.706 2315.691
693.990 2288.176
694.273 2273.442
694.556 2474.423
694.840 2516.796
695.123 2458.436
695.407 2498.236
695.690 2391.160
695.973 2442.104
696.257 2593.064
696.540 2917.583
696.830 2923.859
697.120 3054.409
697.410 3326.452
697.699 3315.886
697.989 3550.219
698.279 3416.449
698.569 3316.662
698.859 3502.138
699.149 3597.251
699.439 3426.083
699.729 3360.367
700.018 3436.923
700.308 3453.832
700.598 3290.757
700.888 3203.513
701.178 3401.301
701.468 3397.876
701.758 3238.429
702.048 3347.832
702.337 3228.896
702.627 3299.094
702.917 3194.174
703.207 2961.178
703.497 2795.245
703.787 2565.325
704.077 2325.475
704.366 2181.271
704.656 1956.439
704.946 1788.593
705.236 1543.074
705.526 1531.578
705.816 1599.465
706.106 1318.732
706.396 1292.542
706.685 1202.319
706.975 1060.337
707.265 999.784
707.555 1179.549
707.845 1066.233
708.135 908.675
708.425 851.656
708.715 875.272
709.004 1010.794
709.294 975.243
709.584 957.564
709.874 1004.924
710.164 951.692
710.454 892.331
710.744 856.923
711.034 871.879
711.323 897.745
711.613 858.397
711.903 953.938
712.193 1010.008
712.483 835.989
712.773 820.279
713.063 729.388
713.352 814.172
713.642 843.883
713.932 929.088
714.222 935.091
714.512 830.118
714.802 816.263
715.092 856.983
715.382 767.340
715.671 741.749
715.961 823.193
716.251 713.388
716.541 768.546
716.831 865.906
717.121 760.848
717.411 837.882
717.701 895.320
717.990 791.992
718.280 686.394
718.570 693.101
718.860 702.003
719.150 711.291
719.440 717.313
719.730 737.121
720.019 974.034
720.309 865.148
720.599 747.691
720.889 780.722
721.179 831.461
721.469 786.301
721.759 716.127
722.049 816.820
722.338 716.170
722.628 739.661
722.918 802.312
723.208 852.914
723.498 668.320
723.788 775.817
724.078 945.232
724.368 870.895
724.657 766.994
724.947 788.970
725.237 811.953
725.527 868.924
725.817 768.782
726.107 697.532
726.397 655.967
726.686 580.552
726.976 642.469
727.266 761.445
727.556 736.321
727.846 807.722
728.136 792.455
728.426 713.585
728.716 647.715
729.005 800.836
729.295 713.647
729.585 548.063
729.875 583.844
730.165 702.762
730.455 719.272
730.745 748.146
731.035 734.574
731.324 818.709
731.614 738.499
731.904 619.703
732.194 748.975
732.484 753.616
732.774 713.753
733.064 712.800
733.354 583.443
733.643 621.269
733.933 650.898
734.223 617.780
734.513 756.202
734.803 792.082
735.093 685.761
735.383 674.732
735.672 721.627
735.962 754.371
736.252 601.161
736.542 649.371
736.832 630.782
737.122 536.323
737.412 617.716
737.702 740.030
737.991 730.237
738.281 673.679
738.571 658.303
738.861 685.209
739.151 705.899
739.441 784.870
739.731 665.913
740.021 716.506
740.310 792.184
740.600 821.614
740.890 610.162
741.180 618.297
741.470 715.059
741.760 805.899
742.050 880.943
742.339 771.925
742.629 640.392
742.919 788.779
743.209 591.379
743.499 573.191
743.789 617.343
744.079 704.491
744.369 733.488
744.658 670.541
744.948 527.323
745.238 672.563
745.528 726.101
745.818 835.968
746.108 742.733
746.398 743.490
746.688 710.739
746.977 824.960
747.267 750.501
747.557 802.956
747.847 832.797
748.137 736.132
748.427 674.460
748.717 593.478
749.006 505.345
749.296 640.330
749.586 690.459
749.876 806.703
750.166 706.125
750.456 643.040
750.746 652.683
751.036 598.810
751.325 719.588
751.615 657.389
751.905 656.410
752.195 738.085
752.485 687.105
752.775 720.845
753.065 636.780
753.355 838.000
753.644 825.006
753.934 727.109
754.224 736.429
754.514 867.710
754.804 558.935
755.094 505.794
755.384 630.186
755.674 689.383
755.963 767.637
756.253 743.326
756.543 719.530
756.833 713.960
757.123 753.423
757.413 684.853
757.703 615.525
757.992 602.478
758.282 696.270
758.572 665.833
758.862 576.404
759.152 615.619
759.442 650.160
759.732 741.285
760.022 784.520
760.311 648.507
760.601 577.097
760.891 743.112
761.181 710.223
761.471 696.871
761.761 604.943
762.051 578.779
762.341 739.181
762.630 825.543
762.920 717.807
763.210 680.243
763.500 665.478
763.793 590.974
764.086 638.324
764.379 647.761
764.671 695.063
764.964 648.804
765.257 669.949
765.550 644.100
765.843 493.917
766.136 635.064
766.429 669.357
766.722 694.884
767.014 607.684
767.307 461.285
767.600 458.282
767.893 526.303
768.186 544.466
768.479 605.976
768.772 717.889
769.064 689.682
769.357 625.561
769.650 617.137
769.943 803.845
770.236 714.236
770.529 529.490
770.822 635.354
771.115 732.147
771.407 805.557
771.700 821.720
771.993 836.710
772.286 730.939
772.579 756.430
772.872 649.593
773.165 527.634
773.457 640.556
773.750 692.683
774.043 556.475
774.336 649.984
774.629 792.844
774.922 754.308
775.215 588.836
775.508 605.794
775.800 606.209
776.093 728.690
776.386 751.113
776.679 608.886
776.972 634.080
777.265 892.909
777.558 946.354
777.850 760.496
778.143 736.392
778.436 728.096
778.729 659.040
779.022 665.088
779.315 619.879
779.608 543.514
779.900 535.491
780.193 612.895
780.486 644.426
780.779 630.757
781.072 580.042
781.365 736.108
781.658 676.623
781.951 549.130
782.243 665.281
782.536 737.919
782.829 668.659
783.122 735.945
783.415 771.332
783.708 694.117
784.001 671.065
784.293 726.248
784.586 766.619
784.879 777.658
785.172 713.833
785.465 636.409
785.758 674.502
786.051 697.565
786.344 776.186
786.636 902.105
786.929 695.916
787.222 642.163
787.515 605.859
787.808 586.683
788.101 542.744
788.394 722.580
788.686 863.456
788.979 856.336
789.272 770.582
789.565 702.963
789.858 622.141
790.151 515.886
790.444 517.901
790.737 602.435
791.029 587.277
791.322 696.076
791.615 640.562
791.908 655.845
792.201 629.258
792.494 661.548
792.787 709.711
793.079 809.138
793.372 709.743
793.665 738.383
793.958 690.543
794.251 726.451
794.544 803.433
794.837 887.002
795.130 742.452
795.422 707.573
795.715 752.454
796.008 728.271
796.301 678.031
796.594 638.207
796.887 749.776
797.180 749.543
797.472 587.046
797.765 505.308
798.058 589.482
798.351 622.986
798.644 576.143
798.937 552.231
799.230 604.485
799.523 973.997
799.815 871.321
800.108 650.998
800.401 554.304
800.694 733.515
800.987 613.159
801.280 646.367
801.573 772.257
801.865 819.226
802.158 726.608
802.451 660.755
802.744 649.793
803.037 618.870
803.330 614.509
803.623 754.630
803.915 736.681
804.208 603.567
804.501 675.862
804.794 749.951
805.087 669.217
805.380 530.293
805.673 552.801
805.966 678.942
806.258 638.556
806.551 674.994
806.844 720.190
807.137 735.000
807.430 557.571
807.723 607.787
808.016 821.658
808.308 890.731
808.601 745.383
808.894 637.240
809.187 692.278
809.480 754.977
809.773 644.686
810.066 672.513
810.359 825.270
810.651 760.351
810.944 483.391
811.237 510.130
811.530 699.852
811.825 632.898
812.119 538.430
812.414 448.637
812.709 560.216
813.003 622.094
813.298 568.902
813.593 658.216
813.887 667.686
814.182 932.748
814.476 889.040
814.771 873.826
815.066 748.458
815.360 623.728
815.655 596.305
815.950 604.047
816.244 655.944
816.539 750.059
816.834 715.416
817.128 781.467
817.423 804.131
817.718 905.795
818.012 705.520
818.307 427.148
818.602 568.557
818.896 686.783
819.191 674.143
819.486 642.591
819.780 744.563
820.075 870.985
820.369 836.608
820.664 686.350
820.959 790.920
821.253 791.755
821.548 661.200
821.843 752.931
822.137 790.111
822.432 719.897
822.727 709.193
823.021 638.967
823.316 744.143
823.611 770.847
823.905 619.280
824.200 499.145
824.495 657.386
824.789 754.448
825.084 728.378
825.379 641.609
825.673 657.085
825.968 720.925
826.262 680.390
826.557 696.390
826.852 722.205
827.146 732.835
827.441 680.112
827.736 737.112
828.030 721.970
828.325 539.690
828.620 739.280
828.914 851.664
829.209 655.117
829.504 809.591
829.798 806.834
830.093 654.833
830.388 615.736
830.682 516.896
830.977 698.436
831.271 763.160
831.566 613.538
831.861 640.456
832.155 622.215
832.450 701.433
832.745 815.050
833.039 703.610
833.334 595.732
833.629 619.553
833.923 616.822
834.218 590.621
834.513 539.221
834.807 544.063
835.102 485.341
835.397 565.373
835.691 548.414
835.986 541.012
836.281 527.683
836.575 591.759
836.870 609.172
837.164 598.050
837.459 565.253
837.754 633.626
838.048 624.116
838.343 571.851
838.638 619.111
838.932 669.840
839.227 622.805
839.522 675.832
839.816 664.939
840.111 591.942
840.406 611.401
840.700 756.780
840.995 941.159
841.290 958.116
841.584 796.116
841.879 785.369
842.174 697.857
842.468 714.785
842.763 603.424
843.057 677.330
843.352 709.979
843.647 658.230
843.941 639.910
844.236 690.617
844.531 754.504
844.825 742.248
845.120 812.481
845.415 856.872
845.709 769.023
846.004 794.449
846.299 606.276
846.593 748.305
846.888 779.808
847.183 700.409
847.477 676.383
847.772 724.505
848.066 754.889
848.361 760.040
848.656 731.275
848.950 686.104
849.245 780.726
849.540 672.045
849.834 805.705
850.129 904.121
850.424 758.217
850.718 755.655
851.013 860.268
851.308 731.855
851.602 722.685
851.897 818.725
852.192 936.262
852.486 804.694
852.781 747.435
853.076 836.797
853.370 803.817
853.665 831.292
853.959 814.569
854.254 765.764
854.549 955.111
854.843 820.730
855.138 718.382
855.433 811.581
855.727 914.750
856.022 755.539
856.317 749.057
856.611 760.898
856.906 651.728
857.201 784.420
857.495 862.098
857.790 892.434
858.085 843.809
858.379 750.004
858.674 606.843
858.969 540.774
859.263 610.819
859.558 593.396
859.852 585.513
860.147 702.663
860.442 830.428
860.736 594.612
861.031 785.957
861.326 859.956
861.620 714.015
861.915 831.974
862.210 838.966
862.504 646.605
862.799 733.413
863.094 735.057
863.388 631.599
863.683 677.602
863.978 651.889
864.272 663.162
864.567 671.580
864.861 626.208
865.156 521.419
865.451 463.114
865.745 680.897
866.040 762.722
866.335 758.074
866.629 805.661
866.924 658.579
867.219 593.784
867.513 777.466
867.808 739.726
868.103 634.411
868.397 639.854
868.692 682.008
868.987 607.669
869.281 556.997
869.576 712.650
869.871 811.047
870.165 686.190
870.460 542.092
870.754 619.555
871.049 561.790
871.344 629.997
871.638 667.630
871.933 605.242
872.228 662.729
872.522 666.351
872.817 745.946
873.112 960.244
873.406 755.494
873.701 805.261
873.996 758.914
874.290 594.763
874.585 561.581
874.880 655.132
875.174 658.078
875.469 670.980
875.764 707.023
876.058 624.386
876.353 499.520
876.647 482.720
876.942 583.996
877.237 647.402
877.531 684.683
877.826 727.892
878.121 689.706
878.415 674.817
878.710 668.176
879.005 767.113
879.299 614.154
879.594 582.906
879.889 474.287
880.183 504.365
880.478 614.279
880.773 567.391
881.067 592.440
881.362 645.302
881.656 558.583
881.951 584.928
882.246 510.373
882.540 573.959
882.835 552.167
883.130 570.954
883.424 551.081
883.719 546.428
884.014 675.300
884.308 634.622
884.603 542.077
884.898 529.745
885.192 666.531
885.487 621.374
885.782 534.119
886.076 676.155
886.371 688.416
886.666 480.634
886.960 535.769
887.255 529.928
887.549 520.948
887.844 698.796
888.139 739.718
888.433 688.590
888.728 604.784
889.023 613.675
889.317 683.519
889.612 530.576
889.907 572.594
890.201 636.321
890.496 657.873
890.791 603.415
891.085 578.179
891.380 596.724
891.675 581.360
891.969 640.557
892.264 516.407
892.559 547.736
892.853 651.495
893.148 523.526
893.442 536.710
893.737 630.668
894.032 533.206
894.326 475.066
894.621 508.556
894.916 437.585
895.210 501.527
895.505 590.322
895.800 546.645
896.094 460.959
896.389 521.869
896.684 590.361
896.978 544.836
897.273 498.948
897.568 627.492
897.862 644.856
898.157 620.993
898.451 742.791
898.746 711.827
899.041 721.325
899.335 690.334
899.630 597.870
899.925 588.493
900.219 677.962
900.514 753.709
900.809 557.332
901.103 425.801
901.398 619.416
901.693 540.938
901.987 526.279
902.282 622.881
902.577 517.847
902.871 476.396
903.166 573.174
903.461 643.338
903.755 629.624
904.050 601.756
904.344 503.205
904.639 515.320
904.934 550.801
905.228 572.484
905.523 493.790
905.818 487.049
906.112 643.815
906.407 626.034
906.702 542.184
906.996 620.295
907.291 594.988
907.586 504.246
907.880 681.833
908.175 654.281
908.470 647.018
908.764 710.927
909.059 776.631
909.354 682.255
909.648 579.691
909.943 617.144
910.237 706.114
910.532 726.667
910.827 731.259
911.121 726.435
911.416 713.993
911.711 677.238
912.005 677.574
912.300 647.469
912.599 704.779
912.898 625.233
913.196 639.970
913.495 677.085
913.794 763.855
914.093 674.947
914.391 651.097
914.690 765.801
914.989 697.432
915.288 731.306
915.586 683.150
915.885 551.480
916.184 454.025
916.483 493.434
916.782 654.146
917.080 714.306
917.379 677.996
917.678 588.164
917.977 697.592
918.275 733.266
918.574 680.335
918.873 668.645
919.172 670.878
919.471 605.611
919.769 662.644
920.068 616.164
920.367 591.516
920.666 613.010
920.964 681.879
921.263 628.289
921.562 552.292
921.861 724.283
922.159 675.261
922.458 632.594
922.757 629.586
923.056 662.329
923.355 672.120
923.653 815.127
923.952 729.847
924.251 564.237
924.550 724.409
924.848 759.175
925.147 650.441
925.446 581.651
925.745 791.565
926.043 794.148
926.342 691.643
926.641 649.344
926.940 732.552
927.239 768.978
927.537 821.590
927.836 681.563
928.135 693.097
928.434 809.354
928.732 771.851
929.031 842.808
929.330 877.368
929.629 822.655
929.927 759.478
930.226 707.519
930.525 749.972
930.824 909.784
931.123 841.519
931.421 875.788
931.720 846.369
932.019 896.629
932.318 917.499
932.616 859.252
932.915 796.930
933.214 814.057
933.513 828.321
933.812 846.959
934.110 925.431
934.409 1055.295
934.708 944.379
935.007 1169.444
935.305 1148.486
935.604 924.086
935.903 1038.364
936.202 1015.014
936.500 1173.461
936.799 1308.234
937.098 1158.676
937.397 1102.247
937.696 1021.146
937.994 981.756
938.293 1046.155
938.592 893.770
938.891 916.105
939.189 1049.267
939.488 1098.328
939.787 1260.974
940.086 1139.586
940.384 1177.982
940.683 1078.482
940.982 1018.144
941.281 1075.134
941.580 1388.882
941.878 1349.911
942.177 1121.342
942.476 1202.121
942.775 1229.673
943.073 993.944
943.372 960.242
943.671 1118.614
943.970 1319.040
944.268 1241.454
944.567 1020.355
944.866 1090.544
945.165 1046.630
945.464 918.176
945.762 882.380
946.061 1206.603
946.360 1345.293
946.659 1243.536
946.957 1155.488
947.256 1053.987
947.555 1012.752
947.854 1053.708
948.153 1056.228
948.451 1057.323
948.750 1099.934
949.049 1096.371
949.348 1276.810
949.646 1121.363
949.945 1008.240
950.244 1136.436
950.543 1059.126
950.841 938.823
951.140 989.557
951.439 952.872
951.738 974.113
952.037 1066.520
952.335 1140.855
952.634 1162.175
952.933 1032.201
953.232 1006.620
953.530 765.106
953.829 1083.072
954.128 1176.743
954.427 1063.635
954.725 1157.925
955.024 1120.545
955.323 1137.946
955.622 951.775
955.921 897.671
956.219 1064.271
956.518 987.204
956.817 957.650
957.116 906.873
957.414 924.902
957.713 915.875
958.012 849.514
958.311 853.718
958.610 995.763
958.908 990.036
959.207 913.269
959.506 984.451
959.805 983.395
960.103 955.048
960.402 977.809
960.701 893.124
961.000 891.365
961.298 812.354
961.597 952.342
961.896 927.958
962.195 916.159
962.494 985.031
962.792 927.917
963.091 860.513
963.390 835.708
963.689 850.823
963.987 898.272
964.286 1022.305
964.585 1013.634
964.884 931.169
965.182 826.911
965.481 1160.812
965.780 1306.728
966.080 1144.702
966.380 1047.886
966.680 986.728
966.981 910.896
967.281 852.460
967.581 831.148
967.881 987.873
968.181 1012.403
968.481 899.833
968.781 845.702
969.082 789.503
969.382 888.773
969.682 889.250
969.982 877.692
970.282 987.019
970.582 819.982
970.882 779.802
971.183 979.769
971.483 901.183
971.783 865.070
972.083 1017.443
972.383 1004.937
972.683 858.372
972.983 931.440
973.284 844.103
973.584 835.003
973.884 857.522
974.184 781.114
974.484 882.282
974.784 786.045
975.084 729.612
975.385 762.323
975.685 964.203
975.985 964.139
976.285 904.041
976.585 927.716
976.885 868.915
977.185 871.969
977.486 920.869
977.786 910.565
978.086 1016.059
978.386 983.777
978.686 841.345
978.986 868.940
979.286 877.948
979.587 877.957
979.887 782.965
980.187 800.973
980.487 740.982
980.787 823.990
981.087 802.998
981.387 994.007
981.688 910.015
981.988 716.023
982.288 764.032
982.588 797.040
982.888 787.048
983.188 777.056
983.488 866.065
983.789 849.073
984.089 772.081
984.389 720.089
984.689 675.098
984.989 605.106
985.289 664.114
985.589 856.122
985.890 826.130
986.190 697.139
986.490 704.147
986.790 792.155
987.090 684.163
987.390 732.171
987.690 744.179
987.991 558.187
988.291 609.196
988.591 671.204
988.891 546.212
989.191 570.220
989.491 740.228
989.791 736.236
990.092 702.244
990.392 774.252
990.692 741.260
990.992 705.268
991.292 646.276
991.592 744.284
991.892 731.293
992.193 763.301
992.493 726.309
992.793 600.317
993.093 589.325
993.393 570.333
993.693 625.341
993.993 697.349
994.294 724.357
994.594 659.365
994.894 637.372
995.194 639.380
995.494 532.388
995.794 586.396
996.094 598.404
996.395 667.412
996.695 760.420
996.995 605.428
997.295 527.436
997.595 600.444
997.895 524.452
998.195 436.460
998.496 554.467
998.796 526.475
999.096 725.483
999.396 690.491
999.696 710.499
999.996 695.507
1000.296 750.514
1000.597 745.522
1000.897 695.530
1001.197 693.538
1001.497 846.546
1001.797 606.553
1002.097 470.561
1002.397 604.569
1002.698 730.577
1002.998 797.585
1003.298 732.592
1003.598 594.600
1003.898 563.608
1004.198 682.616
1004.498 753.623
1004.799 700.631
1005.099 726.639
1005.399 761.646
1005.699 786.654
1005.999 750.662
1006.299 655.669
1006.599 820.677
1006.900 779.685
1007.200 657.692
1007.500 680.700
1007.800 667.708
1008.100 547.715
1008.400 535.723
1008.700 585.731
1009.001 576.738
1009.301 614.746
1009.601 762.754
1009.901 756.761
1010.201 695.769
1010.501 703.776
1010.801 851.784
1011.102 648.791
1011.402 674.799
1011.702 569.807
1012.002 463.814
1012.302 628.822
1012.602 652.829
1012.902 623.837
1013.203 674.844
1013.503 752.852
1013.803 742.859
1014.103 613.867
1014.403 719.874
1014.703 619.882
1015.003 575.889
1015.304 773.897
1015.604 786.904
1015.904 578.912
1016.204 588.919
1016.504 663.926
1016.804 633.934
1017.104 592.941
1017.405 602.949
1017.705 615.956
1018.005 586.964
1018.305 568.971
1018.605 625.978
1018.905 497.986
1019.205 516.993
1019.506 819.001
1019.806 820.008
1020.106 723.015
1020.406 751.023
1020.706 703.030
1021.006 706.037
1021.306 837.045
1021.607 675.052
1021.907 767.059
1022.207 735.067
1022.507 579.074
1022.807 652.081
1023.107 692.089
1023.407 597.096
1023.708 623.103
1024.008 620.110
1024.308 638.118
1024.608 625.125
1024.908 511.132
1025.208 640.139
1025.508 878.147
1025.809 837.154
1026.109 612.161
1026.409 742.168
1026.709 735.176
1027.009 605.183
1027.309 639.190
1027.609 558.197
1027.910 583.204
1028.210 708.212
1028.510 778.219
1028.810 993.226
1029.110 873.233
1029.410 668.240
1029.710 784.247
1030.011 814.255
1030.311 774.262
1030.611 610.269
1030.911 632.276
1031.211 658.283
1031.511 570.290
1031.811 765.297
1032.112 784.304
1032.412 686.311
1032.712 512.319
1033.012 596.326
1033.312 823.333
1033.612 756.340
1033.912 638.347
1034.212 583.354
1034.513 589.361
1034.813 564.368
1035.113 670.375
1035.413 584.382
1035.713 627.389
1036.013 666.396
1036.313 572.403
1036.614 697.410
1036.914 675.417
1037.214 544.424
1037.514 710.431
1037.814 644.438
1038.114 644.445
1038.414 677.452
1038.715 726.459
1039.015 563.466
1039.315 473.473
1039.615 669.480
1039.915 647.487
1040.215 563.494
1040.515 597.501
1040.816 699.508
1041.116 678.514
1041.416 601.521
1041.716 540.528
1042.016 561.535
1042.316 737.542
1042.616 601.549
1042.917 565.556
1043.217 623.563
1043.517 668.570
1043.817 761.576
1044.117 732.583
1044.417 664.590
1044.717 655.597
1045.018 664.604
1045.318 759.611
1045.618 755.617
1045.918 647.624
1046.218 600.631
1046.518 658.638
1046.818 699.645
1047.119 610.651
1047.419 819.658
1047.719 827.665
1048.019 691.672
1048.319 734.678
1048.619 724.685
1048.919 757.692
1049.220 724.699
1049.520 749.705
1049.820 685.712
1050.120 556.719
1050.420 760.726
1050.720 709.732
1051.020 709.739
1051.321 754.746
1051.621 889.752
1051.921 761.759
1052.221 613.766
1052.521 531.773
1052.821 530.779
1053.121 662.786
1053.422 790.793
1053.722 862.799
1054.022 693.806
1054.322 778.812
1054.622 722.819
1054.922 603.826
1055.222 699.832
1055.523 717.839
1055.823 740.846
1056.123 802.852
1056.423 705.859
1056.723 767.865
1057.023 730.872
1057.323 587.879
1057.624 645.885
1057.924 767.892
1058.224 735.898
1058.524 653.905
1058.824 792.911
1059.124 721.918
1059.424 649.925
1059.725 733.931
1060.025 670.938
1060.325 697.944
1060.625 677.951
1060.925 666.957
1061.225 664.964
1061.525 812.970
1061.826 717.977
1062.126 711.983
1062.426 769.990
1062.726 797.996
1063.026 742.003
1063.326 892.009
1063.626 892.016
1063.927 774.022
1064.227 711.029
1064.527 604.035
1064.827 731.041
1065.127 726.048
1065.427 527.054
1065.727 575.061
1066.028 760.067
1066.328 753.074
1066.628 588.080
1066.928 557.086
1067.228 637.093
1067.528 650.099
1067.828 649.106
1068.129 593.112
1068.429 728.118
1068.729 819.125
1069.029 730.131
1069.329 610.137
1069.629 725.144
1069.929 742.150
1070.230 785.156
1070.530 802.163
1070.830 660.169
1071.130 760.175
1071.430 783.182
1071.730 758.188
1072.030 769.194
1072.331 657.201
1072.631 675.207
1072.931 711.213
1073.231 763.220
1073.531 733.226
1073.831 658.232
1074.131 787.238
1074.432 885.245
1074.732 773.251
1075.032 646.257
1075.332 642.263
1075.632 632.270
1075.932 566.276
1076.232 570.282
1076.533 582.288
1076.833 693.295
1077.133 680.301
1077.433 639.307
1077.733 607.313
1078.033 760.319
1078.333 776.326
1078.634 773.332
1078.934 791.338
1079.234 647.344
1079.534 828.350
1079.834 836.357
1080.134 778.363
1080.434 824.369
1080.735 757.375
1081.035 717.381
1081.335 603.387
1081.635 634.393
1081.935 702.400
1082.235 672.406
1082.535 670.412
1082.836 691.418
1083.136 686.424
1083.436 764.430
1083.736 765.436
1084.036 603.442
1084.336 604.448
1084.636 610.455
1084.937 767.461
1085.237 836.467
1085.537 762.473
1085.837 767.479
1086.137 662.485
1086.437 704.491
1086.737 681.497
1087.038 738.503
1087.338 846.509
1087.638 797.515
1087.938 622.521
1088.238 468.527
1088.538 633.533
1088.838 765.539
1089.139 800.545
1089.439 651.551
1089.739 719.557
1090.039 725.563
1090.339 794.569
1090.639 664.575
1090.939 722.581
1091.240 623.587
1091.540 642.593
1091.840 634.599
1092.140 753.605
1092.453 729.611
1092.766 606.617
1093.079 616.623
1093.392 686.629
1093.705 625.635
1094.018 628.641
1094.330 801.647
1094.643 732.652
1094.956 784.658
1095.269 737.664
1095.582 703.670
1095.895 617.676
1096.208 624.682
1096.521 677.688
1096.834 685.694
1097.147 684.700
1097.460 747.705
1097.773 722.711
1098.085 653.717
1098.398 597.723
1098.711 597.729
1099.024 536.735
1099.337 623.741
1099.650 746.746
1099.963 794.752
1100.276 664.758
1100.589 582.764
1100.902 647.770
1101.215 696.776
1101.528 756.781
1101.841 667.787
1102.153 717.793
1102.466 789.799
1102.779 599.804
1103.092 561.810
1103.405 685.816
1103.718 631.822
1104.031 601.828
1104.344 715.833
1104.657 689.839
1104.970 923.845
1105.283 734.851
1105.596 580.856
1105.909 587.862
1106.221 716.868
1106.534 714.874
1106.847 626.879
1107.160 576.885
1107.473 492.891
1107.786 588.896
1108.099 515.902
1108.412 531.908
1108.725 653.914
1109.038 567.919
1109.351 656.925
1109.664 706.931
1109.977 588.936
1110.289 585.942
1110.602 597.948
1110.915 614.953
1111.228 626.959
1111.541 521.965
1111.854 502.970
1112.167 442.976
1112.480 552.981
1112.793 685.987
1113.106 643.993
1113.419 673.998
1113.732 647.004
1114.044 551.010
1114.357 680.015
1114.670 681.021
1114.983 552.026
1115.296 591.032
1115.609 662.038
1115.922 677.043
1116.235 694.049
1116.548 691.054
1116.861 627.060
1117.174 628.065
1117.487 637.071
1117.800 842.077
1118.112 714.082
1118.425 626.088
1118.738 567.093
1119.051 561.099
1119.364 587.104
1119.677 626.110
1119.990 604.115
1120.303 673.121
1120.616 737.126
1120.929 650.132
1121.242 697.137
1121.555 665.143
1121.868 707.148
1122.180 630.154
1122.493 414.159
1122.806 482.165
1123.119 635.170
1123.432 620.176
1123.745 610.181
1124.058 572.187
1124.371 555.192
1124.684 713.198
1124.997 687.203
1125.310 619.209
1125.623 540.214
1125.935 502.219
1126.248 595.225
1126.561 674.230
1126.874 681.236
1127.187 792.241
1127.500 814.247
1127.813 764.252
1128.126 685.257
1128.439 637.263
1128.752 785.268
1129.065 576.274
1129.378 406.279
1129.691 574.284
1130.003 646.290
1130.316 587.295
1130.629 491.300
1130.942 603.306
1131.255 558.311
1131.568 463.317
1131.881 574.322
1132.194 692.327
1132.507 642.333
1132.820 627.338
1133.133 748.343
1133.446 626.349
1133.759 791.354
1134.071 1211.359
1134.384 875.365
1134.697 789.370
1135.010 832.375
1135.323 665.381
1135.636 570.386
1135.949 515.391
1136.262 524.396
1136.575 598.402
1136.888 637.407
1137.201 630.412
1137.514 615.418
1137.826 667.423
1138.139 529.428
1138.452 581.433
1138.765 857.439
1139.078 857.444
1139.391 772.449
1139.704 726.454
1140.017 713.460
1140.330 575.465
1140.643 591.470
1140.956 597.475
1141.269 598.480
1141.582 665.486
1141.894 640.491
1142.207 791.496
1142.520 683.501
1142.833 761.507
1143.146 617.512
1143.459 501.517
1143.772 553.522
1144.085 693.527
1144.398 635.532
1144.711 560.538
1145.024 530.543
1145.337 602.548
1145.650 656.553
1145.962 542.558
1146.275 585.563
1146.588 497.569
1146.901 660.574
1147.214 671.579
1147.527 612.584
1147.840 635.589
1148.153 591.594
1148.466 626.599
1148.779 646.605
1149.092 737.610
1149.405 649.615
1149.718 647.620
1150.030 677.625
1150.343 631.630
1150.656 558.635
1150.969 581.640
1151.282 814.645
1151.595 743.650
1151.908 577.656
1152.221 422.661
1152.534 480.666
1152.847 781.671
1153.160 749.676
1153.473 693.681
1153.785 713.686
1154.098 656.691
1154.411 683.696
1154.724 657.701
1155.037 749.706
1155.350 658.711
1155.663 695.716
1155.976 639.721
1156.289 717.726
1156.602 640.731
1156.915 500.736
1157.228 490.741
1157.541 610.746
1157.853 640.751
1158.166 672.756
1158.479 756.761
1158.792 700.766
1159.105 655.771
1159.418 661.776
1159.731 659.781
1160.044 663.786
1160.357 777.791
1160.670 714.796
1160.983 496.801
1161.296 584.806
1161.609 748.811
1161.921 653.816
1162.234 609.821
1162.547 478.826
1162.860 495.831
1163.173 529.836
1163.486 645.841
1163.799 662.846
1164.112 591.851
1164.425 552.855
1164.738 521.860
1165.051 507.865
1165.364 594.870
1165.676 647.875
1165.989 652.880
1166.302 571.885
1166.615 691.890
1166.928 655.895
1167.241 740.900
1167.554 778.904
1167.867 701.909
1168.180 600.914
1168.493 521.919
1168.806 642.924
1169.119 628.929
1169.432 727.934
1169.744 701.938
1170.057 635.943
1170.370 714.948
1170.683 647.953
1170.996 581.958
1171.309 623.963
1171.622 582.968
1171.935 624.972
1172.248 851.977
1172.561 811.982
1172.874 691.987
1173.187 707.992
1173.500 693.996
1173.812 721.001
1174.125 698.006
1174.438 679.011
1174.751 583.016
1175.064 598.020
1175.377 712.025
1175.690 601.030
1176.003 534.035
1176.316 591.040
1176.629 595.044
1176.942 592.049
1177.255 516.054
1177.567 480.059
1177.880 545.063
1178.193 701.068
1178.506 680.073
1178.819 720.078
1179.132 763.082
1179.445 624.087
1179.758 782.092
1180.071 767.096
1180.384 614.101
1180.697 649.106
1181.010 700.111
1181.323 821.115
1181.635 780.120
1181.948 703.125
1182.261 573.129
1182.574 463.134
1182.887 562.139
1183.200 776.144
1183.513 737.148
1183.826 698.153
1184.139 738.158
1184.452 682.162
1184.765 535.167
1185.078 420.172
1185.391 554.176
1185.703 572.181
1186.016 488.186
1186.329 472.190
1186.642 614.195
1186.955 774.200
1187.268 672.204
1187.581 704.209
1187.894 614.213
1188.207 645.218
1188.520 610.223
1188.833 628.227
1189.146 512.232
1189.459 506.237
1189.771 572.241
1190.084 681.246
1190.397 584.250
1190.710 608.255
1191.023 675.260
1191.336 675.264
1191.649 612.269
1191.962 642.273
1192.275 557.278
1192.588 701.283
1192.901 873.287
1193.214 659.292
1193.526 603.296
1193.839 678.301
1194.152 533.305
1194.465 673.310
1194.778 616.314
1195.091 653.319
1195.404 605.324
1195.717 657.328
1196.030 696.333
1196.343 632.337
1196.656 556.342
1196.969 601.346
1197.282 600.351
1197.594 606.355
1197.907 724.360
1198.220 736.364
1198.533 631.369
1198.846 696.373
1199.159 633.378
1199.472 612.382
1199.785 736.387
1200.098 630.391
1200.411 703.396
1200.724 660.400
1201.037 659.405
1201.350 557.409
1201.662 544.414
1201.975 651.418
1202.288 623.423
1202.601 169.427
