165.028 168.529
165.288 96.175
165.547 153.825
165.807 243.477
166.067 151.133
166.327 75.793
166.587 56.455
166.847 155.120
167.107 193.789
167.367 206.461
167.627 239.135
167.886 217.813
168.146 226.494
168.406 424.177
168.666 380.864
168.926 242.554
169.186 240.246
169.446 258.941
169.706 102.639
169.966 193.340
170.225 220.044
170.485 243.750
170.745 323.459
171.005 422.171
171.265 290.885
171.525 305.602
171.785 181.322
172.045 137.044
172.305 299.769
172.564 261.496
172.824 141.226
173.084 220.958
173.344 175.692
173.604 209.429
173.864 312.168
174.124 280.910
174.384 241.654
174.644 337.400
174.903 415.148
175.163 394.899
175.423 467.652
175.683 271.406
175.943 348.163
176.203 314.923
176.463 237.684
176.723 176.447
176.983 257.212
177.242 282.979
177.502 443.749
177.762 458.520
178.022 266.293
178.282 229.068
178.542 185.844
178.802 211.623
179.062 242.403
179.322 453.185
179.581 493.969
179.841 344.754
180.101 389.542
180.361 405.330
180.621 305.121
180.881 285.913
181.141 289.706
181.401 318.502
181.661 385.298
181.920 516.096
182.180 344.896
182.440 224.697
182.700 249.500
182.960 262.303
183.220 329.109
183.480 488.915
183.740 380.723
184.000 373.532
184.259 211.342
184.519 307.154
184.779 320.967
185.039 377.781
185.299 506.596
185.559 450.412
185.819 465.229
186.079 421.048
186.339 384.867
186.598 373.688
186.858 233.509
187.118 222.332
187.378 378.155
187.638 361.979
187.898 429.804
188.158 468.631
188.418 309.458
188.678 305.285
188.937 398.114
189.197 414.943
189.457 411.773
189.717 374.604
189.977 243.436
190.237 237.268
190.497 411.101
190.757 413.935
191.017 405.769
191.276 276.604
191.536 246.439
191.796 282.275
192.056 237.112
192.316 287.949
192.576 230.786
192.836 188.624
193.096 224.463
193.356 197.301
193.616 242.141
193.875 289.980
194.135 289.820
194.395 397.661
194.655 394.501
194.915 368.342
195.175 350.183
195.435 399.025
195.695 189.867
195.955 62.709
196.214 237.551
196.474 354.393
196.734 318.236
196.994 368.078
197.254 368.921
197.514 270.764
197.774 272.607
198.034 183.450
198.294 151.293
198.553 260.136
198.813 288.979
199.073 181.822
199.333 178.665
199.593 320.508
199.853 340.351
200.113 442.194
200.373 422.037
200.633 217.879
200.892 207.722
201.152 208.564
201.412 229.406
201.672 290.248
201.932 490.090
202.192 434.931
202.452 208.773
202.712 164.614
202.972 272.455
203.231 389.295
203.491 345.135
203.751 318.975
204.011 380.815
204.271 413.654
204.531 223.493
204.791 199.331
205.051 260.169
205.311 351.007
205.570 232.844
205.830 210.681
206.090 163.518
206.350 259.353
206.610 462.189
206.870 303.024
207.130 247.858
207.390 336.692
207.650 281.525
207.909 279.358
208.169 327.190
208.429 338.022
208.689 220.853
208.949 324.684
209.209 402.513
209.469 182.343
209.729 105.171
209.989 204.999
210.248 152.826
210.508 403.653
210.768 420.479
211.028 294.304
211.288 284.128
211.548 260.952
211.808 304.775
212.068 438.597
212.328 448.418
212.587 416.239
212.847 311.059
213.107 359.878
213.367 390.696
213.627 370.514
213.887 351.330
214.147 202.146
214.407 252.961
214.667 287.775
214.926 370.588
215.186 322.401
215.446 373.212
215.706 298.022
215.966 286.832
216.226 312.641
216.486 319.448
216.746 387.255
217.006 398.061
217.265 270.866
217.525 241.670
217.785 306.473
218.045 358.275
218.305 272.076
218.565 249.876
218.825 297.675
219.085 415.472
219.345 297.269
219.604 263.065
219.864 381.860
220.124 366.654
220.384 338.446
220.644 335.238
220.904 254.029
221.164 287.818
221.424 267.606
221.684 204.394
221.943 247.180
222.203 360.965
222.463 304.749
222.723 219.531
222.983 374.313
223.243 356.094
223.503 361.873
223.763 271.651
224.023 169.428
224.282 327.204
224.542 373.979
224.802 368.752
225.062 411.525
225.322 514.296
225.582 388.066
225.842 358.834
226.102 405.602
226.362 399.368
226.621 387.133
226.881 302.897
227.141 355.660
227.401 414.421
227.661 321.181
227.921 508.940
228.181 392.698
228.441 320.454
228.701 538.209
228.960 484.963
229.220 311.716
229.480 280.467
229.740 417.217
230.000 504.966
230.260 362.713
230.520 321.459
230.780 284.204
231.040 354.948
231.299 321.690
231.559 280.431
231.819 313.170
232.079 420.909
232.339 392.646
232.599 237.381
232.859 376.116
233.119 485.849
233.379 304.580
233.638 313.310
233.898 498.039
234.158 442.767
234.418 252.493
234.678 380.218
234.938 415.942
235.198 289.664
235.458 248.385
235.718 304.104
235.978 310.822
236.237 328.539
236.497 350.254
236.757 414.968
237.017 396.681
237.277 363.392
237.537 357.102
237.797 297.810
238.057 416.517
238.317 347.223
238.576 250.927
238.836 334.630
239.096 344.332
239.356 332.032
239.616 323.731
239.876 341.428
240.136 362.124
240.396 464.818
240.656 547.512
240.915 489.203
241.175 401.894
241.435 325.582
241.695 388.270
241.955 524.956
242.215 621.641
242.475 534.324
242.735 362.006
242.995 403.686
243.254 361.365
243.514 331.043
243.774 193.719
244.034 282.393
244.294 587.067
244.554 463.739
244.814 428.409
245.074 422.078
245.334 338.746
245.593 374.412
245.853 364.077
246.113 241.740
246.373 394.402
246.633 485.062
246.893 412.721
247.153 429.379
247.413 487.035
247.673 458.690
247.932 418.343
248.192 466.995
248.452 512.646
248.712 408.295
248.972 274.942
249.232 450.589
249.492 388.233
249.752 222.877
250.012 399.519
250.271 375.159
250.531 469.798
250.791 647.436
251.051 597.072
251.311 431.707
251.571 221.340
251.831 356.972
252.091 485.603
252.351 421.232
252.610 380.860
252.870 472.486
253.130 391.111
253.390 404.734
253.650 509.356
253.911 449.977
254.172 510.596
254.433 432.213
254.694 360.830
254.955 401.445
255.216 340.058
255.477 499.670
255.738 475.281
255.999 346.890
256.261 459.498
256.522 455.104
256.783 424.709
257.044 260.313
257.305 201.915
257.566 211.516
257.827 177.115
258.088 266.713
258.349 297.310
258.610 390.905
258.871 505.499
259.132 544.091
259.393 382.682
259.654 274.271
259.915 236.860
260.176 344.446
260.437 477.032
260.698 375.616
260.959 361.198
261.221 383.779
261.482 468.359
261.743 436.938
262.004 447.515
262.265 632.090
262.526 532.665
262.787 346.238
263.048 345.809
263.309 328.379
263.570 400.948
263.831 353.515
264.092 345.081
264.353 215.646
264.614 522.209
264.875 531.771
265.136 325.332
265.397 534.891
265.658 688.449
265.919 684.005
266.181 567.561
266.442 372.114
266.703 330.667
266.964 352.218
267.225 339.768
267.486 315.316
267.747 413.863
268.008 481.409
268.269 576.953
268.530 599.496
268.791 502.038
269.052 475.578
269.313 420.117
269.574 468.655
269.835 466.191
270.096 463.726
270.357 508.260
270.618 435.792
270.879 383.323
271.141 460.853
271.402 415.381
271.663 304.908
271.924 421.434
272.185 461.959
272.446 426.482
272.707 409.004
272.968 417.524
273.229 448.044
273.490 411.562
273.751 383.078
274.012 406.594
274.273 467.108
274.534 429.621
274.795 540.132
275.056 538.642
275.317 356.151
275.578 250.659
275.839 364.166
276.101 338.671
276.362 312.175
276.623 387.677
276.884 499.178
277.145 499.679
277.406 489.177
277.667 405.675
277.928 364.171
278.189 529.666
278.450 521.160
278.711 431.653
278.972 419.144
279.233 387.634
279.494 514.123
279.755 644.610
280.016 668.097
280.277 491.582
280.538 504.066
280.799 386.548
281.061 381.030
281.322 395.510
281.583 396.989
281.844 331.466
282.105 353.943
282.366 505.418
282.627 468.892
282.888 529.365
283.149 521.837
283.410 490.307
283.671 469.777
283.932 374.245
284.193 254.712
284.454 328.177
284.715 461.642
284.976 401.105
285.237 523.567
285.498 749.028
285.759 636.488
286.021 556.946
286.282 464.404
286.543 542.860
286.804 516.315
287.065 502.769
287.326 574.222
287.587 425.673
287.848 534.124
288.109 608.573
288.370 525.021
288.631 343.468
288.892 350.914
289.153 414.358
289.414 333.802
289.675 540.244
289.936 654.685
290.197 586.125
290.458 472.564
290.719 414.002
290.981 569.439
291.242 624.874
291.503 541.309
291.764 366.742
292.025 253.174
292.286 301.605
292.547 440.035
292.808 405.464
293.069 450.892
293.330 504.319
293.591 523.744
293.852 497.169
294.113 415.592
294.374 391.014
294.635 519.435
294.896 545.855
295.157 519.274
295.418 531.692
295.679 563.109
295.941 528.525
296.202 484.939
296.463 512.353
296.724 596.766
296.985 622.177
297.246 558.587
297.507 369.997
297.768 390.405
298.029 539.812
298.290 734.218
298.551 726.623
298.812 734.027
299.073 561.430
299.334 403.832
299.595 525.233
299.856 590.633
300.117 742.032
300.378 620.430
300.639 404.827
300.901 393.222
301.162 515.617
301.423 591.011
301.684 684.404
301.945 703.795
302.206 476.186
302.467 481.576
302.728 460.964
302.989 492.352
303.250 570.738
303.511 618.124
303.772 590.509
304.033 562.892
304.294 533.275
304.555 471.656
304.816 545.037
305.077 561.417
305.338 455.795
305.599 450.173
305.861 487.550
306.122 529.926
306.383 494.300
306.644 492.674
306.905 372.047
307.166 568.419
307.427 606.790
307.688 523.160
307.949 469.529
308.210 478.897
308.471 462.264
308.732 451.630
308.993 435.995
309.254 510.359
309.515 399.722
309.776 531.085
310.037 529.446
310.298 369.807
310.559 420.166
310.821 536.525
311.082 526.882
311.343 381.239
311.604 316.595
311.865 316.950
312.126 349.304
312.387 458.657
312.648 443.009
312.909 461.360
313.170 489.710
313.434 520.060
313.698 474.408
313.963 536.756
314.227 424.103
314.491 422.449
314.755 470.793
315.019 478.137
315.284 321.481
315.548 499.823
315.812 525.164
316.076 592.505
316.340 580.844
316.604 571.183
316.869 637.521
317.133 595.858
317.397 647.194
317.661 630.529
317.925 545.864
318.190 482.197
318.454 421.530
318.718 381.862
318.982 538.193
319.246 622.523
319.511 769.852
319.775 570.180
320.039 520.508
320.303 498.834
320.567 520.160
320.832 474.485
321.096 445.810
321.360 495.133
321.624 460.455
321.888 377.777
322.153 386.098
322.417 376.418
322.681 384.737
322.945 498.056
323.209 530.373
323.473 461.690
323.738 442.006
324.002 461.321
324.266 619.635
324.530 591.949
324.794 452.262
325.059 440.573
325.323 418.885
325.587 453.195
325.851 472.504
326.115 659.813
326.380 581.121
326.644 583.428
326.908 534.734
327.172 444.040
327.436 537.345
327.701 534.649
327.965 498.952
328.229 558.255
328.493 375.556
328.757 411.857
329.022 591.157
329.286 414.457
329.550 385.755
329.814 470.053
330.078 546.350
330.342 478.646
330.607 496.942
330.871 554.237
331.135 660.531
331.399 640.824
331.663 567.117
331.928 549.409
332.192 554.700
332.456 514.990
332.720 542.280
332.984 465.568
333.249 516.857
333.513 474.144
333.777 324.431
334.041 326.716
334.305 508.002
334.570 595.286
334.834 443.570
335.098 601.853
335.362 687.135
335.626 593.417
335.891 457.698
336.155 464.978
336.419 475.257
336.683 355.536
336.947 490.814
337.211 466.091
337.476 383.368
337.740 461.644
338.004 494.919
338.268 475.194
338.532 491.468
338.797 424.741
339.061 584.013
339.325 676.285
339.589 695.556
339.853 616.827
340.118 524.096
340.382 596.365
340.646 689.634
340.910 470.901
341.174 483.168
341.439 427.435
341.703 500.700
341.967 500.965
342.231 458.230
342.495 445.493
342.759 552.756
343.024 554.019
343.288 673.280
343.552 603.541
343.816 404.802
344.080 439.062
344.345 545.321
344.609 424.579
344.873 370.837
345.137 487.094
345.401 571.350
345.666 408.606
345.930 519.861
346.194 583.116
346.458 439.370
346.722 473.623
346.987 422.876
347.251 534.128
347.515 750.379
347.779 551.630
348.043 428.880
348.308 479.130
348.572 418.378
348.836 376.627
349.100 441.874
349.364 375.121
349.628 370.368
349.893 481.614
350.157 570.859
350.421 507.103
350.685 508.347
350.949 428.591
351.214 363.833
351.478 451.076
351.742 489.317
352.006 543.558
352.270 543.799
352.535 445.038
352.799 388.277
353.063 527.516
353.327 474.754
353.591 372.991
353.856 483.228
354.120 548.464
354.384 646.700
354.648 669.935
354.912 610.170
355.177 577.403
355.441 419.637
355.705 658.870
355.969 684.102
356.233 583.333
356.497 563.564
356.762 533.795
357.026 475.025
357.290 481.254
357.554 540.483
357.818 567.711
358.083 508.939
358.347 491.166
358.611 486.392
358.875 515.618
359.139 518.844
359.404 451.068
359.668 542.293
359.932 647.516
360.196 644.740
360.460 544.962
360.725 547.184
360.989 620.406
361.253 689.627
361.517 623.848
361.781 584.067
362.046 590.287
362.310 661.506
362.574 668.724
362.838 538.942
363.102 546.159
363.366 587.376
363.631 502.592
363.895 528.808
364.159 612.023
364.423 537.238
364.687 585.452
364.952 644.665
365.216 665.878
365.480 609.091
365.747 469.303
366.013 515.515
366.280 516.726
366.546 631.936
366.813 553.146
367.079 603.356
367.346 689.565
367.612 602.773
367.879 612.981
368.145 652.189
368.412 546.396
368.678 472.602
368.945 575.808
369.211 547.013
369.478 553.218
369.744 540.423
370.011 517.627
370.278 533.830
370.544 547.033
370.811 543.236
371.077 510.438
371.344 461.640
371.610 496.841
371.877 536.041
372.143 564.241
372.410 615.441
372.676 715.640
372.943 697.839
373.209 617.037
373.476 557.235
373.742 435.432
374.009 570.629
374.276 641.825
374.542 574.021
374.809 465.216
375.075 386.411
375.342 377.606
375.608 406.800
375.875 436.993
376.141 673.186
376.408 621.379
376.674 573.571
376.941 522.762
377.207 510.954
377.474 937.144
377.740 818.335
378.007 488.525
378.273 632.714
378.540 712.903
378.807 555.091
379.073 473.280
379.340 483.467
379.606 554.654
379.873 523.841
380.139 595.027
380.406 638.213
380.672 560.399
380.939 467.584
381.205 483.768
381.472 468.952
381.738 401.136
382.005 558.319
382.271 613.502
382.538 603.684
382.804 741.866
383.071 642.048
383.338 578.229
383.604 556.409
383.871 661.590
384.137 630.769
384.404 543.949
384.670 589.128
384.937 541.306
385.203 648.484
385.470 637.662
385.736 656.839
386.003 576.016
386.269 575.193
386.536 539.369
386.802 501.544
387.069 619.720
387.336 832.895
387.602 793.069
387.869 480.243
388.135 415.417
388.402 401.590
388.668 533.763
388.935 672.935
389.201 810.107
389.468 742.278
389.734 732.450
390.001 704.620
390.267 562.791
390.534 619.961
390.800 666.130
391.067 702.300
391.333 696.468
391.600 580.637
391.867 620.805
392.133 630.973
392.400 514.140
392.666 477.307
392.933 687.473
393.199 798.639
393.466 631.805
393.732 607.970
393.999 655.135
394.265 665.300
394.532 602.464
394.798 675.628
395.065 611.791
395.331 674.954
395.598 726.117
395.864 775.279
396.131 855.441
396.398 996.603
396.664 1130.764
396.931 1274.925
397.197 1597.086
397.464 1766.246
397.730 2147.405
397.997 2302.565
398.263 2472.724
398.530 2647.882
398.796 2892.041
399.063 3001.199
399.329 2986.356
399.596 3202.513
399.862 3226.670
400.129 3230.827
400.396 3323.983
400.662 3048.139
400.929 3057.294
401.195 3095.449
401.462 3272.604
401.728 3450.758
401.995 3568.912
402.261 3660.066
402.528 3751.219
402.794 3924.372
403.061 4272.525
403.327 4804.677
403.594 4984.829
403.860 5025.980
404.127 5161.132
404.393 5591.283
404.660 5749.433
404.931 6000.583
405.202 6378.733
405.473 6641.883
405.745 7246.032
406.016 7752.181
406.287 7642.329
406.558 7676.478
406.829 7904.625
407.100 7878.773
407.371 8269.920
407.642 8446.067
407.914 8405.214
408.185 8461.360
408.456 8590.506
408.727 8769.651
408.998 8759.796
409.269 9046.941
409.540 9105.086
409.811 8703.230
410.083 8601.374
410.354 8413.518
410.625 8166.661
410.896 8009.804
411.167 7917.947
411.438 7795.089
411.709 7345.231
411.981 7230.373
412.252 6647.514
412.523 6067.655
412.794 5955.796
413.065 5745.936
413.336 5189.077
413.607 4944.216
413.878 4704.356
414.150 4355.495
414.421 3858.634
414.692 3624.773
414.963 3411.911
415.234 3201.049
415.505 3066.187
415.776 2897.324
416.047 2668.461
416.319 2444.598
416.590 2104.734
416.861 1708.870
417.132 1746.006
417.403 1628.142
417.674 1448.277
417.945 1183.412
418.217 1068.547
418.488 1181.681
418.759 1009.815
419.030 885.949
419.301 913.083
419.572 894.216
419.843 877.349
420.114 796.481
420.386 734.614
420.657 877.746
420.928 859.877
421.199 783.009
421.470 699.140
421.741 636.271
422.012 669.401
422.283 656.532
422.555 653.662
422.826 717.792
423.097 762.921
423.368 719.050
423.639 608.179
423.910 690.308
424.181 640.436
424.453 577.564
424.724 856.692
424.995 923.819
425.266 716.947
425.537 624.074
425.808 737.200
426.079 835.327
426.350 715.453
426.622 691.579
426.893 839.704
427.164 752.830
427.435 669.955
427.706 711.079
427.977 680.204
428.248 628.328
428.519 725.452
428.791 667.576
429.062 760.699
429.333 673.822
429.604 570.945
429.875 716.068
430.146 828.190
430.417 773.312
430.689 646.434
430.960 534.556
431.231 591.677
431.502 790.798
431.773 808.919
432.044 695.040
432.315 844.160
432.586 735.280
432.858 789.400
433.129 633.519
433.400 652.639
433.671 783.758
433.942 682.876
434.213 539.995
434.484 568.113
434.755 644.231
435.027 512.349
435.298 614.466
435.569 664.584
435.840 611.701
436.116 607.817
436.391 661.934
436.667 677.050
436.942 748.166
437.218 729.282
437.493 743.397
437.769 838.513
438.045 673.628
438.320 649.743
438.596 728.857
438.871 648.971
439.147 620.086
439.422 580.199
439.698 528.313
439.974 536.426
440.249 661.539
440.525 728.652
440.800 528.765
441.076 616.877
441.351 776.989
441.627 817.101
441.903 776.213
442.178 589.325
442.454 592.436
442.729 849.547
443.005 636.657
443.281 696.768
443.556 881.878
443.832 765.988
444.107 654.098
444.383 683.208
444.658 683.317
444.934 589.426
445.210 735.535
445.485 754.644
445.761 743.752
446.036 713.861
446.312 775.969
446.587 752.076
446.863 578.184
447.139 638.291
447.414 709.399
447.690 804.505
447.965 839.612
448.241 681.719
448.516 678.825
448.792 690.931
449.068 688.037
449.343 711.142
449.619 643.248
449.894 725.353
450.170 764.458
450.445 934.562
450.721 918.667
450.997 687.771
451.272 844.875
451.548 777.979
451.823 692.083
452.099 783.186
452.375 706.289
452.650 694.392
452.926 768.495
453.201 786.598
453.477 1039.700
453.752 950.802
454.028 801.904
454.304 872.006
454.579 916.107
454.855 875.209
455.130 881.310
455.406 1020.411
455.681 914.511
455.957 790.612
456.233 733.712
456.508 732.812
456.784 800.912
457.059 791.012
457.335 881.111
457.610 837.210
457.886 742.310
458.162 677.408
458.437 670.507
458.713 769.606
458.988 703.704
459.264 749.802
459.539 847.900
459.815 793.997
460.091 747.095
460.366 667.192
460.642 585.289
460.917 649.386
461.193 713.483
461.468 672.579
461.744 670.676
462.020 651.772
462.295 673.868
462.571 654.963
462.846 722.059
463.122 823.154
463.397 822.249
463.673 715.629
463.949 723.715
464.224 747.786
464.500 775.852
464.775 706.722
465.051 751.313
465.327 845.065
465.602 1000.004
465.878 1071.026
466.153 941.308
466.429 1159.124
466.704 1396.583
466.980 1369.469
467.256 1477.561
467.531 1564.218
467.807 1508.763
468.082 1575.990
468.358 1585.515
468.633 1680.744
468.909 1549.310
469.185 1434.376
469.460 1587.822
469.736 1709.351
470.011 1467.751
470.287 1467.371
470.562 1573.243
470.838 1411.450
471.114 1504.886
471.389 1517.098
471.665 1434.799
471.940 1449.500
472.216 1385.825
472.491 1197.856
472.767 1172.792
473.043 1336.168
473.318 1434.635
473.594 1208.983
473.869 1118.746
474.145 1088.316
474.421 1039.576
474.696 1048.821
474.972 939.998
475.247 919.639
475.523 1021.642
475.798 1043.160
476.074 964.793
476.350 950.624
476.625 957.798
476.901 1008.854
477.176 956.998
477.452 841.158
477.727 852.435
478.003 705.314
478.279 944.222
478.554 1077.439
478.830 1063.362
479.105 1091.746
479.381 1037.987
479.656 881.886
479.932 917.552
480.208 995.656
480.483 1069.558
480.759 1110.088
481.034 973.697
481.310 969.741
481.585 951.741
481.861 1059.688
482.137 977.134
482.412 975.228
482.688 1070.743
482.963 1132.941
483.239 1164.955
483.514 928.565
483.790 965.790
484.066 1167.704
484.341 1031.890
484.617 1017.981
484.892 1115.539
485.168 1128.556
485.443 1019.165
485.719 1019.245
485.995 1146.271
486.270 1082.777
486.546 1010.488
486.821 925.503
487.097 859.589
487.373 932.785
487.648 1121.972
487.924 1183.878
488.199 963.736
488.475 788.962
488.750 878.669
489.026 1041.533
489.302 963.102
489.577 992.627
489.853 1035.807
490.128 1176.922
490.404 1138.665
490.679 952.832
490.955 1123.042
491.231 1208.163
491.506 1159.519
491.782 1076.500
492.057 1028.555
492.333 1173.445
492.608 1074.695
492.884 1031.718
493.160 901.656
493.435 966.245
493.711 1152.594
493.986 1083.960
494.262 1009.607
494.537 1016.545
494.813 1052.946
495.089 960.734
495.364 992.243
495.640 1045.363
495.915 980.604
496.191 1139.105
496.467 1169.858
496.742 1076.336
497.018 1125.919
497.293 1084.532
497.569 1159.788
497.844 1095.822
498.120 1119.658
498.396 1095.167
498.671 1019.864
498.947 1205.637
499.222 1236.730
499.498 1152.462
499.773 1215.222
500.049 1274.548
500.325 1299.845
500.600 1399.518
500.876 1380.972
501.151 1522.231
501.427 1646.322
501.702 1750.562
501.978 1751.640
502.254 1819.692
502.529 1703.246
502.805 1911.479
503.080 2031.422
503.356 1907.409
503.631 1871.024
503.907 1949.783
504.183 1941.758
504.458 2018.753
504.734 1963.195
505.009 1977.422
505.285 1890.427
505.560 1867.353
505.836 1771.136
506.112 1798.536
506.387 1695.368
506.663 1603.735
506.938 1654.362
507.214 1601.854
507.490 1573.034
507.765 1488.773
508.041 1531.224
508.316 1613.030
508.592 1382.258
508.867 1362.828
509.143 1445.950
509.419 1327.427
509.694 1167.360
509.970 1134.330
510.245 1056.052
510.521 1134.064
510.796 1047.085
511.072 987.213
511.348 1024.196
511.623 992.359
511.899 981.515
512.174 1091.829
512.450 1137.440
512.725 1055.166
513.001 925.346
513.277 848.259
513.552 1022.538
513.828 960.430
514.103 940.830
514.379 1032.554
514.654 930.193
514.930 952.989
515.206 1286.760
515.481 1180.839
515.757 968.992
516.032 938.755
516.308 1061.985
516.583 1186.867
516.859 1136.908
517.135 1165.209
517.410 1262.133
517.686 1257.338
517.961 1252.542
518.237 1377.236
518.513 1421.099
518.788 1733.134
519.064 1819.619
519.339 1819.507
519.615 1771.481
519.890 1896.161
520.166 1983.028
520.442 2227.572
520.717 2242.070
520.993 2223.097
521.268 2066.062
521.544 2156.595
521.819 2142.907
522.095 2199.452
522.371 2328.756
522.646 2373.879
522.922 2457.872
523.197 2407.166
523.473 2490.091
523.748 2393.500
524.024 2305.522
524.300 2298.883
524.575 2269.277
524.851 2330.581
525.126 2349.445
525.402 2405.341
525.677 2512.577
525.953 2321.898
526.229 2255.991
526.504 2217.061
526.780 2335.459
527.055 2338.710
527.331 2372.261
527.606 2406.201
527.882 2412.570
528.158 2361.299
528.433 2492.569
528.709 2363.069
528.984 2331.457
529.260 2309.076
529.535 2310.758
529.811 2109.087
530.087 1985.197
530.362 2043.044
530.638 2115.246
530.913 2126.133
531.189 2101.216
531.465 1974.826
531.740 1909.159
532.016 1848.200
532.291 1791.197
532.567 1748.214
532.842 1752.148
533.118 1724.806
533.394 1823.626
533.669 1646.297
533.945 1448.883
534.220 1425.594
534.496 1545.832
534.771 1449.929
535.047 1459.206
535.323 1397.211
535.598 1390.051
535.874 1445.176
536.149 1502.364
536.425 1529.331
536.700 1598.859
536.976 1929.502
537.252 2468.252
537.527 2969.751
537.803 3661.359
538.078 4230.404
538.354 4622.791
538.629 4730.743
538.905 4986.705
539.181 5414.743
539.456 5557.797
539.732 5922.668
540.007 6080.670
540.283 6041.280
540.558 6278.215
540.834 6644.795
541.110 6965.291
541.385 7064.356
541.661 7319.857
541.936 7422.311
542.212 7361.910
542.488 7412.511
542.763 7482.932
543.039 7588.625
543.314 7510.307
543.590 7361.912
543.865 7418.570
544.141 7177.314
544.417 6971.807
544.692 6819.926
544.968 6909.354
545.243 6580.293
545.519 6280.863
545.794 6136.067
546.070 6078.467
546.348 5905.465
546.627 5583.545
546.905 5613.036
547.183 5544.344
547.461 5622.849
547.740 5728.165
548.018 5637.491
548.296 5626.981
548.575 5741.235
548.853 5952.808
549.131 6209.067
549.409 6351.770
549.688 6664.323
549.966 6837.986
550.244 7114.825
550.523 7176.210
550.801 7208.761
551.079 7281.802
551.357 7497.482
551.636 7366.608
551.914 7419.191
552.192 7439.953
552.471 7633.923
552.749 7882.972
553.027 7856.564
553.306 7981.633
553.584 8406.463
553.862 8617.313
554.140 8890.448
554.419 9164.082
554.697 9679.314
554.975 10030.950
555.254 10148.272
555.532 9987.045
555.810 10073.937
556.088 10055.342
556.367 9841.176
556.645 9417.255
556.923 9221.780
557.202 9073.897
557.480 8976.787
557.758 8560.758
558.036 8252.369
558.315 8052.510
558.593 7948.009
558.871 7605.366
559.150 7238.062
559.428 7092.127
559.706 6789.849
559.984 6552.649
560.263 6366.050
560.541 5915.923
560.819 5569.069
561.098 5127.638
561.376 4718.070
561.654 4236.387
561.932 3725.593
562.211 3503.305
562.489 3268.002
562.767 2914.625
563.046 2517.856
563.324 2173.836
563.602 2045.328
563.880 1892.740
564.159 1820.810
564.437 1747.203
564.715 1504.205
564.994 1348.781
565.272 1347.868
565.550 1199.929
565.828 1114.755
566.107 1204.816
566.385 1099.588
566.663 938.310
566.942 968.076
567.220 1043.050
567.498 1168.137
567.776 961.452
568.055 904.767
568.333 983.659
568.611 997.161
568.890 883.526
569.168 795.509
569.446 862.990
569.725 841.780
570.003 667.912
570.281 629.919
570.559 758.591
570.838 747.754
571.116 801.818
571.394 855.158
571.673 906.469
571.951 857.880
572.229 814.236
572.507 793.692
572.786 775.054
573.064 773.906
573.342 736.950
573.621 633.067
573.899 694.576
574.177 866.197
574.455 854.381
574.734 751.544
575.012 782.900
575.290 696.542
575.569 752.171
575.847 857.959
576.125 830.526
576.403 637.869
576.682 719.170
576.960 771.863
577.243 775.085
577.527 651.755
577.810 567.070
578.093 597.260
578.377 575.757
578.660 627.185
578.944 627.229
579.227 598.812
579.510 674.772
579.794 684.414
580.077 655.038
580.360 649.780
580.644 610.747
580.927 618.356
581.210 685.000
581.494 621.668
581.777 705.670
582.061 681.516
582.344 573.565
582.627 563.639
582.911 616.524
583.194 605.207
583.477 741.977
583.761 773.956
584.044 857.832
584.327 810.780
584.611 724.909
584.894 670.007
585.178 606.114
585.461 631.132
585.744 732.074
586.028 654.849
586.311 685.892
586.594 732.935
586.878 642.978
587.161 579.020
587.444 675.063
587.728 682.105
588.011 748.148
588.295 591.190
588.578 642.590
588.861 810.464
589.145 746.317
589.428 707.066
589.711 558.401
589.995 571.871
590.278 732.752
590.562 633.527
590.845 555.013
591.128 823.962
591.412 789.074
591.695 636.057
591.978 779.176
592.262 782.993
592.545 585.062
592.828 744.370
593.112 653.938
593.395 606.123
593.679 527.871
593.962 714.167
594.245 724.442
594.529 587.170
594.812 526.984
595.095 470.833
595.379 673.513
595.662 712.990
595.945 616.990
596.229 559.871
596.512 620.188
596.796 650.575
597.079 690.565
597.362 817.338
597.646 810.634
597.929 705.827
598.212 693.312
598.496 700.268
598.779 796.359
599.062 827.987
599.346 637.504
599.629 620.149
599.913 634.355
600.196 703.360
600.479 741.092
600.763 727.083
601.046 566.400
601.329 599.476
601.613 680.538
601.896 614.697
602.179 721.204
602.463 665.251
602.746 740.927
603.030 842.145
603.313 765.792
603.596 610.776
603.880 620.020
604.163 621.038
604.446 616.550
604.730 546.069
605.013 651.247
605.296 754.763
605.580 693.097
605.863 715.661
606.147 614.817
606.430 576.657
606.713 687.676
606.997 649.210
607.280 818.866
607.563 761.174
607.847 674.445
608.130 702.248
608.414 746.608
608.697 720.226
608.980 726.845
609.264 773.673
609.547 645.626
609.830 673.087
610.114 691.733
610.397 664.346
610.680 741.032
610.964 728.796
611.247 717.068
611.531 639.300
611.814 522.555
612.097 599.137
612.381 792.704
612.664 879.877
612.947 689.531
613.231 631.667
613.514 688.316
613.797 777.743
614.081 806.266
614.364 789.603
614.648 690.425
614.931 599.105
615.214 606.999
615.498 693.178
615.781 763.778
616.064 804.168
616.348 872.117
616.631 896.657
616.914 923.369
617.198 827.763
617.481 750.951
617.765 784.272
618.048 838.389
618.331 749.579
618.615 697.984
618.898 917.387
619.181 889.754
619.465 809.561
619.748 734.424
620.031 659.938
620.315 675.494
620.598 709.929
620.882 802.030
621.165 990.735
621.448 882.420
621.732 834.577
622.015 730.135
622.298 682.772
622.582 763.329
622.865 712.179
623.148 644.281
623.432 786.747
623.715 729.725
623.999 865.627
624.282 884.604
624.565 906.539
624.849 757.681
625.132 642.308
625.415 915.528
625.699 975.014
625.982 835.795
626.265 745.508
626.549 693.274
626.832 847.855
627.116 849.909
627.399 705.499
627.682 678.910
627.966 654.091
628.249 690.691
628.532 640.785
628.816 852.171
629.099 826.301
629.383 731.414
629.666 705.011
629.949 647.162
630.233 645.908
630.516 701.504
630.799 723.888
631.083 683.318
631.366 618.030
631.649 541.129
631.933 508.311
632.216 708.311
632.500 775.123
632.783 768.044
633.066 719.107
633.350 743.141
633.633 820.641
633.916 796.363
634.200 688.639
634.483 715.789
634.766 793.043
635.050 781.285
635.333 676.862
635.617 702.198
635.900 790.946
636.183 797.049
636.467 750.958
636.750 772.213
637.033 829.791
637.317 828.420
637.600 840.830
637.883 827.864
638.167 774.585
638.450 790.955
638.734 790.049
639.017 848.132
639.300 884.679
639.584 856.753
639.867 1056.034
640.150 972.809
640.434 929.808
640.717 929.904
641.000 933.672
641.284 1024.356
641.567 912.154
641.851 936.624
642.134 1076.853
642.417 1023.540
642.701 1227.520
642.984 1223.599
643.267 1112.624
643.551 1036.810
643.834 986.265
644.117 1036.869
644.401 1071.610
644.684 1146.615
644.968 1298.094
645.251 1255.630
645.534 1145.903
645.818 1165.632
646.101 1320.746
646.384 1441.902
646.668 1564.936
646.951 1557.453
647.235 1632.254
647.518 1706.531
647.801 1889.831
648.085 2074.000
648.368 2183.121
648.651 2234.842
648.935 2580.887
649.218 2896.359
649.501 2983.000
649.785 3022.593
650.068 3307.570
650.352 3539.240
650.635 3802.538
650.918 4142.966
651.202 4593.117
651.485 5014.412
651.768 5505.899
652.052 5940.168
652.335 6420.502
652.618 7031.832
652.902 7690.332
653.185 8285.919
653.469 8454.041
653.752 8795.175
654.035 9031.501
654.319 9301.046
654.602 9356.939
654.885 9460.406
655.169 9607.627
655.452 9669.876
655.735 9763.462
656.019 9808.378
656.302 9924.062
656.586 10046.572
656.869 10318.741
657.152 10261.293
657.436 10226.935
657.719 10415.321
658.002 10491.280
658.286 10471.604
658.569 10291.709
658.852 10014.130
659.136 9792.868
659.419 9270.055
659.703 8914.754
659.986 8710.723
660.269 8511.791
660.553 7944.227
660.836 7968.647
661.119 7910.749
661.403 7629.538
661.686 7470.229
661.969 7439.739
662.253 7349.890
662.536 7173.090
662.820 7257.960
663.103 7039.937
663.386 6846.253
663.670 6765.146
663.953 6510.590
664.236 6594.216
664.520 6438.216
664.803 6314.638
665.086 6288.032
665.370 6380.551
665.653 6427.185
665.937 6280.588
666.220 6051.408
666.503 5859.753
666.787 5671.140
667.070 5486.557
667.353 5347.358
667.637 5104.288
667.920 4922.774
668.204 4547.186
668.487 4124.019
668.770 4033.543
669.054 3516.259
669.337 3141.686
669.620 2841.001
669.904 2584.571
670.187 2410.883
670.470 2291.943
670.754 1989.930
671.037 1680.122
671.321 1595.696
671.604 1742.550
671.887 1697.278
672.171 1572.434
672.454 1518.707
672.737 1501.355
673.021 1428.051
673.304 1440.838
673.587 1573.310
673.871 1545.711
674.154 1516.897
674.438 1459.902
674.721 1482.540
675.004 1440.883
675.288 1352.433
675.571 1414.616
675.854 1364.180
676.138 1384.170
676.421 1329.899
676.704 1207.333
676.988 1367.105
677.271 1525.570
677.555 1438.240
677.838 1319.343
678.121 1301.479
678.405 1296.954
678.688 1362.199
678.971 1081.857
679.255 1177.320
679.538 1235.439
679.821 1236.503
680.105 1115.281
680.388 983.428
680.672 954.332
680.955 1001.137
681.238 967.866
681.522 896.201
681.805 895.904
682.088 977.289
682.372 1040.900
682.655 935.542
682.938 1018.033
683.222 1017.016
683.505 921.972
683.789 995.144
684.072 923.070
684.355 908.564
684.639 922.160
684.922 860.600
685.205 870.022
685.489 1053.764
685.772 1038.173
686.056 1039.286
686.339 1045.588
686.622 872.242
686.906 792.937
687.189 942.232
687.472 1123.887
687.756 979.884
688.039 822.270
688.322 817.077
688.606 1084.326
688.889 1062.432
689.173 952.855
689.456 1062.484
689.739 1055.203
690.023 1006.162
690.306 1023.915
690.589 994.750
690.873 1098.839
691.156 1148.813
691.439 1079.120
691.723 1027.116
692.006 1116.754
692.290 1087.431
692.573 1168.362
692.856 1226.070
693.140 1249.930
693.423 1176.197
693.706 1083.141
693.990 1074.721
694.273 1099.463
694.556 1294.432
694.840 1340.568
695.123 1204.910
695.407 1190.276
695.690 1092.072
695.973 1110.749
696.257 1224.975
696.540 1430.529
696.830 1366.391
697.120 1362.305
697.410 1408.159
697.699 1393.406
697.989 1661.470
698.279 1503.199
698.569 1345.946
698.859 1460.724
699.149 1480.257
699.439 1454.254
699.729 1369.121
700.018 1318.125
700.308 1425.878
700.598 1270.958
700.888 1166.498
701.178 1388.688
701.468 1341.664
701.758 1189.367
702.048 1256.493
702.337 1230.487
702.627 1298.663
702.917 1191.724
703.207 1129.932
703.497 1162.018
703.787 985.999
704.077 936.713
704.366 1027.225
704.656 919.899
704.946 839.163
705.236 814.371
705.526 905.398
705.816 1033.166
706.106 768.948
706.396 767.210
706.685 797.718
706.975 727.234
707.265 617.788
707.555 798.779
707.845 758.567
708.135 668.401
708.425 602.213
708.715 581.071
709.004 817.673
709.294 818.684
709.584 835.829
709.874 884.175
710.164 844.750
710.454 787.153
710.744 717.297
711.034 762.963
711.323 811.680
711.613 740.836
711.903 863.040
712.193 881.745
712.483 745.091
712.773 743.146
713.063 669.089
713.352 721.669
713.642 790.662
713.932 822.311
714.222 792.494
714.512 783.963
714.802 702.457
715.092 737.363
715.382 684.701
715.671 698.844
715.961 770.737
716.251 627.213
716.541 704.590
716.831 791.434
717.121 575.372
717.411 689.124
717.701 790.581
717.990 695.865
718.280 664.948
718.570 625.810
718.860 630.959
719.150 671.697
719.440 631.954
719.730 610.611
720.019 827.607
720.309 733.862
720.599 683.262
720.889 631.959
721.179 695.137
721.469 739.885
721.759 669.666
722.049 755.017
722.338 625.604
722.628 646.999
722.918 703.980
723.208 731.316
723.498 621.721
723.788 692.600
724.078 875.489
724.368 749.908
724.657 662.501
724.947 720.055
725.237 765.172
725.527 795.115
725.817 689.258
726.107 678.706
726.397 658.417
726.686 578.166
726.976 650.721
727.266 719.406
727.556 654.630
727.846 821.789
728.136 807.475
728.426 617.200
728.716 576.522
729.005 681.194
729.295 657.958
729.585 535.955
729.875 540.750
730.165 658.657
730.455 729.482
730.745 713.705
731.035 684.599
731.324 778.364
731.614 743.863
731.904 640.621
732.194 723.246
732.484 666.576
732.774 641.304
733.064 645.215
733.354 505.157
733.643 552.510
733.933 623.141
734.223 615.364
734.513 752.810
734.803 801.370
735.093 662.853
735.383 654.731
735.672 750.454
735.962 771.512
736.252 619.262
736.542 607.762
736.832 597.008
737.122 525.065
737.412 613.320
737.702 727.778
737.991 739.574
738.281 736.132
738.571 659.790
738.861 705.400
739.151 710.341
739.441 773.575
739.731 647.735
740.021 615.533
740.310 729.572
740.600 783.619
740.890 545.641
741.180 590.173
741.470 656.333
741.760 773.825
742.050 869.600
742.339 726.928
742.629 654.742
742.919 754.662
743.209 544.450
743.499 527.203
743.789 573.289
744.079 652.517
744.369 680.575
744.658 644.282
744.948 487.228
745.238 618.553
745.528 737.502
745.818 798.768
746.108 706.526
746.398 694.337
746.688 663.572
746.977 810.562
747.267 730.144
747.557 771.645
747.847 758.741
748.137 669.963
748.427 636.151
748.717 524.254
749.006 423.254
749.296 582.061
749.586 615.332
749.876 720.545
750.166 644.867
750.456 627.583
750.746 644.196
751.036 589.325
751.325 707.108
751.615 681.860
751.905 726.834
752.195 731.579
752.485 657.598
752.775 672.289
753.065 589.225
753.355 778.433
753.644 768.442
753.934 630.213
754.224 615.557
754.514 791.897
754.804 610.580
755.094 513.307
755.384 595.572
755.674 677.837
755.963 765.118
756.253 725.744
756.543 777.191
756.833 791.837
757.123 730.820
757.413 651.171
757.703 618.024
757.992 574.826
758.282 620.452
758.572 608.029
758.862 550.761
759.152 605.051
759.442 607.474
759.732 712.625
760.022 752.844
760.311 684.204
760.601 545.389
760.891 688.264
761.181 730.807
761.471 683.271
761.761 566.152
762.051 566.170
762.341 724.573
762.630 762.581
762.920 649.810
763.210 680.725
763.500 700.199
763.793 577.357
764.086 629.742
764.379 638.180
764.671 743.832
764.964 645.259
765.257 633.204
765.550 661.716
765.843 512.541
766.136 604.293
766.429 618.423
766.722 626.882
767.014 532.708
767.307 455.719
767.600 510.118
767.893 531.819
768.186 543.934
768.479 635.685
768.772 800.018
769.064 740.559
769.357 643.155
769.650 647.853
769.943 794.247
770.236 738.877
770.529 575.325
770.822 594.496
771.115 683.223
771.407 769.702
771.700 733.393
771.993 802.838
772.286 735.446
772.579 761.940
772.872 607.723
773.165 582.395
773.457 696.324
773.750 709.153
774.043 624.407
774.336 633.136
774.629 654.055
774.922 678.950
775.215 587.141
775.508 603.096
775.800 573.331
776.093 668.589
776.386 718.235
776.679 612.228
776.972 699.859
777.265 891.215
777.558 889.330
777.850 719.609
778.143 686.460
778.436 707.289
778.729 683.480
779.022 708.622
779.315 626.227
779.608 520.717
779.900 538.824
780.193 611.203
780.486 615.626
780.779 630.071
781.072 531.260
781.365 656.183
781.658 679.951
781.951 583.582
782.243 651.568
782.536 699.078
782.829 636.845
783.122 641.882
783.415 686.391
783.708 654.311
784.001 662.352
784.293 752.639
784.586 770.940
784.879 753.922
785.172 650.081
785.465 591.631
785.758 631.728
786.051 686.854
786.344 783.497
786.636 894.408
786.929 681.211
787.222 616.396
787.515 536.099
787.808 585.993
788.101 588.007
788.394 789.822
788.686 837.790
788.979 713.644
789.272 707.953
789.565 721.235
789.858 639.414
790.151 536.173
790.444 505.220
790.737 572.742
791.029 570.617
791.322 620.533
791.615 602.981
791.908 596.210
792.201 642.537
792.494 638.922
792.787 710.015
793.079 879.233
793.372 740.923
793.665 697.809
793.958 666.918
794.251 690.862
794.544 789.791
794.837 910.236
795.130 761.697
795.422 676.967
795.715 676.983
796.008 708.613
796.301 693.273
796.594 684.324
796.887 695.296
797.180 641.170
797.472 522.541
797.765 424.850
798.058 558.905
798.351 627.274
798.644 557.499
798.937 539.569
799.230 619.724
799.523 969.311
799.815 844.700
800.108 611.416
800.401 514.721
800.694 700.879
800.987 642.369
801.280 641.670
801.573 764.563
801.865 762.580
802.158 635.088
802.451 601.172
802.744 598.193
803.037 688.029
803.330 670.749
803.623 814.806
803.915 722.007
804.208 606.859
804.501 678.160
804.794 699.196
805.087 642.512
805.380 506.541
805.673 538.081
805.966 698.256
806.258 631.837
806.551 684.326
806.844 689.361
807.137 710.170
807.430 557.865
807.723 548.844
808.016 763.719
808.308 767.283
808.601 617.163
808.894 556.046
809.187 634.163
809.480 675.794
809.773 626.889
810.066 666.770
810.359 726.872
810.651 723.309
810.944 492.756
811.237 472.078
811.530 660.791
811.825 632.181
812.119 550.831
812.414 489.292
812.709 597.882
813.003 646.678
813.298 579.305
813.593 652.429
813.887 658.869
814.182 928.983
814.476 832.479
814.771 779.702
815.066 677.540
815.360 583.370
815.655 556.962
815.950 598.235
816.244 650.132
816.539 810.494
816.834 781.967
817.128 725.637
817.423 739.183
817.718 884.614
818.012 724.274
818.307 513.506
818.602 623.152
818.896 711.716
819.191 633.325
819.486 626.406
819.780 728.377
820.075 857.862
820.369 843.106
820.664 675.256
820.959 740.488
821.253 788.939
821.548 708.125
821.843 728.302
822.137 745.706
822.432 734.774
822.727 685.503
823.021 638.217
823.316 792.504
823.611 770.095
823.905 641.610
824.200 556.283
824.495 693.547
824.789 744.195
825.084 701.276
825.379 635.575
825.673 704.899
825.968 790.004
826.262 727.296
826.557 731.755
826.852 724.624
827.146 739.501
827.441 751.457
827.736 719.361
828.030 617.058
828.325 507.076
828.620 718.343
828.914 858.335
829.209 690.368
829.504 858.665
829.798 837.815
830.093 629.756
830.388 545.204
830.682 499.236
830.977 657.674
831.271 757.147
831.566 630.563
831.861 583.332
832.155 619.382
832.450 704.823
832.745 780.282
833.039 697.725
833.334 584.765
833.629 687.921
833.923 668.614
834.218 591.901
834.513 546.502
834.807 587.207
835.102 535.166
835.397 556.758
835.691 557.531
835.986 560.926
836.281 532.847
836.575 529.403
836.870 538.148
837.164 570.945
837.459 523.526
837.754 589.945
838.048 601.876
838.343 537.836
838.638 613.488
838.932 627.742
839.227 608.264
839.522 640.421
839.816 589.660
840.111 566.211
840.406 583.559
840.700 749.988
840.995 922.162
841.290 913.447
841.584 758.481
841.879 815.574
842.174 770.825
842.468 675.358
842.763 560.683
843.057 655.390
843.352 695.385
843.647 658.515
843.941 677.832
844.236 703.892
844.531 751.532
844.825 715.216
845.120 744.716
845.415 821.884
845.709 773.741
846.004 765.823
846.299 560.813
846.593 739.643
846.888 774.482
847.183 658.994
847.477 612.348
847.772 672.592
848.066 726.780
848.361 703.393
848.656 688.246
848.950 660.120
849.245 822.217
849.540 724.978
849.834 822.043
850.129 811.533
850.424 701.113
850.718 690.439
851.013 764.017
851.308 716.082
851.602 753.985
851.897 799.463
852.192 935.415
852.486 767.192
852.781 610.277
853.076 817.622
853.370 826.999
853.665 860.194
853.959 821.715
854.254 702.206
854.549 932.628
854.843 792.552
855.138 684.663
855.433 799.417
855.727 883.369
856.022 730.972
856.317 738.062
856.611 785.964
856.906 649.774
857.201 666.996
857.495 807.576
857.790 934.062
858.085 815.143
858.379 678.147
858.674 573.833
858.969 553.255
859.263 632.097
859.558 671.873
859.852 602.278
860.147 653.602
860.442 816.500
860.736 622.124
861.031 722.174
861.326 828.779
861.620 674.376
861.915 782.733
862.210 759.841
862.504 600.839
862.799 721.957
863.094 805.541
863.388 750.765
863.683 728.773
863.978 680.638
864.272 707.639
864.567 704.375
864.861 640.085
865.156 575.906
865.451 532.056
865.745 738.153
866.040 820.774
866.335 770.692
866.629 796.661
866.924 669.094
867.219 638.054
867.513 745.036
867.808 690.135
868.103 624.534
868.397 642.132
868.692 693.372
868.987 600.858
869.281 615.540
869.576 731.938
869.871 716.203
870.165 616.649
870.460 540.349
870.754 616.821
871.049 572.951
871.344 647.075
871.638 661.953
871.933 617.310
872.228 690.533
872.522 644.984
872.817 726.620
873.112 906.670
873.406 698.175
873.701 736.235
873.996 776.682
874.290 640.724
874.585 572.501
874.880 686.409
875.174 638.974
875.469 610.349
875.764 672.512
876.058 603.408
876.353 506.474
876.647 508.893
876.942 558.320
877.237 640.939
877.531 664.879
877.826 694.761
878.121 636.707
878.415 629.466
878.710 591.704
879.005 740.880
879.299 691.670
879.594 583.136
879.889 495.193
880.183 507.408
880.478 595.798
880.773 646.050
881.067 628.081
881.362 618.551
881.656 548.614
881.951 568.487
882.246 520.755
882.540 544.690
882.835 578.125
883.130 598.725
883.424 541.230
883.719 523.797
884.014 659.112
884.308 592.037
884.603 540.480
884.898 519.094
885.192 669.459
885.487 642.369
885.782 547.850
886.076 677.270
886.371 632.079
886.666 462.912
886.960 551.217
887.255 497.018
887.549 465.756
887.844 721.351
888.139 762.213
888.433 660.333
888.728 505.529
889.023 573.034
889.317 637.631
889.612 510.415
889.907 515.283
890.201 593.169
890.496 659.852
890.791 618.643
891.085 543.084
891.380 580.164
891.675 585.103
891.969 610.731
892.264 484.016
892.559 519.726
892.853 635.817
893.148 589.048
893.442 583.615
893.737 667.031
894.032 571.299
894.326 507.873
894.621 544.006
894.916 443.966
895.210 507.902
895.505 609.080
895.800 517.675
896.094 436.453
896.389 493.832
896.684 545.515
896.978 537.099
897.273 480.587
897.568 610.031
897.862 615.001
898.157 560.192
898.451 685.476
898.746 677.521
899.041 702.931
899.335 681.683
899.630 590.098
899.925 602.871
900.219 646.282
900.514 694.466
900.809 560.208
901.103 424.231
901.398 667.580
901.693 583.887
901.987 522.029
902.282 656.925
902.577 520.729
902.871 442.734
903.166 570.703
903.461 653.365
903.755 598.552
904.050 580.457
904.344 482.766
904.639 497.589
904.934 529.463
905.228 548.411
905.523 518.344
905.818 568.337
906.112 663.841
906.407 614.508
906.702 530.637
906.996 543.718
907.291 578.862
907.586 527.098
907.880 669.325
908.175 619.943
908.470 660.862
908.764 732.932
909.059 768.642
909.354 646.879
909.648 581.725
909.943 576.255
910.237 644.108
910.532 651.714
910.827 744.299
911.121 734.900
911.416 647.106
911.711 628.733
912.005 601.355
912.300 593.249
912.599 695.738
912.898 653.194
913.196 636.468
913.495 694.919
913.794 761.276
914.093 645.444
914.391 604.794
914.690 685.787
914.989 594.934
915.288 727.784
915.586 659.995
915.885 519.854
916.184 485.192
916.483 476.759
916.782 625.221
917.080 661.884
917.379 587.811
917.678 531.824
917.977 700.638
918.275 734.423
918.574 674.853
918.873 683.101
919.172 685.362
919.471 606.773
919.769 645.696
920.068 621.151
920.367 571.632
920.666 546.941
920.964 630.169
921.263 589.967
921.562 530.305
921.861 660.605
922.159 572.663
922.458 630.868
922.757 633.692
923.056 586.372
923.355 562.640
923.653 631.210
923.952 604.203
924.251 541.816
924.550 720.684
924.848 706.032
925.147 603.086
925.446 582.861
925.745 662.558
926.043 642.972
926.342 626.927
926.641 550.563
926.940 648.519
927.239 701.794
927.537 753.124
927.836 655.468
928.135 659.850
928.434 719.128
928.732 714.930
929.031 761.148
929.330 787.334
929.629 719.076
929.927 683.491
930.226 599.048
930.525 663.918
930.824 762.981
931.123 699.486
931.421 801.592
931.720 716.714
932.019 743.094
932.318 772.894
932.616 716.014
932.915 668.929
933.214 725.354
933.513 770.759
933.812 794.506
934.110 802.881
934.409 867.128
934.708 762.189
935.007 930.729
935.305 887.563
935.604 710.630
935.903 845.901
936.202 904.948
936.500 1011.847
936.799 1056.975
937.098 997.410
937.397 976.106
937.696 794.834
937.994 795.566
938.293 864.260
938.592 762.022
938.891 839.464
939.189 899.418
939.488 1012.128
939.787 1108.050
940.086 904.423
940.384 965.185
940.683 922.661
940.982 821.560
941.281 914.696
941.580 1240.401
941.878 1266.642
942.177 1040.606
942.476 1027.756
942.775 982.544
943.073 831.258
943.372 745.009
943.671 992.823
943.970 1158.293
944.268 1001.645
944.567 810.136
944.866 893.483
945.165 937.447
945.464 876.147
945.762 733.192
946.061 993.033
946.360 1085.163
946.659 1097.704
946.957 1048.796
947.256 966.215
947.555 943.740
947.854 1005.980
948.153 897.813
948.451 788.061
948.750 863.053
949.049 904.085
949.348 1114.081
949.646 959.521
949.945 908.386
950.244 1013.909
950.543 940.101
950.841 893.766
951.140 855.880
951.439 695.588
951.738 763.170
952.037 889.935
952.335 969.509
952.634 979.921
952.933 845.764
953.232 839.791
953.530 593.433
953.829 880.068
954.128 1028.064
954.427 913.580
954.725 986.996
955.024 925.705
955.323 955.492
955.622 840.373
955.921 769.899
956.219 867.895
956.518 778.368
956.817 770.466
957.116 810.073
957.414 800.142
957.713 715.410
958.012 648.583
958.311 630.439
958.610 813.654
958.908 840.328
959.207 810.291
959.506 873.952
959.805 924.535
960.103 862.202
960.402 770.791
960.701 694.483
961.000 646.374
961.298 653.566
961.597 782.356
961.896 717.246
962.195 748.791
962.494 829.281
962.792 768.623
963.091 685.432
963.390 667.797
963.689 698.038
963.987 749.416
964.286 873.610
964.585 881.099
964.884 766.528
965.182 673.946
965.481 1027.695
965.780 1125.419
966.080 1002.982
966.380 878.391
966.680 739.883
966.981 758.332
967.281 756.725
967.581 673.578
967.881 765.272
968.181 796.197
968.481 710.023
968.781 720.648
969.082 585.912
969.382 639.775
969.682 829.522
969.982 873.695
970.282 896.511
970.582 706.027
970.882 647.026
971.183 802.642
971.483 732.627
971.783 689.911
972.083 786.399
972.383 815.111
972.683 761.569
972.983 794.999
973.284 696.884
973.584 726.041
973.884 739.169
974.184 698.154
974.484 739.186
974.784 609.475
975.084 580.376
975.385 590.250
975.685 677.234
975.985 672.502
976.285 725.852
976.585 713.485
976.885 659.977
977.185 655.924
977.486 705.262
977.786 706.703
978.086 785.177
978.386 786.194
978.686 622.350
978.986 566.135
979.286 654.143
979.587 719.151
979.887 578.160
980.187 593.168
980.487 557.176
980.787 640.184
981.087 610.193
981.387 805.201
981.688 701.209
981.988 543.217
982.288 577.225
982.588 619.233
982.888 697.241
983.188 707.250
983.488 737.258
983.789 740.266
984.089 719.274
984.389 652.282
984.689 592.290
984.989 574.298
985.289 583.306
985.589 737.314
985.890 704.322
986.190 539.331
986.490 595.339
986.790 745.347
987.090 663.355
987.390 695.363
987.690 709.371
987.991 590.379
988.291 620.387
988.591 571.395
988.891 492.403
989.191 516.411
989.491 680.419
989.791 684.427
990.092 697.435
990.392 708.443
990.692 716.450
990.992 712.458
991.292 573.466
991.592 672.474
991.892 672.482
992.193 767.490
992.493 747.498
992.793 610.506
993.093 626.514
993.393 620.522
993.693 661.530
993.993 755.537
994.294 766.545
994.594 643.553
994.894 645.561
995.194 671.569
995.494 540.577
995.794 548.584
996.094 570.592
996.395 700.600
996.695 808.608
996.995 545.616
997.295 412.623
997.595 495.631
997.895 474.639
998.195 464.647
998.496 497.654
998.796 474.662
999.096 716.670
999.396 690.678
999.696 680.685
999.996 693.693
1000.296 821.701
1000.597 797.709
1000.897 665.716
1001.197 644.724
1001.497 793.732
1001.797 615.739
1002.097 530.747
1002.397 613.755
1002.698 612.762
1002.998 707.770
1003.298 701.778
1003.598 584.785
1003.898 495.793
1004.198 620.800
1004.498 716.808
1004.799 667.816
1005.099 681.823
1005.399 711.831
1005.699 758.838
1005.999 726.846
1006.299 615.854
1006.599 794.861
1006.900 789.869
1007.200 649.876
1007.500 678.884
1007.800 690.891
1008.100 573.899
1008.400 566.906
1008.700 576.914
1009.001 561.921
1009.301 585.929
1009.601 782.936
1009.901 796.944
1010.201 699.951
1010.501 726.959
1010.801 824.966
1011.102 648.974
1011.402 657.981
1011.702 563.989
1012.002 538.996
1012.302 714.003
1012.602 701.011
1012.902 650.018
1013.203 709.026
1013.503 761.033
1013.803 719.040
1014.103 570.048
1014.403 658.055
1014.703 564.063
1015.003 524.070
1015.304 761.077
1015.604 794.085
1015.904 596.092
1016.204 545.099
1016.504 552.107
1016.804 577.114
1017.104 556.121
1017.405 580.129
1017.705 600.136
1018.005 605.143
1018.305 614.151
1018.605 588.158
1018.905 446.165
1019.205 499.172
1019.506 875.180
1019.806 802.187
1020.106 711.194
1020.406 726.201
1020.706 661.209
1021.006 705.216
1021.306 838.223
1021.607 664.230
1021.907 755.238
1022.207 714.245
1022.507 560.252
1022.807 592.259
1023.107 602.266
1023.407 528.274
1023.708 590.281
1024.008 545.288
1024.308 585.295
1024.608 622.302
1024.908 507.309
1025.208 634.316
1025.508 809.324
1025.809 776.331
1026.109 563.338
1026.409 659.345
1026.709 671.352
1027.009 647.359
1027.309 758.366
1027.609 628.373
1027.910 551.380
1028.210 672.388
1028.510 760.395
1028.810 960.402
1029.110 864.409
1029.410 710.416
1029.710 796.423
1030.011 784.430
1030.311 818.437
1030.611 645.444
1030.911 625.451
1031.211 637.458
1031.511 570.465
1031.811 805.472
1032.112 800.479
1032.412 691.486
1032.712 509.493
1033.012 582.500
1033.312 802.507
1033.612 768.514
1033.912 676.521
1034.212 630.528
1034.513 572.535
1034.813 527.542
1035.113 667.549
1035.413 557.555
1035.713 620.562
1036.013 680.569
1036.313 646.576
1036.614 717.583
1036.914 677.590
1037.214 527.597
1037.514 642.604
1037.814 606.611
1038.114 630.618
1038.414 637.624
1038.715 726.631
1039.015 588.638
1039.315 486.645
1039.615 675.652
1039.915 642.659
1040.215 593.665
1040.515 605.672
1040.816 683.679
1041.116 655.686
1041.416 571.693
1041.716 498.699
1042.016 508.706
1042.316 722.713
1042.616 619.720
1042.917 515.727
1043.217 574.733
1043.517 602.740
1043.817 762.747
1044.117 739.754
1044.417 629.760
1044.717 587.767
1045.018 618.774
1045.318 747.781
1045.618 749.787
1045.918 653.794
1046.218 542.801
1046.518 580.807
1046.818 669.814
1047.119 587.821
1047.419 808.827
1047.719 810.834
1048.019 671.841
1048.319 702.847
1048.619 622.854
1048.919 619.861
1049.220 554.867
1049.520 704.874
1049.820 700.881
1050.120 551.887
1050.420 757.894
1050.720 693.901
1051.020 685.907
1051.321 734.914
1051.621 787.920
1051.921 634.927
1052.221 513.934
1052.521 495.940
1052.821 533.947
1053.121 676.953
1053.422 750.960
1053.722 783.966
1054.022 680.973
1054.322 787.979
1054.622 694.986
1054.922 579.993
1055.222 663.999
1055.523 675.006
1055.823 707.012
1056.123 773.019
1056.423 667.025
1056.723 772.032
1057.023 639.038
1057.323 498.045
1057.624 657.051
1057.924 734.058
1058.224 736.064
1058.524 606.071
1058.824 660.077
1059.124 664.083
1059.424 623.090
1059.725 710.096
1060.025 585.103
1060.325 557.109
1060.625 608.116
1060.925 633.122
1061.225 621.128
1061.525 770.135
1061.826 668.141
1062.126 675.148
1062.426 712.154
1062.726 713.160
1063.026 665.167
1063.326 861.173
1063.626 817.180
1063.927 707.186
1064.227 691.192
1064.527 582.199
1064.827 756.205
1065.127 695.211
1065.427 496.218
1065.727 508.224
1066.028 740.230
1066.328 770.237
1066.628 553.243
1066.928 553.249
1067.228 612.256
1067.528 585.262
1067.828 593.268
1068.129 544.274
1068.429 654.281
1068.729 741.287
1069.029 613.293
1069.329 492.300
1069.629 636.306
1069.929 753.312
1070.230 776.318
1070.530 683.325
1070.830 588.331
1071.130 689.337
1071.430 641.343
1071.730 695.349
1072.030 738.356
1072.331 626.362
1072.631 675.368
1072.931 715.374
1073.231 681.380
1073.531 611.387
1073.831 581.393
1074.131 675.399
1074.432 818.405
1074.732 684.411
1075.032 566.418
1075.332 549.424
1075.632 582.430
1075.932 553.436
1076.232 523.442
1076.533 560.448
1076.833 668.454
1077.133 636.461
1077.433 563.467
1077.733 567.473
1078.033 762.479
1078.333 677.485
1078.634 663.491
1078.934 738.497
1079.234 606.503
1079.534 752.509
1079.834 796.515
1080.134 706.521
1080.434 719.528
1080.735 673.534
1081.035 670.540
1081.335 543.546
1081.635 542.552
1081.935 634.558
1082.235 638.564
1082.535 638.570
1082.836 673.576
1083.136 675.582
1083.436 763.588
1083.736 746.594
1084.036 645.600
1084.336 616.606
1084.636 569.612
1084.937 680.618
1085.237 741.624
1085.537 677.630
1085.837 673.636
1086.137 631.642
1086.437 719.648
1086.737 611.654
1087.038 599.660
1087.338 741.666
1087.638 791.672
1087.938 608.678
1088.238 415.683
1088.538 547.689
1088.838 727.695
1089.139 758.701
1089.439 594.707
1089.739 731.713
1090.039 754.719
1090.339 804.725
1090.639 735.731
1090.939 736.737
1091.240 582.743
1091.540 627.748
1091.840 643.754
1092.140 810.760
1092.453 786.766
1092.766 594.772
1093.079 598.778
1093.392 676.784
1093.705 620.789
1094.018 676.795
1094.330 794.801
1094.643 688.807
1094.956 764.813
1095.269 705.819
1095.582 681.824
1095.895 627.830
1096.208 635.836
1096.521 665.842
1096.834 706.848
1097.147 693.853
1097.460 707.859
1097.773 769.865
1098.085 630.871
1098.398 566.876
1098.711 580.882
1099.024 509.888
1099.337 635.894
1099.650 756.899
1099.963 731.905
1100.276 583.911
1100.589 574.917
1100.902 697.922
1101.215 673.928
1101.528 701.934
1101.841 628.940
1102.153 738.945
1102.466 822.951
1102.779 598.957
1103.092 553.962
1103.405 668.968
1103.718 621.974
1104.031 585.979
1104.344 703.985
1104.657 640.991
1104.970 934.996
1105.283 752.002
1105.596 571.008
1105.909 538.013
1106.221 644.019
1106.534 707.025
1106.847 605.030
1107.160 504.036
1107.473 465.042
1107.786 601.047
1108.099 524.053
1108.412 606.058
1108.725 703.064
1109.038 565.070
1109.351 651.075
1109.664 669.081
1109.977 507.086
1110.289 587.092
1110.602 632.098
1110.915 649.103
1111.228 647.109
1111.541 589.114
1111.854 557.120
1112.167 476.125
1112.480 487.131
1112.793 580.137
1113.106 615.142
1113.419 700.148
1113.732 651.153
1114.044 553.159
1114.357 598.164
1114.670 601.170
1114.983 591.175
1115.296 547.181
1115.609 631.186
1115.922 618.192
1116.235 656.197
1116.548 625.203
1116.861 596.208
1117.174 596.214
1117.487 626.219
1117.800 784.225
1118.112 605.230
1118.425 588.236
1118.738 580.241
1119.051 550.247
1119.364 557.252
1119.677 600.257
1119.990 648.263
1120.303 716.268
1120.616 782.274
1120.929 592.279
1121.242 683.285
1121.555 725.290
1121.868 676.295
1122.180 632.301
1122.493 441.306
1122.806 471.312
1123.119 649.317
1123.432 724.322
1123.745 747.328
1124.058 632.333
1124.371 584.339
1124.684 736.344
1124.997 703.349
1125.310 662.355
1125.623 553.360
1125.935 500.365
1126.248 600.371
1126.561 636.376
1126.874 608.381
1127.187 708.387
1127.500 711.392
1127.813 667.397
1128.126 670.403
1128.439 714.408
1128.752 848.413
1129.065 680.419
1129.378 452.424
1129.691 585.429
1130.003 620.435
1130.316 561.440
1130.629 528.445
1130.942 587.451
1131.255 609.456
1131.568 603.461
1131.881 652.466
1132.194 700.472
1132.507 619.477
1132.820 592.482
1133.133 710.487
1133.446 552.493
1133.759 783.498
1134.071 1245.503
1134.384 877.508
1134.697 793.514
1135.010 855.519
1135.323 664.524
1135.636 552.529
1135.949 550.535
1136.262 508.540
1136.575 519.545
1136.888 628.550
1137.201 663.555
1137.514 591.561
1137.826 683.566
1138.139 616.571
1138.452 606.576
1138.765 836.581
1139.078 808.586
1139.391 774.592
1139.704 723.597
1140.017 737.602
1140.330 620.607
1140.643 570.612
1140.956 625.617
1141.269 670.623
1141.582 695.628
1141.894 611.633
1142.207 745.638
1142.520 692.643
1142.833 770.648
1143.146 662.653
1143.459 542.658
1143.772 580.664
1144.085 674.669
1144.398 626.674
1144.711 582.679
1145.024 548.684
1145.337 625.689
1145.650 707.694
1145.962 629.699
1146.275 657.704
1146.588 515.709
1146.901 681.714
1147.214 696.720
1147.527 643.725
1147.840 671.730
1148.153 585.735
1148.466 622.740
1148.779 633.745
1149.092 743.750
1149.405 624.755
1149.718 652.760
1150.030 742.765
1150.343 673.770
1150.656 552.775
1150.969 526.780
1151.282 777.785
1151.595 695.790
1151.908 574.795
1152.221 438.800
1152.534 517.805
1152.847 848.810
1153.160 734.815
1153.473 740.820
1153.785 742.825
1154.098 629.830
1154.411 690.835
1154.724 700.840
1155.037 807.845
1155.350 689.850
1155.663 727.855
1155.976 676.860
1156.289 721.865
1156.602 615.870
1156.915 493.875
1157.228 428.880
1157.541 557.884
1157.853 557.889
1158.166 639.894
1158.479 773.899
1158.792 708.904
1159.105 700.909
1159.418 692.914
1159.731 607.919
1160.044 537.924
1160.357 674.929
1160.670 690.934
1160.983 522.938
1161.296 641.943
1161.609 802.948
1161.921 704.953
1162.234 604.958
1162.547 449.963
1162.860 439.968
1163.173 518.973
1163.486 647.977
1163.799 644.982
1164.112 594.987
1164.425 652.992
1164.738 586.997
1165.051 494.002
1165.364 535.006
1165.676 589.011
1165.989 676.016
1166.302 545.021
1166.615 633.026
1166.928 661.031
1167.241 725.035
1167.554 731.040
1167.867 719.045
1168.180 668.050
1168.493 493.055
1168.806 588.059
1169.119 603.064
1169.432 743.069
1169.744 757.074
1170.057 666.079
1170.370 744.083
1170.683 694.088
1170.996 592.093
1171.309 606.098
1171.622 601.102
1171.935 611.107
1172.248 790.112
1172.561 743.117
1172.874 680.121
1173.187 684.126
1173.500 711.131
1173.812 778.136
1174.125 726.140
1174.438 698.145
1174.751 569.150
1175.064 568.154
1175.377 686.159
1175.690 638.164
1176.003 571.169
1176.316 586.173
1176.629 651.178
1176.942 597.183
1177.255 535.187
1177.567 474.192
1177.880 535.197
1178.193 633.201
1178.506 595.206
1178.819 782.211
1179.132 808.215
1179.445 583.220
1179.758 703.225
1180.071 715.229
1180.384 596.234
1180.697 655.239
1181.010 664.243
1181.323 763.248
1181.635 811.253
1181.948 741.257
1182.261 601.262
1182.574 509.266
1182.887 581.271
1183.200 753.276
1183.513 700.280
1183.826 648.285
1184.139 685.290
1184.452 633.294
1184.765 523.299
1185.078 476.303
1185.391 529.308
1185.703 516.313
1186.016 480.317
1186.329 480.322
1186.642 584.326
1186.955 717.331
1187.268 637.335
1187.581 711.340
1187.894 651.345
1188.207 661.349
1188.520 587.354
1188.833 621.358
1189.146 550.363
1189.459 460.367
1189.771 522.372
1190.084 702.376
1190.397 628.381
1190.710 675.386
1191.023 741.390
1191.336 629.395
1191.649 580.399
1191.962 630.404
1192.275 512.408
1192.588 661.413
1192.901 776.417
1193.214 636.422
1193.526 652.426
1193.839 720.431
1194.152 594.435
1194.465 713.440
1194.778 638.444
1195.091 631.449
1195.404 612.453
1195.717 649.458
1196.030 727.462
1196.343 613.467
1196.656 542.471
1196.969 613.475
1197.282 641.480
1197.594 678.484
1197.907 866.489
1198.220 799.493
1198.533 615.498
1198.846 625.502
1199.159 597.507
1199.472 598.511
1199.785 704.515
1200.098 556.520
1200.411 700.524
1200.724 654.529
1201.037 573.533
1201.350 509.538
1201.662 505.542
1201.975 629.546
1202.288 631.551
1202.601 233.555
