165.028 171.923
165.288 155.575
165.547 253.230
165.807 230.888
166.067 151.550
166.327 76.214
166.587 32.882
166.847 150.554
167.107 191.228
167.367 224.905
167.627 261.586
167.886 223.269
168.146 190.955
168.406 372.645
168.666 308.337
168.926 212.033
169.186 259.731
169.446 256.432
169.706 86.136
169.966 214.843
170.225 274.553
170.485 328.265
170.745 316.980
171.005 422.698
171.265 308.418
171.525 250.141
171.785 143.867
172.045 187.595
172.305 339.326
172.564 263.060
172.824 120.795
173.084 272.534
173.344 238.274
173.604 269.017
173.864 317.763
174.124 299.511
174.384 253.261
174.644 409.013
174.903 537.768
175.163 479.525
175.423 443.284
175.683 252.045
175.943 328.809
176.203 277.574
176.463 211.342
176.723 217.112
176.983 277.883
177.242 332.657
177.502 490.433
177.762 511.210
178.022 268.990
178.282 248.771
178.542 245.555
178.802 274.340
179.062 221.127
179.322 449.915
179.581 477.706
179.841 325.498
180.101 414.292
180.361 390.087
180.621 288.885
180.881 251.683
181.141 313.484
181.401 330.286
181.661 343.089
181.920 441.894
182.180 369.700
182.440 258.508
182.700 232.317
182.960 242.128
183.220 295.940
183.480 562.753
183.740 421.568
184.000 284.384
184.259 178.201
184.519 324.020
184.779 346.839
185.039 378.660
185.299 471.482
185.559 462.305
185.819 487.130
186.079 471.955
186.339 392.781
186.598 309.609
186.858 196.437
187.118 265.267
187.378 403.097
187.638 384.928
187.898 450.760
188.158 517.594
188.418 365.428
188.678 295.262
188.937 351.098
189.197 417.934
189.457 399.772
189.717 373.609
189.977 256.448
190.237 240.287
190.497 386.127
190.757 363.968
191.017 382.809
191.276 262.651
191.536 267.494
191.796 311.337
192.056 318.180
192.316 320.025
192.576 275.869
192.836 244.714
193.096 246.560
193.356 222.406
193.616 233.252
193.875 298.099
194.135 279.946
194.395 341.793
194.655 392.641
194.915 378.489
195.175 276.338
195.435 313.186
195.695 160.035
195.955 64.884
196.214 260.733
196.474 421.583
196.734 368.432
196.994 337.282
197.254 341.132
197.514 268.982
197.774 266.832
198.034 170.682
198.294 183.533
198.553 268.383
198.813 221.233
199.073 145.083
199.333 222.933
199.593 361.783
199.853 362.634
200.113 451.484
200.373 463.333
200.633 229.183
200.892 157.033
201.152 129.882
201.412 185.732
201.672 375.581
201.932 529.430
202.192 434.278
202.452 253.127
202.712 241.975
202.972 250.823
203.231 347.671
203.491 358.518
203.751 298.365
204.011 310.212
204.271 405.058
204.531 257.904
204.791 239.749
205.051 231.595
205.311 270.439
205.570 237.284
205.830 259.128
206.090 213.971
206.350 326.814
206.610 478.657
206.870 331.499
207.130 274.340
207.390 285.181
207.650 266.021
207.909 254.861
208.169 285.700
208.429 290.539
208.689 175.377
208.949 292.215
209.209 455.052
209.469 215.888
209.729 148.723
209.989 275.558
210.248 179.393
210.508 389.226
210.768 349.059
211.028 246.891
211.288 316.722
211.548 275.553
211.808 340.383
212.068 478.212
212.328 456.041
212.587 440.868
212.847 322.695
213.107 365.521
213.367 342.346
213.627 285.171
213.887 309.994
214.147 200.817
214.407 310.639
214.667 324.460
214.926 396.280
215.186 316.099
215.446 310.917
215.706 255.735
215.966 246.551
216.226 264.366
216.486 239.181
216.746 316.995
217.006 446.807
217.265 372.619
217.525 261.430
217.785 280.240
218.045 335.048
218.305 271.856
218.565 282.663
218.825 345.468
219.085 481.273
219.345 347.077
219.604 274.879
219.864 410.681
220.124 386.481
220.384 294.281
220.644 268.079
220.904 249.876
221.164 338.672
221.424 323.467
221.684 223.261
221.943 292.054
222.203 404.846
222.463 277.636
222.723 173.426
222.983 384.214
223.243 302.001
223.503 323.787
223.763 289.572
224.023 205.356
224.282 323.138
224.542 403.919
224.802 406.699
225.062 353.478
225.322 464.256
225.582 425.032
225.842 384.808
226.102 358.582
226.362 390.354
226.621 442.126
226.881 333.896
227.141 382.665
227.401 414.433
227.661 270.200
227.921 445.965
228.181 381.729
228.441 364.492
228.701 536.253
228.960 541.014
229.220 315.773
229.480 239.530
229.740 457.287
230.000 538.042
230.260 363.795
230.520 314.548
230.780 299.299
231.040 310.049
231.299 245.797
231.559 285.545
231.819 302.290
232.079 395.035
232.339 444.778
232.599 239.520
232.859 330.261
233.119 414.000
233.379 309.738
233.638 374.474
233.898 498.209
234.158 496.943
234.418 351.675
234.678 401.406
234.938 473.136
235.198 307.864
235.458 229.591
235.718 339.317
235.978 309.041
236.237 332.764
236.497 387.485
236.757 463.205
237.017 393.924
237.277 378.641
237.537 381.357
237.797 294.072
238.057 407.785
238.317 382.496
238.576 266.207
238.836 355.915
239.096 463.623
239.356 408.329
239.616 362.033
239.876 341.737
240.136 352.439
240.396 464.139
240.656 583.838
240.915 446.535
241.175 374.232
241.435 291.926
241.695 429.620
241.955 555.311
242.215 593.002
242.475 539.691
242.735 392.379
242.995 416.065
243.254 386.749
243.514 331.433
243.774 170.115
244.034 289.795
244.294 555.474
244.554 464.152
244.814 395.828
245.074 367.502
245.334 376.176
245.593 361.848
245.853 328.518
246.113 287.187
246.373 447.854
246.633 482.521
246.893 418.185
247.153 400.848
247.413 452.510
247.673 472.170
247.932 405.829
248.192 407.487
248.452 466.143
248.712 478.797
248.972 343.450
249.232 527.102
249.492 429.752
249.752 218.401
250.012 356.049
250.271 400.695
250.531 480.339
250.791 615.982
251.051 554.624
251.311 428.264
251.571 236.903
251.831 384.540
252.091 464.176
252.351 400.810
252.610 370.443
252.870 442.075
253.130 355.705
253.390 335.334
253.650 439.961
253.911 516.587
254.172 537.211
254.433 412.834
254.694 336.455
254.955 395.076
255.216 316.694
255.477 472.311
255.738 426.927
255.999 348.542
256.261 503.155
256.522 448.766
256.783 447.376
257.044 327.985
257.305 213.592
257.566 253.198
257.827 239.803
258.088 347.406
258.349 307.007
258.610 387.607
258.871 464.206
259.132 513.804
259.393 388.399
259.654 271.994
259.915 212.587
260.176 321.179
260.437 422.769
260.698 403.358
260.959 365.946
261.221 460.532
261.482 521.117
261.743 461.700
262.004 390.282
262.265 579.862
262.526 529.441
262.787 388.019
263.048 386.596
263.309 362.171
263.570 461.744
263.831 417.316
264.092 418.887
264.353 274.457
264.614 552.025
264.875 518.591
265.136 396.157
265.397 571.721
265.658 597.283
265.919 637.844
266.181 620.404
266.442 488.963
266.703 401.520
266.964 341.076
267.225 334.630
267.486 377.183
267.747 494.735
268.008 551.285
268.269 548.834
268.530 573.382
268.791 511.928
269.052 492.473
269.313 425.016
269.574 403.559
269.835 468.916
270.096 487.465
270.357 470.012
270.618 432.558
270.879 364.103
271.141 463.646
271.402 451.188
271.663 396.728
271.924 472.267
272.185 455.805
272.446 443.342
272.707 418.877
272.968 371.411
273.229 388.943
273.490 396.474
273.751 363.004
274.012 431.533
274.273 560.060
274.534 450.586
274.795 445.110
275.056 479.633
275.317 360.155
275.578 294.676
275.839 393.195
276.101 395.713
276.362 358.230
276.623 416.745
276.884 542.259
277.145 533.772
277.406 514.284
277.667 419.794
277.928 333.303
278.189 520.810
278.450 544.317
278.711 539.822
278.972 509.325
279.233 427.828
279.494 524.329
279.755 637.829
280.016 599.328
280.277 521.825
280.538 516.321
280.799 385.816
281.061 425.310
281.322 455.802
281.583 471.293
281.844 425.783
282.105 392.272
282.366 487.759
282.627 453.245
282.888 547.730
283.149 563.214
283.410 478.696
283.671 507.178
283.932 457.658
284.193 301.136
284.454 409.614
284.715 502.090
284.976 414.565
285.237 500.039
285.498 787.512
285.759 665.983
286.021 586.453
286.282 492.922
286.543 612.390
286.804 622.857
287.065 528.322
287.326 547.787
287.587 417.250
287.848 501.711
288.109 592.172
288.370 561.632
288.631 388.090
288.892 343.547
289.153 371.003
289.414 341.458
289.675 555.911
289.936 684.364
290.197 612.815
290.458 480.265
290.719 450.714
290.981 581.162
291.242 685.608
291.503 622.054
291.764 470.498
292.025 340.941
292.286 321.383
292.547 490.824
292.808 494.264
293.069 510.703
293.330 559.140
293.591 625.577
293.852 552.012
294.113 455.446
294.374 475.879
294.635 532.311
294.896 550.741
295.157 599.171
295.418 592.600
295.679 604.027
295.941 596.453
296.202 569.879
296.463 546.303
296.724 641.726
296.985 627.148
297.246 597.568
297.507 416.988
297.768 461.407
298.029 608.824
298.290 714.241
298.551 731.656
298.812 750.071
299.073 598.484
299.334 458.896
299.595 533.307
299.856 573.717
300.117 717.126
300.378 607.534
300.639 427.941
300.901 401.347
301.162 514.752
301.423 580.155
301.684 705.558
301.945 733.960
302.206 497.360
302.467 504.760
302.728 463.158
302.989 499.556
303.250 562.952
303.511 645.347
303.772 609.742
304.033 523.135
304.294 525.528
304.555 522.919
304.816 560.309
305.077 603.699
305.338 481.087
305.599 431.474
305.861 488.860
306.122 585.246
306.383 515.630
306.644 515.013
306.905 421.396
307.166 598.777
307.427 592.157
307.688 531.537
307.949 512.915
308.210 583.292
308.471 556.669
308.732 493.044
308.993 399.418
309.254 471.792
309.515 380.164
309.776 508.536
310.037 507.907
310.298 338.276
310.559 387.645
310.821 553.013
311.082 530.379
311.343 418.745
311.604 410.110
311.865 345.474
312.126 327.837
312.387 436.199
312.648 519.560
312.909 544.920
313.170 564.279
313.434 596.638
313.698 507.995
313.963 577.351
314.227 501.707
314.491 434.062
314.755 501.415
315.019 521.768
315.284 390.120
315.548 518.471
315.812 544.821
316.076 617.170
316.340 634.518
316.604 616.866
316.869 642.212
317.133 582.558
317.397 640.902
317.661 649.246
317.925 529.589
318.190 503.931
318.454 489.272
318.718 484.612
318.982 627.952
319.246 723.290
319.511 788.628
319.775 567.964
320.039 519.300
320.303 539.635
320.567 561.970
320.832 569.303
321.096 526.635
321.360 505.967
321.624 489.298
321.888 406.627
322.153 435.956
322.417 422.285
322.681 348.612
322.945 508.938
323.209 545.264
323.473 506.589
323.738 517.913
324.002 525.236
324.266 703.558
324.530 654.880
324.794 493.200
325.059 392.520
325.323 383.839
325.587 499.157
325.851 525.475
326.115 726.791
326.380 582.107
326.644 519.422
326.908 563.736
327.172 500.050
327.436 563.362
327.701 537.674
327.965 471.985
328.229 511.295
328.493 387.604
328.757 418.913
329.022 568.221
329.286 419.528
329.550 405.834
329.814 460.139
330.078 469.444
330.342 476.748
330.607 511.051
330.871 586.353
331.135 682.655
331.399 707.955
331.663 610.255
331.928 562.555
332.192 629.853
332.456 558.151
332.720 575.448
332.984 520.744
333.249 595.039
333.513 554.334
333.777 423.628
334.041 427.921
334.305 512.214
334.570 521.505
334.834 425.796
335.098 601.086
335.362 702.376
335.626 596.665
335.891 497.953
336.155 539.240
336.419 508.527
336.683 378.812
336.947 490.098
337.211 481.382
337.476 389.666
337.740 456.949
338.004 501.231
338.268 512.512
338.532 577.793
338.797 483.073
339.061 595.353
339.325 654.631
339.589 655.909
339.853 528.187
340.118 477.463
340.382 577.739
340.646 661.014
340.910 489.289
341.174 515.562
341.439 499.836
341.703 526.108
341.967 445.380
342.231 459.651
342.495 435.921
342.759 589.191
343.024 598.460
343.288 663.728
343.552 628.996
343.816 391.263
344.080 458.529
344.345 505.795
344.609 346.060
344.873 310.324
345.137 485.588
345.401 605.851
345.666 418.113
345.930 570.375
346.194 668.636
346.458 451.896
346.722 405.156
346.987 413.415
347.251 542.673
347.515 744.931
347.779 582.188
348.043 450.445
348.308 487.701
348.572 451.956
348.836 404.210
349.100 438.464
349.364 433.718
349.628 449.970
349.893 485.222
350.157 553.474
350.421 541.725
350.685 572.975
350.949 488.224
351.214 365.473
351.478 473.722
351.742 524.969
352.006 517.216
352.270 521.463
352.535 423.709
352.799 459.954
353.063 506.199
353.327 479.443
353.591 419.686
353.856 530.929
354.120 572.171
354.384 619.413
354.648 718.654
354.912 638.894
355.177 521.134
355.441 460.373
355.705 642.612
355.969 633.850
356.233 580.088
356.497 537.324
356.762 557.561
357.026 474.796
357.290 546.032
357.554 613.266
357.818 596.500
358.083 520.734
358.347 480.966
358.611 535.199
358.875 582.430
359.139 560.662
359.404 425.892
359.668 574.122
359.932 699.352
360.196 664.581
360.460 513.809
360.725 547.037
360.989 630.264
361.253 719.490
361.517 722.717
361.781 683.942
362.046 643.167
362.310 662.391
362.574 638.615
362.838 567.839
363.102 595.062
363.366 583.284
363.631 468.506
363.895 548.727
364.159 671.947
364.423 629.167
364.687 655.387
364.952 688.606
365.216 709.825
365.480 625.043
365.747 528.260
366.013 577.477
366.280 551.693
366.546 644.909
366.813 540.124
367.079 591.339
367.346 672.554
367.612 628.767
367.879 640.981
368.145 685.193
368.412 573.406
368.678 571.617
368.945 637.829
369.211 564.039
369.478 589.249
369.744 550.459
370.011 576.668
370.278 577.877
370.544 517.085
370.811 599.293
371.077 627.500
371.344 543.707
371.610 568.913
371.877 611.119
372.143 648.324
372.410 691.528
372.676 742.733
372.943 680.936
373.209 637.140
373.476 569.342
373.742 491.545
374.009 570.746
374.276 649.948
374.542 648.149
374.809 567.349
375.075 390.549
375.342 378.748
375.608 449.947
375.875 484.145
376.141 730.343
376.408 703.541
376.674 606.738
376.941 593.934
377.207 588.130
377.474 964.326
377.740 837.521
378.007 532.716
378.273 679.910
378.540 728.104
378.807 615.297
379.073 562.490
379.340 558.682
379.606 596.874
379.873 555.066
380.139 628.257
380.406 677.447
380.672 569.638
380.939 561.827
381.205 520.016
381.472 435.205
381.738 411.394
382.005 545.581
382.271 599.769
382.538 593.956
382.804 756.142
383.071 651.329
383.338 627.514
383.604 610.699
383.871 717.884
384.137 694.069
384.404 609.253
384.670 627.436
384.937 565.619
385.203 677.802
385.470 586.984
385.736 585.166
386.003 588.347
386.269 576.528
386.536 609.709
386.802 606.889
387.069 656.068
387.336 783.248
387.602 747.427
387.869 504.605
388.135 486.783
388.402 474.961
388.668 561.138
388.935 710.315
389.201 806.491
389.468 719.667
389.734 773.842
390.001 706.018
390.267 590.192
390.534 682.367
390.800 724.541
391.067 738.714
391.333 720.887
391.600 655.060
391.867 713.232
392.133 733.404
392.400 592.576
392.666 521.747
392.933 691.917
393.199 784.088
393.466 690.258
393.732 634.427
393.999 733.596
394.265 686.765
394.532 657.934
394.798 728.102
395.065 662.269
395.331 785.436
395.598 811.603
395.864 867.770
396.131 1055.936
396.398 1179.101
396.664 1370.267
396.931 1636.432
397.197 2123.596
397.464 2493.760
397.730 3044.924
397.997 3341.088
398.263 3536.251
398.530 3817.413
398.796 4055.576
399.063 4288.738
399.329 4291.899
399.596 4533.060
399.862 4549.221
400.129 4620.382
400.396 4634.542
400.662 4313.701
400.929 4367.861
401.195 4549.020
401.462 4793.178
401.728 5004.337
401.995 5182.495
402.261 5258.652
402.528 5585.809
402.794 5855.966
403.061 6217.123
403.327 6722.279
403.594 6866.435
403.860 6968.590
404.127 7120.745
404.393 7284.900
404.660 7506.054
404.931 7794.208
405.202 8078.362
405.473 8447.515
405.745 8933.668
406.016 9492.821
406.287 9519.973
406.558 9516.125
406.829 9757.277
407.100 9873.428
407.371 10257.579
407.642 10417.730
407.914 10417.880
408.185 10452.030
408.456 10603.180
408.727 10912.329
408.998 10914.478
409.269 11107.626
409.540 11315.775
409.811 11100.923
410.083 10946.070
410.354 10787.217
410.625 10320.364
410.896 10146.511
411.167 10145.657
411.438 9803.803
411.709 9270.949
411.981 9071.094
412.252 8446.239
412.523 7781.384
412.794 7521.528
413.065 7147.672
413.336 6545.816
413.607 6380.959
413.878 6095.102
414.150 5639.245
414.421 5051.387
414.692 4631.530
414.963 4338.671
415.234 4217.813
415.505 3967.954
415.776 3712.095
416.047 3472.235
416.319 3104.376
416.590 2613.516
416.861 2193.655
417.132 2185.795
417.403 2071.934
417.674 1782.072
417.945 1450.211
418.217 1306.349
418.488 1391.487
418.759 1202.624
419.030 1093.761
419.301 1094.898
419.572 1070.035
419.843 1047.171
420.114 913.307
420.386 927.443
420.657 1003.578
420.928 856.713
421.199 780.848
421.470 775.982
421.741 687.117
422.012 698.251
422.283 691.384
422.555 777.518
422.826 878.651
423.097 910.783
423.368 784.916
423.639 646.048
423.910 729.180
424.181 715.312
424.453 687.443
424.724 978.574
424.995 1022.705
425.266 779.835
425.537 696.965
425.808 860.095
426.079 924.225
426.350 816.354
426.622 814.483
426.893 970.612
427.164 911.740
427.435 800.869
427.706 796.997
427.977 835.124
428.248 786.252
428.519 829.379
428.791 722.506
429.062 880.632
429.333 797.759
429.604 727.885
429.875 879.010
430.146 960.136
430.417 939.261
430.689 827.386
430.960 697.511
431.231 759.635
431.502 949.759
431.773 952.883
432.044 871.007
432.315 1032.130
432.586 908.253
432.858 913.376
433.129 764.499
433.400 746.621
433.671 766.743
433.942 684.865
434.213 599.986
434.484 631.107
434.755 747.229
435.027 639.349
435.298 724.470
435.569 745.590
435.840 645.710
436.116 664.830
436.391 766.949
436.667 752.068
436.942 786.187
437.218 849.306
437.493 825.425
437.769 836.543
438.045 780.661
438.320 782.778
438.596 806.896
438.871 695.013
439.147 667.130
439.422 634.247
439.698 642.363
439.974 654.479
440.249 803.595
440.525 843.711
440.800 619.827
441.076 693.942
441.351 854.057
441.627 894.172
441.903 797.286
442.178 629.401
442.454 671.515
442.729 889.628
443.005 730.742
443.281 763.855
443.556 868.968
443.832 811.081
444.107 627.194
444.383 661.306
444.658 735.418
444.934 556.530
445.210 766.642
445.485 885.754
445.761 883.865
446.036 798.976
446.312 867.087
446.587 825.197
446.863 609.307
447.139 678.417
447.414 739.527
447.690 832.637
447.965 879.746
448.241 758.855
448.516 785.964
448.792 804.073
449.068 804.182
449.343 825.290
449.619 744.398
449.894 767.506
450.170 803.613
450.445 952.721
450.721 969.828
450.997 715.935
451.272 899.041
451.548 918.148
451.823 821.254
452.099 917.360
452.375 794.466
452.650 779.572
452.926 905.677
453.201 916.782
453.477 1177.887
453.752 1111.992
454.028 912.097
454.304 959.201
454.579 1095.305
454.855 1009.409
455.130 979.513
455.406 1085.616
455.681 981.719
455.957 921.822
456.233 920.925
456.508 916.028
456.784 904.130
457.059 835.232
457.335 1007.334
457.610 904.436
457.886 833.538
458.162 746.639
458.437 742.740
458.713 869.841
458.988 854.942
459.264 908.043
459.539 901.143
459.815 768.243
460.091 684.343
460.366 699.443
460.642 673.542
460.917 791.642
461.193 788.741
461.468 710.840
461.744 705.939
462.020 663.037
462.295 700.135
462.571 704.234
462.846 745.332
463.122 825.429
463.397 853.527
463.673 736.887
463.949 747.973
464.224 796.022
464.500 844.071
464.775 804.012
465.051 879.349
465.327 1035.169
465.602 1215.869
465.878 1282.114
466.153 1139.213
466.429 1431.156
466.704 1713.256
466.980 1667.777
467.256 1737.872
467.531 1904.872
467.807 1949.961
468.082 1901.960
468.358 1838.088
468.633 2010.385
468.909 2008.471
469.185 1954.302
469.460 2051.936
469.736 2071.216
470.011 1871.914
470.287 1878.172
470.562 1880.036
470.838 1718.555
471.114 1801.192
471.389 1800.275
471.665 1792.077
471.940 1791.960
472.216 1756.627
472.491 1611.590
472.767 1547.394
473.043 1586.025
473.318 1709.850
473.594 1505.084
473.869 1400.908
474.145 1286.046
474.421 1202.720
474.696 1195.690
474.972 1138.954
475.247 1151.419
475.523 1199.218
475.798 1108.788
476.074 1048.686
476.350 1043.685
476.625 1078.479
476.901 1082.646
477.176 1091.817
477.452 982.963
477.727 948.465
478.003 794.135
478.279 1028.980
478.554 1136.792
478.830 1105.484
479.105 1155.105
479.381 1072.885
479.656 1015.164
479.932 1070.961
480.208 1147.900
480.483 1104.359
480.759 1091.301
481.034 1091.296
481.310 1059.060
481.585 1062.051
481.861 1130.685
482.137 1060.146
482.412 1128.582
482.688 1161.541
482.963 1178.516
483.239 1219.504
483.514 997.143
483.790 1088.233
484.066 1314.004
484.341 1127.147
484.617 1094.203
484.892 1178.676
485.168 1176.769
485.443 1061.368
485.719 1082.325
485.995 1199.308
486.270 1157.567
486.546 1059.414
486.821 1010.040
487.097 991.345
487.373 1040.744
487.648 1254.327
487.924 1262.024
488.199 1061.454
488.475 852.300
488.750 879.141
489.026 1068.503
489.302 1085.266
489.577 1023.497
489.853 1050.977
490.128 1253.798
490.404 1158.717
490.679 1006.154
490.955 1252.560
491.231 1311.289
491.506 1229.480
491.782 1108.334
492.057 1111.241
492.333 1257.111
492.608 1208.265
492.884 1198.558
493.160 1026.424
493.435 1071.651
493.711 1206.042
493.986 1150.089
494.262 1079.725
494.537 1105.292
494.813 1160.428
495.089 1083.059
495.364 1157.791
495.640 1160.815
495.915 1112.757
496.191 1309.906
496.467 1278.760
496.742 1159.624
497.018 1184.694
497.293 1118.630
497.569 1215.661
497.844 1186.460
498.120 1200.397
498.396 1252.458
498.671 1184.264
498.947 1292.581
499.222 1294.936
499.498 1241.573
499.773 1353.091
500.049 1452.574
500.325 1427.153
500.600 1529.082
500.876 1586.744
501.151 1806.652
501.427 1912.958
501.702 2001.388
501.978 2084.879
502.254 2170.724
502.529 2105.235
502.805 2283.663
503.080 2434.225
503.356 2307.593
503.631 2284.746
503.907 2346.125
504.183 2247.009
504.458 2304.775
504.734 2238.818
505.009 2346.071
505.285 2273.620
505.560 2236.005
505.836 2239.354
506.112 2216.148
506.387 2096.787
506.663 2016.884
506.938 2002.801
507.214 1957.373
507.490 1922.135
507.765 1845.595
508.041 1857.776
508.316 1889.130
508.592 1692.043
508.867 1645.140
509.143 1714.915
509.419 1576.293
509.694 1348.527
509.970 1341.577
510.245 1271.894
510.521 1268.693
510.796 1172.590
511.072 1106.726
511.348 1203.293
511.623 1183.422
511.899 1117.338
512.174 1158.005
512.450 1177.758
512.725 1112.351
513.001 965.628
513.277 925.136
513.552 1163.495
513.828 1112.944
514.103 1046.890
514.379 1152.527
514.654 984.971
514.930 1012.572
515.206 1348.250
515.481 1273.734
515.757 1090.110
516.032 1079.325
516.308 1184.705
516.583 1293.859
516.859 1266.088
517.135 1285.628
517.410 1372.601
517.686 1455.271
517.961 1496.152
518.237 1492.344
518.513 1517.593
518.788 1800.522
519.064 1965.064
519.339 2043.355
519.615 2071.369
519.890 2161.046
520.166 2262.110
520.442 2549.698
520.717 2594.997
520.993 2565.768
521.268 2423.804
521.544 2545.138
521.819 2475.949
522.095 2506.265
522.371 2656.369
522.646 2697.659
522.922 2827.321
523.197 2759.375
523.473 2848.662
523.748 2878.389
524.024 2732.039
524.300 2713.918
524.575 2809.673
524.851 2879.591
525.126 2772.692
525.402 2782.105
525.677 2816.616
525.953 2727.941
526.229 2722.266
526.504 2638.807
526.780 2752.979
527.055 2782.468
527.331 2839.945
527.606 2851.346
527.882 2784.562
528.158 2717.366
528.433 2851.240
528.709 2699.669
528.984 2670.938
529.260 2704.980
529.535 2736.062
529.811 2569.935
530.087 2404.586
530.362 2397.328
530.638 2478.814
530.913 2520.298
531.189 2469.701
531.465 2209.143
531.740 2186.215
532.016 2213.534
532.291 2125.585
532.567 2148.174
532.842 2098.814
533.118 2047.562
533.394 2089.415
533.669 1862.994
533.945 1751.185
534.220 1695.796
534.496 1754.954
534.771 1684.598
535.047 1648.251
535.323 1584.490
535.598 1656.173
535.874 1652.965
536.149 1628.246
536.425 1638.704
536.700 1731.717
536.976 2037.131
537.252 2618.187
537.527 3034.373
537.803 3721.071
538.078 4453.401
538.354 4868.405
538.629 4990.380
538.905 5338.862
539.181 5711.383
539.456 5871.204
539.732 6435.793
540.007 6716.206
540.283 6837.524
540.558 7060.841
540.834 7488.319
541.110 7776.978
541.385 7961.193
541.661 8327.587
541.936 8483.568
542.212 8628.322
542.488 8864.256
542.763 8853.410
543.039 8846.377
543.314 8940.679
543.590 8802.643
543.865 8796.741
544.141 8676.638
544.417 8402.612
544.692 8128.587
544.968 8108.782
545.243 7795.824
545.519 7530.939
545.794 7368.500
546.070 7155.832
546.348 6966.988
546.627 6671.847
546.905 6801.924
547.183 6634.547
547.461 6668.366
547.740 6730.983
548.018 6635.343
548.296 6646.683
548.575 6682.488
548.853 6843.416
549.131 7069.885
549.409 7413.124
549.688 7852.663
549.966 8047.161
550.244 8289.278
550.523 8364.368
550.801 8512.575
551.079 8709.946
551.357 8968.160
551.636 9040.379
551.914 8978.222
552.192 8893.462
552.471 9105.651
552.749 9376.432
553.027 9571.980
553.306 9795.659
553.584 10289.320
553.862 10554.314
554.140 10911.930
554.419 11166.893
554.697 11783.007
554.975 12257.831
555.254 12474.639
555.532 12334.579
555.810 12526.499
556.088 12455.417
556.367 11940.376
556.645 11682.703
556.923 11605.905
557.202 11325.484
557.480 11110.655
557.758 10828.348
558.036 10366.711
558.315 10118.229
558.593 9991.464
558.871 9622.685
559.150 9360.662
559.428 9032.178
559.706 8526.945
559.984 8217.605
560.263 8083.404
560.541 7610.723
560.819 7187.469
561.098 6714.080
561.376 6207.398
561.654 5492.062
561.932 4789.986
562.211 4411.956
562.489 4069.065
562.767 3578.644
563.046 3221.900
563.324 2819.623
563.602 2577.423
563.880 2374.422
564.159 2213.242
564.437 2083.651
564.715 1826.581
564.994 1643.328
565.272 1634.738
565.550 1476.938
565.828 1297.021
566.107 1384.991
566.385 1352.156
566.663 1178.161
566.942 1149.561
567.220 1161.136
567.498 1347.876
567.776 1153.692
568.055 1043.163
568.333 1095.132
568.611 1122.338
568.890 1036.643
569.168 926.722
569.446 961.480
569.725 954.764
570.003 783.796
570.281 754.620
570.559 890.063
570.838 875.482
571.116 887.036
571.394 921.966
571.673 987.892
571.951 954.917
572.229 888.944
572.507 872.361
572.786 838.236
573.064 841.046
573.342 825.513
573.621 712.048
573.899 726.728
574.177 927.679
574.455 900.284
574.734 812.170
575.012 860.161
575.290 802.283
575.569 845.272
575.847 857.924
576.125 846.193
576.403 684.988
576.682 707.339
576.960 790.552
577.243 859.701
577.527 795.569
577.810 653.743
578.093 646.543
578.377 669.605
578.660 684.473
578.944 645.981
579.227 630.473
579.510 723.314
579.794 727.053
580.077 682.770
580.360 722.183
580.644 676.272
580.927 673.013
581.210 677.034
581.494 632.611
581.777 750.434
582.061 706.406
582.344 665.281
582.627 679.283
582.911 734.164
583.194 688.035
583.477 752.950
583.761 805.888
584.044 872.799
584.327 774.814
584.611 708.924
584.894 722.955
585.178 647.075
585.461 691.075
585.744 782.028
586.028 640.854
586.311 670.898
586.594 726.942
586.878 671.986
587.161 654.029
587.444 744.073
587.728 707.117
588.011 810.160
588.295 693.204
588.578 709.537
588.861 788.502
589.145 679.333
589.428 693.070
589.711 638.420
589.995 671.791
590.278 782.723
590.562 715.549
590.845 694.896
591.128 858.916
591.412 773.131
591.695 654.065
591.978 808.146
592.262 763.041
592.545 586.089
592.828 757.375
593.112 690.859
593.395 589.206
593.679 572.725
593.962 730.137
594.245 703.582
594.529 654.868
594.812 548.890
595.095 473.856
595.379 695.400
595.662 750.804
595.945 688.531
596.229 619.437
596.512 622.212
596.796 658.548
597.079 704.472
597.362 771.839
597.646 833.431
597.929 713.789
598.212 666.681
598.496 675.615
598.779 785.551
599.062 895.167
599.346 697.774
599.629 593.576
599.913 623.573
600.196 661.051
600.479 782.488
600.763 766.550
601.046 617.590
601.329 724.537
601.613 818.259
601.896 737.669
602.179 788.065
602.463 713.448
602.746 780.285
603.030 857.928
603.313 815.908
603.596 610.844
603.880 680.872
604.163 786.794
604.446 721.420
604.730 615.680
605.013 687.523
605.296 810.664
605.580 735.287
605.863 784.297
606.147 690.310
606.430 642.356
606.713 745.484
606.997 685.528
607.280 861.021
607.563 786.695
607.847 727.313
608.130 785.583
608.414 848.453
608.697 733.031
608.980 680.898
609.264 807.093
609.547 771.081
609.830 723.127
610.114 761.362
610.397 770.215
610.680 752.865
610.964 780.849
611.247 869.122
611.531 770.895
611.814 649.245
612.097 723.865
612.381 888.879
612.664 1043.861
612.947 861.367
613.231 832.944
613.514 818.083
613.797 902.599
614.081 966.487
614.364 971.435
614.648 883.064
614.931 796.656
615.214 796.693
615.498 888.959
615.781 934.162
616.064 863.332
616.348 999.196
616.631 1050.463
616.914 1074.072
617.198 976.645
617.481 845.647
617.765 906.675
618.048 1003.361
618.331 908.630
618.615 842.370
618.898 1022.248
619.181 1075.644
619.465 1007.506
619.748 920.500
620.031 866.002
620.315 832.208
620.598 879.697
620.882 910.398
621.165 1101.200
621.448 1022.707
621.732 931.223
622.015 839.717
622.298 808.526
622.582 884.219
622.865 882.141
623.148 776.283
623.432 847.943
623.715 759.891
623.999 951.020
624.282 934.942
624.565 934.847
624.849 745.748
625.132 672.691
625.415 972.122
625.699 1031.665
625.982 887.402
626.265 861.932
626.549 799.481
626.832 910.627
627.116 941.976
627.399 770.294
627.682 754.664
627.966 731.784
628.249 742.149
628.532 765.559
628.816 897.458
629.099 807.416
629.383 783.619
629.666 752.118
629.949 720.025
630.233 697.753
630.516 748.240
630.799 878.347
631.083 753.494
631.366 668.383
631.649 635.403
631.933 562.337
632.216 752.371
632.500 870.705
632.783 820.629
633.066 737.677
633.350 769.388
633.633 837.211
633.916 824.408
634.200 723.315
634.483 732.234
634.766 840.005
635.050 803.352
635.333 746.482
635.617 746.996
635.900 834.711
636.183 897.496
636.467 867.379
636.750 889.359
637.033 954.485
637.317 936.771
637.600 923.703
637.883 884.370
638.167 911.714
638.450 977.453
638.734 954.076
639.017 1049.612
639.300 1078.669
639.584 984.146
639.867 1145.075
640.150 1078.688
640.434 1113.331
640.717 1133.816
641.000 1088.052
641.284 1188.083
641.567 1135.904
641.851 1163.691
642.134 1301.540
642.417 1214.372
642.701 1304.407
642.984 1346.209
643.267 1350.633
643.551 1225.195
643.834 1159.831
644.117 1198.101
644.401 1191.757
644.684 1322.058
644.968 1512.365
645.251 1450.938
645.534 1317.760
645.818 1390.961
646.101 1588.541
646.384 1670.261
646.668 1791.417
646.951 1860.931
647.235 1966.093
647.518 2024.393
647.801 2344.912
648.085 2606.589
648.368 2662.640
648.651 2712.482
648.935 3128.166
649.218 3554.749
649.501 3581.691
649.785 3832.585
650.068 4249.280
650.352 4539.441
650.635 4832.986
650.918 5169.660
651.202 5780.229
651.485 6441.968
651.768 6979.490
652.052 7448.478
652.335 8171.428
652.618 8987.109
652.902 9645.438
653.185 10342.862
653.469 10738.038
653.752 11005.458
654.035 11439.484
654.319 11753.599
654.602 11897.197
654.885 11978.239
655.169 12395.669
655.452 12435.847
655.735 12598.667
656.019 12649.040
656.302 12714.340
656.586 12964.050
656.869 13332.972
657.152 13465.934
657.436 13501.540
657.719 13672.095
658.002 13788.186
658.286 13706.184
658.569 13334.501
658.852 12782.352
659.136 12478.387
659.419 11969.788
659.703 11327.179
659.986 10949.544
660.269 10496.776
660.553 10260.528
660.836 10149.786
661.119 10058.353
661.403 9921.027
661.686 9702.419
661.969 9508.146
662.253 9339.976
662.536 9226.185
662.820 9198.372
663.103 9076.698
663.386 8819.121
663.670 8629.496
663.953 8353.959
664.236 8492.139
664.520 8364.508
664.803 8388.854
665.086 8337.882
665.370 8262.266
665.653 8176.176
665.937 8107.418
666.220 7957.346
666.503 7641.959
666.787 7400.609
667.070 7130.111
667.353 6878.107
667.637 6541.669
667.920 6360.157
668.204 5863.828
668.487 5359.279
668.770 5075.560
669.054 4497.177
669.337 4054.288
669.620 3587.446
669.904 3166.307
670.187 2932.050
670.470 2752.418
670.754 2426.936
671.037 2240.722
671.321 2060.729
671.604 1971.863
671.887 1951.392
672.171 1867.490
672.454 1812.439
672.737 1723.969
673.021 1585.252
673.304 1557.134
673.587 1708.087
673.871 1749.696
674.154 1732.784
674.438 1768.509
674.721 1690.429
675.004 1629.439
675.288 1586.257
675.571 1601.308
675.854 1511.737
676.138 1559.716
676.421 1589.218
676.704 1508.243
676.988 1603.722
677.271 1839.911
677.555 1782.896
677.838 1641.249
678.121 1544.540
678.405 1441.141
678.688 1511.562
678.971 1259.540
679.255 1379.900
679.538 1448.392
679.821 1359.208
680.105 1199.692
680.388 1131.184
680.672 1113.677
680.955 1104.349
681.238 1111.770
681.522 1015.008
681.805 1056.793
682.088 1140.095
682.372 1198.663
682.655 1127.916
682.938 1179.092
683.222 1141.542
683.505 1042.449
683.789 1098.902
684.072 1097.885
684.355 1091.547
684.639 1103.057
684.922 1006.007
685.205 1006.034
685.489 1169.945
685.772 1110.589
686.056 1100.271
686.339 1086.700
686.622 885.085
686.906 937.304
687.189 1105.390
687.472 1245.292
687.756 1080.308
688.039 988.561
688.322 920.738
688.606 1142.059
688.889 1105.552
689.173 1063.825
689.456 1188.069
689.739 1206.885
690.023 1156.643
690.306 1215.064
690.589 1201.325
690.873 1263.577
691.156 1277.131
691.439 1209.520
691.723 1153.355
692.006 1179.582
692.290 1171.959
692.573 1269.418
692.856 1404.637
693.140 1441.969
693.423 1275.906
693.706 1235.804
693.990 1231.206
694.273 1194.836
694.556 1414.475
694.840 1485.678
695.123 1368.467
695.407 1337.153
695.690 1234.527
695.973 1293.557
696.257 1454.970
696.540 1613.992
696.830 1521.917
697.120 1543.525
697.410 1648.742
697.699 1677.845
697.989 1865.701
698.279 1740.460
698.569 1641.366
698.859 1731.555
699.149 1779.164
699.439 1653.776
699.729 1568.440
700.018 1529.689
700.308 1648.440
700.598 1575.071
700.888 1497.123
701.178 1684.460
701.468 1636.123
701.758 1523.041
702.048 1600.268
702.337 1548.321
702.627 1663.283
702.917 1570.472
703.207 1377.001
703.497 1333.386
703.787 1176.291
704.077 1164.420
704.366 1189.215
704.656 1073.703
704.946 1004.506
705.236 949.580
705.526 1102.349
705.816 1182.213
706.106 884.946
706.396 871.140
706.685 894.388
706.975 833.835
707.265 765.803
707.555 877.576
707.845 853.065
708.135 737.132
708.425 659.871
708.715 668.460
709.004 911.894
709.294 944.526
709.584 876.611
709.874 892.413
710.164 860.878
710.454 764.776
710.744 733.442
711.034 782.051
711.323 804.156
711.613 742.171
711.903 883.057
712.193 911.595
712.483 749.376
712.773 792.663
713.063 706.733
713.352 774.911
713.642 746.048
713.932 805.103
714.222 852.243
714.512 845.599
714.802 814.243
715.092 842.366
715.382 748.882
715.671 715.605
715.961 748.930
716.251 618.894
716.541 683.768
716.831 786.017
717.121 672.560
717.411 781.342
717.701 850.263
717.990 775.644
718.280 739.800
718.570 665.323
718.860 626.541
719.150 694.019
719.440 666.660
719.730 630.069
720.019 878.535
720.309 797.256
720.599 703.676
720.889 668.681
721.179 757.697
721.469 772.812
721.759 726.594
722.049 793.729
722.338 691.162
722.628 713.644
722.918 757.127
723.208 777.834
723.498 639.394
723.788 664.092
724.078 843.131
724.368 823.564
724.657 738.013
724.947 801.426
725.237 836.005
725.527 884.288
725.817 791.846
726.107 748.710
726.397 673.296
726.686 599.816
726.976 664.633
727.266 751.695
727.556 679.182
727.846 787.314
728.136 822.357
728.426 691.220
728.716 625.349
729.005 767.811
729.295 738.762
729.585 550.897
729.875 535.315
730.165 587.262
730.455 690.095
730.745 687.873
731.035 688.865
731.324 832.249
731.614 752.983
731.904 675.019
732.194 725.574
732.484 651.397
732.774 675.737
733.064 683.539
733.354 547.373
733.643 616.313
733.933 672.262
734.223 645.967
734.513 805.831
734.803 848.589
735.093 692.512
735.383 624.849
735.672 670.768
735.962 753.314
736.252 633.341
736.542 689.450
736.832 636.581
737.122 555.853
737.412 653.912
737.702 775.281
737.991 757.637
738.281 698.183
738.571 668.048
738.861 688.084
739.151 720.585
739.441 773.977
739.731 613.722
740.021 686.872
740.310 812.816
740.600 773.165
740.890 531.267
741.180 664.617
741.470 743.610
741.760 784.104
742.050 877.905
742.339 781.738
742.629 639.325
742.919 784.746
743.209 653.555
743.499 608.722
743.789 643.998
744.079 712.335
744.369 783.856
744.658 698.214
744.948 474.770
745.238 642.753
745.528 707.193
745.818 832.915
746.108 730.752
746.398 762.282
746.688 739.461
746.977 821.904
747.267 701.765
747.557 770.076
747.847 818.804
748.137 723.121
748.427 655.478
748.717 577.466
749.006 448.552
749.296 600.413
749.586 662.522
749.876 754.834
750.166 666.208
750.456 663.901
750.746 662.587
751.036 613.704
751.325 736.478
751.615 689.281
751.905 660.330
752.195 711.009
752.485 683.029
752.775 674.723
753.065 607.675
753.355 803.890
753.644 793.900
753.934 740.085
754.224 702.251
754.514 814.421
754.804 621.046
755.094 503.713
755.384 588.988
755.674 663.229
755.963 709.387
756.253 681.002
756.543 753.557
756.833 799.312
757.123 736.280
757.413 642.566
757.703 629.520
757.992 610.444
758.282 649.006
758.572 630.582
758.862 569.294
759.152 646.700
759.442 676.190
759.732 768.346
760.022 789.470
760.311 637.366
760.601 542.817
760.891 727.947
761.181 777.485
761.471 722.954
761.761 654.214
762.051 611.937
762.341 750.173
762.630 782.165
762.920 672.416
763.210 662.023
763.500 731.869
763.793 627.154
764.086 651.342
764.379 638.633
764.671 723.158
764.964 652.754
765.257 666.857
765.550 731.728
765.843 578.521
766.136 635.999
766.429 579.565
766.722 654.529
767.014 638.798
767.307 499.480
767.600 539.780
767.893 548.407
768.186 498.022
768.479 585.742
768.772 693.623
769.064 689.609
769.357 654.693
769.650 672.508
769.943 787.659
770.236 721.212
770.529 595.949
770.822 620.161
771.115 706.872
771.407 810.530
771.700 799.448
771.993 784.112
772.286 717.748
772.579 749.301
772.872 671.698
773.165 631.393
773.457 705.000
773.750 662.338
774.043 608.875
774.336 650.922
774.629 656.684
774.922 674.518
775.215 624.082
775.508 630.899
775.800 592.053
776.093 722.576
776.386 783.235
776.679 583.638
776.972 639.043
777.265 900.894
777.558 912.077
777.850 761.430
778.143 752.402
778.436 725.007
778.729 684.095
779.022 755.469
779.315 630.863
779.608 535.403
779.900 610.797
780.193 613.830
780.486 618.251
780.779 639.714
781.072 561.936
781.365 726.007
781.658 703.661
781.951 590.224
782.243 650.181
782.536 701.704
782.829 692.685
783.122 720.815
783.415 719.106
783.708 668.972
784.001 687.044
784.293 729.187
784.586 793.604
784.879 775.584
785.172 664.715
785.465 596.259
785.758 644.372
786.051 684.469
786.344 773.117
786.636 897.031
786.929 722.874
787.222 684.220
787.515 635.820
787.808 612.588
788.101 567.650
788.394 797.437
788.686 905.346
788.979 817.267
789.272 757.527
789.565 730.839
789.858 682.951
790.151 647.686
790.444 599.750
790.737 568.367
791.029 532.319
791.322 682.036
791.615 644.483
791.908 655.777
792.201 678.093
792.494 664.472
792.787 761.436
793.079 888.831
793.372 736.568
793.665 771.217
793.958 660.565
794.251 687.501
794.544 821.294
794.837 944.761
795.130 770.301
795.422 729.440
795.715 753.384
796.008 747.166
796.301 685.933
796.594 599.295
796.887 671.024
797.180 732.527
797.472 556.072
797.765 454.393
798.058 588.419
798.351 616.938
798.644 597.014
798.937 530.230
799.230 598.443
799.523 951.996
799.815 873.249
800.108 567.183
800.401 537.288
800.694 752.411
800.987 691.856
801.280 674.273
801.573 767.196
801.865 765.214
802.158 653.687
802.451 651.707
802.744 643.739
803.037 680.681
803.330 651.406
803.623 760.552
803.915 736.616
804.208 608.496
804.501 699.820
804.794 734.871
805.087 659.151
805.380 559.285
805.673 581.764
805.966 694.893
806.258 666.546
806.551 719.105
806.844 685.988
807.137 676.643
807.430 542.445
807.723 552.501
808.016 805.528
808.308 861.490
808.601 704.153
808.894 630.133
809.187 659.987
809.480 662.357
809.773 645.626
810.066 684.520
810.359 767.803
810.651 710.841
810.944 502.479
811.237 518.137
811.530 652.360
811.825 622.732
812.119 540.383
812.414 493.980
812.709 677.323
813.003 686.807
813.298 599.171
813.593 671.322
813.887 646.366
814.182 949.924
814.476 864.609
814.771 823.000
815.066 693.459
815.360 581.997
815.655 579.980
815.950 640.605
816.244 695.554
816.539 793.827
816.834 761.223
817.128 735.484
817.423 813.241
817.718 986.507
818.012 757.763
818.307 485.485
818.602 609.476
818.896 667.210
819.191 623.718
819.486 635.317
819.780 757.886
820.075 936.968
820.369 951.330
820.664 755.643
820.959 769.116
821.253 754.384
821.548 674.606
821.843 769.480
822.137 771.335
822.432 741.707
822.727 711.213
823.021 611.762
823.316 806.773
823.611 874.447
823.905 682.173
824.200 534.869
824.495 687.911
824.789 753.327
825.084 743.065
825.379 679.518
825.673 705.594
825.968 799.166
826.262 742.824
826.557 747.333
826.852 734.878
827.146 742.324
827.441 703.376
827.736 748.724
828.030 724.030
828.325 548.117
828.620 758.323
828.914 820.780
829.209 640.221
829.504 814.828
829.798 806.769
830.093 687.538
830.388 633.642
830.682 578.077
830.977 706.793
831.271 769.398
831.566 612.428
831.861 599.682
832.155 634.625
832.450 727.250
832.745 821.173
833.039 680.937
833.334 592.603
833.629 671.320
833.923 634.943
834.218 584.530
834.513 560.181
834.807 595.847
835.102 552.675
835.397 590.980
835.691 577.853
835.986 561.582
836.281 550.151
836.575 608.334
836.870 652.082
837.164 666.418
837.459 610.116
837.754 653.098
838.048 546.758
838.343 510.088
838.638 579.798
838.932 645.150
839.227 677.040
839.522 669.826
839.816 653.945
840.111 639.882
840.406 663.550
840.700 792.037
840.995 896.473
841.290 901.876
841.584 790.932
841.879 861.675
842.174 765.292
842.468 716.813
842.763 623.299
843.057 724.886
843.352 678.034
843.647 656.030
843.941 683.933
844.236 707.869
844.531 764.222
844.825 766.227
845.120 844.249
845.415 859.012
845.709 751.258
846.004 841.102
846.299 692.147
846.593 806.469
846.888 774.118
847.183 708.234
847.477 669.545
847.772 733.519
848.066 793.458
848.361 782.752
848.656 792.782
848.950 760.323
849.245 847.021
849.540 706.303
849.834 822.820
850.129 861.623
850.424 713.374
850.718 706.163
851.013 785.488
851.308 745.565
851.602 801.838
851.897 910.718
852.192 1005.082
852.486 818.373
852.781 670.621
853.076 835.585
853.370 870.113
853.665 822.072
853.959 791.671
854.254 705.265
854.549 919.738
854.843 827.498
855.138 712.648
855.433 775.276
855.727 872.830
856.022 721.575
856.317 688.044
856.611 756.329
856.906 672.988
857.201 756.329
857.495 934.740
857.790 866.671
858.085 775.817
858.379 733.292
858.674 623.428
858.969 623.860
859.263 702.469
859.558 677.034
859.852 652.483
860.147 719.048
860.442 824.901
860.736 649.017
861.031 791.324
861.326 828.441
861.620 674.040
861.915 774.863
862.210 800.279
862.504 726.844
862.799 787.724
863.094 800.955
863.388 719.650
863.683 682.844
863.978 585.374
864.272 636.787
864.567 677.817
864.861 687.929
865.156 636.063
865.451 545.262
865.745 734.724
866.040 792.592
866.335 790.972
866.629 837.496
866.924 649.291
867.219 598.844
867.513 764.130
867.808 761.033
868.103 686.026
868.397 693.441
868.692 719.325
868.987 663.112
869.281 646.388
869.576 770.710
869.871 839.020
870.165 690.123
870.460 568.929
870.754 602.602
871.049 562.727
871.344 691.328
871.638 732.728
871.933 619.966
872.228 664.643
872.522 635.845
872.817 700.882
873.112 956.276
873.406 773.976
873.701 844.232
873.996 788.072
874.290 630.702
874.585 591.625
874.880 677.387
875.174 562.280
875.469 583.971
875.764 681.874
876.058 658.084
876.353 542.654
876.647 509.565
876.942 585.863
877.237 631.082
877.531 694.172
877.826 693.522
878.121 663.989
878.415 628.232
878.710 591.420
879.005 734.926
879.299 682.906
879.594 606.374
879.889 467.657
880.183 519.323
880.478 607.680
880.773 571.076
881.067 625.008
881.362 675.949
881.656 582.629
881.951 626.545
882.246 559.262
882.540 569.301
882.835 586.125
883.130 581.006
883.424 551.032
883.719 528.097
884.014 691.659
884.308 636.395
884.603 569.276
884.898 568.645
885.192 696.293
885.487 652.943
885.782 540.378
886.076 630.243
886.371 623.736
886.666 464.443
886.960 566.187
887.255 558.529
887.549 545.923
887.844 734.494
888.139 779.778
888.433 707.226
888.728 602.960
889.023 626.949
889.317 681.699
889.612 542.930
889.907 603.521
890.201 669.018
890.496 675.510
890.791 680.223
891.085 611.672
891.380 542.838
891.675 578.663
891.969 649.344
892.264 508.431
892.559 520.353
892.853 684.105
893.148 582.615
893.442 542.831
893.737 647.376
894.032 559.591
894.326 476.782
894.621 535.822
894.916 476.340
895.210 506.767
895.505 610.593
895.800 552.788
896.094 486.508
896.389 529.766
896.684 569.113
896.978 541.260
897.273 505.975
897.568 622.146
897.862 635.968
898.157 571.433
898.451 696.728
898.746 702.932
899.041 734.565
899.335 677.002
899.630 532.222
899.925 565.418
900.219 670.831
900.514 775.846
900.809 585.756
901.103 456.839
901.398 672.657
901.693 572.059
901.987 513.755
902.282 673.592
902.577 561.512
902.871 451.395
903.166 590.077
903.461 689.721
903.755 656.388
904.050 611.567
904.344 496.876
904.639 530.520
904.934 582.173
905.228 578.733
905.523 535.223
905.818 517.633
906.112 610.436
906.407 577.251
906.702 524.959
906.996 597.666
907.291 641.222
907.586 594.780
907.880 741.733
908.175 661.508
908.470 630.608
908.764 719.055
909.059 790.246
909.354 713.231
909.648 565.033
909.943 597.006
910.237 761.878
910.532 797.198
910.827 810.040
911.121 719.049
911.416 625.712
911.711 682.707
912.005 738.301
912.300 674.175
912.599 733.410
912.898 696.417
913.196 665.897
913.495 688.170
913.794 783.325
914.093 680.472
914.391 639.887
914.690 726.576
914.989 683.380
915.288 733.125
915.586 677.496
915.885 587.950
916.184 495.254
916.483 500.892
916.782 654.099
917.080 692.643
917.379 654.409
917.678 563.612
917.977 667.299
918.275 726.597
918.574 730.572
918.873 750.269
919.172 701.278
919.471 619.823
919.769 636.858
920.068 638.084
920.367 625.918
920.666 597.593
920.964 710.678
921.263 593.560
921.562 528.113
921.861 657.440
922.159 630.597
922.458 609.268
922.757 615.920
923.056 563.648
923.355 572.170
923.653 740.642
923.952 699.317
924.251 582.890
924.550 760.814
924.848 728.494
925.147 586.963
925.446 582.595
925.745 678.197
926.043 693.502
926.342 617.668
926.641 579.296
926.940 694.389
927.239 712.591
927.537 809.420
927.836 749.328
928.135 693.048
928.434 753.410
928.732 717.720
929.031 741.428
929.330 795.267
929.629 765.051
929.927 711.025
930.226 658.814
930.525 754.080
930.824 821.099
931.123 704.440
931.421 819.134
931.720 778.737
932.019 788.413
932.318 773.678
932.616 727.509
932.915 726.835
933.214 842.205
933.513 815.183
933.812 715.183
934.110 780.467
934.409 864.606
934.708 778.785
935.007 1059.537
935.305 1060.230
935.604 784.658
935.903 865.570
936.202 958.019
936.500 1088.272
936.799 1176.949
937.098 1084.634
937.397 936.981
937.696 836.276
937.994 870.584
938.293 976.327
938.592 838.806
938.891 938.589
939.189 984.860
939.488 963.129
939.787 1144.630
940.086 1012.097
940.384 1020.534
940.683 930.736
940.982 850.939
941.281 1049.463
941.580 1270.074
941.878 1264.829
942.177 1046.021
942.476 1108.894
942.775 993.879
943.073 839.690
943.372 857.534
943.671 1137.607
943.970 1305.794
944.268 1124.256
944.567 904.790
944.866 917.961
945.165 977.949
945.464 970.663
945.762 777.814
946.061 1024.455
946.360 1169.687
946.659 1153.211
946.957 1151.142
947.256 1055.341
947.555 1019.759
947.854 1069.179
948.153 957.848
948.451 905.024
948.750 914.017
949.049 933.997
949.348 1102.774
949.646 970.074
949.945 978.408
950.244 1151.218
950.543 1000.083
950.841 893.428
951.140 895.332
951.439 753.074
951.738 774.574
952.037 884.405
952.335 1011.764
952.634 1059.288
952.933 923.447
953.232 910.898
953.530 629.777
953.829 952.525
954.128 1041.516
954.427 938.113
954.725 1049.495
955.024 965.888
955.323 977.111
955.622 818.225
955.921 723.703
956.219 826.580
956.518 823.470
956.817 857.952
957.116 877.233
957.414 837.584
957.713 716.291
958.012 643.613
958.311 674.387
958.610 915.571
958.908 980.757
959.207 845.556
959.506 840.564
959.805 906.071
960.103 935.700
960.402 881.496
960.701 711.152
961.000 774.329
961.298 765.271
961.597 853.747
961.896 824.113
962.195 823.989
962.494 856.662
962.792 829.958
963.091 838.413
963.390 798.296
963.689 804.872
963.987 827.494
964.286 914.648
964.585 954.825
964.884 798.800
965.182 684.468
965.481 1001.625
965.780 1160.601
966.080 1048.955
966.380 922.167
966.680 817.696
966.981 802.943
967.281 805.505
967.581 760.738
967.881 795.928
968.181 812.995
968.481 787.259
968.781 777.714
969.082 636.342
969.382 739.835
969.682 898.667
969.982 903.934
970.282 942.669
970.582 733.254
970.882 618.500
971.183 783.500
971.483 757.531
971.783 783.604
972.083 813.231
972.383 867.820
972.683 850.071
972.983 876.529
973.284 777.047
973.584 721.673
973.884 740.982
974.184 772.856
974.484 824.505
974.784 623.616
975.084 596.507
975.385 634.858
975.685 766.603
975.985 737.564
976.285 689.930
976.585 720.355
976.885 642.475
977.185 626.240
977.486 706.033
977.786 750.115
978.086 834.381
978.386 871.726
978.686 691.806
978.986 695.897
979.286 740.905
979.587 749.914
979.887 628.922
980.187 608.930
980.487 624.939
980.787 689.947
981.087 683.955
981.387 822.964
981.688 711.972
981.988 556.980
982.288 632.989
982.588 731.997
982.888 765.005
983.188 695.013
983.488 802.022
983.789 821.030
984.089 761.038
984.389 694.047
984.689 671.055
984.989 613.063
985.289 671.071
985.589 819.079
985.890 700.088
986.190 596.096
986.490 651.104
986.790 783.112
987.090 713.120
987.390 760.129
987.690 770.137
987.991 593.145
988.291 601.153
988.591 646.161
988.891 570.169
989.191 534.178
989.491 678.186
989.791 679.194
990.092 665.202
990.392 753.210
990.692 751.218
990.992 691.226
991.292 588.234
991.592 756.242
991.892 717.250
992.193 761.258
992.493 764.266
992.793 673.275
993.093 643.283
993.393 595.291
993.693 617.299
993.993 682.307
994.294 808.315
994.594 713.323
994.894 634.331
995.194 661.339
995.494 618.347
995.794 623.354
996.094 623.362
996.395 658.370
996.695 705.378
996.995 540.386
997.295 508.394
997.595 581.402
997.895 508.410
998.195 463.418
998.496 539.426
998.796 536.434
999.096 736.442
999.396 659.449
999.696 681.457
999.996 720.465
1000.296 838.473
1000.597 797.481
1000.897 628.489
1001.197 654.497
1001.497 872.504
1001.797 689.512
1002.097 524.520
1002.397 591.528
1002.698 652.536
1002.998 708.543
1003.298 672.551
1003.598 552.559
1003.898 571.567
1004.198 757.574
1004.498 837.582
1004.799 691.590
1005.099 703.598
1005.399 805.605
1005.699 793.613
1005.999 749.621
1006.299 645.629
1006.599 881.636
1006.900 853.644
1007.200 686.652
1007.500 736.659
1007.800 677.667
1008.100 615.675
1008.400 597.682
1008.700 623.690
1009.001 575.698
1009.301 598.705
1009.601 833.713
1009.901 839.721
1010.201 696.728
1010.501 660.736
1010.801 823.743
1011.102 662.751
1011.402 645.759
1011.702 580.766
1012.002 544.774
1012.302 713.781
1012.602 686.789
1012.902 634.796
1013.203 693.804
1013.503 771.811
1013.803 721.819
1014.103 579.826
1014.403 678.834
1014.703 599.842
1015.003 574.849
1015.304 808.857
1015.604 828.864
1015.904 590.871
1016.204 571.879
1016.504 598.886
1016.804 613.894
1017.104 636.901
1017.405 612.909
1017.705 599.916
1018.005 612.924
1018.305 645.931
1018.605 644.939
1018.905 513.946
1019.205 486.953
1019.506 857.961
1019.806 849.968
1020.106 725.976
1020.406 790.983
1020.706 721.990
1021.006 711.998
1021.306 812.005
1021.607 670.012
1021.907 745.020
1022.207 725.027
1022.507 590.034
1022.807 632.042
1023.107 662.049
1023.407 603.056
1023.708 644.064
1024.008 610.071
1024.308 625.078
1024.608 558.086
1024.908 459.093
1025.208 616.100
1025.508 854.107
1025.809 842.115
1026.109 658.122
1026.409 789.129
1026.709 797.136
1027.009 712.144
1027.309 696.151
1027.609 561.158
1027.910 567.165
1028.210 697.172
1028.510 769.180
1028.810 952.187
1029.110 893.194
1029.410 723.201
1029.710 783.208
1030.011 778.216
1030.311 838.223
1030.611 694.230
1030.911 697.237
1031.211 666.244
1031.511 623.251
1031.811 834.258
1032.112 837.266
1032.412 708.273
1032.712 524.280
1033.012 627.287
1033.312 834.294
1033.612 816.301
1033.912 667.308
1034.212 616.315
1034.513 633.322
1034.813 619.329
1035.113 684.336
1035.413 578.344
1035.713 685.351
1036.013 754.358
1036.313 659.365
1036.614 746.372
1036.914 694.379
1037.214 529.386
1037.514 693.393
1037.814 654.400
1038.114 636.407
1038.414 613.414
1038.715 705.421
1039.015 574.428
1039.315 477.435
1039.615 616.442
1039.915 578.449
1040.215 570.456
1040.515 667.462
1040.816 722.469
1041.116 733.476
1041.416 633.483
1041.716 533.490
1042.016 554.497
1042.316 759.504
1042.616 690.511
1042.917 604.518
1043.217 620.525
1043.517 657.532
1043.817 721.538
1044.117 681.545
1044.417 698.552
1044.717 605.559
1045.018 585.566
1045.318 736.573
1045.618 758.580
1045.918 629.586
1046.218 593.593
1046.518 641.600
1046.818 685.607
1047.119 617.614
1047.419 809.621
1047.719 739.627
1048.019 622.634
1048.319 717.641
1048.619 687.648
1048.919 685.654
1049.220 688.661
1049.520 730.668
1049.820 666.675
1050.120 542.682
1050.420 779.688
1050.720 765.695
1051.020 722.702
1051.321 750.708
1051.621 831.715
1051.921 725.722
1052.221 602.729
1052.521 551.735
1052.821 566.742
1053.121 714.749
1053.422 741.755
1053.722 810.762
1054.022 710.769
1054.322 826.775
1054.622 713.782
1054.922 594.789
1055.222 720.795
1055.523 707.802
1055.823 745.809
1056.123 744.815
1056.423 682.822
1056.723 767.829
1057.023 640.835
1057.323 524.842
1057.624 673.848
1057.924 743.855
1058.224 716.862
1058.524 607.868
1058.824 740.875
1059.124 718.881
1059.424 623.888
1059.725 724.894
1060.025 638.901
1060.325 648.908
1060.625 627.914
1060.925 608.921
1061.225 629.927
1061.525 818.934
1061.826 709.940
1062.126 659.947
1062.426 734.953
1062.726 799.960
1063.026 742.966
1063.326 881.973
1063.626 852.979
1063.927 748.986
1064.227 739.992
1064.527 627.999
1064.827 717.005
1065.127 681.012
1065.427 493.018
1065.727 517.024
1066.028 727.031
1066.328 772.037
1066.628 559.044
1066.928 555.050
1067.228 648.057
1067.528 648.063
1067.828 645.069
1068.129 565.076
1068.429 726.082
1068.729 831.089
1069.029 645.095
1069.329 553.101
1069.629 716.108
1069.929 836.114
1070.230 825.120
1070.530 739.127
1070.830 637.133
1071.130 714.140
1071.430 670.146
1071.730 749.152
1072.030 824.159
1072.331 636.165
1072.631 654.171
1072.931 727.178
1073.231 728.184
1073.531 675.190
1073.831 630.196
1074.131 718.203
1074.432 848.209
1074.732 736.215
1075.032 586.222
1075.332 597.228
1075.632 663.234
1075.932 602.240
1076.232 553.247
1076.533 570.253
1076.833 695.259
1077.133 678.265
1077.433 626.272
1077.733 621.278
1078.033 759.284
1078.333 745.290
1078.634 661.296
1078.934 679.303
1079.234 586.309
1079.534 769.315
1079.834 887.321
1080.134 804.327
1080.434 784.334
1080.735 717.340
1081.035 663.346
1081.335 532.352
1081.635 556.358
1081.935 618.364
1082.235 610.371
1082.535 619.377
1082.836 673.383
1083.136 683.389
1083.436 760.395
1083.736 756.401
1084.036 620.407
1084.336 562.413
1084.636 621.420
1084.937 740.426
1085.237 758.432
1085.537 704.438
1085.837 712.444
1086.137 663.450
1086.437 754.456
1086.737 679.462
1087.038 721.468
1087.338 788.474
1087.638 710.480
1087.938 542.486
1088.238 421.492
1088.538 618.498
1088.838 777.504
1089.139 758.511
1089.439 623.517
1089.739 773.523
1090.039 754.529
1090.339 753.535
1090.639 650.541
1090.939 717.547
1091.240 604.553
1091.540 614.559
1091.840 639.565
1092.140 776.571
1092.453 765.576
1092.766 611.582
1093.079 585.588
1093.392 626.594
1093.705 620.600
1094.018 645.606
1094.330 749.612
1094.643 759.618
1094.956 844.624
1095.269 745.630
1095.582 743.636
1095.895 658.642
1096.208 592.648
1096.521 612.654
1096.834 706.660
1097.147 705.665
1097.460 761.671
1097.773 852.677
1098.085 678.683
1098.398 597.689
1098.711 596.695
1099.024 495.701
1099.337 633.707
1099.650 794.712
1099.963 759.718
1100.276 584.724
1100.589 610.730
1100.902 687.736
1101.215 693.742
1101.528 751.747
1101.841 633.753
1102.153 636.759
1102.466 740.765
1102.779 586.771
1103.092 605.776
1103.405 708.782
1103.718 619.788
1104.031 590.794
1104.344 691.800
1104.657 673.805
1104.970 952.811
1105.283 765.817
1105.596 613.823
1105.909 610.828
1106.221 704.834
1106.534 718.840
1106.847 577.846
1107.160 485.851
1107.473 502.857
1107.786 597.863
1108.099 530.869
1108.412 618.874
1108.725 702.880
1109.038 495.886
1109.351 640.891
1109.664 667.897
1109.977 535.903
1110.289 612.909
1110.602 646.914
1110.915 637.920
1111.228 646.926
1111.541 589.931
1111.854 569.937
1112.167 467.943
1112.480 515.948
1112.793 569.954
1113.106 582.960
1113.419 664.965
1113.732 671.971
1114.044 578.976
1114.357 630.982
1114.670 681.988
1114.983 646.993
1115.296 617.999
1115.609 664.005
1115.922 643.010
1116.235 735.016
1116.548 707.021
1116.861 614.027
1117.174 576.032
1117.487 600.038
1117.800 820.044
1118.112 679.049
1118.425 571.055
1118.738 580.060
1119.051 582.066
1119.364 584.071
1119.677 682.077
1119.990 636.083
1120.303 638.088
1120.616 793.094
1120.929 677.099
1121.242 729.105
1121.555 720.110
1121.868 697.116
1122.180 671.121
1122.493 486.127
1122.806 522.132
1123.119 641.138
1123.432 707.143
1123.745 676.149
1124.058 602.154
1124.371 575.160
1124.684 744.165
1124.997 734.171
1125.310 634.176
1125.623 546.182
1125.935 478.187
1126.248 593.192
1126.561 701.198
1126.874 650.203
1127.187 748.209
1127.500 806.214
1127.813 710.220
1128.126 722.225
1128.439 730.230
1128.752 846.236
1129.065 668.241
1129.378 459.247
1129.691 575.252
1130.003 658.258
1130.316 642.263
1130.629 567.268
1130.942 645.274
1131.255 651.279
1131.568 605.284
1131.881 611.290
1132.194 691.295
1132.507 683.301
1132.820 627.306
1133.133 687.311
1133.446 589.317
1133.759 824.322
1134.071 1294.327
1134.384 898.333
1134.697 834.338
1135.010 904.343
1135.323 703.349
1135.636 598.354
1135.949 566.359
1136.262 598.365
1136.575 641.370
1136.888 632.375
1137.201 680.380
1137.514 653.386
1137.826 720.391
1138.139 640.396
1138.452 656.402
1138.765 899.407
1139.078 868.412
1139.391 805.417
1139.704 703.423
1140.017 736.428
1140.330 627.433
1140.643 603.438
1140.956 611.444
1141.269 664.449
1141.582 752.454
1141.894 643.459
1142.207 772.465
1142.520 706.470
1142.833 816.475
1143.146 687.480
1143.459 548.485
1143.772 611.491
1144.085 713.496
1144.398 667.501
1144.711 602.506
1145.024 585.511
1145.337 672.517
1145.650 742.522
1145.962 584.527
1146.275 648.532
1146.588 605.537
1146.901 745.543
1147.214 680.548
1147.527 563.553
1147.840 624.558
1148.153 602.563
1148.466 683.568
1148.779 678.573
1149.092 767.579
1149.405 634.584
1149.718 669.589
1150.030 713.594
1150.343 632.599
1150.656 517.604
1150.969 510.609
1151.282 751.614
1151.595 689.619
1151.908 646.625
1152.221 506.630
1152.534 518.635
1152.847 766.640
1153.160 671.645
1153.473 652.650
1153.785 746.655
1154.098 695.660
1154.411 746.665
1154.724 736.670
1155.037 907.675
1155.350 751.680
1155.663 712.685
1155.976 631.690
1156.289 690.696
1156.602 594.701
1156.915 513.706
1157.228 535.711
1157.541 635.716
1157.853 613.721
1158.166 652.726
1158.479 739.731
1158.792 646.736
1159.105 660.741
1159.418 673.746
1159.731 694.751
1160.044 684.756
1160.357 812.761
1160.670 737.766
1160.983 560.771
1161.296 694.776
1161.609 791.781
1161.921 663.786
1162.234 623.791
1162.547 525.795
1162.860 558.800
1163.173 510.805
1163.486 630.810
1163.799 708.815
1164.112 681.820
1164.425 660.825
1164.738 569.830
1165.051 554.835
1165.364 606.840
1165.676 624.845
1165.989 682.850
1166.302 643.855
1166.615 766.860
1166.928 739.864
1167.241 767.869
1167.554 753.874
1167.867 766.879
1168.180 719.884
1168.493 543.889
1168.806 622.894
1169.119 631.899
1169.432 713.904
1169.744 760.908
1170.057 667.913
1170.370 796.918
1170.683 721.923
1170.996 600.928
1171.309 624.933
1171.622 641.938
1171.935 654.942
1172.248 831.947
1172.561 784.952
1172.874 680.957
1173.187 707.962
1173.500 794.967
1173.812 765.971
1174.125 696.976
1174.438 712.981
1174.751 586.986
1175.064 639.991
1175.377 710.995
1175.690 639.000
1176.003 543.005
1176.316 595.010
1176.629 714.015
1176.942 638.019
1177.255 589.024
1177.567 532.029
1177.880 558.034
1178.193 642.038
1178.506 616.043
1178.819 730.048
1179.132 756.053
1179.445 584.057
1179.758 719.062
1180.071 743.067
1180.384 592.072
1180.697 654.076
1181.010 737.081
1181.323 824.086
1181.635 841.091
1181.948 790.095
1182.261 662.100
1182.574 628.105
1182.887 669.109
1183.200 825.114
1183.513 786.119
1183.826 720.124
1184.139 717.128
1184.452 660.133
1184.765 610.138
1185.078 511.142
1185.391 564.147
1185.703 534.152
1186.016 486.156
1186.329 521.161
1186.642 656.166
1186.955 810.170
1187.268 672.175
1187.581 631.180
1187.894 650.184
1188.207 732.189
1188.520 610.194
1188.833 607.198
1189.146 512.203
1189.459 475.207
1189.771 572.212
1190.084 765.217
1190.397 638.221
1190.710 678.226
1191.023 701.231
1191.336 670.235
1191.649 658.240
1191.962 700.244
1192.275 549.249
1192.588 649.254
1192.901 776.258
1193.214 631.263
1193.526 653.267
1193.839 700.272
1194.152 607.277
1194.465 693.281
1194.778 654.286
1195.091 630.290
1195.404 568.295
1195.717 657.299
1196.030 764.304
1196.343 654.308
1196.656 551.313
1196.969 575.318
1197.282 657.322
1197.594 666.327
1197.907 827.331
1198.220 787.336
1198.533 599.340
1198.846 577.345
1199.159 613.349
1199.472 618.354
1199.785 693.358
1200.098 578.363
1200.411 760.367
1200.724 726.372
1201.037 626.376
1201.350 551.381
1201.662 544.385
1201.975 639.390
1202.288 666.394
1202.601 272.399
