165.028 80.343
165.288 7.014
165.547 90.689
165.807 122.367
166.067 40.049
166.327 -36.266
166.587 -29.578
166.847 66.113
167.107 105.808
167.367 153.506
167.627 147.207
167.886 96.911
168.146 68.618
168.406 257.328
168.666 208.042
168.926 145.758
169.186 151.478
169.446 141.200
169.706 22.925
169.966 91.653
170.225 87.384
170.485 160.118
170.745 257.855
171.005 311.595
171.265 143.337
171.525 122.082
171.785 54.829
172.045 77.580
172.305 192.333
172.564 125.088
172.824 7.846
173.084 102.607
173.344 53.370
173.604 94.136
173.864 185.904
174.124 181.674
174.384 155.447
174.644 227.222
174.903 358.000
175.163 292.780
175.423 270.562
175.683 81.346
175.943 154.133
176.203 154.921
176.463 111.712
176.723 73.505
176.983 152.300
177.242 213.097
177.502 332.896
177.762 292.698
178.022 109.501
178.282 123.306
178.542 86.113
178.802 64.922
179.062 33.732
179.322 293.545
179.581 319.359
179.841 165.175
180.101 186.993
180.361 215.813
180.621 202.634
180.881 140.457
181.141 168.281
181.401 152.108
181.661 215.935
181.920 301.765
182.180 175.595
182.440 50.428
182.700 38.261
182.960 31.097
183.220 108.933
183.480 336.771
183.740 173.610
184.000 98.451
184.259 41.293
184.519 150.136
184.779 166.981
185.039 236.826
185.299 321.673
185.559 294.521
185.819 274.370
186.079 261.221
186.339 198.072
186.598 144.925
186.858 -9.222
187.118 57.633
187.378 200.488
187.638 205.345
187.898 297.202
188.158 337.060
188.418 194.919
188.678 122.780
188.937 175.640
189.197 282.502
189.457 266.365
189.717 195.228
189.977 102.092
190.237 129.957
190.497 323.822
190.757 234.688
191.017 232.555
191.276 206.422
191.536 253.290
191.796 195.159
192.056 181.028
192.316 193.898
192.576 142.768
192.836 113.638
193.096 127.509
193.356 131.381
193.616 165.253
193.875 180.125
194.135 213.998
194.395 365.871
194.655 324.745
194.915 253.618
195.175 251.492
195.435 262.367
195.695 43.241
195.955 -22.884
196.214 176.991
196.474 299.866
196.734 260.741
196.994 262.617
197.254 262.492
197.514 224.368
197.774 203.244
198.034 152.120
198.294 101.996
198.553 184.872
198.813 193.748
199.073 30.624
199.333 115.499
199.593 303.375
199.853 292.251
200.113 371.127
200.373 351.002
200.633 158.878
200.892 108.753
201.152 80.628
201.412 117.503
201.672 262.378
201.932 434.253
202.192 320.127
202.452 160.001
202.712 155.875
202.972 211.749
203.231 314.622
203.491 302.495
203.751 283.368
204.011 323.240
204.271 399.112
204.531 179.983
204.791 93.854
205.051 93.725
205.311 186.596
205.570 139.465
205.830 233.335
206.090 217.204
206.350 305.072
206.610 470.940
206.870 277.808
207.130 210.675
207.390 264.541
207.650 238.407
207.909 234.272
208.169 334.137
208.429 327.001
208.689 140.864
208.949 283.727
209.209 422.589
209.469 209.451
209.729 115.312
209.989 173.172
210.248 81.031
210.508 374.890
210.768 382.748
211.028 232.605
211.288 316.462
211.548 315.318
211.808 305.173
212.068 404.027
212.328 427.880
212.587 407.733
212.847 287.585
213.107 341.436
213.367 314.286
213.627 254.135
213.887 245.984
214.147 175.831
214.407 291.678
214.667 254.524
214.926 306.369
215.186 300.213
215.446 365.056
215.706 235.898
215.966 203.739
216.226 224.579
216.486 203.418
216.746 325.257
217.006 358.094
217.265 277.930
217.525 169.765
217.785 229.600
218.045 341.433
218.305 222.265
218.565 207.096
218.825 279.926
219.085 381.755
219.345 238.583
219.604 150.410
219.864 276.236
220.124 284.061
220.384 306.884
220.644 274.707
220.904 201.528
221.164 264.348
221.424 238.167
221.684 147.985
221.943 192.802
222.203 354.618
222.463 257.432
222.723 145.245
222.983 255.058
223.243 223.868
223.503 302.678
223.763 210.487
224.023 187.294
224.282 331.100
224.542 358.905
224.802 385.709
225.062 336.511
225.322 433.312
225.582 374.112
225.842 353.911
226.102 348.708
226.362 317.505
226.621 382.299
226.881 283.093
227.141 258.885
227.401 308.677
227.661 220.466
227.921 454.255
228.181 321.042
228.441 269.828
228.701 475.612
228.960 503.396
229.220 300.177
229.480 158.958
229.740 355.737
230.000 472.515
230.260 311.292
230.520 229.067
230.780 242.841
231.040 273.613
231.299 247.385
231.559 279.154
231.819 311.923
232.079 405.690
232.339 375.456
232.599 196.220
232.859 332.983
233.119 398.744
233.379 220.504
233.638 289.263
233.898 447.021
234.158 412.777
234.418 241.531
234.678 346.284
234.938 403.036
235.198 249.786
235.458 239.535
235.718 322.283
235.978 288.029
236.237 289.774
236.497 298.517
236.757 354.259
237.017 383.999
237.277 406.738
237.537 349.475
237.797 237.212
238.057 370.946
238.317 327.679
238.576 189.411
238.836 318.141
239.096 411.870
239.356 304.598
239.616 306.324
239.876 386.048
240.136 308.771
240.396 423.493
240.656 547.213
240.915 400.931
241.175 322.649
241.435 241.364
241.695 295.079
241.955 487.791
242.215 541.503
242.475 472.213
242.735 337.921
242.995 392.628
243.254 379.333
243.514 371.037
243.774 173.740
244.034 266.441
244.294 529.140
244.554 450.839
244.814 437.535
245.074 349.230
245.334 298.924
245.593 309.616
245.853 341.307
246.113 267.996
246.373 353.684
246.633 373.370
246.893 312.055
247.153 352.738
247.413 475.420
247.673 409.100
247.932 324.779
248.192 396.456
248.452 478.132
248.712 430.806
248.972 274.479
249.232 454.151
249.492 373.821
249.752 188.489
250.012 415.156
250.271 412.821
250.531 419.485
250.791 620.148
251.051 564.809
251.311 387.468
251.571 209.127
251.831 343.783
252.091 453.438
252.351 383.092
252.610 344.744
252.870 430.395
253.130 361.044
253.390 355.691
253.650 458.338
253.911 454.982
254.172 433.626
254.433 411.268
254.694 347.908
254.955 356.547
255.216 282.184
255.477 431.820
255.738 414.454
255.999 293.087
256.261 469.719
256.522 462.349
256.783 470.978
257.044 288.605
257.305 199.230
257.566 188.855
257.827 156.477
258.088 232.099
258.349 262.718
258.610 379.337
258.871 451.954
259.132 495.569
259.393 388.183
259.654 260.796
259.915 214.407
260.176 322.016
260.437 457.624
260.698 401.231
260.959 321.836
261.221 444.440
261.482 476.043
261.743 418.644
262.004 378.243
262.265 529.841
262.526 512.438
262.787 329.033
263.048 315.627
263.309 342.219
263.570 512.810
263.831 408.400
264.092 269.988
264.353 186.575
264.614 488.160
264.875 452.744
265.136 330.326
265.397 541.907
265.658 595.487
265.919 640.065
266.181 616.642
266.442 442.217
266.703 324.791
266.964 317.364
267.225 274.935
267.486 333.504
267.747 427.073
268.008 474.640
268.269 567.205
268.530 505.770
268.791 465.332
269.052 466.894
269.313 431.454
269.574 441.012
269.835 443.570
270.096 409.126
270.357 475.680
270.618 445.233
270.879 344.785
271.141 409.335
271.402 443.884
271.663 390.432
271.924 428.978
272.185 428.523
272.446 384.067
272.707 409.609
272.968 336.150
273.229 348.689
273.490 407.228
273.751 348.764
274.012 349.300
274.273 511.834
274.534 450.367
274.795 423.898
275.056 440.429
275.317 311.957
275.578 255.485
275.839 352.011
276.101 319.536
276.362 317.059
276.623 335.582
276.884 464.102
277.145 461.622
277.406 439.140
277.667 352.657
277.928 322.173
278.189 495.687
278.450 500.200
278.711 453.712
278.972 437.222
279.233 415.731
279.494 513.239
279.755 588.746
280.016 589.251
280.277 469.755
280.538 463.258
280.799 368.759
281.061 399.259
281.322 366.758
281.583 329.256
281.844 287.752
282.105 308.247
282.366 470.741
282.627 459.234
282.888 524.725
283.149 541.215
283.410 474.704
283.671 473.192
283.932 410.678
284.193 269.163
284.454 317.647
284.715 451.129
284.976 380.611
285.237 465.091
285.498 681.570
285.759 525.047
286.021 480.524
286.282 453.999
286.543 458.473
286.804 448.946
287.065 462.418
287.326 470.888
287.587 354.357
287.848 477.825
288.109 540.292
288.370 497.757
288.631 302.222
288.892 281.685
289.153 395.147
289.414 338.608
289.675 519.067
289.936 582.526
290.197 556.983
290.458 499.439
290.719 422.894
290.981 526.347
291.242 659.800
291.503 596.251
291.764 390.702
292.025 237.151
292.286 313.598
292.547 452.045
292.808 405.491
293.069 433.935
293.330 479.378
293.591 506.821
293.852 427.262
294.113 381.701
294.374 376.140
294.635 417.578
294.896 491.014
295.157 517.449
295.418 545.884
295.679 555.317
295.941 464.749
296.202 470.179
296.463 500.609
296.724 557.038
296.985 525.465
297.246 478.892
297.507 344.317
297.768 339.741
298.029 483.164
298.290 677.586
298.551 706.007
298.812 721.427
299.073 494.846
299.334 306.263
299.595 507.680
299.856 519.095
300.117 587.510
300.378 506.923
300.639 381.335
300.901 327.746
301.162 391.156
301.423 485.566
301.684 642.974
301.945 671.380
302.206 449.786
302.467 462.191
302.728 404.595
302.989 464.998
303.250 529.399
303.511 578.800
303.772 561.200
304.033 517.598
304.294 474.996
304.555 428.392
304.816 476.788
305.077 533.182
305.338 422.576
305.599 430.968
305.861 471.359
306.122 505.750
306.383 448.139
306.644 467.528
306.905 378.915
307.166 526.301
307.427 550.687
307.688 540.071
307.949 500.454
308.210 478.837
308.471 492.218
308.732 468.598
308.993 393.978
309.254 408.356
309.515 317.734
309.776 498.110
310.037 509.486
310.298 304.860
310.559 384.234
310.821 578.606
311.082 582.978
311.343 404.348
311.604 339.718
311.865 312.087
312.126 324.455
312.387 415.821
312.648 467.187
312.909 469.552
313.170 459.916
313.434 501.279
313.698 379.641
313.963 458.002
314.227 385.363
314.491 393.722
314.755 485.080
315.019 485.438
315.284 312.794
315.548 502.150
315.812 492.505
316.076 569.858
316.340 588.211
316.604 536.563
316.869 592.914
317.133 542.264
317.397 606.613
317.661 599.962
317.925 477.309
318.190 499.656
318.454 520.001
318.718 459.346
318.982 574.690
319.246 646.033
319.511 762.375
319.775 563.716
320.039 527.056
320.303 562.396
320.567 573.734
320.832 537.072
321.096 463.409
321.360 472.745
321.624 419.080
321.888 373.414
322.153 393.748
322.417 374.080
322.681 381.412
322.945 527.743
323.209 571.072
323.473 494.402
323.738 438.730
324.002 443.057
324.266 565.384
324.530 547.710
324.794 450.034
325.059 403.359
325.323 391.682
325.587 480.004
325.851 461.326
326.115 625.646
326.380 494.966
326.644 482.286
326.908 518.604
327.172 476.921
327.436 530.238
327.701 523.554
327.965 463.869
328.229 527.183
328.493 400.497
328.757 380.809
329.022 564.121
329.286 451.432
329.550 421.742
329.814 513.052
330.078 501.360
330.342 435.668
330.607 472.975
330.871 565.282
331.135 630.587
331.399 634.892
331.663 521.196
331.928 535.499
332.192 603.801
332.456 542.103
332.720 594.404
332.984 515.704
333.249 505.003
333.513 448.302
333.777 344.600
334.041 383.897
334.305 487.193
334.570 516.489
334.834 403.784
335.098 594.078
335.362 666.371
335.626 557.664
335.891 467.955
336.155 523.247
336.419 517.537
336.683 349.826
336.947 462.115
337.211 510.404
337.476 387.691
337.740 418.978
338.004 514.264
338.268 485.549
338.532 550.833
338.797 468.117
339.061 511.400
339.325 648.683
339.589 674.964
339.853 579.245
340.118 485.525
340.382 552.805
340.646 659.084
340.910 477.362
341.174 461.639
341.439 442.916
341.703 510.192
341.967 493.467
342.231 433.742
342.495 408.016
342.759 552.289
343.024 529.562
343.288 656.834
343.552 621.105
343.816 337.375
344.080 377.645
344.345 470.914
344.609 291.183
344.873 216.451
345.137 477.718
345.401 568.984
345.666 388.250
345.930 596.515
346.194 635.780
346.458 444.044
346.722 435.307
346.987 441.569
347.251 582.831
347.515 711.092
347.779 493.353
348.043 433.613
348.308 474.872
348.572 411.130
348.836 329.388
349.100 370.646
349.364 384.902
349.628 398.158
349.893 456.414
350.157 546.669
350.421 528.923
350.685 554.176
350.949 509.429
351.214 378.681
351.478 433.933
351.742 478.184
352.006 490.434
352.270 497.684
352.535 394.933
352.799 401.181
353.063 539.429
353.327 444.677
353.591 338.923
353.856 415.169
354.120 484.415
354.384 582.660
354.648 709.904
354.912 654.147
355.177 491.390
355.441 422.633
355.705 668.875
355.969 654.116
356.233 567.356
356.497 522.597
356.762 527.836
357.026 508.075
357.290 509.313
357.554 505.551
357.818 553.788
358.083 535.024
358.347 520.260
358.611 485.496
358.875 441.730
359.139 438.965
359.404 398.198
359.668 538.431
359.932 656.664
360.196 670.896
360.460 556.127
360.725 521.358
360.989 574.588
361.253 692.818
361.517 655.047
361.781 620.275
362.046 601.503
362.310 640.731
362.574 653.957
362.838 528.184
363.102 498.409
363.366 554.635
363.631 489.859
363.895 479.083
364.159 611.307
364.423 591.530
364.687 661.752
364.952 660.974
365.216 702.196
365.480 637.417
365.747 512.637
366.013 499.857
366.280 444.076
366.546 533.295
366.813 490.513
367.079 577.731
367.346 634.948
367.612 592.164
367.879 603.380
368.145 678.596
368.412 537.811
368.678 484.026
368.945 574.240
369.211 523.453
369.478 594.666
369.744 579.878
370.011 512.090
370.278 476.302
370.544 491.513
370.811 558.723
371.077 586.933
371.344 568.142
371.610 545.351
371.877 534.560
372.143 589.768
372.410 669.975
372.676 749.182
372.943 706.388
373.209 604.594
373.476 466.800
373.742 414.005
374.009 527.209
374.276 552.413
374.542 550.617
374.809 495.820
375.075 356.022
375.342 339.224
375.608 381.426
375.875 432.627
376.141 690.827
376.408 651.027
376.674 606.227
376.941 520.426
377.207 462.625
377.474 876.823
377.740 821.021
378.007 514.218
378.273 566.415
378.540 679.611
378.807 556.807
379.073 460.002
379.340 453.197
379.606 453.392
379.873 493.586
380.139 579.779
380.406 636.972
380.672 559.165
380.939 460.357
381.205 403.549
381.472 391.740
381.738 354.931
382.005 521.121
382.271 567.311
382.538 545.501
382.804 712.690
383.071 670.878
383.338 589.066
383.604 517.254
383.871 590.441
384.137 582.628
384.404 514.815
384.670 561.001
384.937 533.186
385.203 576.371
385.470 522.556
385.736 545.740
386.003 590.924
386.269 555.107
386.536 480.290
386.802 498.472
387.069 607.655
387.336 730.836
387.602 723.017
387.869 469.198
388.135 403.379
388.402 384.558
388.668 501.738
388.935 560.917
389.201 655.096
389.468 683.274
389.734 626.452
390.001 563.629
390.267 468.806
390.534 563.983
390.800 590.159
391.067 635.335
391.333 614.510
391.600 495.685
391.867 509.860
392.133 531.034
392.400 477.208
392.666 417.381
392.933 611.554
393.199 690.727
393.466 524.899
393.732 516.071
393.999 619.242
394.265 572.413
394.532 474.584
394.798 568.754
395.065 511.924
395.331 563.093
395.598 554.262
395.864 563.431
396.131 583.599
396.398 579.767
396.664 619.935
396.931 634.102
397.197 655.269
397.464 548.435
397.730 675.601
397.997 674.766
398.263 601.932
398.530 591.096
398.796 669.261
399.063 647.425
399.329 558.589
399.596 681.752
399.862 612.915
400.129 635.078
400.396 657.240
400.662 422.402
400.929 425.563
401.195 503.724
401.462 538.885
401.728 508.045
401.995 526.205
402.261 477.365
402.528 453.524
402.794 485.683
403.061 585.842
403.327 734.000
403.594 625.158
403.860 479.315
404.127 448.472
404.393 567.629
404.660 588.786
404.931 611.942
405.202 563.097
405.473 466.253
405.745 552.408
406.016 725.562
406.287 671.717
406.558 591.871
406.829 661.024
407.100 545.178
407.371 715.331
407.642 776.483
407.914 664.635
408.185 578.787
408.456 486.939
408.727 576.090
408.998 555.241
409.269 776.392
409.540 847.542
409.811 520.692
410.083 485.841
410.354 559.991
410.625 464.139
410.896 531.288
411.167 683.436
411.438 719.584
411.709 595.732
411.981 808.879
412.252 663.026
412.523 517.172
412.794 646.319
413.065 771.465
413.336 610.610
413.607 634.755
413.878 689.900
414.150 687.045
414.421 559.189
414.692 505.333
414.963 501.477
415.234 681.620
415.505 725.763
415.776 751.906
416.047 760.049
416.319 781.191
416.590 660.332
416.861 431.474
417.132 635.615
417.403 630.756
417.674 602.896
417.945 501.037
418.217 488.177
418.488 657.316
418.759 548.455
419.030 486.594
419.301 543.733
419.572 630.872
419.843 592.010
420.114 510.147
420.386 492.285
420.657 655.422
420.928 617.559
421.199 563.696
421.470 508.832
421.741 400.968
422.012 444.104
422.283 487.239
422.555 518.374
422.826 627.509
423.097 740.643
423.368 660.778
423.639 510.911
423.910 585.045
424.181 566.178
424.453 495.312
424.724 720.444
424.995 785.577
425.266 599.709
425.537 498.841
425.808 649.972
426.079 702.104
426.350 597.235
426.622 582.366
426.893 699.496
427.164 582.626
427.435 466.756
427.706 455.886
427.977 516.015
428.248 504.144
428.519 571.273
428.791 520.402
429.062 644.530
429.333 512.658
429.604 382.786
429.875 543.913
430.146 655.040
430.417 643.167
430.689 541.294
430.960 449.420
431.231 480.546
431.502 657.672
431.773 746.797
432.044 598.923
432.315 729.048
432.586 716.172
432.858 703.297
433.129 549.421
433.400 524.545
433.671 593.668
433.942 564.792
434.213 451.915
434.484 522.038
434.755 601.160
435.027 490.283
435.298 559.405
435.569 607.527
435.840 466.648
436.116 471.770
436.391 600.891
436.667 656.011
436.942 715.132
437.218 749.252
437.493 688.372
437.769 688.492
438.045 642.612
438.320 687.731
438.596 642.850
438.871 543.969
439.147 534.087
439.422 476.205
439.698 460.323
439.974 505.441
440.249 622.559
440.525 672.676
440.800 468.793
441.076 563.910
441.351 670.026
441.627 709.143
441.903 678.259
442.178 553.374
442.454 530.490
442.729 750.605
443.005 611.720
443.281 635.835
443.556 729.950
443.832 672.064
444.107 553.178
444.383 595.292
444.658 591.406
444.934 481.519
445.210 678.632
445.485 711.745
445.761 686.858
446.036 585.970
446.312 657.083
446.587 623.195
446.863 455.306
447.139 551.418
447.414 644.529
447.690 671.640
447.965 715.751
448.241 578.862
448.516 528.972
448.792 541.082
449.068 575.192
449.343 577.302
449.619 477.411
449.894 489.521
450.170 456.630
450.445 701.738
450.721 693.847
450.997 405.955
451.272 566.063
451.548 551.171
451.823 502.279
452.099 629.386
452.375 501.494
452.650 443.601
452.926 534.708
453.201 566.814
453.477 812.920
453.752 726.027
454.028 554.132
454.304 575.238
454.579 607.344
454.855 561.449
455.130 603.554
455.406 740.659
455.681 677.763
455.957 599.868
456.233 543.972
456.508 546.076
456.784 582.180
457.059 521.283
457.335 683.387
457.610 642.490
457.886 609.593
458.162 561.696
458.437 572.798
458.713 686.900
458.988 585.002
459.264 665.104
459.539 711.206
459.815 600.307
460.091 508.409
460.366 514.510
460.642 476.611
460.917 520.711
461.193 562.812
461.468 511.912
461.744 533.012
462.020 502.112
462.295 562.212
462.571 554.311
462.846 611.410
463.122 717.509
463.397 724.608
463.673 634.073
463.949 619.186
464.224 607.296
464.500 589.412
464.775 513.099
465.051 578.041
465.327 566.728
465.602 642.108
465.878 640.848
466.153 457.670
466.429 708.973
466.704 872.035
466.980 761.875
467.256 749.971
467.531 832.900
467.807 809.783
468.082 740.740
468.358 673.027
468.633 724.346
468.909 687.293
469.185 599.637
469.460 653.655
469.736 703.754
470.011 560.848
470.287 619.734
470.562 737.006
470.838 596.573
471.114 614.441
471.389 617.566
471.665 596.040
471.940 631.150
472.216 653.511
472.491 528.634
472.767 550.562
473.043 702.785
473.318 807.341
473.594 667.815
473.869 595.342
474.145 556.778
474.421 599.597
474.696 608.846
474.972 515.872
475.247 609.253
475.523 718.704
475.798 711.374
476.074 701.576
476.350 650.752
476.625 637.235
476.901 698.489
477.176 686.667
477.452 616.883
477.727 543.729
478.003 423.348
478.279 606.365
478.554 707.065
478.830 726.186
479.105 767.440
479.381 705.899
479.656 584.285
479.932 564.531
480.208 689.555
480.483 758.713
480.759 781.046
481.034 616.709
481.310 544.070
481.585 614.633
481.861 655.042
482.137 547.723
482.412 636.796
482.688 682.792
482.963 701.251
483.239 740.714
483.514 519.357
483.790 598.404
484.066 867.621
484.341 727.120
484.617 644.725
484.892 692.282
485.168 673.461
485.443 622.179
485.719 633.198
485.995 660.795
486.270 648.330
486.546 569.979
486.821 531.486
487.097 509.788
487.373 568.539
487.648 719.077
487.924 732.217
488.199 565.568
488.475 389.814
488.750 404.817
489.026 584.883
489.302 599.684
489.577 540.353
489.853 557.533
490.128 724.117
490.404 635.425
490.679 426.112
490.955 681.884
491.231 802.198
491.506 676.839
491.782 530.666
492.057 517.506
492.333 629.130
492.608 593.006
492.884 585.256
493.160 450.305
493.435 458.129
493.711 618.011
493.986 572.430
494.262 536.794
494.537 543.735
494.813 654.258
495.089 533.171
495.364 581.382
495.640 549.042
495.915 483.304
496.191 649.687
496.467 587.350
496.742 565.752
497.018 632.099
497.293 568.997
497.569 620.031
497.844 599.554
498.120 647.155
498.396 608.833
498.671 554.896
498.947 641.368
499.222 637.112
499.498 578.120
499.773 599.092
500.049 599.366
500.325 571.098
500.600 649.316
500.876 629.021
501.151 751.723
501.427 729.461
501.702 739.315
501.978 773.562
502.254 760.090
502.529 617.550
502.805 678.670
503.080 821.567
503.356 722.572
503.631 627.417
503.907 653.054
504.183 604.546
504.458 637.010
504.734 661.719
505.009 708.305
505.285 655.453
505.560 653.853
505.836 624.225
506.112 646.566
506.387 578.827
506.663 536.859
506.938 589.511
507.214 604.751
507.490 652.699
507.765 655.140
508.041 690.531
508.316 771.331
508.592 650.011
508.867 667.538
509.143 802.618
509.419 690.127
509.694 596.537
509.970 618.675
510.245 562.453
510.521 647.961
510.796 565.467
511.072 536.567
511.348 602.367
511.623 632.348
511.899 569.896
512.174 666.718
512.450 708.785
512.725 655.283
513.001 534.783
513.277 517.491
513.552 682.545
513.828 641.819
514.103 645.196
514.379 758.327
514.654 639.776
514.930 651.357
515.206 935.379
515.481 792.168
515.757 612.427
516.032 528.725
516.308 601.001
516.583 703.896
516.859 648.064
517.135 608.208
517.410 632.359
517.686 673.242
517.961 647.068
518.237 580.893
518.513 467.540
518.788 680.886
519.064 747.204
519.339 609.826
519.615 482.854
519.890 551.884
520.166 574.538
520.442 701.095
520.717 720.408
520.993 640.241
521.268 529.005
521.544 530.994
521.819 449.345
522.095 479.688
522.371 629.818
522.646 655.768
522.922 724.168
523.197 688.790
523.473 773.361
523.748 693.041
524.024 594.538
524.300 561.108
524.575 485.572
524.851 520.083
525.126 537.812
525.402 632.168
525.677 712.613
525.953 622.127
526.229 597.332
526.504 571.170
526.780 733.209
527.055 656.460
527.331 642.167
527.606 688.820
527.882 676.738
528.158 595.072
528.433 762.301
528.709 703.821
528.984 649.179
529.260 621.641
529.535 648.002
529.811 511.655
530.087 457.839
530.362 496.876
530.638 632.165
530.913 695.161
531.189 693.962
531.465 600.392
531.740 617.457
532.016 688.714
532.291 621.075
532.567 661.098
532.842 742.553
533.118 670.588
533.394 794.599
533.669 679.473
533.945 583.229
534.220 587.179
534.496 725.103
534.771 714.173
535.047 725.661
535.323 717.640
535.598 733.584
535.874 758.773
536.149 750.776
536.425 641.980
536.700 552.998
536.976 598.259
537.252 701.947
537.527 555.347
537.803 537.724
538.078 651.389
538.354 712.411
538.629 635.414
538.905 633.504
539.181 708.776
539.456 653.608
539.732 767.835
540.007 819.226
540.283 583.927
540.558 550.832
540.834 641.000
541.110 583.277
541.385 495.216
541.661 640.818
541.936 693.047
542.212 572.192
542.488 543.508
542.763 618.887
543.039 648.328
543.314 652.354
543.590 583.545
543.865 646.164
544.141 678.992
544.417 711.819
544.692 644.348
544.968 803.293
545.243 761.404
545.519 524.359
545.794 553.763
546.070 685.032
546.348 666.865
546.627 573.812
546.905 745.584
547.183 717.346
547.461 752.159
547.740 848.540
548.018 674.489
548.296 522.931
548.575 456.452
548.853 408.841
549.131 489.333
549.409 553.386
549.688 648.679
549.966 613.020
550.244 627.955
550.523 555.039
550.801 564.445
551.079 633.179
551.357 721.265
551.636 698.867
551.914 647.246
552.192 538.819
552.471 662.800
552.749 758.099
553.027 683.588
553.306 677.069
553.584 775.450
553.862 678.474
554.140 718.802
554.419 685.401
554.697 720.713
554.975 826.714
555.254 809.340
555.532 578.133
555.810 674.207
556.088 769.343
556.367 664.234
556.645 553.717
556.923 581.006
557.202 610.619
557.480 700.368
557.758 571.709
558.036 502.895
558.315 555.215
558.593 705.314
558.871 683.099
559.150 627.724
559.428 621.376
559.706 530.240
559.984 551.013
560.263 749.182
560.541 716.991
560.819 687.866
561.098 749.093
561.376 769.335
561.654 663.615
561.932 542.070
562.211 666.919
562.489 757.266
562.767 703.805
563.046 571.004
563.324 546.513
563.602 607.605
563.880 556.207
564.159 653.185
564.437 739.855
564.715 624.491
564.994 507.457
565.272 620.749
565.550 590.480
565.828 530.634
566.107 653.855
566.385 628.262
566.663 512.544
566.942 511.163
567.220 610.154
567.498 802.135
567.776 666.605
568.055 555.114
568.333 646.508
568.611 716.202
568.890 587.155
569.168 486.985
569.446 590.884
569.725 631.511
570.003 463.443
570.281 465.872
570.559 610.987
570.838 672.613
571.116 721.762
571.394 726.654
571.673 697.337
571.951 664.081
572.229 622.380
572.507 629.834
572.786 667.459
573.064 651.603
573.342 656.518
573.621 540.772
573.899 604.234
574.177 829.480
574.455 791.236
574.734 641.372
575.012 707.955
575.290 650.908
575.569 666.299
575.847 735.694
576.125 734.759
576.403 576.391
576.682 639.934
576.960 693.458
577.243 699.712
577.527 650.201
577.810 503.449
578.093 521.743
578.377 582.109
578.660 611.799
578.944 606.904
579.227 567.557
579.510 638.533
579.794 607.466
580.077 537.534
580.360 598.629
580.644 591.324
580.927 588.976
581.210 597.968
581.494 559.364
581.777 596.663
582.061 562.443
582.344 558.064
582.627 529.196
582.911 574.106
583.194 522.828
583.477 623.672
583.761 723.517
584.044 763.483
584.327 706.348
584.611 630.469
584.894 618.526
585.178 600.589
585.461 588.645
585.744 634.644
586.028 555.323
586.311 603.368
586.594 712.412
586.878 650.456
587.161 534.501
587.444 617.545
587.728 636.589
588.011 680.633
588.295 575.677
588.578 622.099
588.861 761.004
589.145 640.809
589.428 561.414
589.711 472.896
589.995 557.383
590.278 741.242
590.562 651.027
590.845 537.533
591.128 766.580
591.412 734.687
591.695 619.580
591.978 771.700
592.262 704.582
592.545 520.767
592.828 726.918
593.112 614.571
593.395 550.805
593.679 510.459
593.962 658.907
594.245 670.234
594.529 560.824
594.812 490.726
595.095 425.585
595.379 637.294
595.662 732.403
595.945 615.531
596.229 450.280
596.512 498.934
596.796 579.748
597.079 639.612
597.362 769.356
597.646 783.473
597.929 648.005
598.212 631.595
598.496 655.352
598.779 778.142
599.062 813.721
599.346 674.571
599.629 593.079
599.913 583.668
600.196 630.999
600.479 695.379
600.763 677.386
601.046 526.635
601.329 624.634
601.613 718.456
601.896 664.415
602.179 680.502
602.463 618.656
602.746 672.723
603.030 716.967
603.313 670.180
603.596 553.438
603.880 578.425
604.163 620.622
604.446 602.424
604.730 568.183
605.013 595.063
605.296 617.233
605.580 579.074
605.863 714.275
606.147 585.029
606.430 541.973
606.713 687.274
606.997 605.714
607.280 751.931
607.563 713.809
607.847 636.904
608.130 663.655
608.414 706.097
608.697 646.449
608.980 660.832
609.264 733.087
609.547 619.773
609.830 638.420
610.114 657.068
610.397 626.743
610.680 637.910
610.964 696.062
611.247 704.923
611.531 626.163
611.814 519.233
612.097 507.495
612.381 656.055
612.664 807.865
612.947 660.700
613.231 573.397
613.514 558.281
613.797 667.355
614.081 718.473
614.364 651.713
614.648 608.529
614.931 485.776
615.214 468.132
615.498 516.810
615.781 556.726
616.064 588.259
616.348 740.856
616.631 723.889
616.914 716.323
617.198 638.248
617.481 571.290
617.765 604.435
618.048 678.119
618.331 598.195
618.615 515.819
618.898 648.267
619.181 650.280
619.465 688.546
619.748 575.823
620.031 516.034
620.315 510.636
620.598 560.782
620.882 625.924
621.165 840.300
621.448 754.849
621.732 716.831
622.015 619.355
622.298 612.650
622.582 690.144
622.865 676.884
623.148 531.066
623.432 616.250
623.715 566.236
623.999 792.082
624.282 749.741
624.565 765.371
624.849 619.532
625.132 554.285
625.415 836.579
625.699 885.895
625.982 776.951
626.265 677.446
626.549 664.676
626.832 785.924
627.116 802.122
627.399 638.522
627.682 624.165
627.966 637.671
628.249 655.174
628.532 545.003
628.816 734.517
629.099 655.660
629.383 621.005
629.666 629.789
629.949 597.066
630.233 568.081
630.516 655.623
630.799 690.958
631.083 598.219
631.366 556.721
631.649 494.768
631.933 447.305
632.216 610.471
632.500 700.845
632.783 696.895
633.066 647.128
633.350 670.407
633.633 694.889
633.916 635.519
634.200 576.197
634.483 634.108
634.766 682.944
635.050 624.835
635.333 512.950
635.617 547.146
635.900 633.345
636.183 697.458
636.467 592.861
636.750 563.472
637.033 619.164
637.317 578.879
637.600 583.066
637.883 569.404
638.167 580.159
638.450 587.530
638.734 542.618
639.017 612.874
639.300 604.478
639.584 537.527
639.867 743.358
640.150 673.230
640.434 729.388
640.717 698.831
641.000 573.628
641.284 616.650
641.567 530.260
641.851 530.235
642.134 693.091
642.417 635.465
642.701 757.699
642.984 827.115
643.267 733.189
643.551 593.706
643.834 553.056
644.117 601.258
644.401 557.803
644.684 606.568
644.968 705.390
645.251 612.827
645.534 476.834
645.818 474.051
646.101 640.723
646.384 721.505
646.668 652.990
646.951 513.114
647.235 540.882
647.518 545.612
647.801 610.491
648.085 633.422
648.368 589.875
648.651 472.423
648.935 578.804
649.218 736.085
649.501 594.490
649.785 514.864
650.068 630.016
650.352 656.136
650.635 652.060
650.918 583.644
651.202 652.697
651.485 740.716
651.768 653.047
652.052 515.764
652.335 487.171
652.618 529.732
652.902 582.659
653.185 692.463
653.469 628.564
653.752 546.199
654.035 586.655
654.319 724.013
654.602 700.504
654.885 674.508
655.169 725.322
655.452 611.623
655.735 610.118
656.019 655.570
656.302 591.543
656.586 639.612
656.869 804.562
657.152 721.034
657.436 618.716
657.719 731.039
658.002 778.692
658.286 715.873
658.569 550.906
658.852 501.291
659.136 631.274
659.419 697.294
659.703 604.939
659.986 681.112
660.269 704.908
660.553 576.174
660.836 673.765
661.119 803.877
661.403 741.390
661.686 634.867
661.969 602.344
662.253 564.160
662.536 628.215
662.820 715.206
663.103 682.782
663.386 654.414
663.670 617.933
663.953 543.837
664.236 682.209
664.520 614.357
664.803 581.965
665.086 543.956
665.370 643.828
665.653 768.477
665.937 731.761
666.220 690.208
666.503 628.372
666.787 627.387
667.070 639.871
667.353 700.876
667.637 573.723
667.920 664.016
668.204 590.792
668.487 510.455
668.770 707.542
669.054 596.573
669.337 545.223
669.620 577.872
669.904 589.532
670.187 707.390
670.470 804.059
670.754 733.680
671.037 603.307
671.321 513.854
671.604 628.928
671.887 695.107
672.171 683.877
672.454 669.914
672.737 675.414
673.021 647.418
673.304 628.604
673.587 786.744
673.871 803.824
674.154 744.707
674.438 706.447
674.721 713.670
675.004 717.519
675.288 677.424
675.571 667.852
675.854 588.581
676.138 593.340
676.421 564.053
676.704 496.483
676.988 663.182
677.271 856.044
677.555 746.306
677.838 650.161
678.121 622.658
678.405 646.750
678.688 801.023
678.971 593.169
679.255 651.633
679.538 758.507
679.821 753.347
680.105 660.698
680.388 610.881
680.672 562.686
680.955 601.175
681.238 659.059
681.522 599.149
681.805 633.376
682.088 725.451
682.372 733.534
682.655 642.468
682.938 692.599
683.222 726.029
683.505 658.894
683.789 700.718
684.072 736.272
684.355 758.495
684.639 720.943
684.922 627.023
685.205 633.313
685.489 726.241
685.772 720.757
686.056 735.136
686.339 778.049
686.622 628.225
686.906 621.989
687.189 753.539
687.472 900.747
687.756 740.292
688.039 566.770
688.322 499.990
688.606 709.828
688.889 747.432
689.173 658.732
689.456 705.730
689.739 678.616
690.023 659.165
690.306 645.635
690.589 568.947
690.873 675.560
691.156 741.143
691.439 616.298
691.723 514.347
692.006 605.533
692.290 651.077
692.573 701.309
692.856 758.948
693.140 714.414
693.423 641.236
693.706 512.392
693.990 548.586
694.273 602.796
694.556 796.213
694.840 795.817
695.123 626.631
695.407 680.705
695.690 578.401
695.973 593.455
696.257 645.392
696.540 791.872
696.830 696.530
697.120 674.972
697.410 704.077
697.699 675.687
697.989 821.536
698.279 680.864
698.569 557.240
698.859 644.355
699.149 659.421
699.439 632.214
699.729 585.675
700.018 548.964
700.308 645.269
700.598 509.717
700.888 447.211
701.178 624.446
701.468 616.737
701.758 509.753
702.048 561.767
702.337 499.669
702.627 661.146
702.917 640.988
703.207 585.340
703.497 677.330
703.787 524.914
704.077 543.574
704.366 670.015
704.656 579.096
704.946 522.381
705.236 533.871
705.526 643.141
705.816 774.901
706.106 552.815
706.396 575.196
706.685 604.289
706.975 495.077
707.265 482.225
707.555 684.794
707.845 628.950
708.135 530.856
708.425 513.494
708.715 521.937
709.004 725.001
709.294 714.154
709.584 641.762
709.874 688.135
710.164 703.937
710.454 634.204
710.744 573.383
711.034 614.260
711.323 665.238
711.613 625.890
711.903 696.093
712.193 760.028
712.483 623.374
712.773 601.763
713.063 597.660
713.352 614.141
713.642 585.591
713.932 716.178
714.222 765.437
714.512 652.847
714.802 634.834
715.092 684.274
715.382 542.739
715.671 519.512
715.961 587.896
716.251 533.968
716.541 596.035
716.831 686.829
717.121 575.574
717.411 718.034
717.701 693.175
717.990 574.535
718.280 498.960
718.570 520.948
718.860 552.914
719.150 568.745
719.440 552.956
719.730 530.582
720.019 780.096
720.309 696.812
720.599 579.354
720.889 551.775
721.179 599.643
721.469 640.467
721.759 565.359
722.049 635.370
722.338 516.503
722.628 569.389
722.918 624.525
723.208 692.092
723.498 569.036
723.788 614.840
724.078 750.567
724.368 694.176
724.657 636.688
724.947 677.823
725.237 713.247
725.527 749.947
725.817 678.849
726.107 570.587
726.397 509.679
726.686 486.488
726.976 529.062
727.266 693.492
727.556 654.827
727.846 694.204
728.136 655.835
728.426 540.847
728.716 484.665
729.005 673.639
729.295 610.674
729.585 448.773
729.875 457.614
730.165 555.071
730.455 606.497
730.745 662.446
731.035 659.553
731.324 697.821
731.614 669.301
731.904 586.395
732.194 669.020
732.484 628.834
732.774 569.516
733.064 541.325
733.354 446.987
733.643 531.242
733.933 587.274
734.223 532.713
734.513 705.247
734.803 724.492
735.093 572.316
735.383 546.527
735.672 618.813
735.962 707.128
736.252 533.435
736.542 597.184
736.832 585.450
737.122 459.573
737.412 522.338
737.702 634.744
737.991 653.409
738.281 625.215
738.571 630.515
738.861 623.901
739.151 604.236
739.441 705.923
739.731 571.232
740.021 583.215
740.310 713.987
740.600 766.044
740.890 536.967
741.180 553.842
741.470 597.296
741.760 704.917
742.050 853.011
742.339 728.111
742.629 583.718
742.919 770.681
743.209 591.085
743.499 524.429
743.789 566.551
744.079 638.848
744.369 694.615
744.658 647.448
744.948 459.697
745.238 610.816
745.528 660.389
745.818 761.262
746.108 683.900
746.398 658.779
746.688 651.847
746.977 776.990
747.267 641.954
747.557 647.582
747.847 737.064
748.137 689.060
748.427 650.273
748.717 540.382
749.006 427.425
749.296 588.228
749.586 624.478
749.876 712.768
750.166 586.293
750.456 639.737
750.746 681.313
751.036 546.601
751.325 674.364
751.615 638.094
751.905 637.113
752.195 671.769
752.485 582.788
752.775 577.384
753.065 542.368
753.355 718.563
753.644 698.561
753.934 622.371
754.224 616.750
754.514 785.058
754.804 570.649
755.094 486.414
755.384 571.689
755.674 641.918
755.963 683.060
756.253 672.720
756.543 708.172
756.833 706.599
757.123 692.855
757.413 644.324
757.703 623.237
757.992 547.878
758.282 563.411
758.572 568.015
758.862 565.018
759.152 592.172
759.442 588.584
759.732 687.686
760.022 743.986
760.311 644.149
760.601 484.207
760.891 664.306
761.181 685.767
761.471 675.409
761.761 553.247
762.051 494.856
762.341 617.113
762.630 719.464
762.920 645.967
763.210 688.975
763.500 693.335
763.793 583.584
764.086 609.785
764.379 614.220
764.671 676.612
764.964 590.111
765.257 638.418
765.550 666.941
765.843 505.669
766.136 572.219
766.429 551.067
766.722 633.108
767.014 569.108
767.307 438.783
767.600 452.899
767.893 474.543
768.186 485.649
768.479 559.255
768.772 680.241
769.064 678.242
769.357 612.118
769.650 579.487
769.943 748.105
770.236 680.650
770.529 515.023
770.822 539.234
771.115 679.372
771.407 801.165
771.700 750.728
771.993 768.676
772.286 718.473
772.579 733.895
772.872 539.356
773.165 502.074
773.457 627.092
773.750 663.060
774.043 547.032
774.336 643.562
774.629 699.741
774.922 638.910
775.215 588.473
775.508 580.256
775.800 522.345
776.093 663.875
776.386 669.260
776.679 575.289
776.972 600.482
777.265 804.930
777.558 873.554
777.850 693.798
778.143 678.740
778.436 687.488
778.729 678.773
779.022 649.644
779.315 575.289
779.608 517.015
779.900 583.363
780.193 606.495
780.486 604.899
780.779 572.213
781.072 511.536
781.365 623.399
781.658 662.194
781.951 578.878
782.243 597.774
782.536 665.256
782.829 682.341
783.122 697.418
783.415 677.678
783.708 662.649
784.001 647.620
784.293 708.820
784.586 767.245
784.879 740.207
785.172 650.393
785.465 598.957
785.758 686.147
786.051 710.212
786.344 736.808
786.636 844.669
786.929 606.447
787.222 568.562
787.515 555.428
787.808 587.301
788.101 565.339
788.394 725.196
788.686 854.083
788.979 836.953
789.272 749.220
789.565 646.692
789.858 550.899
790.151 500.516
790.444 486.546
790.737 511.049
791.029 532.001
791.322 675.729
791.615 609.269
791.908 633.479
792.201 654.819
792.494 604.331
792.787 674.462
793.079 792.797
793.372 672.501
793.665 658.232
793.958 638.308
794.251 652.282
794.544 729.337
794.837 884.616
795.130 679.248
795.422 628.416
795.715 661.333
796.008 682.967
796.301 664.689
796.594 628.848
796.887 694.601
797.180 683.345
797.472 520.848
797.765 434.123
798.058 527.332
798.351 542.828
798.644 483.023
798.937 447.146
799.230 531.378
799.523 892.840
799.815 817.083
800.108 539.929
800.401 495.079
800.694 669.241
800.987 592.817
801.280 623.986
801.573 676.949
801.865 757.883
802.158 661.333
802.451 549.572
802.744 574.537
803.037 604.493
803.330 592.125
803.623 667.397
803.915 639.468
804.208 518.244
804.501 566.344
804.794 637.430
805.087 611.807
805.380 522.868
805.673 523.361
805.966 643.496
806.258 614.096
806.551 644.460
806.844 635.439
807.137 704.434
807.430 550.128
807.723 544.119
808.016 729.877
808.308 788.704
808.601 648.581
808.894 582.497
809.187 628.415
809.480 625.786
809.773 603.061
810.066 689.196
810.359 745.292
810.651 716.539
810.944 508.170
811.237 505.671
811.530 614.666
811.825 570.857
812.119 512.778
812.414 486.557
812.709 611.306
813.003 601.424
813.298 576.564
813.593 643.603
813.887 596.408
814.182 937.389
814.476 809.421
814.771 769.842
815.066 690.040
815.360 531.833
815.655 550.140
815.950 620.908
816.244 622.957
816.539 729.237
816.834 701.728
817.128 717.765
817.423 751.707
817.718 879.794
818.012 719.439
818.307 483.061
818.602 569.141
818.896 640.139
819.191 621.285
819.486 616.400
819.780 701.893
820.075 833.387
820.369 794.795
820.664 584.452
820.959 690.057
821.253 768.507
821.548 688.729
821.843 744.172
822.137 715.854
822.432 669.443
822.727 667.028
823.021 652.081
823.316 761.450
823.611 801.803
823.905 630.363
824.200 535.526
824.495 708.611
824.789 803.563
825.084 724.754
825.379 654.858
825.673 623.885
825.968 715.167
826.262 657.677
826.557 687.418
826.852 724.920
827.146 690.964
827.441 660.554
827.736 740.887
828.030 695.993
828.325 498.878
828.620 702.715
828.914 809.746
829.209 593.204
829.504 755.035
829.798 764.034
830.093 657.532
830.388 557.124
830.682 454.121
830.977 651.649
831.271 714.370
831.566 556.583
831.861 589.882
832.155 525.074
832.450 647.137
832.745 751.699
833.039 590.094
833.334 529.831
833.629 647.549
833.923 587.072
834.218 558.005
834.513 534.763
834.807 532.644
835.102 457.141
835.397 534.323
835.691 509.619
835.986 535.654
836.281 556.620
836.575 578.593
836.870 565.757
837.164 574.143
837.459 536.486
837.754 567.749
838.048 533.648
838.343 485.212
838.638 559.779
838.932 623.082
839.227 587.800
839.522 649.608
839.816 650.564
840.111 588.481
840.406 573.789
840.700 756.314
840.995 877.810
841.290 902.485
841.584 773.101
841.879 860.226
842.174 736.835
842.468 677.728
842.763 555.717
843.057 636.626
843.352 627.656
843.647 616.066
843.941 625.431
844.236 670.631
844.531 671.387
844.825 743.923
845.120 804.283
845.415 778.076
845.709 645.717
846.004 747.209
846.299 622.493
846.593 726.502
846.888 743.284
847.183 648.018
847.477 613.775
847.772 691.053
848.066 712.307
848.361 630.801
848.656 712.492
848.950 682.135
849.245 733.274
849.540 617.728
849.834 810.890
850.129 847.384
850.424 696.822
850.718 682.695
851.013 772.365
851.308 696.865
851.602 707.213
851.897 777.900
852.192 918.493
852.486 776.655
852.781 609.430
853.076 775.538
853.370 781.530
853.665 790.698
853.959 766.076
854.254 685.399
854.549 881.671
854.843 796.264
855.138 689.492
855.433 771.398
855.727 904.024
856.022 691.717
856.317 690.950
856.611 732.201
856.906 635.473
857.201 742.398
857.495 883.928
857.790 855.021
858.085 741.933
858.379 710.619
858.674 629.612
858.969 555.757
859.263 613.597
859.558 651.230
859.852 588.274
860.147 708.708
860.442 821.152
860.736 601.706
861.031 670.334
861.326 781.334
861.620 715.644
861.915 812.072
862.210 795.522
862.504 616.101
862.799 664.660
863.094 721.769
863.388 639.570
863.683 603.910
863.978 597.573
864.272 625.801
864.567 672.112
864.861 670.717
865.156 600.153
865.451 542.725
865.745 661.731
866.040 713.708
866.335 765.803
866.629 811.324
866.924 651.916
867.219 562.569
867.513 692.178
867.808 671.062
868.103 634.920
868.397 646.435
868.692 700.697
868.987 601.111
869.281 547.450
869.576 699.123
869.871 772.509
870.165 653.787
870.460 581.435
870.754 577.308
871.049 518.635
871.344 605.738
871.638 642.455
871.933 594.895
872.228 709.479
872.522 684.521
872.817 710.229
873.112 912.784
873.406 731.587
873.701 755.989
873.996 712.658
874.290 583.572
874.585 559.149
874.880 633.303
875.174 631.476
875.469 622.182
875.764 630.279
876.058 582.431
876.353 499.033
876.647 477.429
876.942 518.249
877.237 587.586
877.531 625.037
877.826 645.424
878.121 594.165
878.415 597.410
878.710 584.360
879.005 759.069
879.299 661.741
879.594 557.026
879.889 428.693
880.183 400.695
880.478 506.223
880.773 510.890
881.067 530.452
881.362 569.475
881.656 531.230
881.951 527.045
882.246 466.500
882.540 486.849
882.835 493.789
883.130 564.971
883.424 530.462
883.719 494.768
884.014 642.924
884.308 570.399
884.603 472.579
884.898 488.515
885.192 620.896
885.487 591.096
885.782 510.229
886.076 659.501
886.371 652.941
886.666 455.953
886.960 517.382
887.255 501.709
887.549 489.205
887.844 653.647
888.139 715.189
888.433 669.443
888.728 523.503
889.023 555.484
889.317 641.389
889.612 507.084
889.907 534.078
890.201 618.159
890.496 660.062
890.791 580.867
891.085 528.290
891.380 561.838
891.675 570.295
891.969 587.089
892.264 481.582
892.559 544.626
892.853 648.382
893.148 513.352
893.442 542.413
893.737 616.093
894.032 522.168
894.326 444.644
894.621 508.090
894.916 456.519
895.210 509.871
895.505 596.921
895.800 539.103
896.094 441.073
896.389 480.800
896.684 493.602
896.978 485.232
897.273 425.976
897.568 601.404
897.862 636.428
898.157 547.136
898.451 680.373
898.746 660.028
899.041 682.765
899.335 622.545
899.630 520.269
899.925 570.305
900.219 646.488
900.514 686.686
900.809 555.966
901.103 438.647
901.398 599.402
901.693 531.556
901.987 487.476
902.282 628.636
902.577 540.561
902.871 441.158
903.166 561.097
903.461 641.964
903.755 616.631
904.050 560.951
904.344 422.829
904.639 464.611
904.934 493.763
905.228 539.624
905.523 481.580
905.818 517.192
906.112 655.039
906.407 595.761
906.702 534.461
906.996 608.062
907.291 579.977
907.586 476.581
907.880 634.110
908.175 663.787
908.470 660.160
908.764 725.873
909.059 743.348
909.354 612.415
909.648 495.175
909.943 518.929
910.237 663.529
910.532 720.667
910.827 728.925
911.121 686.484
911.416 664.777
911.711 684.088
912.005 670.624
912.300 628.513
912.599 704.272
912.898 629.351
913.196 612.559
913.495 688.635
913.794 737.322
914.093 600.157
914.391 578.957
914.690 631.892
914.989 625.956
915.288 744.784
915.586 663.943
915.885 520.064
916.184 442.250
916.483 423.498
916.782 572.800
917.080 625.440
917.379 637.927
917.678 544.287
917.977 643.193
918.275 706.252
918.574 638.063
918.873 654.823
919.172 602.795
919.471 533.791
919.769 514.354
920.068 538.269
920.367 514.428
920.666 493.360
920.964 564.997
921.263 563.205
921.562 556.580
921.861 649.203
922.159 519.531
922.458 541.849
922.757 583.323
923.056 591.470
923.355 585.382
923.653 696.068
923.952 703.731
924.251 526.284
924.550 629.275
924.848 707.237
925.147 574.563
925.446 525.539
925.745 655.818
926.043 646.178
926.342 602.170
926.641 511.782
926.940 594.575
927.239 655.736
927.537 739.203
927.836 675.932
928.135 604.290
928.434 685.813
928.732 686.581
929.031 741.923
929.330 775.250
929.629 692.577
929.927 598.236
930.226 598.237
930.525 578.905
930.824 659.975
931.123 622.307
931.421 692.804
931.720 729.614
932.019 745.444
932.318 737.980
932.616 637.016
932.915 617.438
933.214 715.826
933.513 713.196
933.812 675.094
934.110 763.296
934.409 835.038
934.708 695.989
935.007 883.406
935.305 833.972
935.604 627.255
935.903 761.546
936.202 832.841
936.500 944.958
936.799 975.825
937.098 905.195
937.397 897.525
937.696 769.787
937.994 753.692
938.293 843.864
938.592 728.313
938.891 793.327
939.189 815.252
939.488 959.713
939.787 1072.772
940.086 839.620
940.384 877.737
940.683 854.043
940.982 746.790
941.281 906.462
941.580 1180.618
941.878 1127.177
942.177 860.015
942.476 908.703
942.775 931.608
943.073 761.083
943.372 672.004
943.671 839.173
943.970 1066.361
944.268 1007.809
944.567 813.367
944.866 848.468
945.165 918.775
945.464 850.175
945.762 742.205
946.061 964.434
946.360 1045.176
946.659 1037.831
946.957 954.943
947.256 884.125
947.555 852.098
947.854 880.568
948.153 884.061
948.451 799.525
948.750 807.863
949.049 820.465
949.348 1030.804
949.646 853.537
949.945 812.591
950.244 966.955
950.543 876.036
950.841 792.709
951.140 801.778
951.439 686.661
951.738 679.998
952.037 756.264
952.335 918.162
952.634 856.793
952.933 736.053
953.232 752.044
953.530 574.730
953.829 851.468
954.128 916.932
954.427 785.885
954.725 937.988
955.024 867.061
955.323 864.390
955.622 693.777
955.921 620.388
956.219 754.753
956.518 672.281
956.817 685.300
957.116 712.090
957.414 713.119
957.713 622.927
958.012 606.716
958.311 558.499
958.610 752.334
958.908 785.200
959.207 744.010
959.506 769.162
959.805 795.221
960.103 730.764
960.402 783.479
960.701 629.175
961.000 581.360
961.298 596.682
961.597 735.550
961.896 705.195
962.195 725.708
962.494 721.097
962.792 619.230
963.091 586.426
963.390 605.382
963.689 646.892
963.987 719.167
964.286 747.742
964.585 802.972
964.884 725.531
965.182 592.177
965.481 973.072
965.780 1120.263
966.080 924.703
966.380 825.974
966.680 752.931
966.981 764.956
967.281 729.219
967.581 662.064
967.881 700.452
968.181 728.180
968.481 697.496
968.781 684.766
969.082 606.186
969.382 666.385
969.682 765.588
969.982 812.916
970.282 807.058
970.582 649.154
970.882 627.338
971.183 748.286
971.483 619.627
971.783 651.496
972.083 733.480
972.383 744.704
972.683 714.301
972.983 761.041
973.284 620.798
973.584 536.748
973.884 606.382
974.184 669.609
974.484 701.245
974.784 583.983
975.084 564.200
975.385 610.838
975.685 738.534
975.985 740.049
976.285 746.439
976.585 726.895
976.885 649.008
977.185 656.123
977.486 710.526
977.786 729.236
978.086 792.437
978.386 798.500
978.686 613.456
978.986 548.330
979.286 649.338
979.587 721.346
979.887 640.354
980.187 650.362
980.487 602.370
980.787 703.378
981.087 635.387
981.387 761.395
981.688 631.403
981.988 489.411
982.288 591.419
982.588 688.427
982.888 680.435
983.188 584.443
983.488 723.451
983.789 679.459
984.089 596.467
984.389 573.475
984.689 565.483
984.989 518.491
985.289 523.499
985.589 690.507
985.890 653.515
986.190 542.522
986.490 578.530
986.790 645.538
987.090 585.546
987.390 687.554
987.690 706.562
987.991 559.570
988.291 583.578
988.591 578.586
988.891 484.594
989.191 515.601
989.491 693.609
989.791 688.617
990.092 650.625
990.392 674.633
990.692 683.641
990.992 652.648
991.292 521.656
991.592 644.664
991.892 666.672
992.193 771.680
992.493 731.687
992.793 598.695
993.093 602.703
993.393 608.711
993.693 582.718
993.993 636.726
994.294 734.734
994.594 619.742
994.894 577.749
995.194 640.757
995.494 517.765
995.794 501.773
996.094 490.780
996.395 595.788
996.695 713.796
996.995 587.803
997.295 508.811
997.595 557.819
997.895 523.826
998.195 481.834
998.496 558.842
998.796 518.849
999.096 704.857
999.396 636.864
999.696 659.872
999.996 687.880
1000.296 803.887
1000.597 779.895
1000.897 619.902
1001.197 589.910
1001.497 794.917
1001.797 646.925
1002.097 532.933
1002.397 613.940
1002.698 639.948
1002.998 786.955
1003.298 780.963
1003.598 610.970
1003.898 520.978
1004.198 656.985
1004.498 723.993
1004.799 652.000
1005.099 705.008
1005.399 744.015
1005.699 734.023
1005.999 702.030
1006.299 629.038
1006.599 847.045
1006.900 830.052
1007.200 610.060
1007.500 653.067
1007.800 680.075
1008.100 598.082
1008.400 541.090
1008.700 523.097
1009.001 515.104
1009.301 579.112
1009.601 753.119
1009.901 774.126
1010.201 683.134
1010.501 657.141
1010.801 783.149
1011.102 603.156
1011.402 631.163
1011.702 582.171
1012.002 493.178
1012.302 670.185
1012.602 676.192
1012.902 594.200
1013.203 678.207
1013.503 760.214
1013.803 764.222
1014.103 552.229
1014.403 650.236
1014.703 571.243
1015.003 510.251
1015.304 705.258
1015.604 750.265
1015.904 557.272
1016.204 514.280
1016.504 531.287
1016.804 563.294
1017.104 572.301
1017.405 604.309
1017.705 601.316
1018.005 614.323
1018.305 556.330
1018.605 549.337
1018.905 408.344
1019.205 513.352
1019.506 864.359
1019.806 830.366
1020.106 721.373
1020.406 730.380
1020.706 635.387
1021.006 689.394
1021.306 803.402
1021.607 687.409
1021.907 821.416
1022.207 743.423
1022.507 624.430
1022.807 614.437
1023.107 660.444
1023.407 554.451
1023.708 561.458
1024.008 515.465
1024.308 567.472
1024.608 552.479
1024.908 461.486
1025.208 653.493
1025.508 869.501
1025.809 775.508
1026.109 620.515
1026.409 703.522
1026.709 634.529
1027.009 633.536
1027.309 675.543
1027.609 538.550
1027.910 562.557
1028.210 687.563
1028.510 780.570
1028.810 934.577
1029.110 825.584
1029.410 701.591
1029.710 798.598
1030.011 803.605
1030.311 787.612
1030.611 668.619
1030.911 683.626
1031.211 708.633
1031.511 624.640
1031.811 791.647
1032.112 827.654
1032.412 656.660
1032.712 503.667
1033.012 596.674
1033.312 812.681
1033.612 774.688
1033.912 651.695
1034.212 568.702
1034.513 595.708
1034.813 555.715
1035.113 597.722
1035.413 526.729
1035.713 635.736
1036.013 716.742
1036.313 626.749
1036.614 689.756
1036.914 619.763
1037.214 526.770
1037.514 717.776
1037.814 675.783
1038.114 621.790
1038.414 621.797
1038.715 677.803
1039.015 551.810
1039.315 457.817
1039.615 601.824
1039.915 582.830
1040.215 564.837
1040.515 610.844
1040.816 753.851
1041.116 644.857
1041.416 547.864
1041.716 527.871
1042.016 511.877
1042.316 755.884
1042.616 670.891
1042.917 505.897
1043.217 550.904
1043.517 566.911
1043.817 663.917
1044.117 697.924
1044.417 604.931
1044.717 533.937
1045.018 560.944
1045.318 721.951
1045.618 752.957
1045.918 646.964
1046.218 522.970
1046.518 564.977
1046.818 621.984
1047.119 576.990
1047.419 734.997
1047.719 701.003
1048.019 599.010
1048.319 688.016
1048.619 661.023
1048.919 666.030
1049.220 617.036
1049.520 664.043
1049.820 638.049
1050.120 547.056
1050.420 741.062
1050.720 653.069
1051.020 598.075
1051.321 629.082
1051.621 689.088
1051.921 637.095
1052.221 557.101
1052.521 499.108
1052.821 502.114
1053.121 626.121
1053.422 685.127
1053.722 715.134
1054.022 624.140
1054.322 744.146
1054.622 636.153
1054.922 558.159
1055.222 672.166
1055.523 639.172
1055.823 650.179
1056.123 721.185
1056.423 653.191
1056.723 735.198
1057.023 690.204
1057.323 552.211
1057.624 623.217
1057.924 735.223
1058.224 697.230
1058.524 562.236
1058.824 658.242
1059.124 643.249
1059.424 596.255
1059.725 743.262
1060.025 612.268
1060.325 596.274
1060.625 581.281
1060.925 537.287
1061.225 585.293
1061.525 719.299
1061.826 649.306
1062.126 677.312
1062.426 735.318
1062.726 752.325
1063.026 707.331
1063.326 913.337
1063.626 821.344
1063.927 665.350
1064.227 663.356
1064.527 523.362
1064.827 698.369
1065.127 682.375
1065.427 481.381
1065.727 502.387
1066.028 683.394
1066.328 690.400
1066.628 543.406
1066.928 496.412
1067.228 569.418
1067.528 546.425
1067.828 523.431
1068.129 507.437
1068.429 667.443
1068.729 737.449
1069.029 659.456
1069.329 540.462
1069.629 648.468
1069.929 715.474
1070.230 759.480
1070.530 724.486
1070.830 594.492
1071.130 685.499
1071.430 672.505
1071.730 701.511
1072.030 744.517
1072.331 572.523
1072.631 594.529
1072.931 627.535
1073.231 641.541
1073.531 604.547
1073.831 556.554
1074.131 674.560
1074.432 785.566
1074.732 614.572
1075.032 544.578
1075.332 548.584
1075.632 557.590
1075.932 493.596
1076.232 508.602
1076.533 547.608
1076.833 650.614
1077.133 660.620
1077.433 641.626
1077.733 582.632
1078.033 725.638
1078.333 641.644
1078.634 641.650
1078.934 656.656
1079.234 518.662
1079.534 753.668
1079.834 853.674
1080.134 743.680
1080.434 712.686
1080.735 650.692
1081.035 662.698
1081.335 506.704
1081.635 518.710
1081.935 605.716
1082.235 580.722
1082.535 589.728
1082.836 637.734
1083.136 616.740
1083.436 714.746
1083.736 722.752
1084.036 602.758
1084.336 568.763
1084.636 577.769
1084.937 697.775
1085.237 754.781
1085.537 658.787
1085.837 678.793
1086.137 622.799
1086.437 751.805
1086.737 692.811
1087.038 638.816
1087.338 717.822
1087.638 714.828
1087.938 557.834
1088.238 428.840
1088.538 589.846
1088.838 727.851
1089.139 729.857
1089.439 548.863
1089.739 722.869
1090.039 753.875
1090.339 774.881
1090.639 642.886
1090.939 657.892
1091.240 604.898
1091.540 641.904
1091.840 623.909
1092.140 726.915
1092.453 706.921
1092.766 581.927
1093.079 525.933
1093.392 596.938
1093.705 623.944
1094.018 663.950
1094.330 807.956
1094.643 733.961
1094.956 771.967
1095.269 648.973
1095.582 635.979
1095.895 594.984
1096.208 542.990
1096.521 604.996
1096.834 671.001
1097.147 674.007
1097.460 739.013
1097.773 732.018
1098.085 616.024
1098.398 549.030
1098.711 531.035
1099.024 497.041
1099.337 649.047
1099.650 770.052
1099.963 710.058
1100.276 543.064
1100.589 536.069
1100.902 636.075
1101.215 721.081
1101.528 727.086
1101.841 621.092
1102.153 682.098
1102.466 732.103
1102.779 554.109
1103.092 525.114
1103.405 625.120
1103.718 596.126
1104.031 586.131
1104.344 722.137
1104.657 671.142
1104.970 964.148
1105.283 736.154
1105.596 579.159
1105.909 595.165
1106.221 685.170
1106.534 730.176
1106.847 588.181
1107.160 514.187
1107.473 462.192
1107.786 583.198
1108.099 516.204
1108.412 547.209
1108.725 643.215
1109.038 558.220
1109.351 677.226
1109.664 691.231
1109.977 561.237
1110.289 614.242
1110.602 598.248
1110.915 621.253
1111.228 598.259
1111.541 515.264
1111.854 538.270
1112.167 479.275
1112.480 542.281
1112.793 613.286
1113.106 608.291
1113.419 656.297
1113.732 584.302
1114.044 486.308
1114.357 606.313
1114.670 635.319
1114.983 555.324
1115.296 578.330
1115.609 670.335
1115.922 673.340
1116.235 686.346
1116.548 647.351
1116.861 586.357
1117.174 615.362
1117.487 637.367
1117.800 787.373
1118.112 659.378
1118.425 579.384
1118.738 536.389
1119.051 537.394
1119.364 514.400
1119.677 606.405
1119.990 608.410
1120.303 679.416
1120.616 790.421
1120.929 654.426
1121.242 695.432
1121.555 739.437
1121.868 689.442
1122.180 616.448
1122.493 508.453
1122.806 507.458
1123.119 611.464
1123.432 669.469
1123.745 690.474
1124.058 596.480
1124.371 570.485
1124.684 722.490
1124.997 686.496
1125.310 585.501
1125.623 497.506
1125.935 447.511
1126.248 547.517
1126.561 627.522
1126.874 621.527
1127.187 693.532
1127.500 690.538
1127.813 662.543
1128.126 658.548
1128.439 678.553
1128.752 820.559
1129.065 607.564
1129.378 370.569
1129.691 501.574
1130.003 613.580
1130.316 604.585
1130.629 538.590
1130.942 609.595
1131.255 578.600
1131.568 523.606
1131.881 575.611
1132.194 678.616
1132.507 653.621
1132.820 634.626
1133.133 744.632
1133.446 623.637
1133.759 799.642
1134.071 1237.647
1134.384 850.652
1134.697 785.657
1135.010 820.663
1135.323 668.668
1135.636 542.673
1135.949 516.678
1136.262 565.683
1136.575 549.688
1136.888 562.693
1137.201 588.698
1137.514 582.704
1137.826 690.709
1138.139 626.714
1138.452 617.719
1138.765 813.724
1139.078 839.729
1139.391 771.734
1139.704 726.739
1140.017 717.744
1140.330 610.749
1140.643 559.755
1140.956 570.760
1141.269 634.765
1141.582 671.770
1141.894 583.775
1142.207 754.780
1142.520 711.785
1142.833 782.790
1143.146 626.795
1143.459 488.800
1143.772 595.805
1144.085 696.810
1144.398 626.815
1144.711 614.820
1145.024 584.825
1145.337 643.830
1145.650 672.835
1145.962 573.840
1146.275 619.845
1146.588 495.850
1146.901 664.855
1147.214 647.860
1147.527 556.865
1147.840 682.870
1148.153 668.875
1148.466 677.880
1148.779 654.885
1149.092 687.890
1149.405 588.895
1149.718 640.900
1150.030 702.905
1150.343 633.910
1150.656 513.915
1150.969 496.920
1151.282 757.925
1151.595 712.930
1151.908 638.935
1152.221 416.939
1152.534 424.944
1152.847 738.949
1153.160 686.954
1153.473 688.959
1153.785 691.964
1154.098 698.969
1154.411 824.974
1154.724 724.979
1155.037 755.984
1155.350 683.988
1155.663 708.993
1155.976 600.998
1156.289 697.003
1156.602 558.008
1156.915 445.013
1157.228 480.018
1157.541 595.023
1157.853 563.027
1158.166 605.032
1158.479 710.037
1158.792 675.042
1159.105 626.047
1159.418 669.052
1159.731 636.056
1160.044 635.061
1160.357 750.066
1160.670 714.071
1160.983 493.076
1161.296 597.081
1161.609 740.085
1161.921 648.090
1162.234 617.095
1162.547 486.100
1162.860 479.105
1163.173 494.109
1163.486 584.114
1163.799 614.119
1164.112 590.124
1164.425 599.128
1164.738 555.133
1165.051 479.138
1165.364 561.143
1165.676 620.147
1165.989 656.152
1166.302 579.157
1166.615 676.162
1166.928 657.166
1167.241 746.171
1167.554 727.176
1167.867 722.181
1168.180 648.185
1168.493 522.190
1168.806 592.195
1169.119 589.200
1169.432 714.204
1169.744 691.209
1170.057 637.214
1170.370 719.218
1170.683 703.223
1170.996 628.228
1171.309 651.232
1171.622 584.237
1171.935 601.242
1172.248 804.247
1172.561 754.251
1172.874 628.256
1173.187 667.261
1173.500 733.265
1173.812 772.270
1174.125 707.275
1174.438 689.279
1174.751 546.284
1175.064 578.288
1175.377 689.293
1175.690 591.298
1176.003 524.302
1176.316 560.307
1176.629 640.312
1176.942 623.316
1177.255 562.321
1177.567 503.325
1177.880 556.330
1178.193 677.335
1178.506 604.339
1178.819 696.344
1179.132 768.348
1179.445 561.353
1179.758 696.358
1180.071 691.362
1180.384 560.367
1180.697 600.371
1181.010 620.376
1181.323 763.381
1181.635 826.385
1181.948 764.390
1182.261 609.394
1182.574 567.399
1182.887 631.403
1183.200 825.408
1183.513 759.412
1183.826 660.417
1184.139 695.422
1184.452 663.426
1184.765 568.431
1185.078 436.435
1185.391 544.440
1185.703 557.444
1186.016 468.449
1186.329 465.453
1186.642 656.458
1186.955 796.462
1187.268 654.467
1187.581 599.471
1187.894 599.476
1188.207 666.480
1188.520 605.485
1188.833 613.489
1189.146 521.494
1189.459 453.498
1189.771 556.503
1190.084 692.507
1190.397 591.512
1190.710 647.516
1191.023 706.521
1191.336 684.525
1191.649 643.529
1191.962 644.534
1192.275 571.538
1192.588 667.543
1192.901 832.547
1193.214 699.552
1193.526 642.556
1193.839 656.560
1194.152 562.565
1194.465 722.569
1194.778 632.574
1195.091 612.578
1195.404 603.583
1195.717 643.587
1196.030 739.591
1196.343 609.596
1196.656 512.600
1196.969 607.605
1197.282 647.609
1197.594 643.613
1197.907 763.618
1198.220 729.622
1198.533 617.627
1198.846 608.631
1199.159 543.635
1199.472 545.640
1199.785 661.644
1200.098 534.648
1200.411 638.653
1200.724 660.657
1201.037 637.661
1201.350 544.666
1201.662 499.670
1201.975 631.674
1202.288 645.679
1202.601 231.683
