165.028 109.583
165.288 21.216
165.547 66.852
165.807 125.491
166.067 -2.866
166.327 -104.220
166.587 -53.571
166.847 83.081
167.107 114.736
167.367 146.394
167.627 164.054
167.886 98.718
168.146 106.385
168.406 289.055
168.666 217.728
168.926 121.403
169.186 175.082
169.446 149.763
169.706 19.447
169.966 154.133
170.225 167.823
170.485 179.515
170.745 249.209
171.005 336.906
171.265 193.606
171.525 118.309
171.785 80.014
172.045 36.721
172.305 151.431
172.564 128.144
172.824 -1.142
173.084 135.576
173.344 96.295
173.604 121.017
173.864 210.741
174.124 159.468
174.384 110.196
174.644 224.927
174.903 365.660
175.163 349.396
175.423 372.133
175.683 166.873
175.943 164.614
176.203 124.358
176.463 106.104
176.723 62.851
176.983 128.601
177.242 158.353
177.502 324.106
177.762 382.862
178.022 152.619
178.282 123.378
178.542 83.139
178.802 75.902
179.062 100.666
179.322 329.432
179.581 372.200
179.841 197.970
180.101 262.741
180.361 241.513
180.621 168.288
180.881 91.064
181.141 139.841
181.401 180.620
181.661 229.401
181.920 278.183
182.180 210.966
182.440 157.751
182.700 94.537
182.960 67.324
183.220 154.113
183.480 377.903
183.740 218.695
184.000 106.487
184.259 26.281
184.519 219.076
184.779 196.872
185.039 220.670
185.299 325.468
185.559 286.268
185.819 313.069
186.079 315.870
186.339 200.673
186.598 180.477
186.858 90.282
187.118 94.087
187.378 236.894
187.638 161.702
187.898 258.510
188.158 343.319
188.418 222.130
188.678 116.941
188.937 218.752
189.197 321.565
189.457 273.378
189.717 215.192
189.977 101.007
190.237 109.822
190.497 261.638
190.757 223.455
191.017 236.272
191.276 146.090
191.536 167.908
191.796 150.727
192.056 164.547
192.316 189.367
192.576 127.187
192.836 75.008
193.096 154.829
193.356 159.651
193.616 205.473
193.875 178.296
194.135 155.119
194.395 307.942
194.655 335.766
194.915 274.590
195.175 192.414
195.435 271.238
195.695 106.063
195.955 -6.113
196.214 152.712
196.474 303.538
196.734 263.363
196.994 313.188
197.254 339.014
197.514 239.840
197.774 192.666
198.034 138.491
198.294 102.317
198.553 127.143
198.813 166.969
199.073 87.795
199.333 123.621
199.593 291.447
199.853 292.273
200.113 360.098
200.373 335.924
200.633 129.749
200.892 119.575
201.152 140.400
201.412 168.225
201.672 270.050
201.932 457.875
202.192 375.699
202.452 167.523
202.712 204.347
202.972 296.171
203.231 352.994
203.491 266.817
203.751 243.640
204.011 323.463
204.271 428.285
204.531 273.107
204.791 184.928
205.051 142.749
205.311 233.570
205.570 162.390
205.830 199.210
206.090 180.029
206.350 284.848
206.610 500.666
206.870 315.484
207.130 224.302
207.390 274.119
207.650 230.935
207.909 263.751
208.169 329.566
208.429 289.381
208.689 165.195
208.949 285.009
209.209 371.822
209.469 166.634
209.729 141.446
209.989 223.257
210.248 122.067
210.508 425.877
210.768 367.686
211.028 205.494
211.288 336.302
211.548 292.109
211.808 271.915
212.068 392.720
212.328 459.525
212.587 442.329
212.847 300.132
213.107 306.935
213.367 276.736
213.627 272.537
213.887 304.337
214.147 208.136
214.407 261.935
214.667 277.732
214.926 325.529
215.186 305.325
215.446 320.120
215.706 246.914
215.966 201.707
216.226 268.499
216.486 223.290
216.746 265.081
217.006 358.870
217.265 211.659
217.525 132.446
217.785 250.233
218.045 272.018
218.305 243.803
218.565 228.587
218.825 270.369
219.085 421.151
219.345 217.932
219.604 188.711
219.864 300.490
220.124 299.268
220.384 252.044
220.644 262.820
220.904 214.594
221.164 296.367
221.424 270.140
221.684 204.911
221.943 257.681
222.203 320.450
222.463 199.218
222.723 135.985
222.983 274.751
223.243 228.515
223.503 297.279
223.763 218.041
224.023 182.803
224.282 317.563
224.542 362.322
224.802 373.079
225.062 356.836
225.322 418.591
225.582 298.346
225.842 263.099
226.102 313.851
226.362 329.601
226.621 333.351
226.881 250.099
227.141 290.846
227.401 345.592
227.661 272.337
227.921 399.080
228.181 327.823
228.441 235.564
228.701 423.303
228.960 454.042
229.220 263.779
229.480 218.515
229.740 344.250
230.000 410.983
230.260 281.716
230.520 189.447
230.780 186.176
231.040 232.905
231.299 217.632
231.559 314.358
231.819 318.082
232.079 350.805
232.339 308.527
232.599 159.248
232.859 288.967
233.119 371.685
233.379 295.402
233.638 311.118
233.898 426.832
234.158 370.545
234.418 221.256
234.678 332.966
234.938 355.675
235.198 192.383
235.458 190.089
235.718 317.794
235.978 307.497
236.237 279.199
236.497 323.900
236.757 386.599
237.017 332.298
237.277 347.994
237.537 359.690
237.797 301.384
238.057 370.076
238.317 284.768
238.576 136.458
238.836 219.146
239.096 344.834
239.356 347.519
239.616 321.204
239.876 335.887
240.136 284.569
240.396 399.249
240.656 480.928
240.915 393.606
241.175 370.282
241.435 222.957
241.695 339.630
241.955 494.303
242.215 530.973
242.475 434.643
242.735 281.311
242.995 353.977
243.254 374.642
243.514 355.306
243.774 232.968
244.034 266.629
244.294 567.289
244.554 466.947
244.814 385.604
245.074 333.260
245.334 265.914
245.593 284.566
245.853 288.217
246.113 239.867
246.373 350.516
246.633 452.163
246.893 382.808
247.153 358.453
247.413 414.096
247.673 406.737
247.932 335.377
248.192 421.016
248.452 514.653
248.712 408.289
248.972 251.923
249.232 489.556
249.492 341.188
249.752 173.818
250.012 361.447
250.271 380.075
250.531 371.701
250.791 539.325
251.051 521.949
251.311 394.571
251.571 225.191
251.831 316.810
252.091 360.428
252.351 300.044
252.610 304.659
252.870 378.273
253.130 357.885
253.390 360.495
253.650 468.105
253.911 446.713
254.172 467.319
254.433 366.924
254.694 319.528
254.955 413.131
255.216 320.732
255.477 437.331
255.738 430.929
255.999 319.526
256.261 410.122
256.522 412.716
256.783 443.308
257.044 255.900
257.305 172.490
257.566 181.078
257.827 178.665
258.088 280.251
258.349 344.836
258.610 391.419
258.871 440.000
259.132 479.581
259.393 336.159
259.654 229.737
259.915 184.313
260.176 314.888
260.437 485.462
260.698 385.034
260.959 273.604
261.221 396.174
261.482 495.742
261.743 438.308
262.004 385.874
262.265 581.438
262.526 478.000
262.787 317.562
263.048 336.121
263.309 290.680
263.570 424.237
263.831 390.793
264.092 359.348
264.353 274.901
264.614 527.453
264.875 455.003
265.136 299.552
265.397 537.100
265.658 613.647
265.919 598.192
266.181 533.736
266.442 405.278
266.703 358.819
266.964 325.359
267.225 288.898
267.486 301.435
267.747 417.971
268.008 469.505
268.269 538.039
268.530 461.571
268.791 422.101
269.052 506.631
269.313 455.159
269.574 368.685
269.835 405.211
270.096 383.735
270.357 421.258
270.618 423.779
270.879 355.300
271.141 406.819
271.402 391.336
271.663 303.853
271.924 393.368
272.185 430.882
272.446 390.394
272.707 356.905
272.968 356.415
273.229 351.924
273.490 368.432
273.751 304.938
274.012 381.443
274.273 454.946
274.534 378.449
274.795 425.950
275.056 451.450
275.317 343.948
275.578 258.446
275.839 300.942
276.101 310.437
276.362 275.930
276.623 379.423
276.884 462.914
277.145 419.404
277.406 388.892
277.667 293.380
277.928 303.866
278.189 545.351
278.450 510.835
278.711 425.317
278.972 413.799
279.233 354.279
279.494 452.757
279.755 582.235
280.016 654.712
280.277 488.187
280.538 454.661
280.799 340.134
281.061 356.605
281.322 402.076
281.583 331.545
281.844 257.013
282.105 277.480
282.366 377.945
282.627 363.410
282.888 466.873
283.149 465.335
283.410 398.796
283.671 425.256
283.932 375.714
284.193 234.172
284.454 307.628
284.715 407.083
284.976 361.537
285.237 477.989
285.498 732.441
285.759 585.891
286.021 542.341
286.282 459.789
286.543 471.236
286.804 429.682
287.065 479.126
287.326 515.570
287.587 336.012
287.848 422.453
288.109 546.893
288.370 487.332
288.631 297.770
288.892 238.207
289.153 285.642
289.414 267.077
289.675 535.510
289.936 661.943
290.197 578.374
290.458 470.804
290.719 432.233
290.981 528.660
291.242 602.087
291.503 544.513
291.764 402.937
292.025 267.361
292.286 328.783
292.547 497.204
292.808 421.624
293.069 468.043
293.330 496.461
293.591 510.878
293.852 435.294
294.113 388.709
294.374 395.122
294.635 448.535
294.896 426.946
295.157 501.357
295.418 560.766
295.679 510.175
295.941 454.582
296.202 454.988
296.463 423.393
296.724 538.797
296.985 571.201
297.246 514.603
297.507 362.004
297.768 318.404
298.029 504.802
298.290 709.200
298.551 709.597
298.812 661.993
299.073 461.388
299.334 327.782
299.595 448.174
299.856 519.566
300.117 643.957
300.378 628.347
300.639 405.735
300.901 302.123
301.162 475.510
301.423 572.895
301.684 627.280
301.945 632.664
302.206 438.047
302.467 448.428
302.728 392.809
302.989 462.189
303.250 522.567
303.511 570.945
303.772 575.322
304.033 513.698
304.294 496.073
304.555 449.447
304.816 509.819
305.077 539.191
305.338 418.562
305.599 362.932
305.861 434.301
306.122 500.669
306.383 507.037
306.644 438.403
306.905 335.768
307.166 571.132
307.427 554.496
307.688 471.858
307.949 435.219
308.210 449.580
308.471 489.940
308.732 489.298
308.993 356.656
309.254 365.013
309.515 334.369
309.776 485.724
310.037 517.078
310.298 371.431
310.559 391.783
310.821 499.134
311.082 538.485
311.343 430.834
311.604 322.183
311.865 292.530
312.126 314.877
312.387 408.223
312.648 409.568
312.909 404.912
313.170 471.255
313.434 505.598
313.698 429.939
313.963 440.280
314.227 386.619
314.491 396.958
314.755 420.296
315.019 423.633
315.284 287.969
315.548 465.304
315.812 441.639
316.076 519.972
316.340 538.305
316.604 519.637
316.869 579.968
317.133 531.298
317.397 606.627
317.661 611.956
317.925 518.283
318.190 523.610
318.454 508.936
318.718 451.261
318.982 559.585
319.246 619.909
319.511 730.231
319.775 483.553
320.039 468.874
320.303 480.194
320.567 549.513
320.832 545.831
321.096 492.149
321.360 512.466
321.624 453.782
321.888 389.097
322.153 426.411
322.417 337.725
322.681 288.037
322.945 456.349
323.209 494.660
323.473 419.971
323.738 434.280
324.002 449.589
324.266 590.897
324.530 575.204
324.794 433.510
325.059 364.816
325.323 349.121
325.587 423.425
325.851 455.728
326.115 637.030
326.380 598.332
326.644 504.633
326.908 492.933
327.172 441.232
327.436 483.531
327.701 487.829
327.965 457.126
328.229 510.422
328.493 373.718
328.757 401.013
329.022 495.307
329.286 372.600
329.550 408.892
329.814 474.184
330.078 519.475
330.342 424.766
330.607 431.055
330.871 514.344
331.135 661.632
331.399 642.919
331.663 482.206
331.928 473.492
332.192 570.777
332.456 494.061
332.720 513.345
332.984 476.628
333.249 477.910
333.513 456.192
333.777 384.473
334.041 390.753
334.305 443.032
334.570 437.311
334.834 348.589
335.098 571.866
335.362 636.143
335.626 499.419
335.891 421.694
336.155 508.968
336.419 513.242
336.683 307.515
336.947 428.787
337.211 432.059
337.476 317.330
337.740 379.600
338.004 451.870
338.268 489.139
338.532 551.407
338.797 495.675
339.061 554.942
339.325 617.208
339.589 678.474
339.853 578.739
340.118 478.003
340.382 556.266
340.646 666.529
340.910 465.791
341.174 467.053
341.439 486.314
341.703 490.574
341.967 445.834
342.231 386.093
342.495 368.351
342.759 527.609
343.024 512.866
343.288 576.122
343.552 591.378
343.816 358.633
344.080 392.887
344.345 451.141
344.609 336.394
344.873 263.647
345.137 446.899
345.401 572.150
345.666 358.401
345.930 505.651
346.194 606.900
346.458 424.149
346.722 387.397
346.987 417.644
347.251 506.891
347.515 669.138
347.779 497.383
348.043 405.628
348.308 445.873
348.572 364.117
348.836 309.360
349.100 420.602
349.364 351.844
349.628 342.086
349.893 377.327
350.157 507.567
350.421 470.806
350.685 463.045
350.949 398.284
351.214 349.522
351.478 440.759
351.742 421.995
352.006 407.232
352.270 434.467
352.535 402.702
352.799 377.936
353.063 489.170
353.327 474.403
353.591 388.636
353.856 430.868
354.120 484.099
354.384 602.330
354.648 689.560
354.912 579.790
355.177 492.019
355.441 420.248
355.705 641.476
355.969 658.703
356.233 599.930
356.497 566.156
356.762 487.382
357.026 432.607
357.290 495.832
357.554 506.056
357.818 515.280
358.083 477.503
358.347 455.725
358.611 463.947
358.875 515.168
359.139 520.389
359.404 401.609
359.668 476.829
359.932 642.048
360.196 697.267
360.460 550.485
360.725 555.703
360.989 594.920
361.253 711.136
361.517 665.352
361.781 593.568
362.046 572.783
362.310 597.997
362.574 584.211
362.838 467.424
363.102 531.637
363.366 594.850
363.631 505.061
363.895 511.273
364.159 634.484
364.423 603.694
364.687 596.904
364.952 593.113
365.216 637.322
365.480 604.530
365.747 452.738
366.013 450.945
366.280 442.152
366.546 564.358
366.813 482.564
367.079 549.769
367.346 578.974
367.612 511.178
367.879 552.382
368.145 620.585
368.412 520.788
368.678 484.990
368.945 585.192
369.211 510.393
369.478 500.594
369.744 455.794
370.011 492.994
370.278 502.193
370.544 425.392
370.811 492.591
371.077 517.788
371.344 448.986
371.610 505.183
371.877 534.379
372.143 563.575
372.410 618.771
372.676 666.966
372.943 658.161
373.209 566.355
373.476 459.549
373.742 438.742
374.009 609.935
374.276 578.127
374.542 501.319
374.809 433.510
375.075 321.701
375.342 369.892
375.608 339.082
375.875 384.271
376.141 690.460
376.408 615.649
376.674 562.837
376.941 477.025
377.207 434.212
377.474 837.399
377.740 742.586
378.007 405.772
378.273 529.957
378.540 664.142
378.807 562.327
379.073 487.511
379.340 478.695
379.606 482.878
379.873 464.061
380.139 517.244
380.406 591.426
380.672 484.607
380.939 430.789
381.205 413.969
381.472 326.150
381.738 329.330
382.005 515.509
382.271 603.688
382.538 538.867
382.804 674.045
383.071 584.223
383.338 536.400
383.604 522.577
383.871 603.754
384.137 643.930
384.404 544.106
384.670 532.281
384.937 479.456
385.203 552.631
385.470 532.805
385.736 555.978
386.003 492.152
386.269 471.324
386.536 453.497
386.802 469.669
387.069 552.841
387.336 710.012
387.602 647.183
387.869 435.353
388.135 398.523
388.402 342.693
388.668 468.862
388.935 573.031
389.201 668.200
389.468 671.368
389.734 664.535
390.001 606.703
390.267 500.870
390.534 590.036
390.800 547.202
391.067 595.368
391.333 632.534
391.600 546.699
391.867 581.863
392.133 554.027
392.400 457.191
392.666 384.355
392.933 594.518
393.199 703.681
393.466 539.843
393.732 517.005
393.999 612.167
394.265 633.328
394.532 538.489
394.798 602.649
395.065 528.809
395.331 552.969
395.598 660.128
395.864 652.287
396.131 710.446
396.398 803.604
396.664 824.762
396.931 917.920
397.197 1136.077
397.464 1169.234
397.730 1434.390
397.997 1588.546
398.263 1650.702
398.530 1782.858
398.796 2002.013
399.063 2183.167
399.329 2098.322
399.596 2220.476
399.862 2203.629
400.129 2310.783
400.396 2380.936
400.662 2148.088
400.929 2173.241
401.195 2201.392
401.462 2305.544
401.728 2355.695
401.995 2408.846
402.261 2389.997
402.528 2378.147
402.794 2491.297
403.061 2677.446
403.327 2825.595
403.594 2744.744
403.860 2777.893
404.127 2769.041
404.393 2886.189
404.660 2881.336
404.931 2835.483
405.202 2881.630
405.473 2790.777
405.745 2841.923
406.016 3118.069
406.287 3007.214
406.558 2954.359
406.829 3071.504
407.100 2987.649
407.371 3262.793
407.642 3307.937
407.914 3132.080
408.185 3075.224
408.456 3004.367
408.727 3171.509
408.998 3258.651
409.269 3457.793
409.540 3534.935
409.811 3164.076
410.083 3100.217
410.354 3144.358
410.625 2973.499
410.896 3069.639
411.167 3151.778
411.438 3141.918
411.709 2858.057
411.981 2951.196
412.252 2704.334
412.523 2440.472
412.794 2549.610
413.065 2433.748
413.336 2135.885
413.607 2159.022
413.878 2095.159
414.150 1983.295
414.421 1861.431
414.692 1682.567
414.963 1555.703
415.234 1638.838
415.505 1601.973
415.776 1585.107
416.047 1474.242
416.319 1365.375
416.590 1172.509
416.861 909.643
417.132 1014.776
417.403 992.908
417.674 867.041
417.945 741.173
418.217 719.305
418.488 826.437
418.759 683.568
419.030 599.699
419.301 690.830
419.572 784.960
419.843 680.091
420.114 537.221
420.386 518.350
420.657 675.480
420.928 578.609
421.199 539.737
421.470 555.866
421.741 506.994
422.012 519.122
422.283 532.250
422.555 551.377
422.826 662.504
423.097 761.631
423.368 674.758
423.639 512.884
423.910 619.010
424.181 578.136
424.453 490.261
424.724 747.386
424.995 861.511
425.266 632.636
425.537 517.760
425.808 696.884
426.079 765.008
426.350 633.132
426.622 622.255
426.893 741.378
427.164 715.501
427.435 641.623
427.706 595.746
427.977 580.868
428.248 575.989
428.519 672.111
428.791 633.232
429.062 742.353
429.333 627.473
429.604 521.594
429.875 645.714
430.146 717.834
430.417 707.954
430.689 649.073
430.960 546.192
431.231 599.311
431.502 783.429
431.773 744.548
432.044 613.666
432.315 793.784
432.586 769.901
432.858 772.019
433.129 572.136
433.400 566.253
433.671 628.369
433.942 576.486
434.213 463.602
434.484 557.718
434.755 621.833
435.027 436.949
435.298 515.064
435.569 617.179
435.840 537.293
436.116 569.408
436.391 628.522
436.667 660.636
436.942 722.749
437.218 783.863
437.493 771.976
437.769 786.089
438.045 688.201
438.320 655.314
438.596 675.426
438.871 579.538
439.147 549.650
439.422 471.761
439.698 431.873
439.974 477.984
440.249 571.095
440.525 645.205
440.800 477.315
441.076 550.426
441.351 726.535
441.627 759.645
441.903 707.754
442.178 522.864
442.454 506.973
442.729 744.081
443.005 600.190
443.281 644.298
443.556 764.406
443.832 639.514
444.107 528.622
444.383 525.729
444.658 549.836
444.934 448.943
445.210 624.050
445.485 704.156
445.761 684.263
446.036 641.369
446.312 698.474
446.587 664.580
446.863 475.685
447.139 525.791
447.414 638.895
447.690 685.000
447.965 734.105
448.241 635.209
448.516 632.313
448.792 571.417
449.068 579.521
449.343 630.624
449.619 541.727
449.894 566.830
450.170 537.933
450.445 754.036
450.721 811.138
450.997 503.240
451.272 630.342
451.548 585.444
451.823 527.545
452.099 636.647
452.375 587.748
452.650 539.849
452.926 557.949
453.201 573.050
453.477 824.150
453.752 731.250
454.028 562.350
454.304 651.450
454.579 717.549
454.855 655.648
455.130 660.747
455.406 813.846
455.681 767.945
455.957 683.043
456.233 645.142
456.508 648.240
456.784 655.338
457.059 617.435
457.335 783.533
457.610 671.630
457.886 600.727
458.162 543.824
458.437 572.921
458.713 714.017
458.988 681.113
459.264 704.209
459.539 758.305
459.815 619.401
460.091 494.496
460.366 528.592
460.642 497.687
460.917 559.782
461.193 605.876
461.468 515.971
461.744 540.065
462.020 534.159
462.295 552.253
462.571 528.347
462.846 544.441
463.122 696.534
463.397 723.627
463.673 569.151
463.949 616.197
464.224 571.334
464.500 616.382
464.775 538.090
465.051 554.074
465.327 657.617
465.602 760.844
465.878 801.656
466.153 719.111
466.429 903.736
466.704 1077.576
466.980 972.822
467.256 1023.913
467.531 1171.174
467.807 1129.352
468.082 1090.364
468.358 1040.314
468.633 1128.879
468.909 1075.756
469.185 1003.560
469.460 1112.305
469.736 1203.142
470.011 978.660
470.287 958.650
470.562 1112.889
470.838 1010.166
471.114 1064.811
471.389 1042.677
471.665 1034.720
471.940 1101.646
472.216 1073.394
472.491 891.186
472.767 886.093
473.043 979.487
473.318 1028.257
473.594 892.223
473.869 856.596
474.145 832.269
474.421 775.388
474.696 727.663
474.972 640.915
475.247 692.624
475.523 776.527
475.798 757.018
476.074 714.582
476.350 737.072
476.625 731.793
476.901 727.802
477.176 740.385
477.452 652.230
477.727 626.883
478.003 453.567
478.279 634.547
478.554 780.973
478.830 779.818
479.105 784.410
479.381 741.103
479.656 616.440
479.932 699.993
480.208 795.522
480.483 794.801
480.759 770.617
481.034 697.194
481.310 615.459
481.585 638.494
481.861 725.270
482.137 660.170
482.412 689.769
482.688 683.445
482.963 754.055
483.239 828.530
483.514 610.174
483.790 671.035
484.066 893.222
484.341 695.804
484.617 674.253
484.892 797.368
485.168 790.483
485.443 620.790
485.719 593.036
485.995 715.946
486.270 750.002
486.546 604.185
486.821 536.014
487.097 541.944
487.373 582.907
487.648 772.781
487.924 775.048
488.199 544.501
488.475 416.876
488.750 453.390
489.026 595.226
489.302 583.526
489.577 591.853
489.853 591.349
490.128 760.866
490.404 680.941
490.679 508.805
490.955 708.773
491.231 783.139
491.506 780.066
491.782 668.270
492.057 552.231
492.333 657.980
492.608 657.076
492.884 665.956
493.160 532.958
493.435 518.390
493.711 679.248
493.986 606.178
494.262 556.846
494.537 573.586
494.813 665.488
495.089 547.354
495.364 614.225
495.640 672.255
495.915 648.752
496.191 775.102
496.467 703.031
496.742 633.153
497.018 681.860
497.293 642.446
497.569 751.848
497.844 648.459
498.120 679.224
498.396 707.430
498.671 649.615
498.947 698.346
499.222 707.064
499.498 698.885
499.773 753.683
500.049 772.207
500.325 738.119
500.600 810.667
500.876 749.488
501.151 798.204
501.427 817.150
501.702 897.439
501.978 923.641
502.254 961.827
502.529 856.303
502.805 1031.456
503.080 1148.494
503.356 1060.925
503.631 1041.865
503.907 1050.118
504.183 989.460
504.458 1041.150
504.734 1042.190
505.009 1133.262
505.285 1112.212
505.560 1099.024
505.836 1060.733
506.112 1033.475
506.387 962.694
506.663 959.768
506.938 927.482
507.214 903.284
507.490 945.875
507.765 917.744
508.041 1003.585
508.316 1104.562
508.592 908.045
508.867 898.146
509.143 990.778
509.419 857.178
509.694 752.216
509.970 699.124
510.245 639.734
510.521 777.161
510.796 697.530
511.072 578.716
511.348 652.404
511.623 670.417
511.899 662.519
512.174 738.392
512.450 773.439
512.725 709.021
513.001 567.650
513.277 550.322
513.552 740.999
513.828 708.044
514.103 691.647
514.379 758.469
514.654 628.103
514.930 679.978
515.206 975.743
515.481 838.417
515.757 657.603
516.032 603.206
516.308 691.935
516.583 752.786
516.859 692.960
517.135 710.549
517.410 757.822
517.686 731.645
517.961 686.031
518.237 667.303
518.513 589.597
518.788 827.966
519.064 844.769
519.339 752.892
519.615 675.007
519.890 734.204
520.166 812.556
520.442 927.330
520.717 995.725
520.993 946.648
521.268 843.776
521.544 885.222
521.819 818.259
522.095 839.607
522.371 1027.739
522.646 1062.314
522.922 1064.230
523.197 1088.235
523.473 1180.076
523.748 1076.785
524.024 972.538
524.300 969.725
524.575 958.301
524.851 1014.818
525.126 1011.994
525.402 991.968
525.677 1059.969
525.953 984.444
526.229 979.722
526.504 947.224
526.780 1104.120
527.055 1057.387
527.331 1061.272
527.606 1140.890
527.882 1145.598
528.158 995.411
528.433 1180.680
528.709 1107.801
528.984 1091.543
529.260 1106.199
529.535 1124.406
529.811 986.134
530.087 836.982
530.362 849.406
530.638 994.939
530.913 1103.954
531.189 1072.258
531.465 967.102
531.740 971.958
532.016 1013.573
532.291 941.095
532.567 948.789
532.842 972.101
533.118 964.371
533.394 1020.703
533.669 891.422
533.945 743.618
534.220 769.939
534.496 894.405
534.771 836.853
535.047 811.384
535.323 779.029
535.598 857.349
535.874 881.679
536.149 840.563
536.425 750.443
536.700 684.941
536.976 750.065
537.252 904.929
537.527 840.058
537.803 883.335
538.078 1044.534
538.354 1191.098
538.629 1152.955
538.905 1199.270
539.181 1351.592
539.456 1386.163
539.732 1502.098
540.007 1530.780
540.283 1420.688
540.558 1411.442
540.834 1494.408
541.110 1620.694
541.385 1641.541
541.661 1828.724
541.936 1868.251
542.212 1815.778
542.488 1925.842
542.763 2008.156
543.039 1990.361
543.314 1963.629
543.590 1930.876
543.865 2020.304
544.141 1936.941
544.417 1913.162
544.692 1882.430
544.968 1977.816
545.243 1866.516
545.519 1657.168
545.794 1673.779
546.070 1765.283
546.348 1705.401
546.627 1569.564
546.905 1667.696
547.183 1612.798
547.461 1680.377
547.740 1854.213
548.018 1712.968
548.296 1554.417
548.575 1427.359
548.853 1433.369
549.131 1568.476
549.409 1671.138
549.688 1796.190
549.966 1688.107
550.244 1803.238
550.523 1758.886
550.801 1834.423
551.079 1947.398
551.357 2090.871
551.636 2054.271
551.914 2028.574
552.192 1936.908
552.471 2049.434
552.749 2227.712
553.027 2206.869
553.306 2234.247
553.584 2376.874
553.862 2337.261
554.140 2399.196
554.419 2492.099
554.697 2674.322
554.975 2780.366
555.254 2785.517
555.532 2558.237
555.810 2676.765
556.088 2803.052
556.367 2667.755
556.645 2621.435
556.923 2663.312
557.202 2642.308
557.480 2715.519
557.758 2607.210
558.036 2425.881
558.315 2399.935
558.593 2611.019
558.871 2551.047
559.150 2452.445
559.428 2461.708
559.706 2309.545
559.984 2281.301
560.263 2359.187
560.541 2188.186
560.819 2115.197
561.098 2045.791
561.376 1945.838
561.654 1662.231
561.932 1393.425
562.211 1408.085
562.489 1427.344
562.767 1285.905
563.046 1037.427
563.324 967.379
563.602 1025.031
563.880 970.350
564.159 985.751
564.437 1036.625
564.715 889.873
564.994 762.280
565.272 839.101
565.550 679.185
565.828 619.422
566.107 828.844
566.385 795.900
566.663 647.389
566.942 626.922
567.220 661.549
567.498 806.461
567.776 698.814
568.055 607.512
568.333 697.942
568.611 757.135
568.890 682.999
569.168 579.149
569.446 636.759
569.725 603.953
570.003 446.510
570.281 417.972
570.559 589.197
570.838 631.438
571.116 695.079
571.394 723.224
571.673 750.158
571.951 716.950
572.229 637.382
572.507 638.046
572.786 630.929
573.064 637.429
573.342 609.236
573.621 498.273
573.899 560.756
574.177 784.004
574.455 761.354
574.734 608.523
575.012 700.543
575.290 663.075
575.569 651.024
575.847 714.513
576.125 682.172
576.403 570.901
576.682 659.019
576.960 719.474
577.243 771.959
577.527 628.921
577.810 452.609
578.093 487.616
578.377 528.149
578.660 500.524
578.944 556.891
579.227 599.622
579.510 660.715
579.794 652.485
580.077 573.586
580.360 583.127
580.644 583.749
580.927 550.575
581.210 596.344
581.494 577.654
581.777 667.670
582.061 651.445
582.344 595.308
582.627 518.581
582.911 560.498
583.194 538.146
583.477 612.041
583.761 643.021
584.044 732.884
584.327 685.707
584.611 608.826
584.894 608.868
585.178 560.958
585.461 579.982
585.744 650.953
586.028 550.646
586.311 586.688
586.594 661.730
586.878 567.771
587.161 597.813
587.444 689.855
587.728 629.896
588.011 684.938
588.295 537.980
588.578 587.434
588.861 714.348
589.145 564.104
589.428 563.709
589.711 540.186
589.995 523.703
590.278 711.557
590.562 649.309
590.845 604.745
591.128 709.971
591.412 684.064
591.695 627.845
591.978 725.063
592.262 675.878
592.545 507.073
592.828 676.282
593.112 611.840
593.395 542.089
593.679 468.880
593.962 632.267
594.245 649.588
594.529 526.245
594.812 429.340
595.095 435.777
595.379 656.401
595.662 700.831
595.945 590.939
596.229 544.757
596.512 538.767
596.796 569.073
597.079 610.133
597.362 705.221
597.646 741.160
597.929 666.026
598.212 657.501
598.496 647.659
598.779 741.826
599.062 816.889
599.346 618.507
599.629 531.151
599.913 531.651
600.196 582.921
600.479 671.952
600.763 676.593
601.046 530.758
601.329 575.610
601.613 665.544
601.896 545.621
602.179 631.566
602.463 606.064
602.746 710.227
603.030 764.292
603.313 686.053
603.596 523.185
603.880 621.729
604.163 638.433
604.446 550.676
604.730 478.235
605.013 631.424
605.296 687.907
605.580 599.795
605.863 660.557
606.147 540.124
606.430 559.749
606.713 682.526
606.997 614.671
607.280 707.061
607.563 638.604
607.847 576.433
608.130 672.603
608.414 729.711
608.697 688.652
608.980 680.547
609.264 734.192
609.547 649.278
609.830 601.322
610.114 596.461
610.397 618.044
610.680 651.722
610.964 661.859
611.247 712.875
611.531 660.618
611.814 511.488
612.097 523.300
612.381 733.606
612.664 815.814
612.947 650.982
613.231 579.379
613.514 638.923
613.797 730.314
614.081 711.685
614.364 639.029
614.648 565.390
614.931 527.115
615.214 485.893
615.498 561.135
615.781 604.045
616.064 565.695
616.348 712.383
616.631 783.071
616.914 805.957
617.198 689.545
617.481 607.806
617.765 651.833
618.048 702.856
618.331 634.777
618.615 633.462
618.898 796.541
619.181 802.504
619.465 708.377
619.748 628.293
620.031 577.464
620.315 543.383
620.598 611.417
620.882 692.496
621.165 852.264
621.448 754.883
621.732 751.688
622.015 653.215
622.298 567.812
622.582 654.242
622.865 675.909
623.148 628.990
623.432 655.308
623.715 593.281
623.999 804.134
624.282 760.799
624.565 785.502
624.849 636.643
625.132 565.380
625.415 862.794
625.699 898.007
625.982 759.797
626.265 599.588
626.549 585.885
626.832 766.727
627.116 770.801
627.399 641.542
627.682 650.363
627.966 595.361
628.249 565.621
628.532 572.121
628.816 719.452
629.099 632.592
629.383 635.996
629.666 624.769
629.949 556.202
630.233 567.057
630.516 636.762
630.799 694.882
631.083 634.673
631.366 542.905
631.649 465.318
631.933 456.079
632.216 630.916
632.500 663.799
632.783 696.849
633.066 631.577
633.350 630.744
633.633 689.046
633.916 664.312
634.200 545.462
634.483 598.610
634.766 655.187
635.050 614.299
635.333 512.888
635.617 535.686
635.900 609.583
636.183 683.199
636.467 637.215
636.750 621.892
637.033 668.149
637.317 634.308
637.600 604.606
637.883 595.618
638.167 618.541
638.450 623.967
638.734 562.198
639.017 652.116
639.300 668.999
639.584 554.277
639.867 720.817
640.150 672.203
640.434 743.327
640.717 761.353
641.000 710.915
641.284 725.897
641.567 610.609
641.851 687.929
642.134 801.500
642.417 729.752
642.701 842.718
642.984 855.978
643.267 774.276
643.551 644.155
643.834 589.493
644.117 632.041
644.401 587.676
644.684 654.246
644.968 802.921
645.251 657.732
645.534 575.209
645.818 567.732
646.101 715.712
646.384 789.919
646.668 767.412
646.951 666.032
647.235 682.664
647.518 612.204
647.801 773.886
648.085 826.709
648.368 809.657
648.651 739.196
648.935 846.078
649.218 915.786
649.501 837.507
649.785 876.294
650.068 1081.749
650.352 1062.025
650.635 1088.576
650.918 1072.605
651.202 1218.001
651.485 1319.851
651.768 1330.639
652.052 1239.144
652.335 1314.127
652.618 1441.607
652.902 1429.894
653.185 1639.403
653.469 1585.916
653.752 1607.007
654.035 1673.852
654.319 1925.191
654.602 1942.505
654.885 1924.809
655.169 2002.145
655.452 1956.902
655.735 1920.199
656.019 1935.848
656.302 1875.920
656.586 1947.486
656.869 2143.357
657.152 2144.675
657.436 2023.532
657.719 2170.466
658.002 2240.637
658.286 2102.525
658.569 1921.508
658.852 1920.524
659.136 1986.381
659.419 1907.222
659.703 1832.124
659.986 1856.519
660.269 1866.428
660.553 1683.666
660.836 1699.955
661.119 1858.520
661.403 1865.389
661.686 1759.756
661.969 1730.283
662.253 1696.033
662.536 1667.606
662.820 1742.345
663.103 1719.047
663.386 1710.961
663.670 1675.493
663.953 1596.218
664.236 1671.825
664.520 1575.602
664.803 1522.945
665.086 1622.646
665.370 1672.950
665.653 1694.255
665.937 1677.745
666.220 1544.913
666.503 1414.109
666.787 1380.669
667.070 1373.340
667.353 1385.563
667.637 1259.048
667.920 1319.927
668.204 1161.216
668.487 1087.999
668.770 1230.682
669.054 1064.722
669.337 982.247
669.620 969.022
669.904 866.230
670.187 882.431
670.470 997.645
670.754 906.856
671.037 805.466
671.321 764.834
671.604 835.173
671.887 821.725
672.171 773.646
672.454 813.782
672.737 862.608
673.021 755.828
673.304 773.058
673.587 933.250
673.871 868.325
674.154 838.848
674.438 871.598
674.721 859.292
675.004 825.223
675.288 817.020
675.571 775.664
675.854 706.690
676.138 696.105
676.421 691.691
676.704 653.176
676.988 710.320
677.271 839.180
677.555 835.938
677.838 720.143
678.121 677.070
678.405 733.364
678.688 781.010
678.971 638.466
679.255 805.506
679.538 886.445
679.821 788.961
680.105 664.158
680.388 665.223
680.672 669.060
680.955 641.020
681.238 631.308
681.522 633.797
681.805 707.756
682.088 811.212
682.372 757.861
682.655 654.294
682.938 811.941
683.222 794.222
683.505 734.472
683.789 767.936
684.072 751.243
684.355 768.231
684.639 733.810
684.922 683.732
685.205 699.416
685.489 780.862
685.772 768.119
686.056 758.489
686.339 813.954
686.622 654.661
686.906 632.766
687.189 742.395
687.472 830.104
687.756 702.048
688.039 556.669
688.322 517.029
688.606 780.102
688.889 775.953
689.173 619.402
689.456 721.724
689.739 778.117
690.023 758.562
690.306 713.749
690.589 624.489
690.873 748.735
691.156 792.464
691.439 692.594
691.723 539.653
692.006 623.574
692.290 641.014
692.573 753.561
692.856 787.257
693.140 753.086
693.423 730.592
693.706 664.016
693.990 648.190
694.273 684.735
694.556 912.123
694.840 941.956
695.123 755.057
695.407 735.727
695.690 642.578
695.973 690.687
696.257 731.195
696.540 848.780
696.830 768.795
697.120 751.348
697.410 789.615
697.699 774.470
697.989 943.783
698.279 783.749
698.569 673.339
698.859 754.306
699.149 854.014
699.439 765.321
699.729 689.054
700.018 639.078
700.308 753.639
700.598 656.822
700.888 610.128
701.178 808.517
701.468 724.556
701.758 586.054
702.048 710.564
702.337 695.128
702.627 789.611
702.917 739.180
703.207 681.320
703.497 734.984
703.787 631.755
704.077 706.861
704.366 780.765
704.656 676.695
704.946 615.688
705.236 622.089
705.526 762.209
705.816 830.096
706.106 584.027
706.396 592.432
706.685 616.509
706.975 553.969
707.265 524.152
707.555 700.985
707.845 648.082
708.135 526.201
708.425 490.078
708.715 523.226
709.004 770.755
709.294 747.062
709.584 721.942
709.874 769.301
710.164 710.151
710.454 616.715
710.744 576.642
711.034 673.728
711.323 700.967
711.613 584.847
711.903 710.154
712.193 787.855
712.483 613.835
712.773 650.238
713.063 610.711
713.352 580.153
713.642 600.546
713.932 699.883
714.222 706.331
714.512 655.082
714.802 621.556
715.092 675.841
715.382 565.270
715.671 592.192
715.961 641.168
716.251 513.058
716.541 551.084
716.831 638.075
717.121 544.218
717.411 592.001
717.701 741.304
717.990 669.554
718.280 548.907
718.570 531.735
718.860 524.569
719.150 541.327
719.440 550.373
719.730 537.547
720.019 744.116
720.309 687.540
720.599 652.221
720.889 581.720
721.179 622.888
721.469 653.199
721.759 553.174
722.049 615.515
722.338 542.668
722.628 597.525
722.918 663.191
723.208 699.102
723.498 500.083
723.788 556.408
724.078 727.747
724.368 701.205
724.657 610.954
724.947 653.993
725.237 661.402
725.527 724.163
725.817 644.410
726.107 560.227
726.397 483.844
726.686 437.443
726.976 517.733
727.266 633.807
727.556 608.682
727.846 783.541
728.136 741.217
728.426 564.379
728.716 499.476
729.005 677.791
729.295 615.795
729.585 479.147
729.875 459.827
730.165 573.775
730.455 646.539
730.745 622.915
731.035 625.847
731.324 735.061
731.614 711.323
731.904 575.008
732.194 619.731
732.484 629.109
732.774 581.463
733.064 543.545
733.354 456.015
733.643 523.711
733.933 610.939
734.223 587.567
734.513 686.027
734.803 707.204
735.093 569.662
735.383 552.660
735.672 630.804
735.962 707.401
736.252 519.045
736.542 565.135
736.832 596.496
737.122 514.747
737.412 571.630
737.702 649.737
737.991 625.222
738.281 606.805
738.571 569.883
738.861 589.725
739.151 598.602
739.441 654.080
739.731 551.838
740.021 583.486
740.310 676.783
740.600 772.238
740.890 520.489
741.180 555.100
741.470 616.323
741.760 710.123
742.050 827.615
742.339 724.425
742.629 597.837
742.919 701.713
743.209 512.304
743.499 494.036
743.789 561.871
744.079 631.197
744.369 665.211
744.658 585.279
744.948 381.749
745.238 587.299
745.528 660.658
745.818 713.912
746.108 658.375
746.398 659.048
746.688 623.317
746.977 782.223
747.267 626.334
747.557 668.724
747.847 755.224
748.137 645.547
748.427 563.973
748.717 417.143
749.006 366.996
749.296 501.842
749.586 603.849
749.876 750.883
750.166 648.312
750.456 656.953
750.746 659.623
751.036 529.901
751.325 682.615
751.615 666.332
751.905 620.396
752.195 644.035
752.485 576.054
752.775 630.703
753.065 600.691
753.355 760.870
753.644 719.847
753.934 590.508
754.224 631.057
754.514 784.320
754.804 546.841
755.094 431.514
755.384 502.745
755.674 607.077
755.963 703.384
756.253 632.823
756.543 683.360
756.833 691.787
757.123 676.050
757.413 606.396
757.703 551.138
757.992 502.915
758.282 607.850
758.572 662.750
758.862 564.276
759.152 576.354
759.442 578.805
759.732 675.888
760.022 746.257
760.311 655.477
760.601 537.788
760.891 709.839
761.181 714.168
761.471 605.247
761.761 465.894
762.051 489.074
762.341 687.795
762.630 751.950
762.920 630.114
763.210 678.146
763.500 715.749
763.793 581.829
764.086 618.101
764.379 607.436
764.671 691.961
764.964 560.188
765.257 609.501
765.550 655.102
765.843 556.330
766.136 655.138
766.429 576.526
766.722 589.055
767.014 582.443
767.307 431.990
767.600 434.021
767.893 473.791
768.186 448.607
768.479 538.342
768.772 703.682
769.064 681.522
769.357 616.402
769.650 599.903
769.943 776.557
770.236 689.968
770.529 532.415
770.822 567.714
771.115 671.562
771.407 753.992
771.700 764.100
771.993 789.132
772.286 692.490
772.579 695.841
772.872 601.100
773.165 529.545
773.457 591.054
773.750 639.094
774.043 571.503
774.336 601.390
774.629 662.694
774.922 652.280
775.215 582.670
775.508 624.817
775.800 588.994
776.093 670.168
776.386 658.444
776.679 559.426
776.972 618.859
777.265 833.377
777.558 872.797
777.850 739.273
778.143 691.048
778.436 714.899
778.729 661.936
779.022 657.932
779.315 592.622
779.608 462.991
779.900 525.319
780.193 583.627
780.486 613.178
780.779 624.615
781.072 530.819
781.365 623.645
781.658 687.541
781.951 545.991
782.243 596.015
782.536 689.598
782.829 642.425
783.122 681.598
783.415 652.847
783.708 650.857
784.001 646.861
784.293 702.043
784.586 725.404
784.879 673.316
785.172 604.590
785.465 514.029
785.758 605.228
786.051 686.406
786.344 756.049
786.636 889.955
786.929 664.746
787.222 604.912
787.515 573.687
787.808 592.537
788.101 506.638
788.394 671.490
788.686 796.381
788.979 773.193
789.272 711.497
789.565 692.839
789.858 580.080
790.151 513.742
790.444 510.761
790.737 533.288
791.029 487.329
791.322 645.029
791.615 630.443
791.908 668.682
792.201 640.086
792.494 594.598
792.787 655.774
793.079 842.884
793.372 732.498
793.665 736.235
793.958 653.499
794.251 663.485
794.544 771.405
794.837 892.828
795.130 733.322
795.422 684.484
795.715 643.622
796.008 657.253
796.301 605.163
796.594 601.194
796.887 683.879
797.180 636.719
797.472 497.153
797.765 432.363
798.058 557.446
798.351 514.148
798.644 546.068
798.937 506.203
799.230 523.642
799.523 840.231
799.815 796.378
800.108 564.090
800.401 507.275
800.694 643.525
800.987 578.093
801.280 613.229
801.573 700.157
801.865 715.157
802.158 644.598
802.451 636.629
802.744 584.748
803.037 594.743
803.330 586.361
803.623 740.482
803.915 673.630
804.208 546.446
804.501 620.628
804.794 654.677
805.087 665.037
805.380 521.094
805.673 513.580
805.966 685.767
806.258 640.377
806.551 626.618
806.844 622.616
807.137 664.463
807.430 507.184
807.723 557.400
808.016 779.302
808.308 798.994
808.601 596.601
808.894 513.309
809.187 597.425
809.480 658.207
809.773 574.143
810.066 635.098
810.359 697.182
810.651 683.468
810.944 469.084
811.237 483.699
811.530 662.321
811.825 597.348
812.119 560.433
812.414 475.684
812.709 587.291
813.003 614.810
813.298 538.369
813.593 576.961
813.887 537.930
814.182 863.580
814.476 771.070
814.771 739.613
815.066 596.676
815.360 511.735
815.655 510.733
815.950 550.941
816.244 605.890
816.539 658.108
816.834 622.445
817.128 704.727
817.423 742.759
817.718 889.223
818.012 702.230
818.307 445.378
818.602 555.023
818.896 650.633
819.191 596.846
819.486 590.881
819.780 683.583
820.075 837.743
820.369 771.238
820.664 613.666
820.959 675.792
821.253 710.704
821.548 665.122
821.843 690.402
822.137 701.529
822.432 716.547
822.727 664.128
823.021 625.170
823.316 750.184
823.611 726.639
823.905 625.345
824.200 526.282
824.495 608.630
824.789 735.227
825.084 663.866
825.379 623.442
825.673 660.018
825.968 695.291
826.262 678.034
826.557 696.151
826.852 714.534
827.146 627.500
827.441 646.998
827.736 737.932
828.030 623.959
828.325 470.445
828.620 680.651
828.914 811.038
829.209 655.932
829.504 795.561
829.798 780.135
830.093 640.846
830.388 560.522
830.682 463.852
830.977 665.559
831.271 768.166
831.566 587.142
831.861 562.966
832.155 569.994
832.450 649.429
832.745 720.991
833.039 597.507
833.334 564.814
833.629 643.701
833.923 578.197
834.218 585.355
834.513 579.020
834.807 509.925
835.102 427.619
835.397 489.122
835.691 490.161
835.986 552.561
836.281 501.979
836.575 504.436
836.870 548.386
837.164 589.013
837.459 521.067
837.754 570.885
838.048 534.833
838.343 523.616
838.638 602.184
838.932 613.437
839.227 610.712
839.522 643.870
839.816 634.868
840.111 610.690
840.406 560.947
840.700 692.953
840.995 854.695
841.290 878.184
841.584 691.348
841.879 702.547
842.174 658.132
842.468 605.845
842.763 515.012
843.057 601.925
843.352 655.507
843.647 597.057
843.941 577.267
844.236 652.458
844.531 703.134
844.825 664.368
845.120 755.114
845.415 743.023
845.709 644.839
846.004 678.473
846.299 555.759
846.593 805.121
846.888 743.515
847.183 602.027
847.477 588.048
847.772 648.153
848.066 655.722
848.361 670.898
848.656 685.360
848.950 602.370
849.245 706.048
849.540 631.692
849.834 792.796
850.129 790.279
850.424 705.093
850.718 665.688
851.013 750.760
851.308 648.879
851.602 664.967
851.897 812.656
852.192 892.320
852.486 757.415
852.781 658.918
853.076 762.025
853.370 798.925
853.665 828.687
853.959 761.741
854.254 653.703
854.549 892.152
854.843 766.881
855.138 650.039
855.433 758.037
855.727 816.017
856.022 691.945
856.317 658.446
856.611 674.995
856.906 567.236
857.201 622.668
857.495 748.805
857.790 773.681
858.085 759.974
858.379 710.842
858.674 617.625
858.969 598.107
859.263 607.187
859.558 634.930
859.852 633.548
860.147 676.032
860.442 744.867
860.736 492.990
861.031 607.575
861.326 744.673
861.620 637.110
861.915 743.394
862.210 771.057
862.504 643.080
862.799 721.374
863.094 751.767
863.388 619.610
863.683 616.845
863.978 551.367
864.272 608.114
864.567 625.100
864.861 575.636
865.156 529.451
865.451 508.591
865.745 654.681
866.040 705.654
866.335 736.139
866.629 779.632
866.924 665.451
867.219 601.665
867.513 784.308
867.808 721.109
868.103 638.157
868.397 634.487
868.692 644.328
868.987 589.199
869.281 557.697
869.576 670.260
869.871 722.654
870.165 621.080
870.460 522.863
870.754 581.477
871.049 526.764
871.344 583.158
871.638 607.108
871.933 526.121
872.228 590.575
872.522 546.204
872.817 732.923
873.112 950.155
873.406 714.215
873.701 777.640
873.996 724.531
874.290 621.697
874.585 576.811
874.880 609.241
875.174 596.846
875.469 593.382
875.764 606.333
876.058 577.794
876.353 508.814
876.647 492.022
876.942 525.150
877.237 561.931
877.531 635.715
877.826 672.298
878.121 619.061
878.415 577.648
878.710 522.987
879.005 704.429
879.299 665.690
879.594 570.375
879.889 445.789
880.183 441.211
880.478 570.011
880.773 591.366
881.067 576.295
881.362 625.465
881.656 508.236
881.951 505.924
882.246 473.138
882.540 530.341
882.835 547.271
883.130 550.452
883.424 517.814
883.719 544.300
884.014 578.373
884.308 514.104
884.603 456.401
884.898 483.250
885.192 629.195
885.487 598.492
885.782 482.470
886.076 610.209
886.371 584.886
886.666 403.205
886.960 484.395
887.255 490.238
887.549 445.583
887.844 614.493
888.139 676.140
888.433 677.615
888.728 585.835
889.023 590.285
889.317 620.277
889.612 487.762
889.907 535.127
890.201 588.234
890.496 612.480
890.791 558.945
891.085 529.335
891.380 557.588
891.675 563.391
891.969 598.736
892.264 447.383
892.559 490.115
892.853 660.901
893.148 580.593
893.442 539.051
893.737 640.947
894.032 591.052
894.326 464.189
894.621 482.701
894.916 408.180
895.210 507.389
895.505 587.365
895.800 521.581
896.094 490.661
896.389 510.970
896.684 543.233
896.978 530.406
897.273 406.685
897.568 563.579
897.862 624.210
898.157 511.045
898.451 661.064
898.746 669.923
899.041 638.639
899.335 605.876
899.630 511.564
899.925 532.378
900.219 603.247
900.514 662.002
900.809 524.988
901.103 416.604
901.398 572.031
901.693 525.483
901.987 472.485
902.282 570.916
902.577 514.851
902.871 397.646
903.166 557.689
903.461 646.589
903.755 590.876
904.050 539.606
904.344 414.910
904.639 436.072
904.934 478.663
905.228 537.087
905.523 486.250
905.818 529.965
906.112 629.074
906.407 589.605
906.702 546.376
906.996 567.572
907.291 569.249
907.586 489.423
907.880 617.014
908.175 612.130
908.470 623.957
908.764 678.804
909.059 751.706
909.354 623.525
909.648 513.601
909.943 523.656
910.237 672.840
910.532 702.497
910.827 738.253
911.121 682.059
911.416 625.417
911.711 654.838
912.005 673.549
912.300 651.738
912.599 702.585
912.898 635.989
913.196 636.840
913.495 635.922
913.794 678.005
914.093 591.963
914.391 617.259
914.690 684.294
914.989 604.644
915.288 724.425
915.586 666.910
915.885 511.801
916.184 444.290
916.483 435.856
916.782 557.925
917.080 590.829
917.379 573.119
917.678 551.048
917.977 699.123
918.275 707.362
918.574 661.946
918.873 638.843
919.172 649.582
919.471 507.339
919.769 520.239
920.068 485.903
920.367 496.412
920.666 536.753
920.964 610.355
921.263 539.286
921.562 475.665
921.861 601.935
922.159 587.593
922.458 581.783
922.757 576.680
923.056 533.044
923.355 507.196
923.653 618.860
923.952 593.772
924.251 465.429
924.550 650.133
924.848 678.750
925.147 530.133
925.446 525.636
925.745 606.213
926.043 554.641
926.342 510.359
926.641 438.879
926.940 555.555
927.239 616.598
927.537 695.866
927.836 586.961
928.135 620.616
928.434 725.545
928.732 670.353
929.031 692.892
929.330 724.067
929.629 686.510
929.927 656.008
930.226 580.738
930.525 609.150
930.824 719.512
931.123 615.085
931.421 717.014
931.720 708.596
932.019 717.974
932.318 725.303
932.616 624.270
932.915 598.144
933.214 692.069
933.513 701.305
933.812 678.492
934.110 701.455
934.409 791.666
934.708 687.088
935.007 926.550
935.305 937.174
935.604 688.922
935.903 768.709
936.202 830.582
936.500 876.726
936.799 980.801
937.098 959.566
937.397 825.053
937.696 716.743
937.994 709.114
938.293 818.146
938.592 698.372
938.891 700.615
939.189 828.784
939.488 869.300
939.787 1014.078
940.086 917.313
940.384 941.935
940.683 840.110
940.982 735.591
941.281 829.782
941.580 1089.193
941.878 1056.707
942.177 813.841
942.476 838.971
942.775 835.113
943.073 696.610
943.372 700.000
943.671 893.562
943.970 1056.249
944.268 977.200
944.567 828.123
944.866 817.903
945.165 771.466
945.464 714.545
945.762 620.424
946.061 953.008
946.360 1033.799
946.659 983.523
946.957 939.384
947.256 871.473
947.555 857.887
947.854 945.671
948.153 842.056
948.451 747.979
948.750 767.769
949.049 768.323
949.348 1014.492
949.646 887.722
949.945 874.962
950.244 1030.507
950.543 937.821
950.841 800.832
951.140 767.417
951.439 642.104
951.738 630.574
952.037 729.075
952.335 918.281
952.634 937.887
952.933 775.812
953.232 734.304
953.530 535.655
953.829 854.092
954.128 945.833
954.427 822.024
954.725 903.618
955.024 825.456
955.323 907.132
955.622 761.849
955.921 651.899
956.219 739.181
956.518 661.637
956.817 725.740
957.116 731.133
957.414 683.745
957.713 557.306
958.012 488.694
958.311 542.307
958.610 769.861
958.908 781.844
959.207 739.527
959.506 727.027
959.805 752.142
960.103 820.537
960.402 793.773
960.701 680.125
961.000 630.955
961.298 621.419
961.597 775.964
961.896 723.152
962.195 719.149
962.494 747.745
962.792 688.636
963.091 662.600
963.390 645.041
963.689 602.181
963.987 690.973
964.286 841.318
964.585 898.826
964.884 746.235
965.182 609.533
965.481 980.695
965.780 1076.320
966.080 918.347
966.380 878.702
966.680 747.679
966.981 711.632
967.281 699.463
967.581 650.431
967.881 720.803
968.181 751.729
968.481 709.267
968.781 642.397
969.082 514.410
969.382 634.799
969.682 709.951
969.982 754.123
970.282 855.675
970.582 647.133
970.882 619.054
971.183 767.266
971.483 652.215
971.783 692.297
972.083 750.239
972.383 838.253
972.683 802.111
972.983 787.012
973.284 653.878
973.584 693.378
973.884 683.792
974.184 654.298
974.484 725.046
974.784 637.516
975.084 561.219
975.385 610.927
975.685 695.853
975.985 640.138
976.285 700.656
976.585 674.138
976.885 616.609
977.185 617.633
977.486 653.877
977.786 672.471
978.086 786.471
978.386 764.279
978.686 615.564
978.986 579.417
979.286 631.425
979.587 670.433
979.887 527.441
980.187 504.449
980.487 514.457
980.787 644.465
981.087 634.473
981.387 781.481
981.688 672.489
981.988 515.497
982.288 590.505
982.588 643.513
982.888 670.521
983.188 597.529
983.488 695.537
983.789 709.545
984.089 657.552
984.389 651.560
984.689 591.568
984.989 547.576
985.289 589.584
985.589 724.592
985.890 663.600
986.190 535.608
986.490 538.616
986.790 730.624
987.090 661.631
987.390 650.639
987.690 723.647
987.991 553.655
988.291 567.663
988.591 606.671
988.891 458.678
989.191 471.686
989.491 697.694
989.791 710.702
990.092 657.710
990.392 680.717
990.692 682.725
990.992 670.733
991.292 537.741
991.592 679.748
991.892 661.756
992.193 689.764
992.493 678.772
992.793 611.779
993.093 619.787
993.393 605.795
993.693 640.802
993.993 631.810
994.294 696.818
994.594 644.825
994.894 551.833
995.194 570.841
995.494 510.848
995.794 495.856
996.094 474.864
996.395 559.871
996.695 683.879
996.995 508.887
997.295 436.894
997.595 495.902
997.895 432.909
998.195 427.917
998.496 503.925
998.796 485.932
999.096 740.940
999.396 649.947
999.696 625.955
999.996 666.962
1000.296 715.970
1000.597 695.978
1000.897 577.985
1001.197 581.993
1001.497 803.000
1001.797 621.008
1002.097 523.015
1002.397 594.023
1002.698 680.030
1002.998 707.038
1003.298 647.045
1003.598 571.052
1003.898 527.060
1004.198 688.067
1004.498 697.075
1004.799 662.082
1005.099 696.090
1005.399 686.097
1005.699 706.105
1005.999 675.112
1006.299 606.119
1006.599 841.127
1006.900 813.134
1007.200 656.142
1007.500 674.149
1007.800 646.156
1008.100 506.164
1008.400 471.171
1008.700 495.178
1009.001 493.186
1009.301 528.193
1009.601 728.200
1009.901 799.208
1010.201 684.215
1010.501 626.222
1010.801 801.230
1011.102 616.237
1011.402 556.244
1011.702 513.251
1012.002 473.259
1012.302 634.266
1012.602 689.273
1012.902 600.280
1013.203 604.288
1013.503 696.295
1013.803 709.302
1014.103 528.309
1014.403 639.317
1014.703 559.324
1015.003 490.331
1015.304 717.338
1015.604 806.345
1015.904 560.353
1016.204 549.360
1016.504 581.367
1016.804 561.374
1017.104 574.381
1017.405 609.388
1017.705 548.396
1018.005 523.403
1018.305 565.410
1018.605 564.417
1018.905 430.424
1019.205 481.431
1019.506 820.438
1019.806 820.445
1020.106 681.453
1020.406 692.460
1020.706 634.467
1021.006 651.474
1021.306 750.481
1021.607 660.488
1021.907 755.495
1022.207 706.502
1022.507 540.509
1022.807 573.516
1023.107 596.523
1023.407 529.530
1023.708 593.537
1024.008 564.544
1024.308 549.551
1024.608 555.558
1024.908 504.565
1025.208 612.572
1025.508 805.579
1025.809 747.586
1026.109 574.593
1026.409 691.600
1026.709 664.607
1027.009 613.614
1027.309 676.621
1027.609 552.628
1027.910 516.635
1028.210 656.642
1028.510 765.649
1028.810 917.655
1029.110 823.662
1029.410 722.669
1029.710 830.676
1030.011 801.683
1030.311 788.690
1030.611 679.697
1030.911 621.704
1031.211 680.711
1031.511 582.717
1031.811 756.724
1032.112 775.731
1032.412 646.738
1032.712 482.745
1033.012 568.752
1033.312 741.758
1033.612 689.765
1033.912 640.772
1034.212 579.779
1034.513 542.786
1034.813 517.792
1035.113 643.799
1035.413 514.806
1035.713 570.813
1036.013 697.819
1036.313 683.826
1036.614 728.833
1036.914 591.840
1037.214 459.846
1037.514 627.853
1037.814 604.860
1038.114 600.867
1038.414 606.873
1038.715 686.880
1039.015 560.887
1039.315 420.893
1039.615 574.900
1039.915 583.907
1040.215 528.913
1040.515 576.920
1040.816 687.927
1041.116 652.933
1041.416 598.940
1041.716 502.947
1042.016 499.953
1042.316 661.960
1042.616 624.967
1042.917 540.973
1043.217 546.980
1043.517 584.987
1043.817 680.993
1044.117 651.000
1044.417 605.006
1044.717 557.013
1045.018 570.020
1045.318 688.026
1045.618 718.033
1045.918 602.039
1046.218 546.046
1046.518 572.052
1046.818 606.059
1047.119 537.065
1047.419 749.072
1047.719 653.078
1048.019 540.085
1048.319 670.092
1048.619 650.098
1048.919 651.105
1049.220 622.111
1049.520 731.118
1049.820 647.124
1050.120 491.131
1050.420 682.137
1050.720 670.143
1051.020 628.150
1051.321 661.156
1051.621 765.163
1051.921 664.169
1052.221 540.176
1052.521 521.182
1052.821 504.189
1053.121 618.195
1053.422 726.201
1053.722 773.208
1054.022 641.214
1054.322 739.221
1054.622 618.227
1054.922 526.233
1055.222 673.240
1055.523 672.246
1055.823 693.253
1056.123 725.259
1056.423 605.265
1056.723 689.272
1057.023 629.278
1057.323 482.284
1057.624 594.291
1057.924 702.297
1058.224 721.303
1058.524 597.310
1058.824 664.316
1059.124 645.322
1059.424 591.329
1059.725 676.335
1060.025 577.341
1060.325 618.348
1060.625 616.354
1060.925 618.360
1061.225 616.366
1061.525 700.373
1061.826 587.379
1062.126 604.385
1062.426 659.391
1062.726 698.398
1063.026 655.404
1063.326 875.410
1063.626 820.416
1063.927 637.423
1064.227 659.429
1064.527 578.435
1064.827 768.441
1065.127 697.447
1065.427 485.454
1065.727 497.460
1066.028 642.466
1066.328 699.472
1066.628 539.478
1066.928 512.485
1067.228 569.491
1067.528 593.497
1067.828 607.503
1068.129 513.509
1068.429 640.515
1068.729 711.521
1069.029 641.528
1069.329 479.534
1069.629 584.540
1069.929 740.546
1070.230 782.552
1070.530 721.558
1070.830 615.564
1071.130 707.570
1071.430 631.576
1071.730 629.583
1072.030 702.589
1072.331 572.595
1072.631 642.601
1072.931 702.607
1073.231 715.613
1073.531 651.619
1073.831 582.625
1074.131 642.631
1074.432 774.637
1074.732 666.643
1075.032 500.649
1075.332 489.655
1075.632 558.661
1075.932 552.667
1076.232 569.673
1076.533 562.679
1076.833 624.685
1077.133 593.691
1077.433 571.697
1077.733 534.703
1078.033 717.709
1078.333 674.715
1078.634 627.721
1078.934 713.727
1079.234 577.733
1079.534 668.739
1079.834 732.745
1080.134 672.751
1080.434 700.757
1080.735 607.763
1081.035 579.769
1081.335 481.775
1081.635 543.780
1081.935 630.786
1082.235 587.792
1082.535 551.798
1082.836 625.804
1083.136 607.810
1083.436 670.816
1083.736 689.822
1084.036 595.828
1084.336 594.833
1084.636 584.839
1084.937 705.845
1085.237 760.851
1085.537 660.857
1085.837 678.863
1086.137 636.869
1086.437 701.874
1086.737 657.880
1087.038 620.886
1087.338 746.892
1087.638 755.898
1087.938 537.903
1088.238 381.909
1088.538 563.915
1088.838 746.921
1089.139 708.927
1089.439 539.932
1089.739 682.938
1090.039 733.944
1090.339 693.950
1090.639 590.955
1090.939 601.961
1091.240 515.967
1091.540 593.973
1091.840 584.978
1092.140 689.984
1092.453 680.990
1092.766 564.996
1093.079 565.001
1093.392 619.007
1093.705 553.013
1094.018 592.019
1094.330 749.024
1094.643 703.030
1094.956 738.036
1095.269 686.041
1095.582 677.047
1095.895 567.053
1096.208 559.058
1096.521 604.064
1096.834 611.070
1097.147 662.075
1097.460 722.081
1097.773 762.087
1098.085 614.092
1098.398 527.098
1098.711 557.104
1099.024 545.109
1099.337 670.115
1099.650 748.121
1099.963 718.126
1100.276 604.132
1100.589 553.137
1100.902 618.143
1101.215 643.149
1101.528 668.154
1101.841 592.160
1102.153 682.165
1102.466 764.171
1102.779 524.176
1103.092 543.182
1103.405 664.188
1103.718 601.193
1104.031 581.199
1104.344 698.204
1104.657 640.210
1104.970 905.215
1105.283 750.221
1105.596 595.226
1105.909 601.232
1106.221 637.237
1106.534 622.243
1106.847 444.249
1107.160 410.254
1107.473 475.260
1107.786 610.265
1108.099 499.271
1108.412 498.276
1108.725 619.282
1109.038 491.287
1109.351 574.292
1109.664 682.298
1109.977 634.303
1110.289 598.309
1110.602 607.314
1110.915 566.320
1111.228 565.325
1111.541 486.331
1111.854 475.336
1112.167 474.342
1112.480 495.347
1112.793 592.352
1113.106 608.358
1113.419 653.363
1113.732 666.369
1114.044 518.374
1114.357 607.379
1114.670 650.385
1114.983 566.390
1115.296 495.396
1115.609 609.401
1115.922 626.406
1116.235 651.412
1116.548 662.417
1116.861 585.423
1117.174 548.428
1117.487 550.433
1117.800 752.439
1118.112 631.444
1118.425 556.449
1118.738 516.455
1119.051 473.460
1119.364 566.465
1119.677 656.471
1119.990 584.476
1120.303 637.481
1120.616 732.487
1120.929 580.492
1121.242 678.497
1121.555 675.503
1121.868 685.508
1122.180 652.513
1122.493 429.518
1122.806 439.524
1123.119 532.529
1123.432 617.534
1123.745 602.540
1124.058 558.545
1124.371 521.550
1124.684 671.555
1124.997 668.561
1125.310 576.566
1125.623 494.571
1125.935 475.576
1126.248 572.582
1126.561 667.587
1126.874 613.592
1127.187 667.597
1127.500 689.602
1127.813 638.608
1128.126 571.613
1128.439 592.618
1128.752 812.623
1129.065 621.628
1129.378 319.634
1129.691 507.639
1130.003 618.644
1130.316 588.649
1130.629 562.654
1130.942 644.660
1131.255 614.665
1131.568 524.670
1131.881 565.675
1132.194 646.680
1132.507 589.685
1132.820 570.690
1133.133 670.696
1133.446 531.701
1133.759 721.706
1134.071 1158.711
1134.384 872.716
1134.697 804.721
1135.010 908.726
1135.323 664.731
1135.636 517.737
1135.949 470.742
1136.262 512.747
1136.575 588.752
1136.888 566.757
1137.201 552.762
1137.514 565.767
1137.826 679.772
1138.139 608.777
1138.452 566.782
1138.765 776.787
1139.078 794.792
1139.391 758.798
1139.704 702.803
1140.017 674.808
1140.330 591.813
1140.643 588.818
1140.956 571.823
1141.269 615.828
1141.582 629.833
1141.894 556.838
1142.207 716.843
1142.520 648.848
1142.833 714.853
1143.146 650.858
1143.459 539.863
1143.772 577.868
1144.085 672.873
1144.398 585.878
1144.711 583.883
1145.024 591.888
1145.337 640.893
1145.650 707.898
1145.962 587.903
1146.275 639.908
1146.588 572.913
1146.901 702.918
1147.214 602.923
1147.527 505.928
1147.840 632.933
1148.153 640.937
1148.466 624.942
1148.779 593.947
1149.092 727.952
1149.405 603.957
1149.718 673.962
1150.030 702.967
1150.343 610.972
1150.656 497.977
1150.969 536.982
1151.282 739.987
1151.595 700.992
1151.908 574.997
1152.221 433.001
1152.534 499.006
1152.847 757.011
1153.160 610.016
1153.473 605.021
1153.785 684.026
1154.098 638.031
1154.411 707.036
1154.724 656.040
1155.037 758.045
1155.350 645.050
1155.663 644.055
1155.976 557.060
1156.289 636.065
1156.602 542.069
1156.915 455.074
1157.228 465.079
1157.541 591.084
1157.853 634.089
1158.166 604.094
1158.479 679.098
1158.792 614.103
1159.105 614.108
1159.418 606.113
1159.731 603.118
1160.044 606.122
1160.357 803.127
1160.670 739.132
1160.983 501.137
1161.296 648.142
1161.609 800.146
1161.921 643.151
1162.234 602.156
1162.547 479.161
1162.860 487.165
1163.173 517.170
1163.486 622.175
1163.799 610.180
1164.112 579.184
1164.425 564.189
1164.738 548.194
1165.051 490.199
1165.364 534.203
1165.676 595.208
1165.989 652.213
1166.302 602.217
1166.615 724.222
1166.928 693.227
1167.241 707.232
1167.554 685.236
1167.867 659.241
1168.180 605.246
1168.493 494.250
1168.806 582.255
1169.119 575.260
1169.432 674.264
1169.744 691.269
1170.057 666.274
1170.370 752.278
1170.683 663.283
1170.996 573.288
1171.309 618.292
1171.622 574.297
1171.935 548.302
1172.248 734.306
1172.561 723.311
1172.874 632.316
1173.187 698.320
1173.500 723.325
1173.812 723.330
1174.125 647.334
1174.438 704.339
1174.751 596.343
1175.064 573.348
1175.377 683.353
1175.690 608.357
1176.003 555.362
1176.316 618.366
1176.629 645.371
1176.942 568.376
1177.255 554.380
1177.567 489.385
1177.880 520.389
1178.193 666.394
1178.506 601.399
1178.819 699.403
1179.132 765.408
1179.445 618.412
1179.758 726.417
1180.071 699.421
1180.384 569.426
1180.697 577.430
1181.010 648.435
1181.323 828.440
1181.635 803.444
1181.948 727.449
1182.261 606.453
1182.574 524.458
1182.887 591.462
1183.200 719.467
1183.513 712.471
1183.826 585.476
1184.139 610.480
1184.452 661.485
1184.765 534.489
1185.078 489.494
1185.391 590.498
1185.703 538.503
1186.016 460.507
1186.329 471.512
1186.642 600.516
1186.955 764.521
1187.268 617.525
1187.581 610.530
1187.894 596.534
1188.207 628.538
1188.520 607.543
1188.833 561.547
1189.146 506.552
1189.459 462.556
1189.771 519.561
1190.084 640.565
1190.397 574.570
1190.710 626.574
1191.023 672.578
1191.336 703.583
1191.649 595.587
1191.962 559.592
1192.275 516.596
1192.588 671.601
1192.901 827.605
1193.214 636.609
1193.526 589.614
1193.839 672.618
1194.152 574.623
1194.465 691.627
1194.778 625.631
1195.091 599.636
1195.404 529.640
1195.717 558.645
1196.030 678.649
1196.343 555.653
1196.656 501.658
1196.969 609.662
1197.282 669.666
1197.594 638.671
1197.907 749.675
1198.220 742.679
1198.533 574.684
1198.846 542.688
1199.159 584.692
1199.472 603.697
1199.785 660.701
1200.098 574.705
1200.411 688.710
1200.724 629.714
1201.037 550.718
1201.350 470.723
1201.662 466.727
1201.975 604.731
1202.288 612.736
1202.601 199.740
