165.028 119.766
165.288 47.415
165.547 114.068
165.807 183.724
166.067 90.383
166.327 -26.954
166.587 -14.289
166.847 104.380
167.107 152.052
167.367 173.727
167.627 233.405
167.886 189.087
168.146 132.771
168.406 212.458
168.666 199.148
168.926 184.841
169.186 198.537
169.446 181.236
169.706 44.937
169.966 107.642
170.225 188.349
170.485 254.059
170.745 296.772
171.005 417.487
171.265 262.205
171.525 221.926
171.785 115.649
172.045 103.375
172.305 230.103
172.564 181.834
172.824 74.567
173.084 206.303
173.344 118.041
173.604 93.782
173.864 197.525
174.124 131.270
174.384 117.018
174.644 228.768
174.903 381.520
175.163 434.275
175.423 390.031
175.683 185.790
175.943 267.551
176.203 169.314
176.463 113.079
176.723 113.846
176.983 154.615
177.242 225.386
177.502 403.159
177.762 358.934
178.022 115.711
178.282 167.490
178.542 122.271
178.802 100.053
179.062 97.837
179.322 332.623
179.581 389.411
179.841 241.201
180.101 330.992
180.361 346.785
180.621 235.579
180.881 187.375
181.141 184.173
181.401 194.972
181.661 260.773
181.920 415.575
182.180 263.379
182.440 122.184
182.700 72.990
182.960 132.798
183.220 177.607
183.480 421.418
183.740 296.230
184.000 176.043
184.259 63.858
184.519 177.673
184.779 257.490
185.039 297.308
185.299 362.128
185.559 317.948
185.819 310.769
186.079 294.592
186.339 313.416
186.598 265.240
186.858 83.066
187.118 111.893
187.378 289.720
187.638 281.549
187.898 333.378
188.158 412.208
188.418 250.040
188.678 182.872
188.937 251.704
189.197 340.538
189.457 387.372
189.717 315.207
189.977 141.043
190.237 210.880
190.497 357.717
190.757 245.555
191.017 203.393
191.276 173.232
191.536 191.072
191.796 204.912
192.056 207.753
192.316 242.594
192.576 197.436
192.836 177.278
193.096 209.121
193.356 157.964
193.616 239.808
193.875 257.651
194.135 192.496
194.395 298.340
194.655 332.185
194.915 330.030
195.175 280.876
195.435 358.722
195.695 187.568
195.955 3.414
196.214 191.260
196.474 339.107
196.734 261.954
196.994 338.801
197.254 349.648
197.514 283.495
197.774 248.342
198.034 175.189
198.294 146.037
198.553 183.884
198.813 163.731
199.073 66.579
199.333 164.426
199.593 348.273
199.853 350.121
200.113 435.968
200.373 389.815
200.633 183.662
200.892 135.508
201.152 151.355
201.412 142.201
201.672 236.048
201.932 462.894
202.192 387.740
202.452 209.585
202.712 208.431
202.972 250.276
203.231 387.120
203.491 334.965
203.751 247.809
204.011 334.653
204.271 434.496
204.531 201.339
204.791 125.182
205.051 178.025
205.311 301.867
205.570 194.708
205.830 199.549
206.090 169.390
206.350 258.230
206.610 483.069
206.870 299.909
207.130 209.747
207.390 316.585
207.650 246.423
207.909 268.260
208.169 331.096
208.429 302.932
208.689 131.768
208.949 256.602
209.209 361.436
209.469 214.270
209.729 135.102
209.989 192.935
210.248 120.766
210.508 394.597
210.768 370.427
211.028 241.256
211.288 263.085
211.548 226.913
211.808 294.740
212.068 463.566
212.328 503.392
212.587 448.217
212.847 310.041
213.107 350.864
213.367 364.686
213.627 305.508
213.887 283.329
214.147 234.149
214.407 344.968
214.667 315.786
214.926 380.603
215.186 307.420
215.446 324.235
215.706 208.050
215.966 235.863
216.226 285.676
216.486 257.488
216.746 271.299
217.006 311.109
217.265 277.918
217.525 310.726
217.785 363.533
218.045 361.339
218.305 295.144
218.565 228.948
218.825 319.751
219.085 434.553
219.345 259.354
219.604 231.154
219.864 392.953
220.124 390.750
220.384 306.547
220.644 269.343
220.904 200.137
221.164 264.931
221.424 255.723
221.684 209.514
221.943 255.304
222.203 378.093
222.463 325.881
222.723 195.668
222.983 276.454
223.243 258.238
223.503 295.021
223.763 201.804
224.023 178.585
224.282 337.364
224.542 395.143
224.802 397.921
225.062 372.697
225.322 504.472
225.582 350.246
225.842 261.018
226.102 332.790
226.362 352.560
226.621 408.329
226.881 305.097
227.141 307.863
227.401 337.628
227.661 241.392
227.921 444.155
228.181 377.917
228.441 299.677
228.701 458.436
228.960 451.193
229.220 314.950
229.480 254.705
229.740 434.459
230.000 479.211
230.260 285.962
230.520 263.712
230.780 292.461
231.040 282.208
231.299 241.954
231.559 306.699
231.819 316.442
232.079 394.184
232.339 435.925
232.599 301.665
232.859 373.403
233.119 437.139
233.379 278.875
233.638 273.609
233.898 443.341
234.158 453.073
234.418 271.803
234.678 353.531
234.938 419.258
235.198 256.984
235.458 228.709
235.718 361.432
235.978 343.154
236.237 331.874
236.497 370.593
236.757 419.311
237.017 372.027
237.277 364.742
237.537 350.455
237.797 208.167
238.057 340.878
238.317 353.587
238.576 267.295
238.836 303.001
239.096 402.706
239.356 383.410
239.616 352.112
239.876 380.813
240.136 310.513
240.396 397.211
240.656 483.907
240.915 385.603
241.175 357.296
241.435 319.989
241.695 378.680
241.955 500.369
242.215 615.057
242.475 528.744
242.735 325.429
242.995 353.113
243.254 396.796
243.514 385.477
243.774 180.156
244.034 286.834
244.294 610.511
244.554 435.186
244.814 393.860
245.074 369.533
245.334 348.204
245.593 340.873
245.853 299.541
246.113 224.208
246.373 388.873
246.633 458.537
246.893 396.200
247.153 388.861
247.413 436.520
247.673 413.178
247.932 323.835
248.192 364.490
248.452 475.144
248.712 460.796
248.972 326.447
249.232 464.097
249.492 351.745
249.752 267.391
250.012 454.037
250.271 352.680
250.531 393.323
250.791 648.964
251.051 529.603
251.311 339.241
251.571 198.878
251.831 367.513
252.091 453.147
252.351 404.779
252.610 360.410
252.870 427.039
253.130 370.667
253.390 340.294
253.650 406.919
253.911 389.543
254.172 489.165
254.433 435.786
254.694 332.405
254.955 445.023
255.216 355.640
255.477 481.255
255.738 424.869
255.999 310.481
256.261 448.092
256.522 453.701
256.783 435.309
257.044 272.916
257.305 169.521
257.566 249.125
257.827 242.728
258.088 347.329
258.349 332.928
258.610 357.526
258.871 418.123
259.132 510.718
259.393 367.312
259.654 296.905
259.915 229.496
260.176 319.086
260.437 454.674
260.698 382.261
260.959 335.847
261.221 447.431
261.482 469.014
261.743 445.595
262.004 443.175
262.265 580.754
262.526 555.331
262.787 297.907
263.048 230.481
263.309 303.054
263.570 472.626
263.831 419.196
264.092 347.765
264.353 214.332
264.614 535.899
264.875 569.463
265.136 389.027
265.397 571.589
265.658 632.149
265.919 638.709
266.181 552.267
266.442 393.823
266.703 369.379
266.964 348.932
267.225 321.485
267.486 379.036
267.747 462.586
268.008 466.134
268.269 511.682
268.530 484.227
268.791 443.772
269.052 479.315
269.313 446.857
269.574 396.397
269.835 430.936
270.096 401.474
270.357 439.010
270.618 414.545
270.879 359.079
271.141 404.611
271.402 396.143
271.663 348.672
271.924 428.201
272.185 402.728
272.446 420.254
272.707 444.778
272.968 377.302
273.229 393.824
273.490 443.344
273.751 374.863
274.012 389.382
274.273 482.898
274.534 457.414
274.795 436.928
275.056 448.441
275.317 348.952
275.578 301.462
275.839 355.971
276.101 319.479
276.362 365.986
276.623 424.491
276.884 526.995
277.145 514.497
277.406 527.999
277.667 382.499
277.928 331.997
278.189 559.495
278.450 533.991
278.711 477.486
278.972 495.980
279.233 390.473
279.494 507.964
279.755 662.454
280.016 608.943
280.277 458.430
280.538 498.917
280.799 444.402
281.061 453.886
281.322 465.368
281.583 401.850
281.844 331.330
282.105 385.809
282.366 499.286
282.627 421.763
282.888 541.238
283.149 591.712
283.410 492.185
283.671 500.657
283.932 495.127
284.193 339.597
284.454 450.065
284.715 511.531
284.976 398.997
285.237 517.462
285.498 756.925
285.759 615.387
286.021 523.848
286.282 500.308
286.543 605.766
286.804 558.223
287.065 530.680
287.326 557.135
287.587 362.588
287.848 505.041
288.109 638.493
288.370 584.943
288.631 421.392
288.892 376.840
289.153 439.287
289.414 352.733
289.675 514.178
289.936 652.621
290.197 631.063
290.458 540.504
290.719 447.944
290.981 599.383
291.242 676.821
291.503 622.258
291.764 458.693
292.025 306.128
292.286 350.561
292.547 479.993
292.808 432.424
293.069 499.854
293.330 562.283
293.591 527.711
293.852 476.137
294.113 449.563
294.374 450.987
294.635 493.410
294.896 499.833
295.157 552.254
295.418 583.674
295.679 562.093
295.941 525.510
296.202 561.927
296.463 541.343
296.724 579.758
296.985 599.171
297.246 580.584
297.507 400.995
297.768 334.405
298.029 505.815
298.290 731.223
298.551 709.630
298.812 713.036
299.073 573.441
299.334 439.845
299.595 540.248
299.856 548.650
300.117 686.051
300.378 601.451
300.639 421.850
300.901 444.247
301.162 495.644
301.423 538.040
301.684 707.434
301.945 762.828
302.206 499.221
302.467 457.612
302.728 417.003
302.989 429.393
303.250 529.781
303.511 611.169
303.772 609.555
304.033 573.941
304.294 540.325
304.555 482.709
304.816 502.092
305.077 563.473
305.338 468.854
305.599 385.233
305.861 483.612
306.122 606.990
306.383 538.366
306.644 507.742
306.905 363.117
307.166 553.490
307.427 553.863
307.688 506.235
307.949 447.606
308.210 465.976
308.471 535.345
308.732 503.713
308.993 424.080
309.254 499.446
309.515 419.811
309.776 461.175
310.037 455.538
310.298 331.900
310.559 430.262
310.821 579.622
311.082 542.982
311.343 411.340
311.604 382.698
311.865 402.055
312.126 377.410
312.387 464.765
312.648 486.119
312.909 442.472
313.170 500.824
313.434 517.175
313.698 454.526
313.963 557.875
314.227 475.224
314.491 437.571
314.755 522.918
315.019 487.264
315.284 288.608
315.548 426.952
315.812 460.296
316.076 550.638
316.340 560.979
316.604 523.320
316.869 584.659
317.133 546.998
317.397 605.336
317.661 587.673
317.925 472.009
318.190 472.344
318.454 472.678
318.718 424.012
318.982 542.344
319.246 613.676
319.511 688.007
319.775 514.337
320.039 510.666
320.303 521.995
320.567 565.322
320.832 577.649
321.096 492.975
321.360 512.300
321.624 537.624
321.888 451.947
322.153 425.270
322.417 365.591
322.681 313.912
322.945 449.232
323.209 481.551
323.473 453.870
323.738 453.187
324.002 492.504
324.266 621.820
324.530 567.135
324.794 476.449
325.059 453.763
325.323 394.075
325.587 471.387
325.851 471.698
326.115 725.009
326.380 620.318
326.644 563.627
326.908 593.935
327.172 495.242
327.436 469.548
327.701 428.854
327.965 459.159
328.229 528.463
328.493 371.766
328.757 453.068
329.022 579.370
329.286 459.671
329.550 448.971
329.814 455.270
330.078 499.569
330.342 437.867
330.607 504.164
330.871 602.460
331.135 678.756
331.399 650.050
331.663 528.344
331.928 515.638
332.192 629.930
332.456 544.222
332.720 539.513
332.984 499.803
333.249 491.093
333.513 457.382
333.777 391.670
334.041 349.957
334.305 438.244
334.570 547.530
334.834 436.815
335.098 626.100
335.362 664.383
335.626 575.666
335.891 472.949
336.155 479.230
336.419 442.511
336.683 287.791
336.947 411.071
337.211 488.350
337.476 371.628
337.740 392.905
338.004 451.182
338.268 443.458
338.532 537.733
338.797 502.007
339.061 559.281
339.325 636.554
339.589 688.827
339.853 537.099
340.118 455.370
340.382 631.640
340.646 714.910
340.910 485.179
341.174 466.447
341.439 484.715
341.703 510.982
341.967 506.248
342.231 455.514
342.495 409.779
342.759 562.043
343.024 520.307
343.288 621.570
343.552 572.832
343.816 335.094
344.080 354.355
344.345 437.615
344.609 369.875
344.873 271.134
345.137 440.393
345.401 540.650
345.666 378.908
345.930 516.164
346.194 608.420
346.458 431.675
346.722 432.930
346.987 412.184
347.251 547.437
347.515 690.690
347.779 504.942
348.043 475.193
348.308 529.444
348.572 441.694
348.836 391.943
349.100 428.192
349.364 337.441
349.628 375.688
349.893 444.935
350.157 530.182
350.421 511.428
350.685 506.673
350.949 453.917
351.214 356.161
351.478 427.405
351.742 492.648
352.006 488.890
352.270 521.131
352.535 390.372
352.799 371.613
353.063 474.853
353.327 435.092
353.591 349.330
353.856 375.568
354.120 496.806
354.384 641.043
354.648 666.279
354.912 586.515
355.177 500.750
355.441 378.984
355.705 624.218
355.969 635.451
356.233 537.684
356.497 544.916
356.762 521.148
357.026 483.379
357.290 495.610
357.554 524.839
357.818 534.069
358.083 527.298
358.347 530.526
358.611 531.753
358.875 528.981
359.139 507.207
359.404 421.433
359.668 547.659
359.932 700.883
360.196 641.108
360.460 516.332
360.725 519.555
360.989 569.778
361.253 698.000
361.517 642.221
361.781 639.442
362.046 644.663
362.310 662.883
362.574 668.102
362.838 522.321
363.102 525.540
363.366 564.758
363.631 448.975
363.895 443.192
364.159 594.408
364.423 600.624
364.687 637.839
364.952 673.054
365.216 693.268
365.480 606.481
365.747 444.694
366.013 497.907
366.280 442.119
366.546 534.331
366.813 515.542
367.079 568.752
367.346 652.962
367.612 569.172
367.879 612.381
368.145 638.590
368.412 513.798
368.678 481.005
368.945 579.212
369.211 566.419
369.478 603.625
369.744 562.830
370.011 552.035
370.278 528.240
370.544 502.444
370.811 482.647
371.077 523.850
371.344 550.053
371.610 528.255
371.877 533.457
372.143 657.658
372.410 690.858
372.676 729.059
372.943 683.258
373.209 582.458
373.476 484.656
373.742 450.854
374.009 590.052
374.276 591.250
374.542 552.446
374.809 485.643
375.075 370.839
375.342 337.034
375.608 384.229
375.875 418.424
376.141 600.618
376.408 618.811
376.674 589.004
376.941 556.197
377.207 493.389
377.474 857.581
377.740 801.772
378.007 486.963
378.273 568.153
378.540 605.343
378.807 525.533
379.073 449.722
379.340 481.910
379.606 550.098
379.873 524.286
380.139 511.473
380.406 586.660
380.672 560.846
380.939 478.032
381.205 410.218
381.472 334.403
381.738 381.587
382.005 558.772
382.271 577.955
382.538 568.139
382.804 679.321
383.071 613.504
383.338 576.686
383.604 514.867
383.871 628.049
384.137 674.229
384.404 578.410
384.670 581.589
384.937 556.769
385.203 632.948
385.470 603.127
385.736 603.305
386.003 543.482
386.269 521.660
386.536 501.837
386.802 541.013
387.069 651.189
387.336 780.365
387.602 668.540
387.869 382.715
388.135 418.890
388.402 391.064
388.668 469.238
388.935 655.411
389.201 759.584
389.468 745.756
389.734 717.928
390.001 672.100
390.267 572.271
390.534 625.442
390.800 655.612
391.067 683.783
391.333 640.952
391.600 542.122
391.867 570.290
392.133 613.459
392.400 491.627
392.666 434.795
392.933 648.962
393.199 739.129
393.466 599.296
393.732 595.462
393.999 678.628
394.265 707.793
394.532 592.958
394.798 680.123
395.065 672.287
395.331 778.451
395.598 813.614
395.864 817.778
396.131 959.940
396.398 1138.103
396.664 1285.265
396.931 1553.426
397.197 2043.588
397.464 2460.749
397.730 3091.909
397.997 3335.069
398.263 3553.229
398.530 3922.389
398.796 4175.548
399.063 4275.706
399.329 4232.865
399.596 4422.023
399.862 4398.180
400.129 4412.338
400.396 4521.495
400.662 4288.651
400.929 4241.807
401.195 4240.963
401.462 4269.119
401.728 4523.274
401.995 4601.429
402.261 4709.583
402.528 4699.737
402.794 4772.891
403.061 4973.044
403.327 5241.197
403.594 5258.350
403.860 5124.502
404.127 5087.654
404.393 5196.806
404.660 5145.957
404.931 5031.108
405.202 5207.259
405.473 5215.409
405.745 5330.559
406.016 5564.709
406.287 5334.858
406.558 5132.007
406.829 5270.156
407.100 5221.304
407.371 5436.452
407.642 5592.600
407.914 5347.747
408.185 5273.894
408.456 5296.040
408.727 5482.187
408.998 5404.333
409.269 5518.478
409.540 5686.624
409.811 5288.769
410.083 5166.913
410.354 5159.058
410.625 4899.202
410.896 4860.345
411.167 4905.489
411.438 4741.632
411.709 4357.775
411.981 4378.917
412.252 4011.059
412.523 3706.201
412.794 3659.342
413.065 3583.484
413.336 3251.624
413.607 3061.765
413.878 2977.905
414.150 2776.045
414.421 2496.185
414.692 2347.324
414.963 2228.463
415.234 2196.602
415.505 2021.740
415.776 2052.878
416.047 1928.016
416.319 1741.153
416.590 1499.291
416.861 1218.427
417.132 1271.564
417.403 1159.700
417.674 1069.836
417.945 954.972
418.217 892.107
418.488 980.242
418.759 841.377
419.030 727.511
419.301 749.646
419.572 845.780
419.843 838.913
420.114 722.046
420.386 716.179
420.657 838.312
420.928 750.444
421.199 692.577
421.470 673.708
421.741 568.840
422.012 564.971
422.283 594.102
422.555 616.233
422.826 705.363
423.097 799.493
423.368 704.623
423.639 539.753
423.910 681.882
424.181 627.011
424.453 581.140
424.724 861.268
424.995 946.396
425.266 745.524
425.537 722.652
425.808 870.779
426.079 887.906
426.350 805.033
426.622 791.160
426.893 881.286
427.164 878.412
427.435 833.537
427.706 805.663
427.977 812.788
428.248 774.913
428.519 804.037
428.791 757.162
429.062 846.286
429.333 742.410
429.604 725.533
429.875 885.656
430.146 979.779
430.417 968.902
430.689 906.025
430.960 764.147
431.231 740.269
431.502 854.390
431.773 852.512
432.044 715.633
432.315 917.754
432.586 935.875
432.858 947.995
433.129 734.115
433.400 747.235
433.671 728.355
433.942 618.474
434.213 512.593
434.484 569.712
434.755 667.831
435.027 540.949
435.298 662.067
435.569 748.185
435.840 630.302
436.116 638.420
436.391 700.537
436.667 662.654
436.942 737.770
437.218 807.887
437.493 807.003
437.769 855.119
438.045 735.234
438.320 716.350
438.596 713.465
438.871 626.580
439.147 645.694
439.422 584.809
439.698 474.923
439.974 500.037
440.249 688.151
440.525 767.264
440.800 549.377
441.076 658.490
441.351 834.603
441.627 840.715
441.903 758.828
442.178 626.940
442.454 646.052
442.729 814.163
443.005 638.274
443.281 761.385
443.556 896.496
443.832 732.607
444.107 613.717
444.383 633.828
444.658 627.937
444.934 535.047
445.210 735.157
445.485 804.266
445.761 787.375
446.036 712.484
446.312 784.592
446.587 763.701
446.863 624.809
447.139 663.917
447.414 661.024
447.690 695.132
447.965 779.239
448.241 711.346
448.516 703.453
448.792 677.559
449.068 629.666
449.343 708.772
449.619 657.878
449.894 713.983
450.170 715.089
450.445 867.194
450.721 874.299
450.997 657.404
451.272 817.508
451.548 718.613
451.823 670.717
452.099 813.821
452.375 693.925
452.650 673.028
452.926 767.131
453.201 798.235
453.477 1017.337
453.752 917.440
454.028 831.543
454.304 914.645
454.579 981.747
454.855 913.849
455.130 909.950
455.406 1027.052
455.681 945.153
455.957 854.254
456.233 808.355
456.508 799.455
456.784 809.556
457.059 807.656
457.335 922.756
457.610 792.856
457.886 762.955
458.162 693.055
458.437 682.154
458.713 774.253
458.988 743.351
459.264 788.450
459.539 839.548
459.815 733.647
460.091 584.745
460.366 586.842
460.642 619.940
460.917 674.037
461.193 696.134
461.468 611.231
461.744 640.328
462.020 616.425
462.295 671.521
462.571 662.617
462.846 676.713
463.122 767.809
463.397 770.905
463.673 652.348
463.949 665.430
464.224 696.494
464.500 748.537
464.775 677.380
465.051 793.887
465.327 940.628
465.602 1093.476
465.878 1148.608
466.153 1055.739
466.429 1247.696
466.704 1488.061
466.980 1491.131
467.256 1624.224
467.531 1664.981
467.807 1667.744
468.082 1692.887
468.358 1674.268
468.633 1737.636
468.909 1690.540
469.185 1646.100
469.460 1734.367
469.736 1757.353
470.011 1611.423
470.287 1610.899
470.562 1682.787
470.838 1531.196
471.114 1572.228
471.389 1507.673
471.665 1544.678
471.940 1582.769
472.216 1458.366
472.491 1259.326
472.767 1266.780
473.043 1389.588
473.318 1381.565
473.594 1191.374
473.869 1153.001
474.145 1069.673
474.421 954.809
474.696 907.086
474.972 887.732
475.247 930.521
475.523 1007.055
475.798 917.447
476.074 800.512
476.350 769.033
476.625 788.254
476.901 880.086
477.176 864.003
477.452 714.687
477.727 689.342
478.003 583.038
478.279 769.101
478.554 864.716
478.830 841.268
479.105 868.073
479.381 807.441
479.656 719.292
479.932 768.295
480.208 863.757
480.483 908.469
480.759 917.655
481.034 838.025
481.310 739.120
481.585 744.771
481.861 829.533
482.137 738.147
482.412 804.893
482.688 793.320
482.963 877.864
483.239 927.167
483.514 703.803
483.790 759.478
484.066 963.597
484.341 812.019
484.617 738.510
484.892 867.470
485.168 827.750
485.443 677.903
485.719 740.609
485.995 851.323
486.270 821.819
486.546 672.894
486.821 630.442
487.097 653.956
487.373 683.963
487.648 814.585
487.924 846.312
488.199 683.476
488.475 520.490
488.750 531.312
489.026 718.369
489.302 680.175
489.577 605.076
489.853 654.512
490.128 847.537
490.404 781.227
490.679 600.287
490.955 795.280
491.231 893.109
491.506 825.566
491.782 744.179
492.057 686.776
492.333 746.539
492.608 714.325
492.884 723.207
493.160 597.060
493.435 652.228
493.711 799.362
493.986 722.259
494.262 718.140
494.537 634.882
494.813 740.585
495.089 647.085
495.364 681.541
495.640 732.697
495.915 716.072
496.191 876.021
496.467 803.067
496.742 747.969
497.018 795.917
497.293 696.287
497.569 792.899
497.844 757.910
498.120 799.568
498.396 756.586
498.671 730.599
498.947 785.290
499.222 786.145
499.498 842.722
499.773 925.383
500.049 994.101
500.325 953.251
500.600 1012.231
500.876 1083.388
501.151 1239.095
501.427 1280.573
501.702 1398.516
501.978 1454.871
502.254 1490.100
502.529 1398.131
502.805 1547.648
503.080 1688.394
503.356 1575.135
503.631 1570.738
503.907 1639.780
504.183 1584.185
504.458 1608.549
504.734 1531.161
505.009 1616.167
505.285 1572.328
505.560 1591.033
505.836 1541.096
506.112 1472.342
506.387 1428.891
506.663 1344.605
506.938 1267.831
507.214 1251.725
507.490 1262.652
507.765 1231.177
508.041 1274.638
508.316 1279.753
508.592 1111.083
508.867 1169.391
509.143 1207.482
509.419 1035.692
509.694 899.281
509.970 865.248
510.245 781.502
510.521 857.790
510.796 789.069
511.072 693.234
511.348 735.788
511.623 784.710
511.899 813.252
512.174 836.346
512.450 863.361
512.725 808.865
513.001 618.834
513.277 606.407
513.552 822.666
513.828 786.593
514.103 732.683
514.379 862.663
514.654 713.393
514.930 720.897
515.206 1067.655
515.481 926.405
515.757 688.613
516.032 623.424
516.308 776.568
516.583 894.900
516.859 775.402
517.135 815.388
517.410 908.134
517.686 915.972
517.961 917.979
518.237 903.653
518.513 804.193
518.788 1057.830
519.064 1184.229
519.339 1090.750
519.615 1015.436
519.890 1115.772
520.166 1161.002
520.442 1363.989
520.717 1437.198
520.993 1386.622
521.268 1251.566
521.544 1283.389
521.819 1305.000
522.095 1337.398
522.371 1470.405
522.646 1491.559
522.922 1615.670
523.197 1614.773
523.473 1639.125
523.748 1509.042
524.024 1441.160
524.300 1487.153
524.575 1428.840
524.851 1525.550
525.126 1562.393
525.402 1547.680
525.677 1571.663
525.953 1522.418
526.229 1489.017
526.504 1393.850
526.780 1553.189
527.055 1571.959
527.331 1576.803
527.606 1623.391
527.882 1577.877
528.158 1438.643
528.433 1602.691
528.709 1549.007
528.984 1521.234
529.260 1482.872
529.535 1470.939
529.811 1275.032
530.087 1181.298
530.362 1210.433
530.638 1326.747
530.913 1424.831
531.189 1318.156
531.465 1201.419
531.740 1178.483
532.016 1245.445
532.291 1188.442
532.567 1169.485
532.842 1239.310
533.118 1182.374
533.394 1194.259
533.669 1061.426
533.945 906.814
534.220 923.409
534.496 1026.605
534.771 957.487
535.047 1023.844
535.323 982.909
535.598 967.373
535.874 1026.968
536.149 1059.310
536.425 957.663
536.700 931.301
536.976 1076.321
537.252 1324.736
537.527 1330.023
537.803 1553.066
538.078 1879.133
538.354 1979.485
538.629 1943.104
538.905 1973.672
539.181 2101.881
539.456 2249.867
539.732 2515.717
540.007 2583.888
540.283 2475.825
540.558 2521.808
540.834 2555.537
541.110 2572.975
541.385 2593.823
541.661 2722.591
541.936 2876.981
542.212 2723.419
542.488 2675.902
542.763 2802.816
543.039 2890.969
543.314 2848.366
543.590 2755.917
543.865 2713.271
544.141 2806.672
544.417 2782.894
544.692 2645.908
544.968 2790.948
545.243 2670.516
545.519 2447.462
545.794 2447.961
546.070 2516.604
546.348 2419.660
546.627 2207.568
546.905 2305.341
547.183 2289.892
547.461 2413.084
547.740 2460.804
548.018 2354.954
548.296 2398.350
548.575 2386.487
548.853 2396.470
549.131 2550.446
549.409 2699.755
549.688 2838.697
549.966 2945.893
550.244 3064.001
550.523 3032.276
550.801 3035.267
551.079 3137.164
551.357 3321.192
551.636 3304.129
551.914 3280.899
552.192 3238.544
552.471 3381.971
552.749 3547.772
553.027 3566.970
553.306 3734.605
553.584 3905.748
553.862 3985.460
554.140 4166.257
554.419 4252.989
554.697 4499.857
554.975 4680.436
555.254 4796.146
555.532 4605.966
555.810 4649.327
556.088 4762.037
556.367 4666.663
556.645 4454.975
556.923 4449.188
557.202 4388.549
557.480 4365.891
557.758 4165.780
558.036 3977.662
558.315 3820.930
558.593 3969.091
558.871 3840.389
559.150 3610.794
559.428 3478.014
559.706 3323.935
559.984 3238.729
560.263 3158.508
560.541 2993.670
560.819 2840.533
561.098 2691.849
561.376 2542.859
561.654 2269.830
561.932 1918.838
562.211 1850.838
562.489 1782.681
562.767 1627.467
563.046 1407.176
563.324 1287.831
563.602 1291.997
563.880 1172.762
564.159 1164.171
564.437 1229.257
564.715 1059.659
564.994 940.704
565.272 999.292
565.550 821.007
565.828 746.026
566.107 893.008
566.385 863.070
566.663 741.367
566.942 799.762
567.220 836.311
567.498 863.123
567.776 707.400
568.055 664.177
568.333 788.261
568.611 835.106
568.890 723.398
569.168 659.203
569.446 691.770
569.725 686.985
570.003 557.562
570.281 526.232
570.559 686.820
570.838 744.645
571.116 764.792
571.394 789.062
571.673 785.024
571.951 721.753
572.229 722.770
572.507 717.686
572.786 703.838
573.064 711.385
573.342 701.693
573.621 593.839
573.899 646.567
574.177 832.791
574.455 762.291
574.734 667.191
575.012 795.416
575.290 776.652
575.569 739.223
575.847 746.863
576.125 711.579
576.403 556.134
576.682 667.836
576.960 729.296
577.243 788.662
577.527 664.360
577.810 564.897
578.093 603.961
578.377 598.282
578.660 645.757
578.944 606.276
579.227 631.283
579.510 763.767
579.794 650.481
580.077 562.666
580.360 637.673
580.644 693.961
580.927 650.958
581.210 636.091
581.494 623.458
581.777 649.747
582.061 637.490
582.344 609.256
582.627 581.384
582.911 613.332
583.194 572.072
583.477 683.892
583.761 737.828
584.044 831.684
584.327 716.674
584.611 620.813
584.894 636.841
585.178 604.916
585.461 626.937
585.744 709.897
586.028 661.650
586.311 671.693
586.594 689.736
586.878 624.779
587.161 591.822
587.444 681.865
587.728 701.908
588.011 751.950
588.295 591.993
588.578 632.403
588.861 759.319
589.145 630.120
589.428 666.829
589.711 574.205
589.995 580.666
590.278 747.541
590.562 667.331
590.845 610.762
591.128 783.847
591.412 725.007
591.695 601.897
591.978 749.042
592.262 725.856
592.545 540.003
592.828 713.239
593.112 662.718
593.395 589.978
593.679 552.579
593.962 695.050
594.245 677.484
594.529 579.018
594.812 512.876
595.095 449.746
595.379 621.684
595.662 650.175
595.945 615.807
596.229 526.942
596.512 539.801
596.796 657.323
597.079 748.792
597.362 771.604
597.646 775.827
597.929 653.216
598.212 669.408
598.496 683.282
598.779 800.120
599.062 870.249
599.346 683.714
599.629 603.197
599.913 603.627
600.196 672.632
600.479 689.726
600.763 689.459
601.046 524.917
601.329 615.040
601.613 803.264
601.896 719.724
602.179 713.162
602.463 650.332
602.746 726.992
603.030 842.944
603.313 793.087
603.596 640.034
603.880 702.190
604.163 740.464
604.446 688.846
604.730 658.522
605.013 722.495
605.296 741.849
605.580 644.923
605.863 740.946
606.147 695.930
606.430 691.070
606.713 783.387
606.997 683.310
607.280 812.816
607.563 739.468
607.847 684.041
608.130 743.205
608.414 798.288
608.697 764.079
608.980 681.613
609.264 806.828
609.547 671.892
609.830 705.230
610.114 769.910
610.397 724.893
610.680 734.005
610.964 771.755
611.247 785.518
611.531 719.593
611.814 594.017
612.097 628.401
612.381 851.350
612.664 974.892
612.947 793.378
613.231 721.775
613.514 724.485
613.797 811.948
614.081 859.135
614.364 824.791
614.648 790.446
614.931 709.932
615.214 679.516
615.498 770.682
615.781 812.815
616.064 765.607
616.348 921.155
616.631 950.670
616.914 986.187
617.198 896.554
617.481 769.496
617.765 785.084
618.048 888.560
618.331 832.327
618.615 745.240
618.898 855.948
619.181 900.450
619.465 853.898
619.748 760.956
620.031 707.290
620.315 695.142
620.598 751.423
620.882 863.426
621.165 970.681
621.448 904.116
621.732 844.354
622.015 696.131
622.298 652.689
622.582 764.154
622.865 729.987
623.148 672.080
623.432 777.565
623.715 728.551
623.999 929.647
624.282 858.326
624.565 872.161
624.849 711.230
625.132 595.763
625.415 878.056
625.699 969.795
625.982 831.586
626.265 749.379
626.549 661.788
626.832 784.045
627.116 830.545
627.399 666.943
627.682 648.496
627.966 662.983
628.249 684.484
628.532 641.619
628.816 807.869
629.099 717.915
629.383 687.200
629.666 638.908
629.949 613.129
630.233 653.693
630.516 738.007
630.799 783.069
631.083 685.125
631.366 650.345
631.649 584.102
631.933 528.714
632.216 652.537
632.500 697.064
632.783 685.357
633.066 649.177
633.350 685.009
633.633 719.129
633.916 731.780
634.200 670.263
634.483 680.189
634.766 736.533
635.050 669.698
635.333 558.722
635.617 644.111
635.900 697.898
636.183 759.049
636.467 720.556
636.750 774.887
637.033 834.352
637.317 751.125
637.600 680.901
637.883 673.719
638.167 673.118
638.450 708.405
638.734 679.409
639.017 734.682
639.300 738.458
639.584 678.864
639.867 929.596
640.150 846.370
640.434 828.627
640.717 869.938
641.000 739.127
641.284 805.512
641.567 813.779
641.851 787.079
642.134 897.094
642.417 866.379
642.701 955.152
642.984 993.541
643.267 939.252
643.551 766.996
643.834 701.203
644.117 789.527
644.401 741.562
644.684 786.578
644.968 947.709
645.251 879.307
645.534 710.481
645.818 708.634
646.101 849.234
646.384 952.550
646.668 989.199
646.951 933.829
647.235 959.172
647.518 974.239
647.801 1119.945
648.085 1235.354
648.368 1278.837
648.651 1196.159
648.935 1362.283
649.218 1500.730
649.501 1383.417
649.785 1412.275
650.068 1745.157
650.352 1872.424
650.635 1919.592
650.918 1955.495
651.202 2136.612
651.485 2384.633
651.768 2477.233
652.052 2474.814
652.335 2615.196
652.618 2884.455
652.902 3048.148
653.185 3308.846
653.469 3339.025
653.752 3316.806
654.035 3343.971
654.319 3493.502
654.602 3542.334
654.885 3561.037
655.169 3668.379
655.452 3656.929
655.735 3666.471
656.019 3659.563
656.302 3573.660
656.586 3637.645
656.869 3859.588
657.152 3849.316
657.436 3686.077
657.719 3912.149
658.002 3955.303
658.286 3898.722
658.569 3624.887
658.852 3452.678
659.136 3438.398
659.419 3342.996
659.703 3153.178
659.986 3158.284
660.269 3137.272
660.553 2888.179
660.836 2904.468
661.119 3000.026
661.403 2993.946
661.686 2874.958
661.969 2760.033
662.253 2704.411
662.536 2658.709
662.820 2753.751
663.103 2728.425
663.386 2702.085
663.670 2726.454
663.953 2517.523
664.236 2691.328
664.520 2584.974
664.803 2546.502
665.086 2623.913
665.370 2745.141
665.653 2779.618
665.937 2733.784
666.220 2671.946
666.503 2574.612
666.787 2502.632
667.070 2474.211
667.353 2441.719
667.637 2219.756
667.920 2188.344
668.204 1995.662
668.487 1886.839
668.770 1973.311
669.054 1706.536
669.337 1469.772
669.620 1373.980
669.904 1291.143
670.187 1291.467
670.470 1318.324
670.754 1167.331
671.037 1019.440
671.321 925.475
671.604 1081.868
671.887 1052.297
672.171 964.301
672.454 1018.558
672.737 951.001
673.021 823.799
673.304 846.233
673.587 1002.319
673.871 1024.985
674.154 992.107
674.438 1005.488
674.721 978.794
675.004 921.187
675.288 839.939
675.571 854.220
675.854 786.276
676.138 802.578
676.421 836.458
676.704 815.656
676.988 920.105
677.271 1152.488
677.555 1068.909
677.838 957.251
678.121 906.702
678.405 841.319
678.688 945.902
678.971 699.966
679.255 852.483
679.538 978.029
679.821 943.824
680.105 831.644
680.388 776.635
680.672 734.850
680.955 804.524
681.238 775.211
681.522 699.588
681.805 737.258
682.088 837.559
682.372 886.426
682.655 787.169
682.938 841.476
683.222 834.196
683.505 779.714
683.789 926.031
684.072 877.991
684.355 824.910
684.639 789.446
684.922 735.193
685.205 773.842
685.489 907.481
685.772 859.344
686.056 815.290
686.339 854.020
686.622 729.090
686.906 668.574
687.189 801.169
687.472 965.078
687.756 854.609
688.039 718.785
688.322 656.180
688.606 915.079
688.889 882.747
689.173 739.767
689.456 830.607
689.739 865.080
690.023 861.076
690.306 852.760
690.589 788.356
690.873 874.971
691.156 863.550
691.439 766.802
691.723 693.987
692.006 827.028
692.290 814.939
692.573 878.501
692.856 930.592
693.140 943.053
693.423 898.624
693.706 786.627
693.990 735.387
694.273 750.149
694.556 935.159
694.840 974.347
695.123 810.142
695.407 850.611
695.690 796.361
695.973 807.517
696.257 876.741
696.540 1040.473
696.830 929.459
697.120 882.208
697.410 939.849
697.699 886.602
697.989 1110.103
698.279 1004.600
698.569 855.030
698.859 948.292
699.149 1008.750
699.439 956.671
699.729 878.169
700.018 855.744
700.308 936.445
700.598 825.359
700.888 764.940
701.178 940.837
701.468 918.609
701.758 821.451
702.048 938.178
702.337 871.405
702.627 920.124
702.917 870.703
703.207 765.247
703.497 787.640
703.787 684.359
704.077 702.174
704.366 797.173
704.656 670.018
704.946 622.031
705.236 560.494
705.526 742.593
705.816 857.386
706.106 638.210
706.396 671.462
706.685 655.582
706.975 575.168
707.265 537.381
707.555 681.470
707.845 665.276
708.135 622.682
708.425 572.440
708.715 584.899
709.004 776.043
709.294 737.528
709.584 675.938
709.874 721.326
710.164 725.293
710.454 646.709
710.744 575.017
711.034 658.299
711.323 722.971
711.613 624.568
711.903 723.288
712.193 769.524
712.483 619.104
712.773 624.043
713.063 623.821
713.352 680.408
713.642 664.437
713.932 693.406
714.222 725.184
714.512 641.815
714.802 645.163
715.092 771.154
715.382 628.485
715.671 601.231
715.961 649.227
716.251 542.312
716.541 602.447
716.831 702.850
717.121 583.880
717.411 674.649
717.701 756.967
717.990 647.897
718.280 597.015
718.570 628.555
718.860 590.762
719.150 604.719
719.440 577.445
719.730 562.736
720.019 764.510
720.309 680.256
720.599 610.554
720.889 629.925
721.179 636.644
721.469 687.083
721.759 614.896
722.049 648.474
722.338 580.422
722.628 645.919
722.918 681.788
723.208 740.812
723.498 586.025
723.788 610.672
724.078 850.346
724.368 733.395
724.657 615.175
724.947 640.861
725.237 710.033
725.527 794.031
725.817 718.069
726.107 638.935
726.397 601.238
726.686 576.113
726.976 599.344
727.266 708.649
727.556 632.267
727.846 792.629
728.136 759.001
728.426 609.329
728.716 571.559
729.005 657.819
729.295 581.289
729.585 519.332
729.875 530.942
730.165 633.320
730.455 646.920
730.745 641.743
731.035 642.734
731.324 764.627
731.614 710.735
731.904 587.054
732.194 702.720
732.484 682.023
732.774 624.650
733.064 624.670
733.354 553.678
733.643 570.929
733.933 584.037
734.223 550.919
734.513 707.859
734.803 732.960
735.093 621.760
735.383 572.583
735.672 607.759
735.962 685.289
736.252 545.832
736.542 617.440
736.832 639.987
737.122 503.379
737.412 562.222
737.702 681.538
737.991 735.532
738.281 703.567
738.571 643.956
738.861 637.370
739.151 628.531
739.441 732.161
739.731 593.538
740.021 645.958
740.310 737.345
740.600 721.311
740.890 542.569
741.180 609.800
741.470 685.832
741.760 751.991
742.050 863.561
742.339 714.942
742.629 640.778
742.919 777.296
743.209 569.038
743.499 540.935
743.789 549.411
744.079 636.559
744.369 679.471
744.658 585.693
744.948 398.004
745.238 574.830
745.528 686.841
745.818 773.852
746.108 686.569
746.398 671.382
746.688 650.547
746.977 822.364
747.267 716.127
747.557 706.917
747.847 749.680
748.137 720.595
748.427 635.042
748.717 520.155
749.006 416.174
749.296 536.130
749.586 644.073
749.876 766.248
750.166 642.761
750.456 609.523
750.746 687.994
751.036 611.167
751.325 705.996
751.615 671.756
751.905 702.744
752.195 702.465
752.485 681.484
752.775 674.177
753.065 613.135
753.355 802.343
753.644 775.335
753.934 676.284
754.224 660.579
754.514 848.008
754.804 594.418
755.094 478.088
755.384 535.278
755.674 635.598
755.963 720.872
756.253 690.490
756.543 715.895
756.833 698.257
757.123 669.462
757.413 601.812
757.703 593.790
757.992 531.497
758.282 540.018
758.572 567.715
758.862 513.462
759.152 631.069
759.442 632.462
759.732 686.382
760.022 763.788
760.311 660.953
760.601 497.993
760.891 658.977
761.181 729.690
761.471 704.286
761.761 589.203
762.051 569.080
762.341 733.516
762.630 816.851
762.920 678.903
763.210 635.251
763.500 699.081
763.793 604.436
764.086 615.532
764.379 632.033
764.671 765.854
764.964 713.558
765.257 643.154
765.550 642.453
765.843 505.374
766.136 627.368
766.429 585.047
766.722 593.539
767.014 543.664
767.307 450.574
767.600 498.930
767.893 541.790
768.186 520.638
768.479 572.068
768.772 689.021
769.064 703.152
769.357 656.137
769.650 634.639
769.943 786.082
770.236 658.204
770.529 547.998
770.822 612.532
771.115 677.066
771.407 775.648
771.700 773.647
771.993 760.305
772.286 710.110
772.579 746.710
772.872 579.389
773.165 524.971
773.457 643.940
773.750 658.735
774.043 592.153
774.336 602.869
774.629 667.195
774.922 669.904
775.215 557.914
775.508 569.899
775.800 553.246
776.093 636.399
776.386 639.800
776.679 602.194
776.972 674.718
777.265 889.237
777.558 890.372
777.850 681.454
778.143 727.702
778.436 738.511
778.729 690.550
779.022 700.617
779.315 585.057
779.608 492.611
779.900 539.864
780.193 566.012
780.486 620.681
780.779 628.100
781.072 559.351
781.365 602.055
781.658 610.709
781.951 576.589
782.243 669.639
782.536 699.113
782.829 655.957
783.122 647.941
783.415 666.365
783.708 687.445
784.001 675.426
784.293 705.533
784.586 723.880
784.879 740.931
785.172 634.100
785.465 577.637
785.758 609.718
786.051 632.781
786.344 756.532
786.636 904.452
786.929 687.252
787.222 659.559
787.515 587.184
787.808 597.016
788.101 614.016
788.394 737.908
788.686 852.810
788.979 779.679
789.272 672.023
789.565 651.408
789.858 601.524
790.151 528.215
790.444 520.240
790.737 547.776
791.029 504.783
791.322 613.581
791.615 582.078
791.908 658.182
792.201 639.577
792.494 641.947
792.787 678.176
793.079 846.365
793.372 791.754
793.665 763.646
793.958 659.973
794.251 698.872
794.544 815.721
794.837 874.377
795.130 747.773
795.422 722.863
795.715 690.975
796.008 666.730
796.301 660.438
796.594 594.716
796.887 691.346
797.180 693.048
797.472 502.635
797.765 479.719
798.058 616.707
798.351 618.335
798.644 572.488
798.937 541.596
799.230 579.917
799.523 948.407
799.815 846.727
800.108 553.622
800.401 523.728
800.694 693.926
800.987 639.412
801.280 677.668
801.573 761.599
801.865 800.576
802.158 670.051
802.451 609.189
802.744 600.222
803.037 647.144
803.330 605.847
803.623 724.020
803.915 723.038
804.208 567.931
804.501 636.151
804.794 653.183
805.087 608.545
805.380 518.597
805.673 539.115
805.966 637.228
806.258 606.819
806.551 675.322
806.844 678.350
807.137 725.278
807.430 582.998
807.723 535.825
808.016 768.772
808.308 775.364
808.601 613.179
808.894 583.241
809.187 637.217
809.480 658.724
809.773 589.735
810.066 656.742
810.359 741.004
810.651 655.733
810.944 465.571
811.237 466.056
811.530 621.469
811.825 570.597
812.119 522.609
812.414 485.288
812.709 579.733
813.003 637.602
813.298 573.271
813.593 628.146
813.887 589.063
814.182 870.192
814.476 858.908
814.771 791.917
815.066 704.022
815.360 563.077
815.655 543.783
815.950 563.680
816.244 612.525
816.539 711.648
816.834 641.326
817.128 710.363
817.423 767.758
817.718 937.817
818.012 743.794
818.307 507.391
818.602 602.693
818.896 674.787
819.191 602.525
819.486 581.124
819.780 706.782
820.075 803.199
820.369 833.831
820.664 685.641
820.959 740.521
821.253 716.433
821.548 635.619
821.843 690.951
822.137 747.818
822.432 712.932
822.727 644.869
823.021 609.022
823.316 811.345
823.611 824.578
823.905 674.172
824.200 583.684
824.495 681.977
824.789 751.612
825.084 690.772
825.379 592.359
825.673 663.749
825.968 806.968
826.262 743.219
826.557 711.597
826.852 729.965
827.146 665.224
827.441 683.621
827.736 751.241
828.030 656.411
828.325 467.831
828.620 644.066
828.914 837.114
829.209 700.994
829.504 850.214
829.798 799.752
830.093 591.733
830.388 512.467
830.682 497.157
830.977 676.654
831.271 727.768
831.566 538.545
831.861 543.698
832.155 593.426
832.450 743.157
832.745 825.674
833.039 646.369
833.334 542.874
833.629 617.830
833.923 578.746
834.218 614.042
834.513 611.597
834.807 578.264
835.102 498.526
835.397 503.481
835.691 526.096
835.986 554.080
836.281 584.786
836.575 590.098
836.870 591.889
837.164 588.570
837.459 480.587
837.754 575.326
838.048 573.530
838.343 496.730
838.638 562.487
838.932 659.298
839.227 606.319
839.522 632.522
839.816 611.559
840.111 599.241
840.406 618.730
840.700 768.182
840.995 887.709
841.290 864.448
841.584 753.389
841.879 769.165
842.174 730.357
842.468 730.770
842.763 589.046
843.057 650.131
843.352 647.595
843.647 648.932
843.941 676.788
844.236 714.747
844.531 720.043
844.825 674.811
845.120 784.265
845.415 870.428
845.709 717.358
846.004 760.294
846.299 621.114
846.593 726.238
846.888 727.271
847.183 645.498
847.477 641.726
847.772 673.760
848.066 683.631
848.361 685.203
848.656 709.945
848.950 671.582
849.245 818.818
849.540 704.416
849.834 792.294
850.129 809.273
850.424 697.702
850.718 697.369
851.013 833.016
851.308 779.262
851.602 734.500
851.897 789.140
852.192 951.521
852.486 771.807
852.781 672.166
853.076 841.710
853.370 875.087
853.665 841.921
853.959 837.730
854.254 665.751
854.549 857.490
854.843 777.778
855.138 676.759
855.433 803.980
855.727 907.157
856.022 715.186
856.317 726.808
856.611 755.591
856.906 644.194
857.201 710.751
857.495 798.660
857.790 819.011
858.085 734.997
858.379 715.915
858.674 583.853
858.969 581.002
859.263 626.604
859.558 653.182
859.852 661.650
860.147 700.783
860.442 757.515
860.736 576.404
861.031 750.435
861.326 853.756
861.620 725.108
861.915 836.585
862.210 819.957
862.504 685.452
862.799 751.838
863.094 752.379
863.388 634.022
863.683 667.297
863.978 644.803
864.272 601.353
864.567 613.114
864.861 648.492
865.156 574.892
865.451 471.732
865.745 664.607
866.040 802.227
866.335 784.109
866.629 837.842
866.924 694.764
867.219 618.635
867.513 706.250
867.808 673.887
868.103 625.575
868.397 642.160
868.692 686.330
868.987 623.086
869.281 577.377
869.576 695.894
869.871 743.258
870.165 610.694
870.460 552.329
870.754 619.831
871.049 575.954
871.344 667.895
871.638 716.274
871.933 608.470
872.228 632.490
872.522 627.329
872.817 711.970
873.112 937.030
873.406 746.006
873.701 789.920
873.996 773.788
874.290 679.661
874.585 619.130
874.880 679.646
875.174 676.719
875.469 625.834
875.764 615.589
876.058 591.863
876.353 517.057
876.647 501.235
876.942 566.984
877.237 611.300
877.531 590.477
877.826 649.983
878.121 619.623
878.415 577.260
878.710 542.487
879.005 698.372
879.299 624.778
879.594 550.236
879.889 446.346
880.183 433.325
880.478 502.278
880.773 565.777
881.067 597.352
881.362 610.205
881.656 520.835
881.951 537.956
882.246 482.922
882.540 556.696
882.835 593.775
883.130 601.504
883.424 552.243
883.719 501.884
884.014 583.475
884.308 601.169
884.603 584.101
884.898 542.669
885.192 619.799
885.487 629.746
885.782 543.369
886.076 599.057
886.371 578.243
886.666 452.174
886.960 554.825
887.255 523.900
887.549 492.589
887.844 649.883
888.139 724.804
888.433 679.040
888.728 524.203
889.023 553.520
889.317 637.655
889.612 543.211
889.907 554.245
890.201 577.263
890.496 600.635
890.791 600.115
891.085 569.586
891.380 569.596
891.675 566.575
891.969 583.369
892.264 484.040
892.559 538.268
892.853 707.332
893.148 618.198
893.442 528.131
893.737 607.972
894.032 556.344
894.326 470.891
894.621 498.214
894.916 442.225
895.210 488.541
895.505 584.369
895.800 526.539
896.094 423.237
896.389 502.681
896.684 563.206
896.978 539.770
897.273 470.884
897.568 592.386
897.862 625.634
898.157 537.226
898.451 695.233
898.746 650.110
899.041 692.325
899.335 644.505
899.630 549.341
899.925 586.065
900.219 645.419
900.514 699.812
900.809 573.576
901.103 408.268
901.398 599.219
901.693 562.539
901.987 524.725
902.282 671.195
902.577 540.377
902.871 459.691
903.166 574.295
903.461 605.174
903.755 595.894
904.050 581.376
904.344 463.938
904.639 494.024
904.934 525.895
905.228 490.880
905.523 445.328
905.818 490.882
906.112 592.693
906.407 578.430
906.702 547.839
906.996 677.435
907.291 637.869
907.586 519.875
907.880 677.522
908.175 641.784
908.470 629.066
908.764 652.119
909.059 706.734
909.354 647.814
909.648 547.958
909.943 546.141
910.237 653.280
910.532 729.648
910.827 764.487
911.121 701.896
911.416 649.886
911.711 641.624
912.005 658.469
912.300 610.800
912.599 667.084
912.898 637.491
913.196 659.683
913.495 681.956
913.794 760.370
914.093 643.611
914.391 656.910
914.690 736.184
914.989 642.576
915.288 739.001
915.586 657.214
915.885 509.578
916.184 456.135
916.483 490.853
916.782 639.342
917.080 644.051
917.379 604.783
917.678 567.663
917.977 716.730
918.275 728.770
918.574 689.108
918.873 702.118
919.172 642.569
919.471 526.949
919.769 579.943
920.068 567.689
920.367 517.110
920.666 532.555
920.964 625.385
921.263 549.528
921.562 518.745
921.861 640.300
922.159 534.859
922.458 597.914
922.757 616.206
923.056 605.927
923.355 574.417
923.653 659.637
923.952 673.057
924.251 579.241
924.550 690.166
924.848 723.843
925.147 590.227
925.446 546.179
925.745 662.583
926.043 644.988
926.342 574.004
926.641 484.588
926.940 576.326
927.239 679.685
927.537 770.320
927.836 661.565
928.135 580.767
928.434 639.884
928.732 630.261
929.031 691.571
929.330 747.359
929.629 695.462
929.927 680.427
930.226 631.164
930.525 649.390
930.824 799.503
931.123 748.675
931.421 768.074
931.720 742.082
932.019 798.263
932.318 789.959
932.616 646.446
932.915 587.059
933.214 698.265
933.513 662.824
933.812 648.539
934.110 727.687
934.409 825.907
934.708 737.441
935.007 922.828
935.305 909.355
935.604 722.272
935.903 774.249
936.202 838.547
936.500 942.332
936.799 975.594
937.098 930.855
937.397 830.955
937.696 694.864
937.994 694.702
938.293 853.955
938.592 705.844
938.891 775.835
939.189 894.087
939.488 906.755
939.787 1045.154
940.086 932.157
940.384 934.577
940.683 835.493
940.982 753.605
941.281 931.799
941.580 1254.741
941.878 1170.134
942.177 930.655
942.476 912.797
942.775 922.549
943.073 806.329
943.372 734.779
943.671 956.200
943.970 1073.408
944.268 966.540
944.567 855.492
944.866 897.903
945.165 820.693
945.464 747.713
945.762 649.046
946.061 878.905
946.360 978.721
946.659 990.287
946.957 984.635
947.256 967.668
947.555 949.431
947.854 925.504
948.153 831.834
948.451 775.524
948.750 846.441
949.049 803.704
949.348 1071.647
949.646 914.593
949.945 909.770
950.244 1049.027
950.543 851.660
950.841 767.130
951.140 739.199
951.439 666.709
951.738 726.694
952.037 779.432
952.335 866.313
952.634 873.266
952.933 743.491
953.232 800.280
953.530 595.990
953.829 827.399
954.128 946.741
954.427 796.838
954.725 876.187
955.024 848.433
955.323 882.438
955.622 742.100
955.921 655.192
956.219 772.627
956.518 748.527
956.817 764.562
957.116 771.047
957.414 770.688
957.713 636.798
958.012 544.516
958.311 564.109
958.610 754.447
958.908 818.440
959.207 858.482
959.506 824.891
959.805 792.743
960.103 762.341
960.402 741.372
960.701 665.130
961.000 623.902
961.298 649.112
961.597 796.938
961.896 686.021
962.195 706.641
962.494 782.845
962.792 757.647
963.091 684.354
963.390 637.053
963.689 663.089
963.987 801.671
964.286 848.635
964.585 871.330
964.884 791.498
965.182 663.182
965.481 1023.418
965.780 1152.295
966.080 1013.759
966.380 896.675
966.680 825.468
966.981 805.365
967.281 784.467
967.581 729.039
967.881 829.261
968.181 807.948
968.481 759.940
968.781 755.703
969.082 646.126
969.382 724.276
969.682 856.885
969.982 878.976
970.282 870.163
970.582 689.137
970.882 622.965
971.183 812.109
971.483 664.516
971.783 676.364
972.083 771.839
972.383 797.481
972.683 769.847
972.983 858.168
973.284 741.236
973.584 674.570
973.884 696.923
974.184 720.764
974.484 816.528
974.784 679.384
975.084 661.258
975.385 673.861
975.685 815.749
975.985 809.259
976.285 827.811
976.585 792.775
976.885 688.425
977.185 727.012
977.486 809.641
977.786 811.293
978.086 844.735
978.386 854.834
978.686 767.827
978.986 695.157
979.286 705.165
979.587 792.173
979.887 702.181
980.187 660.190
980.487 597.198
980.787 711.206
981.087 702.214
981.387 917.222
981.688 780.230
981.988 585.239
982.288 634.247
982.588 696.255
982.888 735.263
983.188 680.271
983.488 742.279
983.789 778.287
984.089 768.295
984.389 685.303
984.689 608.312
984.989 624.320
985.289 681.328
985.589 766.336
985.890 698.344
986.190 584.352
986.490 659.360
986.790 795.368
987.090 715.376
987.390 756.384
987.690 800.392
987.991 613.400
988.291 609.408
988.591 670.416
988.891 610.424
989.191 597.432
989.491 810.440
989.791 766.448
990.092 714.456
990.392 779.464
990.692 688.472
990.992 691.480
991.292 576.487
991.592 696.495
991.892 692.503
992.193 736.511
992.493 732.519
992.793 645.527
993.093 651.535
993.393 668.543
993.693 646.551
993.993 707.558
994.294 770.566
994.594 647.574
994.894 566.582
995.194 630.590
995.494 581.598
995.794 516.605
996.094 559.613
996.395 699.621
996.695 730.629
996.995 554.636
997.295 465.644
997.595 534.652
997.895 544.660
998.195 514.667
998.496 556.675
998.796 506.683
999.096 744.691
999.396 648.698
999.696 647.706
999.996 719.714
1000.296 815.722
1000.597 794.729
1000.897 641.737
1001.197 606.745
1001.497 846.752
1001.797 635.760
1002.097 503.768
1002.397 616.775
1002.698 707.783
1002.998 759.790
1003.298 690.798
1003.598 579.806
1003.898 559.813
1004.198 701.821
1004.498 741.829
1004.799 674.836
1005.099 702.844
1005.399 696.851
1005.699 687.859
1005.999 714.866
1006.299 653.874
1006.599 886.882
1006.900 849.889
1007.200 638.897
1007.500 666.904
1007.800 673.912
1008.100 602.919
1008.400 539.927
1008.700 543.934
1009.001 554.942
1009.301 572.949
1009.601 784.957
1009.901 814.964
1010.201 740.972
1010.501 694.979
1010.801 783.986
1011.102 625.994
1011.402 676.001
1011.702 645.009
1012.002 573.016
1012.302 673.024
1012.602 661.031
1012.902 597.038
1013.203 654.046
1013.503 771.053
1013.803 719.061
1014.103 575.068
1014.403 678.075
1014.703 618.083
1015.003 597.090
1015.304 744.097
1015.604 804.105
1015.904 588.112
1016.204 500.119
1016.504 557.127
1016.804 607.134
1017.104 596.141
1017.405 583.149
1017.705 557.156
1018.005 555.163
1018.305 606.170
1018.605 624.178
1018.905 502.185
1019.205 486.192
1019.506 793.200
1019.806 780.207
1020.106 657.214
1020.406 679.221
1020.706 618.229
1021.006 714.236
1021.306 911.243
1021.607 689.250
1021.907 771.257
1022.207 744.265
1022.507 607.272
1022.807 606.279
1023.107 615.286
1023.407 594.293
1023.708 649.300
1024.008 570.308
1024.308 615.315
1024.608 627.322
1024.908 528.329
1025.208 624.336
1025.508 856.343
1025.809 814.350
1026.109 642.357
1026.409 699.365
1026.709 699.372
1027.009 682.379
1027.309 702.386
1027.609 604.393
1027.910 573.400
1028.210 676.407
1028.510 770.414
1028.810 914.421
1029.110 854.428
1029.410 737.435
1029.710 839.442
1030.011 825.449
1030.311 864.456
1030.611 722.463
1030.911 604.470
1031.211 658.477
1031.511 649.484
1031.811 774.491
1032.112 794.498
1032.412 664.505
1032.712 522.512
1033.012 602.519
1033.312 718.526
1033.612 685.533
1033.912 627.540
1034.212 554.547
1034.513 533.554
1034.813 580.561
1035.113 715.568
1035.413 579.575
1035.713 642.582
1036.013 707.589
1036.313 655.595
1036.614 729.602
1036.914 670.609
1037.214 516.616
1037.514 621.623
1037.814 569.630
1038.114 641.637
1038.414 689.644
1038.715 736.650
1039.015 578.657
1039.315 465.664
1039.615 612.671
1039.915 634.678
1040.215 579.685
1040.515 611.691
1040.816 689.698
1041.116 646.705
1041.416 593.712
1041.716 530.718
1042.016 524.725
1042.316 726.732
1042.616 662.739
1042.917 584.746
1043.217 607.752
1043.517 617.759
1043.817 691.766
1044.117 684.773
1044.417 689.779
1044.717 625.786
1045.018 577.793
1045.318 699.799
1045.618 689.806
1045.918 609.813
1046.218 540.820
1046.518 584.826
1046.818 634.833
1047.119 545.840
1047.419 801.846
1047.719 764.853
1048.019 613.860
1048.319 660.866
1048.619 669.873
1048.919 703.880
1049.220 646.886
1049.520 746.893
1049.820 661.899
1050.120 526.906
1050.420 733.913
1050.720 658.919
1051.020 617.926
1051.321 713.932
1051.621 786.939
1051.921 637.946
1052.221 520.952
1052.521 491.959
1052.821 514.965
1053.121 671.972
1053.422 753.978
1053.722 794.985
1054.022 647.991
1054.322 754.998
1054.622 667.005
1054.922 587.011
1055.222 700.018
1055.523 668.024
1055.823 667.031
1056.123 750.037
1056.423 618.044
1056.723 684.050
1057.023 652.057
1057.323 559.063
1057.624 668.070
1057.924 699.076
1058.224 675.082
1058.524 581.089
1058.824 662.095
1059.124 669.102
1059.424 626.108
1059.725 678.115
1060.025 626.121
1060.325 625.128
1060.625 611.134
1060.925 609.140
1061.225 626.147
1061.525 758.153
1061.826 683.160
1062.126 666.166
1062.426 697.172
1062.726 738.179
1063.026 663.185
1063.326 863.191
1063.626 840.198
1063.927 711.204
1064.227 678.210
1064.527 610.217
1064.827 766.223
1065.127 664.229
1065.427 513.236
1065.727 537.242
1066.028 741.248
1066.328 724.255
1066.628 569.261
1066.928 597.267
1067.228 647.274
1067.528 622.280
1067.828 595.286
1068.129 537.293
1068.429 671.299
1068.729 785.305
1069.029 660.311
1069.329 522.318
1069.629 644.324
1069.929 726.330
1070.230 787.336
1070.530 804.343
1070.830 667.349
1071.130 724.355
1071.430 694.361
1071.730 676.367
1072.030 708.374
1072.331 564.380
1072.631 604.386
1072.931 698.392
1073.231 690.398
1073.531 643.405
1073.831 618.411
1074.131 669.417
1074.432 786.423
1074.732 679.429
1075.032 535.435
1075.332 562.442
1075.632 621.448
1075.932 581.454
1076.232 574.460
1076.533 521.466
1076.833 664.472
1077.133 681.478
1077.433 593.484
1077.733 553.490
1078.033 727.497
1078.333 692.503
1078.634 684.509
1078.934 737.515
1079.234 596.521
1079.534 756.527
1079.834 869.533
1080.134 763.539
1080.434 722.545
1080.735 699.551
1081.035 689.557
1081.335 516.563
1081.635 573.569
1081.935 649.575
1082.235 615.581
1082.535 624.587
1082.836 623.593
1083.136 601.599
1083.436 762.605
1083.736 758.611
1084.036 626.617
1084.336 581.623
1084.636 628.629
1084.937 775.635
1085.237 807.641
1085.537 645.647
1085.837 683.653
1086.137 632.659
1086.437 703.665
1086.737 635.671
1087.038 613.677
1087.338 740.683
1087.638 755.689
1087.938 587.695
1088.238 459.701
1088.538 570.707
1088.838 731.713
1089.139 765.719
1089.439 554.724
1089.739 714.730
1090.039 758.736
1090.339 760.742
1090.639 628.748
1090.939 679.754
1091.240 606.760
1091.540 589.766
1091.840 564.772
1092.140 704.777
1092.453 749.783
1092.766 641.789
1093.079 581.795
1093.392 645.801
1093.705 629.807
1094.018 645.812
1094.330 736.818
1094.643 676.824
1094.956 806.830
1095.269 733.836
1095.582 696.841
1095.895 608.847
1096.208 642.853
1096.521 656.859
1096.834 656.865
1097.147 614.870
1097.460 678.876
1097.773 761.882
1098.085 672.888
1098.398 570.893
1098.711 619.899
1099.024 522.905
1099.337 646.911
1099.650 778.916
1099.963 725.922
1100.276 596.928
1100.589 595.934
1100.902 689.939
1101.215 676.945
1101.528 680.951
1101.841 623.956
1102.153 692.962
1102.466 726.968
1102.779 550.974
1103.092 544.979
1103.405 691.985
1103.718 601.991
1104.031 575.996
1104.344 703.002
1104.657 683.008
1104.970 932.013
1105.283 747.019
1105.596 616.025
1105.909 646.030
1106.221 732.036
1106.534 764.041
1106.847 609.047
1107.160 509.053
1107.473 521.058
1107.786 612.064
1108.099 503.070
1108.412 558.075
1108.725 644.081
1109.038 528.086
1109.351 636.092
1109.664 656.098
1109.977 579.103
1110.289 611.109
1110.602 625.114
1110.915 632.120
1111.228 604.125
1111.541 568.131
1111.854 567.137
1112.167 468.142
1112.480 499.148
1112.793 540.153
1113.106 614.159
1113.419 721.164
1113.732 635.170
1114.044 527.175
1114.357 578.181
1114.670 616.186
1114.983 599.192
1115.296 591.197
1115.609 739.203
1115.922 712.208
1116.235 634.214
1116.548 622.219
1116.861 612.225
1117.174 583.230
1117.487 643.236
1117.800 842.241
1118.112 662.247
1118.425 587.252
1118.738 602.258
1119.051 566.263
1119.364 575.268
1119.677 680.274
1119.990 619.279
1120.303 654.285
1120.616 742.290
1120.929 602.296
1121.242 695.301
1121.555 695.306
1121.868 674.312
1122.180 634.317
1122.493 462.323
1122.806 500.328
1123.119 640.333
1123.432 715.339
1123.745 704.344
1124.058 570.349
1124.371 544.355
1124.684 682.360
1124.997 667.366
1125.310 639.371
1125.623 559.376
1125.935 492.382
1126.248 558.387
1126.561 656.392
1126.874 628.398
1127.187 736.403
1127.500 749.408
1127.813 699.414
1128.126 754.419
1128.439 732.424
1128.752 787.430
1129.065 575.435
1129.378 348.440
1129.691 525.445
1130.003 637.451
1130.316 597.456
1130.629 593.461
1130.942 647.467
1131.255 595.472
1131.568 538.477
1131.881 579.482
1132.194 675.488
1132.507 630.493
1132.820 597.498
1133.133 723.503
1133.446 593.509
1133.759 810.514
1134.071 1233.519
1134.384 877.524
1134.697 832.530
1135.010 860.535
1135.323 670.540
1135.636 562.545
1135.949 537.550
1136.262 571.556
1136.575 598.561
1136.888 628.566
1137.201 633.571
1137.514 608.576
1137.826 713.582
1138.139 630.587
1138.452 615.592
1138.765 827.597
1139.078 888.602
1139.391 811.607
1139.704 770.613
1140.017 769.618
1140.330 612.623
1140.643 571.628
1140.956 606.633
1141.269 652.638
1141.582 671.644
1141.894 610.649
1142.207 746.654
1142.520 613.659
1142.833 709.664
1143.146 602.669
1143.459 494.674
1143.772 567.679
1144.085 699.684
1144.398 639.690
1144.711 612.695
1145.024 574.700
1145.337 578.705
1145.650 660.710
1145.962 607.715
1146.275 659.720
1146.588 554.725
1146.901 687.730
1147.214 704.735
1147.527 604.740
1147.840 640.745
1148.153 541.750
1148.466 603.755
1148.779 603.760
1149.092 714.765
1149.405 573.770
1149.718 635.775
1150.030 713.781
1150.343 640.786
1150.656 524.791
1150.969 541.796
1151.282 781.801
1151.595 712.806
1151.908 579.811
1152.221 423.816
1152.534 507.821
1152.847 799.826
1153.160 715.830
1153.473 677.835
1153.785 695.840
1154.098 700.845
1154.411 755.850
1154.724 679.855
1155.037 824.860
1155.350 747.865
1155.663 711.870
1155.976 599.875
1156.289 682.880
1156.602 573.885
1156.915 497.890
1157.228 505.895
1157.541 591.900
1157.853 591.905
1158.166 667.910
1158.479 759.915
1158.792 640.919
1159.105 637.924
1159.418 631.929
1159.731 559.934
1160.044 610.939
1160.357 767.944
1160.670 700.949
1160.983 513.954
1161.296 618.959
1161.609 760.963
1161.921 645.968
1162.234 553.973
1162.547 451.978
1162.860 562.983
1163.173 534.988
1163.486 634.993
1163.799 651.997
1164.112 589.002
1164.425 588.007
1164.738 586.012
1165.051 521.017
1165.364 556.022
1165.676 616.026
1165.989 654.031
1166.302 627.036
1166.615 709.041
1166.928 663.046
1167.241 736.050
1167.554 760.055
1167.867 749.060
1168.180 680.065
1168.493 511.070
1168.806 561.074
1169.119 595.079
1169.432 708.084
1169.744 689.089
1170.057 648.094
1170.370 764.098
1170.683 722.103
1170.996 593.108
1171.309 610.113
1171.622 574.117
1171.935 594.122
1172.248 803.127
1172.561 748.132
1172.874 684.136
1173.187 689.141
1173.500 684.146
1173.812 773.150
1174.125 690.155
1174.438 695.160
1174.751 591.165
1175.064 601.169
1175.377 718.174
1175.690 627.179
1176.003 560.183
1176.316 618.188
1176.629 660.193
1176.942 594.197
1177.255 581.202
1177.567 511.207
1177.880 530.212
1178.193 642.216
1178.506 619.221
1178.819 745.226
1179.132 727.230
1179.445 542.235
1179.758 735.239
1180.071 734.244
1180.384 557.249
1180.697 644.253
1181.010 733.258
1181.323 812.263
1181.635 793.267
1181.948 730.272
1182.261 639.277
1182.574 546.281
1182.887 567.286
1183.200 767.290
1183.513 776.295
1183.826 680.300
1184.139 698.304
1184.452 614.309
1184.765 526.313
1185.078 525.318
1185.391 563.323
1185.703 534.327
1186.016 471.332
1186.329 501.336
1186.642 632.341
1186.955 778.345
1187.268 660.350
1187.581 698.355
1187.894 691.359
1188.207 761.364
1188.520 677.368
1188.833 650.373
1189.146 535.377
1189.459 432.382
1189.771 512.386
1190.084 692.391
1190.397 640.395
1190.710 679.400
1191.023 713.405
1191.336 664.409
1191.649 604.414
1191.962 632.418
1192.275 579.423
1192.588 698.427
1192.901 821.432
1193.214 628.436
1193.526 657.441
1193.839 776.445
1194.152 604.450
1194.465 692.454
1194.778 607.459
1195.091 594.463
1195.404 584.467
1195.717 674.472
1196.030 754.476
1196.343 663.481
1196.656 553.485
1196.969 592.490
1197.282 672.494
1197.594 642.499
1197.907 732.503
1198.220 753.508
1198.533 649.512
1198.846 593.516
1199.159 551.521
1199.472 613.525
1199.785 689.530
1200.098 558.534
1200.411 647.539
1200.724 618.543
1201.037 591.547
1201.350 548.552
1201.662 523.556
1201.975 596.561
1202.288 612.565
1202.601 257.569
