165.028 94.737
165.288 36.414
165.547 87.094
165.807 145.778
166.067 68.465
166.327 6.156
166.587 -27.151
166.847 60.546
167.107 82.247
167.367 139.950
167.627 203.657
167.886 207.367
168.146 127.080
168.406 288.796
168.666 259.515
168.926 160.237
169.186 179.963
169.446 169.691
169.706 31.422
169.966 92.156
170.225 168.893
170.485 230.633
170.745 311.376
171.005 386.121
171.265 216.870
171.525 168.621
171.785 68.375
172.045 91.131
172.305 248.890
172.564 202.652
172.824 44.416
173.084 198.183
173.344 155.952
173.604 147.724
173.864 245.498
174.124 163.275
174.384 106.054
174.644 209.836
174.903 359.620
175.163 406.406
175.423 401.194
175.683 172.985
175.943 223.778
176.203 192.573
176.463 137.370
176.723 117.170
176.983 141.971
177.242 210.775
177.502 406.581
177.762 396.388
178.022 166.198
178.282 192.010
178.542 159.823
178.802 177.639
179.062 118.456
179.322 337.275
179.581 423.096
179.841 240.919
180.101 278.744
180.361 306.570
180.621 251.398
180.881 183.227
181.141 170.059
181.401 209.891
181.661 254.726
181.920 348.562
182.180 218.400
182.440 159.239
182.700 168.079
182.960 179.921
183.220 264.765
183.480 490.609
183.740 292.455
184.000 147.303
184.259 122.152
184.519 261.002
184.779 241.853
185.039 276.706
185.299 375.560
185.559 362.415
185.819 330.271
186.079 312.128
186.339 269.986
186.598 215.846
186.858 75.706
187.118 143.568
187.378 279.430
187.638 259.294
187.898 357.158
188.158 392.023
188.418 218.889
188.678 152.756
188.937 243.624
189.197 373.493
189.457 374.363
189.717 269.233
189.977 156.104
190.237 198.976
190.497 390.848
190.757 366.722
191.017 285.595
191.276 197.470
191.536 171.345
191.796 166.220
192.056 165.097
192.316 172.973
192.576 131.851
192.836 145.728
193.096 212.607
193.356 201.485
193.616 214.364
193.875 189.244
194.135 179.124
194.395 308.004
194.655 350.884
194.915 344.765
195.175 270.646
195.435 313.528
195.695 146.410
195.955 72.291
196.214 202.174
196.474 288.056
196.734 250.938
196.994 314.821
197.254 343.704
197.514 279.586
197.774 260.469
198.034 179.352
198.294 196.235
198.553 252.119
198.813 167.002
199.073 87.885
199.333 125.768
199.593 290.651
199.853 338.534
200.113 393.417
200.373 402.299
200.633 194.182
200.892 148.064
201.152 117.947
201.412 152.829
201.672 266.711
201.932 451.592
202.192 410.474
202.452 209.355
202.712 155.236
202.972 243.117
203.231 363.997
203.491 339.877
203.751 333.757
204.011 373.637
204.271 401.516
204.531 191.394
204.791 174.273
205.051 209.150
205.311 292.028
205.570 217.905
205.830 217.781
206.090 200.657
206.350 263.533
206.610 467.408
206.870 291.283
207.130 224.157
207.390 262.030
207.650 270.903
207.909 317.775
208.169 303.647
208.429 318.518
208.689 168.388
208.949 289.258
209.209 388.128
209.469 198.996
209.729 151.864
209.989 217.731
210.248 74.598
210.508 374.463
210.768 401.328
211.028 238.193
211.288 280.056
211.548 245.919
211.808 304.781
212.068 390.642
212.328 432.503
212.587 417.362
212.847 314.221
213.107 359.079
213.367 341.936
213.627 287.792
213.887 286.648
214.147 223.502
214.407 276.356
214.667 279.208
214.926 363.060
215.186 313.911
215.446 331.761
215.706 254.610
215.966 229.458
216.226 200.305
216.486 188.151
216.746 249.996
217.006 321.840
217.265 267.683
217.525 204.525
217.785 322.366
218.045 365.206
218.305 195.045
218.565 199.883
218.825 307.720
219.085 405.556
219.345 251.391
219.604 159.224
219.864 302.057
220.124 322.888
220.384 296.718
220.644 303.548
220.904 244.376
221.164 262.203
221.424 272.028
221.684 241.853
221.943 274.676
222.203 379.499
222.463 253.320
222.723 150.140
222.983 284.959
223.243 242.776
223.503 323.592
223.763 209.408
224.023 147.221
224.282 349.034
224.542 415.846
224.802 433.656
225.062 410.465
225.322 507.272
225.582 374.079
225.842 283.884
226.102 351.688
226.362 262.491
226.621 322.292
226.881 276.092
227.141 360.891
227.401 377.689
227.661 284.485
227.921 391.280
228.181 297.073
228.441 268.866
228.701 461.656
228.960 484.446
229.220 302.234
229.480 230.021
229.740 380.807
230.000 471.591
230.260 308.374
230.520 278.156
230.780 284.936
231.040 295.715
231.299 242.492
231.559 208.268
231.819 267.043
232.079 443.816
232.339 422.588
232.599 221.359
232.859 322.128
233.119 396.896
233.379 272.662
233.638 313.427
233.898 423.190
234.158 418.953
234.418 329.713
234.678 431.473
234.938 499.230
235.198 296.987
235.458 271.742
235.718 351.496
235.978 244.248
236.237 248.998
236.497 319.748
236.757 386.496
237.017 387.242
237.277 379.987
237.537 311.731
237.797 200.473
238.057 340.213
238.317 290.952
238.576 168.690
238.836 313.426
239.096 407.161
239.356 377.895
239.616 324.626
239.876 339.357
240.136 349.086
240.396 485.813
240.656 564.539
240.915 430.264
241.175 387.987
241.435 284.708
241.695 352.428
241.955 516.147
242.215 538.864
242.475 429.580
242.735 295.294
242.995 408.007
243.254 413.718
243.514 336.428
243.774 191.136
244.034 291.843
244.294 528.548
244.554 480.252
244.814 426.954
245.074 328.655
245.334 338.354
245.593 340.052
245.853 331.748
246.113 268.443
246.373 407.136
246.633 485.828
246.893 389.518
247.153 354.207
247.413 462.895
247.673 417.580
247.932 316.265
248.192 395.948
248.452 469.629
248.712 407.309
248.972 259.987
249.232 436.664
249.492 330.339
249.752 198.013
250.012 415.686
250.271 403.357
250.531 408.026
250.791 607.694
251.051 565.360
251.311 379.025
251.571 167.689
251.831 303.351
252.091 409.011
252.351 347.670
252.610 355.327
252.870 467.983
253.130 363.638
253.390 312.291
253.650 429.942
253.911 478.592
254.172 477.241
254.433 398.888
254.694 347.534
254.955 407.178
255.216 343.820
255.477 477.461
255.738 360.101
255.999 298.739
256.261 448.376
256.522 421.011
256.783 482.645
257.044 364.277
257.305 277.908
257.566 249.537
257.827 206.165
258.088 316.791
258.349 316.416
258.610 350.039
258.871 385.661
259.132 474.282
259.393 369.901
259.654 299.518
259.915 284.134
260.176 384.749
260.437 496.362
260.698 421.974
260.959 390.584
261.221 453.193
261.482 532.800
261.743 511.406
262.004 465.010
262.265 651.613
262.526 607.215
262.787 405.815
263.048 323.414
263.309 338.011
263.570 454.607
263.831 379.201
264.092 369.794
264.353 244.385
264.614 535.975
264.875 486.564
265.136 313.151
265.397 528.737
265.658 608.321
265.919 596.904
266.181 494.485
266.442 380.065
266.703 296.644
266.964 282.221
267.225 359.797
267.486 407.372
267.747 464.945
268.008 531.516
268.269 543.086
268.530 518.655
268.791 441.222
269.052 454.788
269.313 477.353
269.574 502.916
269.835 487.478
270.096 466.038
270.357 465.597
270.618 418.155
270.879 371.711
271.141 367.266
271.402 427.820
271.663 366.372
271.924 403.923
272.185 400.472
272.446 416.020
272.707 482.567
272.968 374.112
273.229 293.656
273.490 359.198
273.751 311.740
274.012 385.280
274.273 501.818
274.534 425.355
274.795 495.891
275.056 526.425
275.317 323.959
275.578 231.490
275.839 361.021
276.101 392.550
276.362 400.078
276.623 416.604
276.884 531.129
277.145 511.653
277.406 451.176
277.667 415.697
277.928 334.217
278.189 500.735
278.450 488.252
278.711 440.768
278.972 502.283
279.233 391.796
279.494 479.308
279.755 617.819
280.016 655.328
280.277 515.836
280.538 482.343
280.799 391.849
281.061 453.353
281.322 441.856
281.583 427.358
281.844 343.858
282.105 347.357
282.366 520.855
282.627 491.352
282.888 510.847
283.149 518.341
283.410 481.834
283.671 505.325
283.932 435.816
284.193 284.305
284.454 392.792
284.715 508.279
284.976 418.764
285.237 514.248
285.498 759.731
285.759 632.213
286.021 582.693
286.282 506.172
286.543 517.650
286.804 498.127
287.065 499.602
287.326 562.076
287.587 387.549
287.848 527.021
288.109 569.492
288.370 516.961
288.631 349.429
288.892 321.896
289.153 423.362
289.414 402.826
289.675 559.290
289.936 685.752
290.197 649.213
290.458 502.672
290.719 419.131
290.981 551.588
291.242 622.045
291.503 568.500
291.764 385.954
292.025 254.406
292.286 335.858
292.547 494.308
292.808 430.757
293.069 476.205
293.330 532.652
293.591 538.098
293.852 460.543
294.113 438.986
294.374 434.428
294.635 490.869
294.896 573.309
295.157 589.748
295.418 577.186
295.679 562.623
295.941 510.058
296.202 533.492
296.463 524.926
296.724 578.358
296.985 608.789
297.246 565.219
297.507 438.647
297.768 435.075
298.029 509.502
298.290 654.927
298.551 719.351
298.812 744.775
299.073 550.197
299.334 440.618
299.595 582.038
299.856 586.457
300.117 683.874
300.378 607.291
300.639 390.707
300.901 351.121
301.162 459.535
301.423 528.947
301.684 661.358
301.945 728.769
302.206 486.178
302.467 502.586
302.728 457.993
302.989 476.399
303.250 567.804
303.511 642.208
303.772 622.611
304.033 560.013
304.294 575.413
304.555 541.813
304.816 577.212
305.077 578.609
305.338 427.006
305.599 452.402
305.861 533.796
306.122 574.190
306.383 481.582
306.644 497.974
306.905 425.364
307.166 596.754
307.427 600.142
307.688 537.530
307.949 522.916
308.210 518.302
308.471 523.686
308.732 485.070
308.993 415.452
309.254 463.834
309.515 362.214
309.776 536.594
310.037 530.972
310.298 341.350
310.559 375.726
310.821 523.102
311.082 471.477
311.343 384.850
311.604 367.223
311.865 345.595
312.126 361.966
312.387 449.335
312.648 421.704
312.909 400.072
313.170 454.439
313.434 503.805
313.698 461.170
313.963 573.534
314.227 476.897
314.491 455.260
314.755 538.621
315.019 494.981
315.284 330.341
315.548 452.699
315.812 501.057
316.076 620.413
316.340 568.769
316.604 568.124
316.869 639.478
317.133 562.831
317.397 568.183
317.661 617.534
317.925 494.884
318.190 453.234
318.454 461.582
318.718 473.930
318.982 569.276
319.246 636.622
319.511 754.967
319.775 548.311
320.039 483.654
320.303 491.996
320.567 563.337
320.832 530.678
321.096 462.017
321.360 501.356
321.624 488.694
321.888 371.031
322.153 445.367
322.417 427.702
322.681 380.037
322.945 500.370
323.209 511.703
323.473 474.035
323.738 477.365
324.002 475.696
324.266 596.025
324.530 571.353
324.794 501.681
325.059 418.007
325.323 357.333
325.587 494.658
325.851 481.983
326.115 649.306
326.380 562.628
326.644 544.950
326.908 583.271
327.172 523.591
327.436 545.910
327.701 534.229
327.965 477.546
328.229 565.863
328.493 397.179
328.757 422.494
329.022 534.809
329.286 460.122
329.550 437.435
329.814 444.747
330.078 483.058
330.342 435.369
330.607 464.678
330.871 534.987
331.135 624.295
331.399 620.602
331.663 523.909
331.928 551.214
332.192 649.519
332.456 570.823
332.720 572.127
332.984 476.429
333.249 518.731
333.513 502.032
333.777 431.332
334.041 409.632
334.305 508.931
334.570 561.229
334.834 431.526
335.098 589.822
335.362 661.118
335.626 594.413
335.891 477.707
336.155 546.001
336.419 479.293
336.683 335.585
336.947 488.876
337.211 542.167
337.476 403.457
337.740 424.746
338.004 456.034
338.268 453.322
338.532 489.608
338.797 469.895
339.061 568.180
339.325 596.465
339.589 693.749
339.853 600.032
340.118 484.314
340.382 535.596
340.646 609.877
340.910 447.158
341.174 497.437
341.439 501.716
341.703 531.995
341.967 525.272
342.231 476.549
342.495 399.825
342.759 500.101
343.024 490.376
343.288 601.650
343.552 565.923
343.816 343.196
344.080 422.468
344.345 561.739
344.609 392.010
344.873 304.280
345.137 502.549
345.401 509.818
345.666 326.086
345.930 522.353
346.194 611.620
346.458 429.886
346.722 425.151
346.987 441.416
347.251 512.680
347.515 694.943
347.779 539.206
348.043 459.468
348.308 466.729
348.572 351.990
348.836 330.250
349.100 395.509
349.364 363.768
349.628 415.026
349.893 464.283
350.157 559.540
350.421 542.796
350.685 564.052
350.949 526.307
351.214 385.561
351.478 449.815
351.742 483.068
352.006 471.320
352.270 479.572
352.535 449.823
352.799 475.074
353.063 522.324
353.327 473.573
353.591 368.821
353.856 483.070
354.120 565.317
354.384 612.564
354.648 689.810
354.912 632.056
355.177 514.301
355.441 429.545
355.705 623.789
355.969 649.032
356.233 564.275
356.497 522.517
356.762 547.758
357.026 482.999
357.290 498.239
357.554 586.479
357.818 596.718
358.083 526.956
358.347 535.194
358.611 513.431
358.875 490.668
359.139 496.904
359.404 447.139
359.668 571.374
359.932 665.609
360.196 668.843
360.460 548.076
360.725 546.308
360.989 611.541
361.253 694.772
361.517 640.003
361.781 645.233
362.046 690.463
362.310 669.692
362.574 655.921
362.838 555.149
363.102 546.377
363.366 550.604
363.631 462.830
363.895 483.056
364.159 665.282
364.423 619.507
364.687 625.731
364.952 653.955
365.216 668.178
365.480 589.400
365.747 470.623
366.013 515.844
366.280 492.065
366.546 601.286
366.813 539.506
367.079 579.725
367.346 638.944
367.612 585.162
367.879 612.380
368.145 662.598
368.412 553.814
368.678 520.031
368.945 611.246
369.211 561.462
369.478 574.676
369.744 510.890
370.011 572.104
370.278 591.317
370.544 531.530
370.811 493.742
371.077 523.954
371.344 520.165
371.610 527.375
371.877 539.586
372.143 635.795
372.410 716.004
372.676 763.213
372.943 708.421
373.209 618.629
373.476 496.836
373.742 400.042
374.009 540.248
374.276 641.454
374.542 636.659
374.809 516.864
375.075 356.068
375.342 375.272
375.608 396.475
375.875 424.677
376.141 655.880
376.408 634.081
376.674 545.283
376.941 506.483
377.207 500.684
377.474 895.883
377.740 825.083
378.007 492.282
378.273 562.480
378.540 676.678
378.807 543.875
379.073 469.072
379.340 539.269
379.606 568.465
379.873 542.661
380.139 586.856
380.406 594.050
380.672 540.245
380.939 482.438
381.205 458.632
381.472 414.824
381.738 408.017
382.005 550.209
382.271 604.400
382.538 626.591
382.804 713.782
383.071 635.972
383.338 509.162
383.604 488.351
383.871 657.540
384.137 673.728
384.404 580.916
384.670 585.103
384.937 493.290
385.203 554.477
385.470 573.663
385.736 575.849
386.003 533.034
386.269 547.219
386.536 539.403
386.802 558.587
387.069 643.771
387.336 797.954
387.602 754.137
387.869 527.319
388.135 427.501
388.402 378.682
388.668 535.863
388.935 638.044
389.201 730.224
389.468 690.404
389.734 747.583
390.001 686.762
390.267 553.940
390.534 664.118
390.800 617.296
391.067 685.473
391.333 640.650
391.600 537.826
391.867 554.002
392.133 538.178
392.400 511.353
392.666 444.528
392.933 625.702
393.199 702.876
393.466 573.050
393.732 603.223
393.999 723.396
394.265 748.568
394.532 661.740
394.798 720.912
395.065 624.083
395.331 720.254
395.598 810.424
395.864 847.594
396.131 969.764
396.398 1109.933
396.664 1277.102
396.931 1584.271
397.197 2060.439
397.464 2381.606
397.730 2891.774
397.997 3184.941
398.263 3415.107
398.530 3599.273
398.796 3918.439
399.063 4093.605
399.329 4029.770
399.596 4140.934
399.862 4214.099
400.129 4355.262
400.396 4327.426
400.662 4002.589
400.929 4059.752
401.195 4174.914
401.462 4354.076
401.728 4441.238
401.995 4440.399
402.261 4565.560
402.528 4681.721
402.794 4812.881
403.061 4960.041
403.327 5173.201
403.594 5110.360
403.860 5119.518
404.127 5093.677
404.393 5246.835
404.660 5180.993
404.931 5119.150
405.202 5089.307
405.473 5063.464
405.745 5257.620
406.016 5539.776
406.287 5501.931
406.558 5347.087
406.829 5432.242
407.100 5245.396
407.371 5475.550
407.642 5534.704
407.914 5422.858
408.185 5389.011
408.456 5419.164
408.727 5533.316
408.998 5508.468
409.269 5656.620
409.540 5720.771
409.811 5355.923
410.083 5300.073
410.354 5201.224
410.625 4862.374
410.896 4919.524
411.167 4917.673
411.438 4826.822
411.709 4415.971
411.981 4462.119
412.252 4118.267
412.523 3793.415
412.794 3740.563
413.065 3553.710
413.336 3223.857
413.607 3200.003
413.878 3018.149
414.150 2802.295
414.421 2598.440
414.692 2390.586
414.963 2230.730
415.234 2266.875
415.505 2135.019
415.776 2082.163
416.047 1950.307
416.319 1760.450
416.590 1526.593
416.861 1210.735
417.132 1266.878
417.403 1255.020
417.674 1121.161
417.945 964.303
418.217 896.444
418.488 975.585
418.759 839.725
419.030 733.865
419.301 749.005
419.572 816.145
419.843 796.284
420.114 710.423
420.386 773.561
420.657 883.700
420.928 728.838
421.199 639.975
421.470 648.113
421.741 546.250
422.012 541.387
422.283 606.523
422.555 684.659
422.826 694.795
423.097 814.931
423.368 745.066
423.639 591.201
423.910 750.336
424.181 659.470
424.453 580.604
424.724 868.738
424.995 931.872
425.266 729.005
425.537 647.138
425.808 874.271
426.079 956.403
426.350 868.535
426.622 870.667
426.893 946.799
427.164 853.930
427.435 790.061
427.706 789.192
427.977 793.322
428.248 757.452
428.519 832.582
428.791 775.712
429.062 908.841
429.333 797.970
429.604 724.099
429.875 871.227
430.146 960.355
430.417 900.483
430.689 870.611
430.960 737.738
431.231 756.865
431.502 941.992
431.773 911.119
432.044 801.245
432.315 963.371
432.586 865.497
432.858 891.622
433.129 713.747
433.400 706.872
433.671 787.997
433.942 710.121
434.213 587.245
434.484 646.369
434.755 708.493
435.027 534.616
435.298 658.739
435.569 745.862
435.840 626.985
436.116 629.107
436.391 678.229
436.667 688.351
436.942 774.472
437.218 772.594
437.493 722.715
437.769 794.835
438.045 731.956
438.320 732.076
438.596 732.196
438.871 681.316
439.147 665.435
439.422 582.555
439.698 518.674
439.974 579.792
440.249 726.911
440.525 781.029
440.800 546.147
441.076 652.265
441.351 827.382
441.627 833.499
441.903 801.616
442.178 661.733
442.454 665.850
442.729 792.966
443.005 614.082
443.281 701.198
443.556 850.313
443.832 805.429
444.107 643.544
444.383 630.658
444.658 601.773
444.934 484.887
445.210 682.001
445.485 752.115
445.761 788.229
446.036 752.342
446.312 825.455
446.587 780.568
446.863 563.681
447.139 675.793
447.414 699.906
447.690 727.018
447.965 748.129
448.241 716.241
448.516 740.352
448.792 749.463
449.068 726.574
449.343 733.684
449.619 636.795
449.894 676.905
450.170 659.015
450.445 856.125
450.721 895.234
450.997 643.343
451.272 734.452
451.548 676.561
451.823 680.670
452.099 780.778
452.375 679.886
452.650 686.994
452.926 762.102
453.201 817.209
453.477 1033.316
453.752 949.423
454.028 777.530
454.304 841.637
454.579 974.743
454.855 925.849
455.130 886.955
455.406 1007.061
455.681 961.166
455.957 859.271
456.233 799.376
456.508 788.481
456.784 827.586
457.059 789.690
457.335 961.794
457.610 824.898
457.886 761.002
458.162 725.106
458.437 721.209
458.713 776.312
458.988 768.415
459.264 830.518
459.539 832.620
459.815 724.723
460.091 657.825
460.366 633.927
460.642 591.028
460.917 650.130
461.193 682.231
461.468 580.332
461.744 582.433
462.020 614.534
462.295 609.634
462.571 624.734
462.846 677.835
463.122 779.934
463.397 766.034
463.673 689.444
463.949 729.503
464.224 671.660
464.500 666.764
464.775 670.529
465.051 748.131
465.327 834.891
465.602 1006.810
465.878 1048.873
466.153 925.169
466.429 1211.905
466.704 1438.338
466.980 1418.311
467.256 1532.408
467.531 1600.105
467.807 1615.833
468.082 1651.000
468.358 1706.500
468.633 1775.994
468.909 1718.861
469.185 1698.574
469.460 1738.608
469.736 1807.927
470.011 1665.022
470.287 1722.798
470.562 1804.996
470.838 1613.169
471.114 1677.520
471.389 1598.827
471.665 1537.849
471.940 1589.095
472.216 1464.696
472.491 1230.206
472.767 1237.633
473.043 1390.871
473.318 1509.627
473.594 1287.179
473.869 1161.421
474.145 1090.304
474.421 1062.931
474.696 1054.886
474.972 897.194
475.247 893.105
475.523 921.820
475.798 902.465
476.074 887.382
476.350 840.631
476.625 779.399
476.901 852.886
477.176 806.284
477.452 708.913
477.727 698.831
478.003 605.733
478.279 803.994
478.554 935.183
478.830 870.101
479.105 859.287
479.381 851.407
479.656 733.849
479.932 791.959
480.208 926.875
480.483 910.860
480.759 905.893
481.034 803.047
481.310 751.620
481.585 803.620
481.861 894.434
482.137 767.740
482.412 814.339
482.688 822.831
482.963 867.228
483.239 930.574
483.514 717.233
483.790 797.885
484.066 1025.945
484.341 903.250
484.617 732.943
484.892 835.052
485.168 844.092
485.443 745.922
485.719 752.965
485.995 824.968
486.270 857.931
486.546 745.536
486.821 654.620
487.097 609.976
487.373 724.841
487.648 898.694
487.924 841.845
488.199 644.637
488.475 503.265
488.750 558.242
489.026 758.086
489.302 683.584
489.577 647.701
489.853 721.584
490.128 872.498
490.404 832.585
490.679 641.863
490.955 810.426
491.231 873.068
491.506 864.217
491.782 773.076
492.057 671.617
492.333 782.264
492.608 756.903
492.884 787.314
493.160 605.397
493.435 593.918
493.711 774.389
493.986 791.339
494.262 739.252
494.537 690.311
494.813 764.668
495.089 640.743
495.364 660.467
495.640 763.689
495.915 744.120
496.191 912.001
496.467 875.539
496.742 776.109
497.018 810.296
497.293 726.464
497.569 779.631
497.844 735.707
498.120 768.458
498.396 787.917
498.671 782.818
498.947 839.499
499.222 838.422
499.498 816.448
499.773 917.022
500.049 998.688
500.325 956.847
500.600 1010.837
500.876 1019.934
501.151 1171.505
501.427 1268.139
501.702 1395.118
501.978 1429.365
502.254 1458.504
502.529 1404.799
502.805 1603.671
503.080 1729.356
503.356 1575.778
503.631 1501.688
503.907 1589.824
504.183 1562.572
504.458 1596.048
504.734 1568.221
505.009 1622.897
505.285 1546.679
505.560 1540.135
505.836 1466.870
506.112 1438.604
506.387 1337.464
506.663 1359.442
506.938 1277.615
507.214 1254.434
507.490 1270.412
507.765 1218.750
508.041 1195.615
508.316 1232.015
508.592 1143.001
508.867 1150.978
509.143 1213.210
509.419 1115.796
509.694 939.106
509.970 854.926
510.245 778.211
510.521 883.504
510.796 830.745
511.072 734.912
511.348 725.542
511.623 759.511
511.899 748.371
512.174 809.267
512.450 879.963
512.725 831.422
513.001 671.104
513.277 627.935
513.552 825.380
513.828 766.622
514.103 747.216
514.379 902.855
514.654 771.225
514.930 760.937
515.206 1107.658
515.481 998.796
515.757 768.699
516.032 698.543
516.308 829.082
516.583 945.414
516.859 818.031
517.135 862.888
517.410 935.136
517.686 993.512
517.961 963.452
518.237 938.370
518.513 855.303
518.788 1074.077
519.064 1215.891
519.339 1133.073
519.615 1081.852
519.890 1148.376
520.166 1254.271
520.442 1452.358
520.717 1445.686
520.993 1428.838
521.268 1299.520
521.544 1244.724
521.819 1178.035
522.095 1306.527
522.371 1429.978
522.646 1392.649
522.922 1559.003
523.197 1556.193
523.473 1600.700
523.748 1497.413
524.024 1386.471
524.300 1404.716
524.575 1362.673
524.851 1440.247
525.126 1563.216
525.402 1631.760
525.677 1643.305
525.953 1521.337
526.229 1455.433
526.504 1439.663
526.780 1621.905
527.055 1518.255
527.331 1575.733
527.606 1624.238
527.882 1530.879
528.158 1361.909
528.433 1537.329
528.709 1472.131
528.984 1439.562
529.260 1456.814
529.535 1474.688
529.811 1283.586
530.087 1174.472
530.362 1166.994
530.638 1293.939
530.913 1430.535
531.189 1384.679
531.465 1215.821
531.740 1214.157
532.016 1255.044
532.291 1197.077
532.567 1208.178
532.842 1218.897
533.118 1130.905
533.394 1205.849
533.669 1074.014
533.945 940.806
534.220 934.056
534.496 1067.450
534.771 981.805
535.047 1018.920
535.323 1021.928
535.598 994.649
535.874 1030.836
536.149 1017.240
536.425 979.156
536.700 956.710
536.976 1089.037
537.252 1365.926
537.527 1517.621
537.803 1788.800
538.078 2046.272
538.354 2129.910
538.629 2065.136
538.905 2156.730
539.181 2238.952
539.456 2261.693
539.732 2489.058
540.007 2542.423
540.283 2449.144
540.558 2487.259
540.834 2582.247
541.110 2781.892
541.385 2778.980
541.661 2863.196
541.936 2878.976
542.212 2771.006
542.488 2753.224
542.763 2882.122
543.039 2844.365
543.314 2762.081
543.590 2748.000
543.865 2784.800
544.141 2746.128
544.417 2675.679
544.692 2643.958
544.968 2739.348
545.243 2679.504
545.519 2402.818
545.794 2376.436
546.070 2591.205
546.348 2455.531
546.627 2250.364
546.905 2454.649
547.183 2432.948
547.461 2382.359
547.740 2504.560
548.018 2399.750
548.296 2414.304
548.575 2470.964
548.853 2502.797
549.131 2632.942
549.409 2772.251
549.688 2965.758
549.966 2992.599
550.244 3104.757
550.523 3095.789
550.801 3140.303
551.079 3241.109
551.357 3365.793
551.636 3274.577
551.914 3259.297
552.192 3243.572
552.471 3366.275
552.749 3527.184
553.027 3560.183
553.306 3746.510
553.584 3993.368
553.862 4005.215
554.140 4115.288
554.419 4224.699
554.697 4663.537
554.975 4872.334
555.254 4931.163
555.532 4722.298
555.810 4685.548
556.088 4753.399
556.367 4549.946
556.645 4356.856
556.923 4445.429
557.202 4317.740
557.480 4362.143
557.758 4131.969
558.036 3971.982
558.315 3947.886
558.593 3874.365
558.871 3726.304
559.150 3596.449
559.428 3518.704
559.706 3321.188
559.984 3163.592
560.263 3164.449
560.541 3002.489
560.819 2833.948
561.098 2642.010
561.376 2445.906
561.654 2212.302
561.932 1921.892
562.211 1858.691
562.489 1828.962
562.767 1710.173
563.046 1400.626
563.324 1211.231
563.602 1226.853
563.880 1145.111
564.159 1204.661
564.437 1293.679
564.715 1114.548
564.994 941.852
565.272 1015.797
565.550 907.489
565.828 819.157
566.107 932.514
566.385 870.953
566.663 774.196
566.942 758.658
567.220 785.603
567.498 953.714
567.776 802.801
568.055 699.964
568.333 751.935
568.611 827.613
568.890 721.688
569.168 645.909
569.446 713.247
569.725 699.768
570.003 516.241
570.281 549.670
570.559 695.752
570.838 654.847
571.116 701.072
571.394 749.569
571.673 829.878
571.951 768.595
572.229 712.331
572.507 698.493
572.786 703.111
573.064 745.712
573.342 701.943
573.621 548.237
573.899 625.358
574.177 849.648
574.455 787.964
574.734 690.935
575.012 812.313
575.290 762.225
575.569 764.979
575.847 793.255
576.125 763.861
576.403 611.416
576.682 670.078
576.960 738.440
577.243 821.421
577.527 728.681
577.810 582.914
578.093 593.397
578.377 633.154
578.660 621.343
578.944 608.543
579.227 594.943
579.510 675.856
579.794 655.740
580.077 620.448
580.360 696.506
580.644 662.487
580.927 619.454
581.210 663.238
581.494 634.725
581.777 727.671
582.061 711.509
582.344 643.471
582.627 598.651
582.911 611.658
583.194 590.358
583.477 739.106
583.761 793.044
584.044 814.047
584.327 761.959
584.611 647.119
584.894 660.151
585.178 619.237
585.461 624.277
585.744 740.206
586.028 666.991
586.311 731.036
586.594 743.081
586.878 659.126
587.161 599.170
587.444 616.215
587.728 643.260
588.011 701.304
588.295 551.348
588.578 666.726
588.861 839.597
589.145 665.481
589.428 639.164
589.711 526.569
589.995 540.073
590.278 730.926
590.562 682.701
590.845 616.128
591.128 765.258
591.412 718.395
591.695 632.243
591.978 803.312
592.262 762.200
592.545 525.429
592.828 671.705
593.112 586.333
593.395 561.451
593.679 525.078
593.962 662.571
594.245 720.661
594.529 649.062
594.812 535.139
595.095 485.963
595.379 700.531
595.662 724.133
595.945 666.852
596.229 564.050
596.512 608.520
596.796 679.532
597.079 712.564
597.362 820.527
597.646 840.528
597.929 714.951
598.212 717.251
598.496 648.122
598.779 787.702
599.062 879.549
599.346 686.106
599.629 600.658
599.913 595.181
600.196 711.478
600.479 727.551
600.763 663.284
601.046 558.775
601.329 635.153
601.613 709.299
601.896 643.459
602.179 760.745
602.463 765.697
602.746 796.189
603.030 894.461
603.313 827.873
603.596 626.735
603.880 693.808
604.163 731.102
604.446 697.125
604.730 626.646
605.013 689.673
605.296 774.619
605.580 713.934
605.863 796.246
606.147 669.938
606.430 625.903
606.713 779.929
606.997 723.925
607.280 865.134
607.563 749.713
607.847 690.368
608.130 768.155
608.414 767.443
608.697 719.536
608.980 701.671
609.264 774.946
609.547 659.632
609.830 704.725
610.114 802.706
610.397 751.814
610.680 765.794
610.964 790.864
611.247 812.471
611.531 734.798
611.814 608.241
612.097 670.105
612.381 855.760
612.664 946.923
612.947 814.478
613.231 726.194
613.514 746.592
613.797 902.818
614.081 910.715
614.364 853.778
614.648 855.780
614.931 766.427
615.214 741.907
615.498 805.604
615.781 868.442
616.064 844.858
616.348 963.005
616.631 913.745
616.914 951.269
617.198 919.731
617.481 828.143
617.765 836.886
618.048 894.018
618.331 834.825
618.615 797.150
618.898 953.313
619.181 918.765
619.465 842.560
619.748 778.304
620.031 729.606
620.315 742.259
620.598 795.612
620.882 878.862
621.165 1023.907
621.448 872.851
621.732 830.970
622.015 700.658
622.298 678.164
622.582 789.656
622.865 749.523
623.148 616.692
623.432 736.081
623.715 716.098
623.999 888.083
624.282 857.886
624.565 885.806
624.849 700.732
625.132 589.278
625.415 864.516
625.699 984.497
625.982 826.107
626.265 702.435
626.549 660.348
626.832 833.111
627.116 829.107
627.399 624.093
627.682 628.919
627.966 646.449
628.249 676.015
628.532 649.241
628.816 855.597
629.099 808.683
629.383 748.850
629.666 677.459
629.949 614.713
630.233 660.246
630.516 728.685
630.799 758.930
631.083 665.989
631.366 605.658
631.649 549.395
631.933 520.488
632.216 696.052
632.500 726.863
632.783 755.848
633.066 711.781
633.350 691.394
633.633 767.015
633.916 729.483
634.200 667.015
634.483 716.217
634.766 782.011
635.050 746.476
635.333 684.904
635.617 659.894
635.900 719.339
636.183 812.618
636.467 767.459
636.750 753.779
637.033 792.490
637.317 780.878
637.600 755.740
637.883 732.527
638.167 721.553
638.450 697.761
638.734 688.430
639.017 748.386
639.300 785.871
639.584 735.588
639.867 891.841
640.150 853.518
640.434 887.226
640.717 857.456
641.000 797.674
641.284 885.556
641.567 807.837
641.851 754.072
642.134 858.414
642.417 865.119
642.701 1010.019
642.984 1085.742
643.267 974.510
643.551 788.211
643.834 726.188
644.117 818.235
644.401 782.482
644.684 793.759
644.968 936.125
645.251 937.154
645.534 822.738
645.818 818.078
646.101 913.713
646.384 1034.870
646.668 1045.229
646.951 979.532
647.235 1020.896
647.518 1020.927
647.801 1192.009
648.085 1280.122
648.368 1298.273
648.651 1252.250
648.935 1381.758
649.218 1598.360
649.501 1542.404
649.785 1599.362
650.068 1826.938
650.352 1959.005
650.635 2050.679
650.918 2107.521
651.202 2324.176
651.485 2595.169
651.768 2786.829
652.052 2834.868
652.335 2977.849
652.618 3198.699
652.902 3387.592
653.185 3725.867
653.469 3722.908
653.752 3734.719
654.035 3856.306
654.319 3941.660
654.602 3940.486
654.885 4005.958
655.169 4012.888
655.452 3947.983
655.735 4068.362
656.019 4131.034
656.302 4093.775
656.586 4088.011
656.869 4332.305
657.152 4224.786
657.436 4169.213
657.719 4391.748
658.002 4416.174
658.286 4213.595
658.569 3998.469
658.852 3872.867
659.136 3755.888
659.419 3609.726
659.703 3427.016
659.986 3374.255
660.269 3325.200
660.553 3144.006
660.836 3182.654
661.119 3218.254
661.403 3170.868
661.686 3049.666
661.969 3002.901
662.253 2900.287
662.536 2810.886
662.820 2894.464
663.103 2828.572
663.386 2860.042
663.670 2856.015
663.953 2702.491
664.236 2851.156
664.520 2844.093
664.803 2802.583
665.086 2754.230
665.370 2730.708
665.653 2815.844
665.937 2818.730
666.220 2688.942
666.503 2669.702
666.787 2643.363
667.070 2611.164
667.353 2566.478
667.637 2313.837
667.920 2269.242
668.204 2041.202
668.487 1937.468
668.770 2005.662
669.054 1674.734
669.337 1461.384
669.620 1394.135
669.904 1307.205
670.187 1300.412
670.470 1293.605
670.754 1188.532
671.037 1063.180
671.321 948.742
671.604 1065.284
671.887 1058.215
672.171 1012.185
672.454 997.886
672.737 948.731
673.021 889.220
673.304 848.068
673.587 1021.608
673.871 996.991
674.154 930.291
674.438 1019.662
674.721 1005.303
675.004 986.818
675.288 912.773
675.571 962.146
675.854 917.891
676.138 891.031
676.421 898.171
676.704 822.681
676.988 921.964
677.271 1078.937
677.555 1061.467
677.838 994.278
678.121 949.891
678.405 879.422
678.688 937.422
678.971 753.711
679.255 859.549
679.538 909.370
679.821 943.630
680.105 881.295
680.388 777.481
680.672 733.620
680.955 757.556
681.238 776.063
681.522 720.191
681.805 763.140
682.088 868.623
682.372 907.096
682.655 814.126
682.938 934.196
683.222 904.996
683.505 826.555
683.789 851.662
684.072 804.668
684.355 853.961
684.639 882.172
684.922 773.641
685.205 743.397
685.489 869.730
685.772 870.667
686.056 895.664
686.339 913.474
686.622 735.186
686.906 747.739
687.189 869.897
687.472 1022.325
687.756 872.173
688.039 720.710
688.322 656.019
688.606 938.928
688.889 932.692
689.173 814.766
689.456 886.818
689.739 901.459
690.023 824.426
690.306 845.308
690.589 799.663
690.873 913.322
691.156 915.430
691.439 818.683
691.723 789.574
692.006 831.048
692.290 803.360
692.573 906.394
692.856 953.247
693.140 904.569
693.423 858.111
693.706 773.016
693.990 730.079
694.273 719.021
694.556 921.608
694.840 997.997
695.123 882.323
695.407 859.767
695.690 756.066
695.973 780.583
696.257 891.030
696.540 1070.181
696.830 980.721
697.120 962.247
697.410 1030.074
697.699 946.992
697.989 1071.047
698.279 976.787
698.569 878.476
698.859 999.403
699.149 1042.375
699.439 904.461
699.729 861.727
700.018 940.324
700.308 1009.727
700.598 868.060
700.888 782.106
701.178 1034.129
701.468 1000.651
701.758 855.792
702.048 917.870
702.337 856.133
702.627 969.466
702.917 909.955
703.207 820.533
703.497 839.853
703.787 717.426
704.077 764.450
704.366 820.168
704.656 719.069
704.946 648.936
705.236 601.359
705.526 780.424
705.816 832.345
706.106 631.140
706.396 637.508
706.685 673.368
706.975 586.004
707.265 548.196
707.555 728.058
707.845 722.674
708.135 618.635
708.425 508.129
708.715 564.046
709.004 775.963
709.294 727.567
709.584 697.556
709.874 751.820
710.164 733.106
710.454 660.468
710.744 651.942
711.034 672.033
711.323 675.654
711.613 644.181
711.903 778.281
712.193 835.335
712.483 673.116
712.773 672.156
713.063 650.251
713.352 704.828
713.642 691.743
713.932 750.904
714.222 765.044
714.512 674.828
714.802 632.506
715.092 795.320
715.382 655.506
715.671 615.653
715.961 628.940
716.251 530.696
716.541 638.004
716.831 717.220
717.121 574.240
717.411 627.708
717.701 716.725
717.990 673.685
718.280 633.261
718.570 603.674
718.860 560.181
719.150 584.616
719.440 565.950
719.730 530.218
720.019 815.039
720.309 742.296
720.599 678.325
720.889 639.454
721.179 686.365
721.469 672.677
721.759 639.786
722.049 710.757
722.338 554.499
722.628 567.113
722.918 647.204
723.208 743.663
723.498 570.608
723.788 613.527
724.078 865.714
724.368 798.938
724.657 631.523
724.947 691.942
725.237 765.025
725.527 785.317
725.817 716.114
726.107 665.022
726.397 595.411
726.686 559.649
726.976 638.006
727.266 735.707
727.556 639.016
727.846 749.046
728.136 751.244
728.426 629.660
728.716 543.440
729.005 712.066
729.295 657.824
729.585 509.608
729.875 520.269
730.165 620.698
730.455 666.306
730.745 726.197
731.035 688.354
731.324 753.917
731.614 677.717
731.904 579.271
732.194 734.782
732.484 718.981
732.774 661.609
733.064 624.665
733.354 518.655
733.643 599.218
733.933 621.072
734.223 541.171
734.513 709.808
734.803 792.472
735.093 654.932
735.383 614.577
735.672 680.027
735.962 687.250
736.252 534.106
736.542 627.239
736.832 604.733
737.122 469.072
737.412 562.230
737.702 658.975
737.991 665.865
738.281 626.881
738.571 638.073
738.861 626.555
739.151 579.331
739.441 689.893
739.731 594.535
740.021 629.225
740.310 729.471
740.600 748.968
740.890 513.030
741.180 587.114
741.470 678.941
741.760 700.679
742.050 783.621
742.339 678.367
742.629 598.269
742.919 775.341
743.209 612.540
743.499 581.515
743.789 597.952
744.079 634.606
744.369 643.890
744.658 583.740
744.948 407.934
745.238 553.056
745.528 669.033
745.818 807.614
746.108 748.110
746.398 728.019
746.688 654.554
746.977 785.656
747.267 626.788
747.557 710.930
747.847 763.634
748.137 675.857
748.427 650.006
748.717 550.076
749.006 461.987
749.296 621.829
749.586 654.066
749.876 750.355
750.166 665.714
750.456 589.627
750.746 656.104
751.036 611.214
751.325 690.076
751.615 658.817
751.905 666.829
752.195 685.515
752.485 653.535
752.775 619.174
753.065 572.147
753.355 787.381
753.644 767.381
753.934 669.311
754.224 682.701
754.514 865.133
754.804 624.566
755.094 473.131
755.384 511.265
755.674 595.537
755.963 712.909
756.253 653.403
756.543 693.891
756.833 754.601
757.123 721.735
757.413 649.113
757.703 614.961
757.992 588.850
758.282 679.643
758.572 643.160
758.862 555.742
759.152 596.967
759.442 577.311
759.732 698.513
760.022 755.819
760.311 625.814
760.601 497.060
760.891 666.094
761.181 712.680
761.471 674.180
761.761 553.025
762.051 553.044
762.341 733.594
762.630 787.725
762.920 674.954
763.210 671.622
763.500 700.169
763.793 626.673
764.086 658.918
764.379 644.189
764.671 721.673
764.964 644.227
765.257 668.390
765.550 675.805
765.843 534.695
766.136 605.278
766.429 583.120
766.722 628.875
767.014 575.947
767.307 469.799
767.600 519.163
767.893 518.697
768.186 491.498
768.479 582.242
768.772 728.430
769.064 699.215
769.357 656.233
769.650 659.937
769.943 820.419
770.236 708.655
770.529 567.251
770.822 624.729
771.115 689.263
771.407 770.704
771.700 811.086
771.993 774.549
772.286 676.914
772.579 733.710
772.872 603.688
773.165 586.569
773.457 625.902
773.750 667.924
774.043 637.670
774.336 635.302
774.629 660.249
774.922 634.697
775.215 591.324
775.508 623.384
775.800 591.588
776.093 705.998
776.386 712.348
776.679 602.308
776.972 640.594
777.265 869.212
777.558 872.380
777.850 719.762
778.143 700.684
778.436 695.371
778.729 682.629
779.022 686.667
779.315 614.323
779.608 570.120
779.900 626.419
780.193 636.487
780.486 624.821
780.779 657.311
781.072 562.482
781.365 671.389
781.658 677.100
781.951 560.652
782.243 663.754
782.536 762.494
782.829 711.307
783.122 654.095
783.415 633.396
783.708 662.501
784.001 696.621
784.293 755.816
784.586 780.126
784.879 740.063
785.172 633.233
785.465 591.801
785.758 620.876
786.051 621.895
786.344 731.669
786.636 903.589
786.929 680.383
787.222 598.515
787.515 590.327
787.808 591.163
788.101 615.156
788.394 781.007
788.686 879.925
788.979 826.822
789.272 745.094
789.565 703.449
789.858 631.610
790.151 544.345
790.444 513.393
790.737 579.923
791.029 591.757
791.322 716.524
791.615 651.021
791.908 646.344
792.201 697.612
792.494 632.128
792.787 686.296
793.079 832.560
793.372 728.161
793.665 715.943
793.958 624.235
794.251 683.075
794.544 801.933
794.837 895.471
795.130 723.005
795.422 652.233
795.715 696.118
796.008 697.827
796.301 693.466
796.594 669.578
796.887 695.491
797.180 680.248
797.472 527.722
797.765 439.005
798.058 599.938
798.351 609.526
798.644 556.701
798.937 505.869
799.230 565.143
799.523 959.541
799.815 836.925
800.108 544.817
800.401 534.864
800.694 707.070
800.987 648.555
801.280 699.817
801.573 777.755
801.865 791.757
802.158 683.199
802.451 602.376
802.744 576.444
803.037 621.370
803.330 643.985
803.623 757.131
803.915 748.165
804.208 646.031
804.501 677.370
804.794 684.393
805.087 645.725
805.380 526.794
805.673 552.309
805.966 618.391
806.258 574.938
806.551 650.406
806.844 682.550
807.137 740.538
807.430 575.152
807.723 534.003
808.016 743.858
808.308 814.787
808.601 621.400
808.894 559.286
809.187 623.309
809.480 695.132
809.773 656.258
810.066 719.308
810.359 790.542
810.651 749.771
810.944 511.128
811.237 524.777
811.530 703.401
811.825 611.197
812.119 530.879
812.414 486.495
812.709 601.143
813.003 645.898
813.298 557.293
813.593 697.242
813.887 707.686
814.182 971.814
814.476 823.578
814.771 816.487
815.066 735.763
815.360 552.104
815.655 541.956
815.950 626.959
816.244 697.167
816.539 788.309
816.834 707.794
817.128 722.817
817.423 742.483
817.718 873.611
818.012 718.366
818.307 502.481
818.602 646.964
818.896 769.458
819.191 676.739
819.486 605.028
819.780 716.269
820.075 869.465
820.369 838.187
820.664 643.418
820.959 710.721
821.253 744.634
821.548 692.836
821.843 751.403
822.137 752.200
822.432 732.949
822.727 656.565
823.021 633.258
823.316 822.023
823.611 842.608
823.905 699.586
824.200 595.495
824.495 713.855
824.789 722.310
825.084 656.232
825.379 617.910
825.673 629.138
825.968 727.839
826.262 705.321
826.557 753.281
826.852 747.189
827.146 705.803
827.441 706.131
827.736 736.620
828.030 692.785
828.325 528.583
828.620 727.112
828.914 796.975
829.209 653.568
829.504 836.673
829.798 821.161
830.093 688.173
830.388 623.706
830.682 545.977
830.977 683.216
831.271 740.619
831.566 585.861
831.861 595.092
832.155 594.711
832.450 682.326
832.745 781.588
833.039 640.447
833.334 546.185
833.629 621.121
833.923 575.957
834.218 537.901
834.513 536.763
834.807 581.496
835.102 564.177
835.397 578.745
835.691 509.619
835.986 537.620
836.281 524.301
836.575 549.242
836.870 568.690
837.164 585.878
837.459 541.374
837.754 614.630
838.048 585.514
838.343 563.574
838.638 591.190
838.932 645.751
839.227 632.232
839.522 671.422
839.816 674.432
840.111 608.493
840.406 553.721
840.700 726.055
840.995 937.661
841.290 900.458
841.584 693.199
841.879 798.324
842.174 716.084
842.468 648.488
842.763 567.279
843.057 673.683
843.352 703.129
843.647 722.925
843.941 662.013
844.236 689.053
844.531 742.064
844.825 701.325
845.120 752.718
845.415 800.154
845.709 743.090
846.004 812.867
846.299 634.800
846.593 742.211
846.888 742.191
847.183 635.650
847.477 611.552
847.772 628.659
848.066 672.570
848.361 663.867
848.656 661.219
848.950 675.317
849.245 758.485
849.540 666.967
849.834 870.495
850.129 806.142
850.424 677.347
850.718 703.428
851.013 864.363
851.308 752.020
851.602 731.369
851.897 813.620
852.192 943.799
852.486 799.613
852.781 648.425
853.076 760.697
853.370 804.464
853.665 863.976
853.959 831.197
854.254 696.855
854.549 877.169
854.843 794.041
855.138 703.153
855.433 807.694
855.727 844.126
856.022 680.475
856.317 705.681
856.611 715.367
856.906 655.734
857.201 754.790
857.495 864.972
857.790 927.708
858.085 845.558
858.379 757.297
858.674 617.466
858.969 551.386
859.263 607.031
859.558 668.916
859.852 598.230
860.147 679.169
860.442 785.153
860.736 606.130
861.031 740.978
861.326 766.218
861.620 621.862
861.915 818.599
862.210 840.656
862.504 690.048
862.799 782.001
863.094 772.904
863.388 685.289
863.683 667.609
863.978 632.456
864.272 622.717
864.567 640.707
864.861 625.766
865.156 595.014
865.451 544.882
865.745 658.698
866.040 748.872
866.335 794.716
866.629 839.179
866.924 658.148
867.219 601.542
867.513 752.522
867.808 706.747
868.103 614.736
868.397 634.369
868.692 719.969
868.987 639.538
869.281 606.829
869.576 770.348
869.871 818.638
870.165 660.849
870.460 530.721
870.754 551.547
871.049 475.068
871.344 618.694
871.638 655.374
871.933 583.159
872.228 647.557
872.522 635.492
872.817 716.187
873.112 910.915
873.406 756.066
873.701 785.346
873.996 742.933
874.290 682.884
874.585 672.832
874.880 726.507
875.174 650.910
875.469 651.259
875.764 690.217
876.058 630.740
876.353 539.433
876.647 487.129
876.942 560.570
877.237 612.561
877.531 632.765
877.826 693.184
878.121 629.432
878.415 603.204
878.710 578.775
879.005 732.702
879.299 649.586
879.594 589.108
879.889 503.040
880.183 518.055
880.478 568.997
880.773 528.730
881.067 575.286
881.362 624.460
881.656 518.356
881.951 555.850
882.246 506.306
882.540 541.329
882.835 540.766
883.130 604.560
883.424 587.342
883.719 497.613
884.014 587.421
884.308 553.199
884.603 518.097
884.898 550.214
885.192 642.681
885.487 618.301
885.782 547.272
886.076 654.211
886.371 642.275
886.666 440.813
886.960 503.153
887.255 466.902
887.549 500.037
887.844 691.290
888.139 739.363
888.433 685.566
888.728 576.011
889.023 596.447
889.317 599.833
889.612 470.879
889.907 509.411
890.201 595.262
890.496 646.912
890.791 654.301
891.085 606.956
891.380 556.657
891.675 599.562
891.969 642.858
892.264 503.724
892.559 555.325
892.853 644.969
893.148 541.713
893.442 536.363
893.737 641.785
894.032 553.124
894.326 483.530
894.621 554.025
894.916 472.513
895.210 507.349
895.505 643.862
895.800 559.561
896.094 447.374
896.389 496.810
896.684 505.210
896.978 508.304
897.273 472.078
897.568 624.497
897.862 614.449
898.157 530.463
898.451 668.110
898.746 630.067
899.041 706.809
899.335 662.532
899.630 594.867
899.925 631.551
900.219 635.989
900.514 689.479
900.809 594.354
901.103 451.212
901.398 577.332
901.693 514.771
901.987 497.414
902.282 588.700
902.577 538.912
902.871 514.378
903.166 596.024
903.461 639.423
903.755 640.898
904.050 623.813
904.344 467.852
904.639 481.792
904.934 489.415
905.228 548.759
905.523 513.283
905.818 558.776
906.112 691.218
906.407 626.592
906.702 513.810
906.996 561.233
907.291 554.715
907.586 522.923
907.880 702.378
908.175 677.572
908.470 678.490
908.764 652.453
909.059 709.801
909.354 640.850
909.648 562.907
909.943 584.834
910.237 685.640
910.532 696.989
910.827 754.744
911.121 715.079
911.416 651.146
911.711 669.539
912.005 664.336
912.300 631.439
912.599 749.759
912.898 674.839
913.196 626.634
913.495 677.664
913.794 792.317
914.093 687.598
914.391 622.841
914.690 693.624
914.989 649.463
915.288 705.770
915.586 600.557
915.885 509.931
916.184 485.570
916.483 467.756
916.782 613.382
917.080 708.317
917.379 634.331
917.678 532.205
917.977 665.104
918.275 713.047
918.574 679.034
918.873 697.732
919.172 652.447
919.471 588.149
919.769 608.907
920.068 583.337
920.367 520.348
920.666 553.097
920.964 634.408
921.263 561.460
921.562 566.414
921.861 672.619
922.159 558.512
922.458 634.177
922.757 622.419
923.056 571.149
923.355 602.221
923.653 681.565
923.952 628.208
924.251 519.585
924.550 716.166
924.848 742.014
925.147 632.239
925.446 601.130
925.745 687.822
926.043 687.211
926.342 607.362
926.641 560.980
926.940 630.883
927.239 651.912
927.537 748.495
927.836 688.280
928.135 642.019
928.434 722.602
928.732 721.481
929.031 766.695
929.330 772.381
929.629 734.924
929.927 690.104
930.226 611.906
930.525 652.922
930.824 749.866
931.123 670.640
931.421 770.589
931.720 735.112
932.019 780.659
932.318 769.086
932.616 705.762
932.915 670.465
933.214 714.969
933.513 697.068
933.812 678.618
934.110 707.114
934.409 749.433
934.708 633.166
935.007 915.358
935.305 981.983
935.604 709.966
935.903 815.853
936.202 887.664
936.500 950.012
936.799 1107.315
937.098 1022.602
937.397 905.306
937.696 802.974
937.994 784.622
938.293 840.270
938.592 723.371
938.891 732.611
939.189 827.612
939.488 969.471
939.787 1129.163
940.086 950.731
940.384 947.684
940.683 895.144
940.982 761.270
941.281 829.967
941.580 1229.580
941.878 1212.516
942.177 941.383
942.476 965.801
942.775 965.615
943.073 752.606
943.372 688.466
943.671 927.484
943.970 1082.801
944.268 993.504
944.567 837.094
944.866 883.892
945.165 908.893
945.464 827.155
945.762 681.583
946.061 974.885
946.360 1038.316
946.659 1018.108
946.957 1066.546
947.256 937.015
947.555 849.601
947.854 982.595
948.153 880.178
948.451 806.839
948.750 792.935
949.049 844.175
949.348 1053.048
949.646 923.344
949.945 857.569
950.244 991.569
950.543 869.655
950.841 809.029
951.140 746.394
951.439 619.961
951.738 673.794
952.037 830.701
952.335 950.734
952.634 909.805
952.933 727.413
953.232 775.315
953.530 607.909
953.829 854.285
954.128 981.069
954.427 870.663
954.725 935.829
955.024 909.083
955.323 931.683
955.622 751.118
955.921 682.283
956.219 802.098
956.518 763.379
956.817 835.063
957.116 817.712
957.414 777.094
957.713 634.959
958.012 548.532
958.311 561.122
958.610 766.565
958.908 786.646
959.207 774.118
959.506 844.795
959.805 843.238
960.103 773.052
960.402 814.346
960.701 685.962
961.000 698.634
961.298 702.234
961.597 799.668
961.896 738.965
962.195 764.841
962.494 830.897
962.792 702.024
963.091 674.916
963.390 667.207
963.689 639.527
963.987 779.299
964.286 858.897
964.585 856.577
964.884 725.817
965.182 601.092
965.481 995.937
965.780 1116.251
966.080 973.375
966.380 852.038
966.680 742.521
966.981 751.352
967.281 774.280
967.581 702.861
967.881 796.687
968.181 868.125
968.481 764.660
968.781 731.761
969.082 628.646
969.382 676.174
969.682 765.873
969.982 841.592
970.282 849.539
970.582 722.380
970.882 719.770
971.183 868.195
971.483 721.592
971.783 696.667
972.083 781.683
972.383 855.062
972.683 828.105
972.983 841.037
973.284 739.640
973.584 675.036
973.884 683.988
974.184 681.188
974.484 797.408
974.784 618.185
975.084 637.158
975.385 743.641
975.685 840.652
975.985 806.662
976.285 802.791
976.585 847.100
976.885 767.061
977.185 758.948
977.486 815.169
977.786 853.382
978.086 883.541
978.386 869.423
978.686 686.471
978.986 665.615
979.286 724.624
979.587 757.632
979.887 661.641
980.187 663.649
980.487 643.658
980.787 791.667
981.087 765.675
981.387 910.684
981.688 773.692
981.988 596.701
982.288 640.709
982.588 742.718
982.888 777.726
983.188 735.734
983.488 799.743
983.789 804.751
984.089 766.760
984.389 737.768
984.689 722.777
984.989 628.785
985.289 633.793
985.589 814.802
985.890 718.810
986.190 586.819
986.490 639.827
986.790 751.835
987.090 715.844
987.390 769.852
987.690 730.860
987.991 601.869
988.291 677.877
988.591 711.885
988.891 555.894
989.191 573.902
989.491 752.910
989.791 728.919
990.092 690.927
990.392 720.935
990.692 694.943
990.992 675.952
991.292 569.960
991.592 700.968
991.892 691.976
992.193 772.985
992.493 761.993
992.793 677.001
993.093 709.009
993.393 638.017
993.693 678.026
993.993 752.034
994.294 794.042
994.594 660.050
994.894 610.058
995.194 637.066
995.494 546.075
995.794 552.083
996.094 578.091
996.395 708.099
996.695 784.107
996.995 567.115
997.295 514.123
997.595 541.131
997.895 494.139
998.195 467.148
998.496 544.156
998.796 532.164
999.096 722.172
999.396 697.180
999.696 741.188
999.996 710.196
1000.296 802.204
1000.597 792.212
1000.897 683.220
1001.197 727.228
1001.497 892.236
1001.797 668.244
1002.097 524.252
1002.397 624.260
1002.698 652.268
1002.998 735.276
1003.298 713.284
1003.598 579.292
1003.898 512.300
1004.198 695.307
1004.498 791.315
1004.799 758.323
1005.099 731.331
1005.399 744.339
1005.699 779.347
1005.999 780.355
1006.299 659.363
1006.599 855.371
1006.900 849.378
1007.200 657.386
1007.500 658.394
1007.800 639.402
1008.100 580.410
1008.400 564.418
1008.700 592.425
1009.001 551.433
1009.301 554.441
1009.601 728.449
1009.901 791.457
1010.201 759.464
1010.501 701.472
1010.801 801.480
1011.102 672.488
1011.402 657.495
1011.702 609.503
1012.002 540.511
1012.302 722.519
1012.602 725.526
1012.902 667.534
1013.203 680.542
1013.503 764.550
1013.803 728.557
1014.103 565.565
1014.403 676.573
1014.703 564.580
1015.003 490.588
1015.304 712.596
1015.604 821.603
1015.904 603.611
1016.204 582.619
1016.504 646.626
1016.804 645.634
1017.104 600.641
1017.405 611.649
1017.705 604.657
1018.005 593.664
1018.305 636.672
1018.605 657.679
1018.905 513.687
1019.205 515.695
1019.506 826.702
1019.806 819.710
1020.106 729.717
1020.406 753.725
1020.706 674.732
1021.006 681.740
1021.306 877.747
1021.607 722.755
1021.907 806.762
1022.207 812.770
1022.507 634.777
1022.807 587.785
1023.107 619.792
1023.407 586.800
1023.708 637.807
1024.008 577.815
1024.308 632.822
1024.608 622.830
1024.908 554.837
1025.208 699.844
1025.508 873.852
1025.809 819.859
1026.109 658.867
1026.409 781.874
1026.709 776.881
1027.009 694.889
1027.309 716.896
1027.609 562.904
1027.910 597.911
1028.210 755.918
1028.510 788.926
1028.810 961.933
1029.110 848.940
1029.410 718.948
1029.710 822.955
1030.011 797.962
1030.311 826.970
1030.611 663.977
1030.911 613.984
1031.211 676.992
1031.511 608.999
1031.811 754.006
1032.112 837.013
1032.412 717.021
1032.712 536.028
1033.012 600.035
1033.312 765.042
1033.612 772.050
1033.912 718.057
1034.212 638.064
1034.513 610.071
1034.813 599.079
1035.113 741.086
1035.413 622.093
1035.713 646.100
1036.013 672.107
1036.313 649.115
1036.614 734.122
1036.914 657.129
1037.214 492.136
1037.514 659.143
1037.814 672.150
1038.114 649.158
1038.414 641.165
1038.715 709.172
1039.015 583.179
1039.315 501.186
1039.615 651.193
1039.915 615.200
1040.215 524.207
1040.515 566.215
1040.816 732.222
1041.116 741.229
1041.416 599.236
1041.716 506.243
1042.016 505.250
1042.316 686.257
1042.616 648.264
1042.917 606.271
1043.217 585.278
1043.517 596.285
1043.817 704.292
1044.117 682.299
1044.417 627.306
1044.717 626.313
1045.018 684.320
1045.318 695.327
1045.618 698.334
1045.918 654.341
1046.218 536.348
1046.518 563.355
1046.818 656.362
1047.119 554.369
1047.419 810.376
1047.719 768.383
1048.019 644.390
1048.319 693.397
1048.619 633.404
1048.919 677.411
1049.220 619.418
1049.520 745.425
1049.820 638.431
1050.120 534.438
1050.420 771.445
1050.720 725.452
1051.020 714.459
1051.321 701.466
1051.621 767.473
1051.921 644.480
1052.221 578.486
1052.521 546.493
1052.821 534.500
1053.121 698.507
1053.422 750.514
1053.722 785.521
1054.022 670.527
1054.322 727.534
1054.622 615.541
1054.922 515.548
1055.222 665.555
1055.523 677.561
1055.823 689.568
1056.123 732.575
1056.423 665.582
1056.723 720.588
1057.023 593.595
1057.323 458.602
1057.624 621.609
1057.924 754.615
1058.224 726.622
1058.524 614.629
1058.824 726.636
1059.124 710.642
1059.424 600.649
1059.725 664.656
1060.025 606.662
1060.325 669.669
1060.625 651.676
1060.925 618.683
1061.225 664.689
1061.525 745.696
1061.826 662.703
1062.126 710.709
1062.426 759.716
1062.726 724.722
1063.026 673.729
1063.326 833.736
1063.626 828.742
1063.927 715.749
1064.227 665.756
1064.527 618.762
1064.827 721.769
1065.127 675.775
1065.427 511.782
1065.727 526.789
1066.028 696.795
1066.328 730.802
1066.628 610.808
1066.928 597.815
1067.228 623.821
1067.528 576.828
1067.828 613.835
1068.129 572.841
1068.429 679.848
1068.729 731.854
1069.029 620.861
1069.329 528.867
1069.629 656.874
1069.929 777.880
1070.230 845.887
1070.530 820.893
1070.830 675.900
1071.130 741.906
1071.430 735.913
1071.730 689.919
1072.030 730.926
1072.331 636.932
1072.631 598.939
1072.931 634.945
1073.231 654.951
1073.531 670.958
1073.831 619.964
1074.131 698.971
1074.432 784.977
1074.732 667.984
1075.032 593.990
1075.332 581.996
1075.632 587.003
1075.932 570.009
1076.232 578.016
1076.533 561.022
1076.833 690.028
1077.133 635.035
1077.433 571.041
1077.733 618.047
1078.033 758.054
1078.333 720.060
1078.634 701.066
1078.934 750.073
1079.234 612.079
1079.534 795.085
1079.834 805.092
1080.134 670.098
1080.434 724.104
1080.735 709.111
1081.035 708.117
1081.335 548.123
1081.635 567.130
1081.935 617.136
1082.235 590.142
1082.535 648.148
1082.836 674.155
1083.136 673.161
1083.436 780.167
1083.736 788.173
1084.036 669.180
1084.336 588.186
1084.636 621.192
1084.937 772.198
1085.237 793.205
1085.537 681.211
1085.837 708.217
1086.137 667.223
1086.437 709.230
1086.737 630.236
1087.038 622.242
1087.338 778.248
1087.638 773.254
1087.938 586.260
1088.238 442.267
1088.538 610.273
1088.838 784.279
1089.139 840.285
1089.439 628.291
1089.739 726.297
1090.039 730.304
1090.339 765.310
1090.639 694.316
1090.939 733.322
1091.240 607.328
1091.540 638.334
1091.840 659.340
1092.140 754.346
1092.453 758.352
1092.766 611.359
1093.079 558.365
1093.392 620.371
1093.705 591.377
1094.018 632.383
1094.330 804.389
1094.643 729.395
1094.956 762.401
1095.269 722.407
1095.582 747.413
1095.895 668.419
1096.208 651.425
1096.521 701.431
1096.834 711.437
1097.147 654.443
1097.460 720.449
1097.773 822.455
1098.085 678.461
1098.398 550.467
1098.711 555.473
1099.024 492.479
1099.337 613.485
1099.650 777.491
1099.963 778.497
1100.276 607.503
1100.589 646.509
1100.902 739.515
1101.215 688.521
1101.528 771.527
1101.841 648.533
1102.153 689.539
1102.466 825.545
1102.779 605.551
1103.092 546.557
1103.405 694.563
1103.718 657.569
1104.031 582.575
1104.344 662.580
1104.657 624.586
1104.970 955.592
1105.283 808.598
1105.596 646.604
1105.909 640.610
1106.221 755.616
1106.534 758.622
1106.847 564.628
1107.160 467.633
1107.473 524.639
1107.786 671.645
1108.099 573.651
1108.412 591.657
1108.725 680.663
1109.038 500.668
1109.351 593.674
1109.664 657.680
1109.977 498.686
1110.289 547.692
1110.602 591.698
1110.915 624.703
1111.228 614.709
1111.541 510.715
1111.854 555.721
1112.167 515.726
1112.480 494.732
1112.793 574.738
1113.106 600.744
1113.419 631.750
1113.732 631.755
1114.044 577.761
1114.357 648.767
1114.670 695.773
1114.983 641.778
1115.296 617.784
1115.609 686.790
1115.922 633.795
1116.235 675.801
1116.548 648.807
1116.861 573.813
1117.174 573.818
1117.487 620.824
1117.800 850.830
1118.112 677.835
1118.425 572.841
1118.738 553.847
1119.051 596.852
1119.364 588.858
1119.677 651.864
1119.990 649.869
1120.303 716.875
1120.616 800.881
1120.929 682.886
1121.242 706.892
1121.555 724.898
1121.868 716.903
1122.180 644.909
1122.493 480.915
1122.806 525.920
1123.119 676.926
1123.432 697.931
1123.745 676.937
1124.058 583.943
1124.371 533.948
1124.684 668.954
1124.997 683.959
1125.310 665.965
1125.623 542.971
1125.935 483.976
1126.248 630.982
1126.561 713.987
1126.874 644.993
1127.187 714.998
1127.500 716.004
1127.813 689.009
1128.126 692.015
1128.439 699.021
1128.752 827.026
1129.065 616.032
1129.378 432.037
1129.691 591.043
1130.003 624.048
1130.316 570.054
1130.629 518.059
1130.942 597.065
1131.255 594.070
1131.568 495.076
1131.881 607.081
1132.194 701.087
1132.507 656.092
1132.820 612.098
1133.133 741.103
1133.446 616.109
1133.759 748.114
1134.071 1224.119
1134.384 919.125
1134.697 814.130
1135.010 849.136
1135.323 692.141
1135.636 558.147
1135.949 489.152
1136.262 526.158
1136.575 585.163
1136.888 666.168
1137.201 651.174
1137.514 575.179
1137.826 667.185
1138.139 616.190
1138.452 692.195
1138.765 903.201
1139.078 860.206
1139.391 776.212
1139.704 728.217
1140.017 770.222
1140.330 616.228
1140.643 605.233
1140.956 644.238
1141.269 660.244
1141.582 675.249
1141.894 587.254
1142.207 770.260
1142.520 691.265
1142.833 773.270
1143.146 674.276
1143.459 584.281
1143.772 599.286
1144.085 696.292
1144.398 675.297
1144.711 559.302
1145.024 539.308
1145.337 625.313
1145.650 661.318
1145.962 583.323
1146.275 632.329
1146.588 508.334
1146.901 713.339
1147.214 699.345
1147.527 573.350
1147.840 673.355
1148.153 669.360
1148.466 666.366
1148.779 591.371
1149.092 660.376
1149.405 574.381
1149.718 644.387
1150.030 730.392
1150.343 666.397
1150.656 548.402
1150.969 552.407
1151.282 789.413
1151.595 752.418
1151.908 641.423
1152.221 483.428
1152.534 529.434
1152.847 826.439
1153.160 720.444
1153.473 668.449
1153.785 731.454
1154.098 727.459
1154.411 762.465
1154.724 692.470
1155.037 818.475
1155.350 729.480
1155.663 670.485
1155.976 620.490
1156.289 710.496
1156.602 599.501
1156.915 491.506
1157.228 443.511
1157.541 548.516
1157.853 562.521
1158.166 631.526
1158.479 722.532
1158.792 677.537
1159.105 663.542
1159.418 702.547
1159.731 582.552
1160.044 616.557
1160.357 797.562
1160.670 753.567
1160.983 543.572
1161.296 661.577
1161.609 782.582
1161.921 708.588
1162.234 634.593
1162.547 515.598
1162.860 505.603
1163.173 513.608
1163.486 616.613
1163.799 621.618
1164.112 545.623
1164.425 576.628
1164.738 607.633
1165.051 596.638
1165.364 618.643
1165.676 625.648
1165.989 703.653
1166.302 649.658
1166.615 731.663
1166.928 659.668
1167.241 735.673
1167.554 764.678
1167.867 802.683
1168.180 688.688
1168.493 508.693
1168.806 548.698
1169.119 584.703
1169.432 737.708
1169.744 723.713
1170.057 659.718
1170.370 760.723
1170.683 697.728
1170.996 620.733
1171.309 660.738
1171.622 598.743
1171.935 589.748
1172.248 783.753
1172.561 768.758
1172.874 691.763
1173.187 705.768
1173.500 747.772
1173.812 763.777
1174.125 733.782
1174.438 711.787
1174.751 600.792
1175.064 597.797
1175.377 706.802
1175.690 646.807
1176.003 560.812
1176.316 635.817
1176.629 687.821
1176.942 616.826
1177.255 532.831
1177.567 494.836
1177.880 542.841
1178.193 683.846
1178.506 638.851
1178.819 717.856
1179.132 767.860
1179.445 541.865
1179.758 690.870
1180.071 760.875
1180.384 594.880
1180.697 613.885
1181.010 689.890
1181.323 798.894
1181.635 793.899
1181.948 705.904
1182.261 624.909
1182.574 567.914
1182.887 639.918
1183.200 863.923
1183.513 744.928
1183.826 663.933
1184.139 672.938
1184.452 684.942
1184.765 628.947
1185.078 550.952
1185.391 584.957
1185.703 556.962
1186.016 490.966
1186.329 505.971
1186.642 602.976
1186.955 762.981
1187.268 625.985
1187.581 614.990
1187.894 658.995
1188.207 738.000
1188.520 641.004
1188.833 620.009
1189.146 560.014
1189.459 498.019
1189.771 586.023
1190.084 786.028
1190.397 659.033
1190.710 716.037
1191.023 705.042
1191.336 630.047
1191.649 627.052
1191.962 669.056
1192.275 551.061
1192.588 658.066
1192.901 838.070
1193.214 695.075
1193.526 664.080
1193.839 716.084
1194.152 595.089
1194.465 694.094
1194.778 632.098
1195.091 662.103
1195.404 581.108
1195.717 632.112
1196.030 744.117
1196.343 626.122
1196.656 510.126
1196.969 541.131
1197.282 664.136
1197.594 684.140
1197.907 810.145
1198.220 778.150
1198.533 658.154
1198.846 606.159
1199.159 561.163
1199.472 568.168
1199.785 711.173
1200.098 556.177
1200.411 720.182
1200.724 676.186
1201.037 599.191
1201.350 496.196
1201.662 466.200
1201.975 578.205
1202.288 623.209
1202.601 247.214
