165.028 96.504
165.288 45.136
165.547 89.771
165.807 138.409
166.067 34.051
166.327 -67.305
166.587 -46.657
166.847 59.994
167.107 136.648
167.367 140.305
167.627 177.964
167.886 149.627
168.146 130.293
168.406 240.962
168.666 197.633
168.926 176.307
169.186 165.985
169.446 117.665
169.706 41.347
169.966 155.033
170.225 176.721
170.485 198.412
170.745 258.105
171.005 380.801
171.265 186.500
171.525 92.201
171.785 41.905
172.045 51.611
172.305 193.320
172.564 128.031
172.824 -7.256
173.084 155.460
173.344 114.179
173.604 117.899
173.864 234.622
174.124 179.347
174.384 103.075
174.644 206.805
174.903 314.536
175.163 294.270
175.423 329.007
175.683 104.745
175.943 179.485
176.203 190.228
176.463 110.972
176.723 73.718
176.983 135.467
177.242 184.217
177.502 308.969
177.762 287.723
178.022 127.479
178.282 149.237
178.542 126.997
178.802 108.758
179.062 87.521
179.322 280.286
179.581 330.053
179.841 191.821
180.101 268.591
180.361 287.362
180.621 212.135
180.881 175.910
181.141 120.686
181.401 110.463
181.661 209.243
181.920 311.023
182.180 192.805
182.440 79.588
182.700 98.373
182.960 107.159
183.220 108.947
183.480 370.736
183.740 253.526
184.000 110.317
184.259 44.109
184.519 152.903
184.779 178.698
185.039 261.494
185.299 351.291
185.559 265.089
185.819 283.889
186.079 301.689
186.339 228.490
186.598 178.293
186.858 80.096
187.118 108.900
187.378 262.706
187.638 224.512
187.898 291.319
188.158 364.127
188.418 188.936
188.678 93.745
188.937 192.555
189.197 272.367
189.457 325.178
189.717 239.991
189.977 67.804
190.237 93.618
190.497 263.433
190.757 235.248
191.017 210.064
191.276 91.880
191.536 115.697
191.796 107.515
192.056 145.333
192.316 235.152
192.576 137.971
192.836 110.790
193.096 162.610
193.356 145.430
193.616 145.251
193.875 116.072
194.135 163.894
194.395 270.716
194.655 284.538
194.915 297.360
195.175 212.183
195.435 280.006
195.695 73.829
195.955 -24.348
196.214 170.476
196.474 266.300
196.734 242.124
196.994 270.948
197.254 271.772
197.514 213.596
197.774 239.420
198.034 140.245
198.294 140.069
198.553 216.894
198.813 179.718
199.073 102.543
199.333 163.367
199.593 271.192
199.853 287.016
200.113 384.840
200.373 375.665
200.633 155.489
200.892 109.313
201.152 114.136
201.412 160.960
201.672 321.783
201.932 436.607
202.192 373.430
202.452 229.252
202.712 203.075
202.972 238.897
203.231 291.719
203.491 313.541
203.751 275.362
204.011 323.183
204.271 386.004
204.531 225.824
204.791 184.644
205.051 205.464
205.311 257.283
205.570 166.102
205.830 163.920
206.090 153.738
206.350 265.556
206.610 495.373
206.870 285.189
207.130 212.005
207.390 272.821
207.650 252.636
207.909 228.450
208.169 317.264
208.429 300.077
208.689 129.890
208.949 293.702
209.209 359.514
209.469 161.325
209.729 136.135
209.989 218.945
210.248 107.754
210.508 350.562
210.768 313.370
211.028 214.177
211.288 361.983
211.548 282.788
211.808 315.593
212.068 439.397
212.328 464.201
212.587 436.003
212.847 333.805
213.107 345.606
213.367 295.406
213.627 285.206
213.887 282.004
214.147 163.802
214.407 270.599
214.667 256.395
214.926 313.191
215.186 277.985
215.446 335.778
215.706 222.571
215.966 182.363
216.226 225.154
216.486 261.944
216.746 311.733
217.006 292.521
217.265 243.308
217.525 211.094
217.785 246.879
218.045 270.664
218.305 210.447
218.565 182.229
218.825 253.011
219.085 424.791
219.345 255.570
219.604 158.349
219.864 259.126
220.124 268.902
220.384 268.677
220.644 273.451
220.904 181.225
221.164 222.997
221.424 224.768
221.684 150.538
221.943 216.306
222.203 332.074
222.463 260.841
222.723 163.606
222.983 278.371
223.243 191.134
223.503 247.896
223.763 196.657
224.023 188.417
224.282 375.176
224.542 370.933
224.802 388.690
225.062 412.445
225.322 459.199
225.582 329.952
225.842 267.704
226.102 306.455
226.362 314.204
226.621 334.952
226.881 275.699
227.141 284.445
227.401 333.190
227.661 277.933
227.921 409.675
228.181 315.416
228.441 278.156
228.701 418.894
228.960 403.632
229.220 245.368
229.480 202.102
229.740 385.836
230.000 503.568
230.260 307.299
230.520 223.029
230.780 239.757
231.040 269.484
231.299 222.210
231.559 245.935
231.819 269.658
232.079 368.380
232.339 372.101
232.599 167.820
232.859 345.538
233.119 434.255
233.379 239.971
233.638 268.685
233.898 433.398
234.158 417.109
234.418 272.820
234.678 368.529
234.938 436.236
235.198 258.942
235.458 255.647
235.718 340.351
235.978 337.053
236.237 344.754
236.497 375.454
236.757 387.152
237.017 339.849
237.277 375.545
237.537 342.239
237.797 213.932
238.057 361.623
238.317 341.313
238.576 199.002
238.836 258.689
239.096 334.375
239.356 288.060
239.616 286.743
239.876 330.425
240.136 335.106
240.396 433.785
240.656 470.463
240.915 402.139
241.175 298.814
241.435 205.488
241.695 323.161
241.955 496.831
242.215 570.501
242.475 492.169
242.735 317.836
242.995 387.501
243.254 389.165
243.514 281.828
243.774 180.489
244.034 244.149
244.294 516.808
244.554 478.465
244.814 387.120
245.074 312.775
245.334 315.428
245.593 353.079
245.853 313.729
246.113 247.378
246.373 355.025
246.633 408.671
246.893 323.316
247.153 359.959
247.413 439.601
247.673 382.241
247.932 360.880
248.192 420.517
248.452 469.154
248.712 414.788
248.972 286.422
249.232 412.054
249.492 352.684
249.752 205.313
250.012 337.941
250.271 299.568
250.531 392.193
250.791 597.816
251.051 486.438
251.311 364.059
251.571 220.679
251.831 326.297
252.091 402.913
252.351 332.529
252.610 307.142
252.870 359.755
253.130 294.366
253.390 277.976
253.650 408.584
253.911 460.191
254.172 506.796
254.433 440.400
254.694 336.003
254.955 372.604
255.216 273.204
255.477 413.803
255.738 400.400
255.999 279.996
256.261 455.590
256.522 450.183
256.783 404.775
257.044 266.365
257.305 164.954
257.566 176.542
257.827 172.128
258.088 249.713
258.349 239.296
258.610 351.878
258.871 408.459
259.132 444.038
259.393 373.616
259.654 284.193
259.915 143.768
260.176 244.342
260.437 384.914
260.698 358.485
260.959 295.055
261.221 404.623
261.482 494.190
261.743 421.756
262.004 411.320
262.265 584.883
262.526 514.445
262.787 326.005
263.048 325.564
263.309 318.122
263.570 473.678
263.831 408.233
264.092 282.786
264.353 217.339
264.614 509.890
264.875 421.439
265.136 266.987
265.397 482.534
265.658 620.080
265.919 621.624
266.181 533.167
266.442 377.708
266.703 315.249
266.964 295.788
267.225 301.325
267.486 352.861
267.747 448.396
268.008 460.930
268.269 545.462
268.530 528.994
268.791 459.523
269.052 422.052
269.313 426.579
269.574 447.105
269.835 413.629
270.096 397.152
270.357 425.674
270.618 343.195
270.879 310.714
271.141 388.232
271.402 415.749
271.663 347.265
271.924 449.779
272.185 464.292
272.446 428.804
272.707 401.314
272.968 365.823
273.229 341.331
273.490 395.837
273.751 342.343
274.012 394.847
274.273 510.350
274.534 441.851
274.795 447.351
275.056 432.850
275.317 268.348
275.578 201.845
275.839 275.340
276.101 337.834
276.362 356.327
276.623 382.818
276.884 468.308
277.145 443.797
277.406 486.285
277.667 372.772
277.928 272.257
278.189 514.741
278.450 488.224
278.711 423.706
278.972 426.186
279.233 370.666
279.494 467.144
279.755 564.621
280.016 596.096
280.277 456.571
280.538 425.044
280.799 341.516
281.061 429.987
281.322 429.456
281.583 412.925
281.844 308.392
282.105 288.858
282.366 426.323
282.627 377.786
282.888 432.249
283.149 467.710
283.410 419.170
283.671 445.629
283.932 384.087
284.193 254.543
284.454 348.999
284.715 433.453
284.976 409.906
285.237 474.358
285.498 718.809
285.759 607.258
286.021 498.707
286.282 418.154
286.543 454.600
286.804 452.045
287.065 478.489
287.326 490.932
287.587 314.374
287.848 428.814
288.109 574.253
288.370 540.692
288.631 378.129
288.892 309.565
289.153 325.999
289.414 310.433
289.675 543.866
289.936 650.297
290.197 517.728
290.458 433.157
290.719 367.585
290.981 527.012
291.242 589.438
291.503 551.863
291.764 429.287
292.025 229.709
292.286 322.131
292.547 455.551
292.808 378.971
293.069 470.389
293.330 475.806
293.591 507.223
293.852 486.638
294.113 384.052
294.374 405.465
294.635 473.877
294.896 471.287
295.157 492.697
295.418 535.106
295.679 556.513
295.941 487.920
296.202 501.326
296.463 508.730
296.724 513.133
296.985 529.536
297.246 539.937
297.507 411.337
297.768 341.737
298.029 393.135
298.290 580.532
298.551 632.928
298.812 665.323
299.073 468.718
299.334 345.111
299.595 488.503
299.856 484.894
300.117 594.284
300.378 571.673
300.639 337.061
300.901 320.448
301.162 480.834
301.423 497.219
301.684 662.603
301.945 720.986
302.206 507.368
302.467 484.749
302.728 409.129
302.989 436.508
303.250 499.887
303.511 586.264
303.772 565.640
304.033 485.015
304.294 459.389
304.555 426.762
304.816 502.135
305.077 535.506
305.338 361.876
305.599 369.246
305.861 488.614
306.122 596.981
306.383 554.348
306.644 515.713
306.905 342.078
307.166 537.442
307.427 584.804
307.688 558.166
307.949 484.527
308.210 484.887
308.471 506.246
308.732 433.604
308.993 364.961
309.254 404.317
309.515 332.673
309.776 463.027
310.037 452.380
310.298 316.733
310.559 367.084
310.821 529.435
311.082 542.785
311.343 391.134
311.604 370.482
311.865 350.829
312.126 348.175
312.387 411.520
312.648 419.865
312.909 407.208
313.170 429.551
313.434 523.892
313.698 456.233
313.963 499.573
314.227 413.912
314.491 371.250
314.755 446.588
315.019 455.924
315.284 331.260
315.548 437.595
315.812 451.928
316.076 523.261
316.340 539.594
316.604 497.925
316.869 512.255
317.133 518.585
317.397 607.913
317.661 591.241
317.925 464.568
318.190 466.894
318.454 515.220
318.718 464.544
318.982 534.868
319.246 621.191
319.511 729.513
319.775 511.834
320.039 473.154
320.303 447.474
320.567 512.792
320.832 549.110
321.096 485.427
321.360 452.744
321.624 459.059
321.888 385.374
322.153 378.687
322.417 386.000
322.681 302.312
322.945 467.624
323.209 513.934
323.473 431.244
323.738 431.553
324.002 498.861
324.266 629.169
324.530 551.475
324.794 480.781
325.059 396.086
325.323 298.390
325.587 426.694
325.851 442.997
326.115 630.299
326.380 586.600
326.644 560.900
326.908 573.200
327.172 527.499
327.436 566.797
327.701 504.094
327.965 432.390
328.229 507.686
328.493 327.981
328.757 362.276
329.022 520.569
329.286 448.862
329.550 405.154
329.814 498.445
330.078 496.736
330.342 408.025
330.607 460.314
330.871 508.603
331.135 600.890
331.399 613.177
331.663 503.463
331.928 425.749
332.192 530.033
332.456 499.317
332.720 529.601
332.984 465.883
333.249 486.165
333.513 511.446
333.777 371.726
334.041 295.006
334.305 386.285
334.570 469.563
334.834 353.840
335.098 544.117
335.362 631.393
335.626 568.669
335.891 495.943
336.155 501.217
336.419 451.491
336.683 330.763
336.947 409.035
337.211 418.306
337.476 355.577
337.740 429.847
338.004 471.116
338.268 468.384
338.532 545.652
338.797 488.919
339.061 506.186
339.325 564.452
339.589 604.717
339.853 498.981
340.118 467.245
340.382 567.508
340.646 645.771
340.910 499.032
341.174 501.293
341.439 436.554
341.703 513.814
341.967 464.073
342.231 411.331
342.495 427.589
342.759 563.846
343.024 494.103
343.288 582.359
343.552 560.614
343.816 345.869
344.080 431.123
344.345 490.376
344.609 374.629
344.873 310.881
345.137 478.132
345.401 526.383
345.666 355.633
345.930 527.883
346.194 593.132
346.458 454.380
346.722 450.628
346.987 433.875
347.251 482.122
347.515 644.367
347.779 476.613
348.043 408.857
348.308 465.101
348.572 337.345
348.836 301.587
349.100 422.830
349.364 372.071
349.628 353.312
349.893 401.553
350.157 513.792
350.421 481.032
350.685 486.270
350.949 433.508
351.214 402.746
351.478 455.982
351.742 480.219
352.006 500.454
352.270 425.689
352.535 379.924
352.799 348.158
353.063 468.391
353.327 460.624
353.591 390.856
353.856 436.088
354.120 508.319
354.384 562.549
354.648 596.779
354.912 549.008
355.177 439.237
355.441 342.465
355.705 595.693
355.969 639.920
356.233 502.146
356.497 523.372
356.762 566.598
357.026 522.822
357.290 522.047
357.554 546.270
357.818 539.494
358.083 527.716
358.347 511.938
358.611 493.160
358.875 510.381
359.139 527.601
359.404 381.821
359.668 464.040
359.932 600.259
360.196 583.478
360.460 452.695
360.725 477.913
360.989 593.129
361.253 721.345
361.517 664.561
361.781 621.776
362.046 576.991
362.310 648.205
362.574 624.418
362.838 492.631
363.102 489.844
363.366 527.056
363.631 445.267
363.895 478.478
364.159 613.689
364.423 581.899
364.687 608.108
364.952 632.317
365.216 670.525
365.480 564.733
365.747 427.940
366.013 508.147
366.280 470.354
366.546 542.560
366.813 497.765
367.079 516.970
367.346 590.174
367.612 553.378
367.879 574.582
368.145 620.784
368.412 504.987
368.678 468.189
368.945 567.390
369.211 535.591
369.478 573.792
369.744 485.992
370.011 524.191
370.278 532.390
370.544 443.589
370.811 504.787
371.077 572.984
371.344 485.181
371.610 478.378
371.877 519.574
372.143 527.770
372.410 547.965
372.676 621.160
372.943 630.354
373.209 578.548
373.476 468.741
373.742 465.934
374.009 604.127
374.276 628.319
374.542 591.510
374.809 457.701
375.075 385.892
375.342 399.082
375.608 385.272
375.875 421.461
376.141 654.650
376.408 615.838
376.674 532.026
376.941 501.213
377.207 494.400
377.474 892.587
377.740 780.773
378.007 465.959
378.273 563.144
378.540 688.329
378.807 536.513
379.073 474.697
379.340 497.881
379.606 504.064
379.873 446.246
380.139 520.428
380.406 580.610
380.672 564.791
380.939 450.972
381.205 428.153
381.472 376.333
381.738 387.512
382.005 540.692
382.271 505.870
382.538 502.049
382.804 658.227
383.071 556.404
383.338 512.581
383.604 507.758
383.871 617.934
384.137 647.110
384.404 535.286
384.670 479.461
384.937 452.635
385.203 528.809
385.470 517.983
385.736 588.157
386.003 531.330
386.269 550.502
386.536 503.674
386.802 485.846
387.069 623.017
387.336 742.188
387.602 726.359
387.869 411.529
388.135 348.699
388.402 338.868
388.668 444.037
388.935 621.206
389.201 772.374
389.468 675.542
389.734 664.709
390.001 649.876
390.267 547.043
390.534 562.209
390.800 521.375
391.067 583.541
391.333 632.706
391.600 557.870
391.867 523.035
392.133 543.199
392.400 491.362
392.666 387.525
392.933 545.688
393.199 672.851
393.466 523.013
393.732 519.174
393.999 594.336
394.265 563.497
394.532 498.657
394.798 585.818
395.065 540.977
395.331 589.137
395.598 602.296
395.864 604.455
396.131 682.613
396.398 712.771
396.664 809.929
396.931 890.086
397.197 1012.243
397.464 1050.400
397.730 1281.556
397.997 1371.712
398.263 1415.867
398.530 1588.022
398.796 1756.177
399.063 1820.331
399.329 1785.486
399.596 1913.639
399.862 1909.793
400.129 1951.946
400.396 1980.098
400.662 1736.251
400.929 1770.403
401.195 1778.554
401.462 1797.706
401.728 1879.857
401.995 1919.007
402.261 1887.158
402.528 1952.307
402.794 2005.457
403.061 2151.606
403.327 2332.755
403.594 2274.904
403.860 2231.052
404.127 2272.200
404.393 2367.348
404.660 2445.495
404.931 2516.642
405.202 2476.788
405.473 2378.935
405.745 2610.080
406.016 2903.226
406.287 2823.371
406.558 2745.516
406.829 2847.661
407.100 2725.805
407.371 2988.949
407.642 3045.093
407.914 2864.236
408.185 2791.379
408.456 2750.522
408.727 2954.664
408.998 2964.806
409.269 3126.948
409.540 3234.089
409.811 2907.230
410.083 2873.371
410.354 2849.511
410.625 2677.652
410.896 2770.791
411.167 2955.931
411.438 2916.070
411.709 2576.209
411.981 2782.348
412.252 2522.486
412.523 2172.624
412.794 2251.762
413.065 2219.899
413.336 1944.036
413.607 1982.173
413.878 1935.309
414.150 1782.445
414.421 1591.581
414.692 1472.717
414.963 1439.852
415.234 1554.987
415.505 1489.121
415.776 1368.256
416.047 1275.390
416.319 1262.524
416.590 1084.657
416.861 816.790
417.132 988.923
417.403 951.056
417.674 846.188
417.945 713.320
418.217 685.452
418.488 817.583
418.759 691.714
419.030 584.845
419.301 608.976
419.572 623.106
419.843 616.236
420.114 556.366
420.386 582.495
420.657 654.624
420.928 580.753
421.199 597.881
421.470 585.010
421.741 452.138
422.012 507.265
422.283 548.393
422.555 538.520
422.826 572.647
423.097 651.774
423.368 652.900
423.639 528.026
423.910 542.152
424.181 493.277
424.453 434.403
424.724 731.527
424.995 796.652
425.266 603.777
425.537 564.901
425.808 654.025
426.079 707.148
426.350 632.272
426.622 597.395
426.893 689.518
427.164 580.640
427.435 571.762
427.706 570.884
427.977 561.006
428.248 559.128
428.519 662.249
428.791 537.370
429.062 629.491
429.333 503.611
429.604 416.731
429.875 607.851
430.146 695.971
430.417 649.090
430.689 656.209
430.960 530.328
431.231 525.447
431.502 749.565
431.773 754.684
432.044 602.801
432.315 802.919
432.586 745.037
432.858 705.154
433.129 478.271
433.400 485.387
433.671 585.504
433.942 568.620
434.213 450.736
434.484 471.851
434.755 584.967
435.027 486.082
435.298 616.197
435.569 625.311
435.840 484.426
436.116 501.540
436.391 586.654
436.667 587.768
436.942 668.881
437.218 726.994
437.493 766.107
437.769 755.220
438.045 627.333
438.320 579.445
438.596 626.557
438.871 570.669
439.147 491.780
439.422 452.892
439.698 443.003
439.974 522.113
440.249 646.224
440.525 634.334
440.800 459.445
441.076 532.555
441.351 631.664
441.627 731.774
441.903 703.883
442.178 562.992
442.454 582.101
442.729 712.209
443.005 577.318
443.281 728.426
443.556 902.534
443.832 719.641
444.107 530.749
444.383 533.856
444.658 568.963
444.934 489.069
445.210 657.176
445.485 761.282
445.761 728.388
446.036 661.494
446.312 697.600
446.587 707.705
446.863 458.810
447.139 552.915
447.414 614.020
447.690 618.125
447.965 641.229
448.241 590.333
448.516 588.437
448.792 550.541
449.068 597.644
449.343 614.748
449.619 489.851
449.894 585.953
450.170 559.056
450.445 723.158
450.721 738.261
450.997 490.363
451.272 685.464
451.548 567.566
451.823 479.667
452.099 608.768
452.375 504.869
452.650 464.970
452.926 578.071
453.201 616.171
453.477 814.271
453.752 728.371
454.028 591.471
454.304 629.570
454.579 740.669
454.855 693.768
455.130 701.867
455.406 837.966
455.681 752.064
455.957 630.163
456.233 612.261
456.508 591.359
456.784 606.456
457.059 546.554
457.335 763.651
457.610 694.748
457.886 610.845
458.162 577.942
458.437 592.038
458.713 666.135
458.988 643.231
459.264 714.327
459.539 685.422
459.815 569.518
460.091 541.613
460.366 491.708
460.642 469.803
460.917 550.898
461.193 618.993
461.468 544.087
461.744 510.181
462.020 431.275
462.295 464.369
462.571 527.462
462.846 581.556
463.122 676.649
463.397 700.742
463.673 610.225
463.949 595.332
464.224 612.408
464.500 622.490
464.775 532.205
465.051 553.190
465.327 620.767
465.602 737.006
465.878 772.798
466.153 619.423
466.429 813.939
466.704 999.844
466.980 894.935
467.256 920.025
467.531 1032.148
467.807 1018.242
468.082 981.258
468.358 987.373
468.633 1071.762
468.909 978.478
469.185 919.250
469.460 982.638
469.736 1035.077
470.011 934.461
470.287 944.677
470.562 1011.186
470.838 845.797
471.114 949.771
471.389 960.970
471.665 945.853
471.940 975.239
472.216 929.781
472.491 756.545
472.767 788.841
473.043 896.434
473.318 918.834
473.594 744.977
473.869 732.597
474.145 728.616
474.421 694.115
474.696 687.081
474.972 630.842
475.247 655.017
475.523 728.775
475.798 702.082
476.074 657.665
476.350 686.265
476.625 690.109
476.901 738.105
477.176 682.449
477.452 563.834
477.727 587.318
478.003 443.513
478.279 620.427
478.554 764.821
478.830 723.975
479.105 695.178
479.381 674.273
479.656 598.292
479.932 651.468
480.208 748.058
480.483 735.251
480.759 720.167
481.034 651.846
481.310 602.434
481.585 665.817
481.861 690.093
482.137 615.965
482.412 711.001
482.688 741.783
482.963 761.180
483.239 799.577
483.514 575.208
483.790 661.138
484.066 880.338
484.341 702.893
484.617 600.577
484.892 721.849
485.168 719.938
485.443 584.113
485.719 589.162
485.995 667.436
486.270 657.934
486.546 594.395
486.821 557.876
487.097 501.571
487.373 611.607
487.648 763.039
487.924 724.018
488.199 547.548
488.475 398.312
488.750 432.901
489.026 608.083
489.302 618.954
489.577 563.521
489.853 545.415
490.128 754.109
490.404 701.587
490.679 512.817
490.955 738.197
491.231 819.405
491.506 741.025
491.782 634.088
492.057 591.467
492.333 733.420
492.608 683.592
492.884 670.946
493.160 529.141
493.435 509.664
493.711 665.620
493.986 603.337
494.262 562.825
494.537 570.741
494.813 613.573
495.089 495.388
495.364 550.471
495.640 614.394
495.915 608.573
496.191 758.465
496.467 688.349
496.742 601.722
497.018 654.315
497.293 606.016
497.569 741.075
497.844 641.624
498.120 666.449
498.396 685.700
498.671 625.877
498.947 663.685
499.222 672.369
499.498 681.070
499.773 767.709
500.049 752.362
500.325 652.386
500.600 738.762
500.876 711.545
501.151 795.291
501.427 827.285
501.702 931.706
501.978 931.777
502.254 946.817
502.529 872.495
502.805 1051.692
503.080 1115.323
503.356 946.994
503.631 928.829
503.907 963.169
504.183 913.645
504.458 1029.100
504.734 994.763
505.009 1057.522
505.285 1010.080
505.560 1043.507
505.836 1027.426
506.112 947.537
506.387 869.671
506.663 859.761
506.938 825.452
507.214 808.332
507.490 885.363
507.765 839.129
508.041 879.561
508.316 945.220
508.592 796.356
508.867 819.767
509.143 894.388
509.419 760.788
509.694 711.185
509.970 665.114
510.245 629.815
510.521 744.252
510.796 682.637
511.072 609.776
511.348 666.453
511.623 679.481
511.899 629.806
512.174 683.864
512.450 749.720
512.725 698.198
513.001 575.668
513.277 486.055
513.552 686.740
513.828 652.906
514.103 627.696
514.379 729.958
514.654 604.569
514.930 640.773
515.206 966.018
515.481 852.244
515.757 602.842
516.032 529.908
516.308 698.858
516.583 775.312
516.859 699.863
517.135 691.162
517.410 705.429
517.686 731.731
517.961 677.371
518.237 660.600
518.513 600.331
518.788 793.235
519.064 849.680
519.339 768.436
519.615 705.979
519.890 692.823
520.166 739.422
520.442 871.591
520.717 891.863
520.993 903.380
521.268 789.962
521.544 817.933
521.819 756.863
522.095 823.375
522.371 988.513
522.646 952.139
522.922 1083.469
523.197 1023.184
523.473 1089.249
523.748 1049.116
524.024 926.687
524.300 908.564
524.575 869.388
524.851 933.561
525.126 960.451
525.402 991.093
525.677 1018.902
525.953 949.153
526.229 937.738
526.504 834.387
526.780 1055.444
527.055 1038.330
527.331 1005.851
527.606 1069.132
527.882 1092.090
528.158 996.450
528.433 1173.084
528.709 1022.469
528.984 945.750
529.260 986.088
529.535 1033.228
529.811 885.350
530.087 769.690
530.362 804.207
530.638 966.146
530.913 1035.568
531.189 1021.180
531.465 895.754
531.740 872.521
532.016 886.961
532.291 811.582
532.567 896.544
532.842 972.181
533.118 893.646
533.394 1011.074
533.669 846.755
533.945 685.332
534.220 720.408
534.496 855.537
534.771 790.150
535.047 817.318
535.323 776.179
535.598 811.575
535.874 864.181
536.149 793.722
536.425 712.362
536.700 668.386
536.976 735.438
537.252 891.269
537.527 808.703
537.803 846.086
538.078 1053.463
538.354 1194.127
538.629 1084.137
538.905 1161.948
539.181 1268.831
539.456 1247.189
539.732 1501.190
540.007 1581.205
540.283 1419.778
540.558 1412.508
540.834 1526.138
541.110 1589.090
541.385 1669.342
541.661 1847.614
541.936 1895.089
542.212 1765.312
542.488 1820.866
542.763 1944.805
543.039 1979.526
543.314 1989.501
543.590 1921.024
543.865 1885.327
544.141 1837.715
544.417 1822.872
544.692 1762.350
544.968 1838.867
545.243 1754.267
545.519 1592.698
545.794 1608.250
546.070 1647.071
546.348 1580.106
546.627 1397.673
546.905 1508.569
547.183 1516.549
547.461 1593.066
547.740 1739.097
548.018 1665.331
548.296 1560.452
548.575 1448.290
548.853 1365.919
549.131 1415.623
549.409 1454.945
549.688 1620.671
549.966 1627.667
550.244 1748.750
550.523 1699.497
550.801 1682.024
551.079 1784.269
551.357 1881.253
551.636 1901.184
551.914 1898.471
552.192 1832.447
552.471 1981.394
552.749 2070.151
553.027 2095.723
553.306 2106.495
553.584 2245.188
553.862 2221.421
554.140 2212.630
554.419 2206.178
554.697 2327.677
554.975 2448.737
555.254 2482.560
555.532 2321.005
555.810 2454.400
556.088 2597.672
556.367 2414.664
556.645 2298.550
556.923 2372.528
557.202 2360.553
557.480 2418.503
557.758 2318.243
558.036 2301.802
558.315 2248.990
558.593 2361.332
558.871 2383.645
559.150 2333.676
559.428 2221.432
559.706 2041.983
559.984 2024.615
560.263 2055.497
560.541 1903.368
560.819 1812.763
561.098 1758.362
561.376 1723.793
561.654 1468.070
561.932 1208.702
562.211 1269.827
562.489 1255.464
562.767 1124.747
563.046 962.569
563.324 887.794
563.602 920.393
563.880 860.055
564.159 870.657
564.437 979.168
564.715 809.328
564.994 633.750
565.272 744.160
565.550 715.688
565.828 621.410
566.107 720.572
566.385 688.380
566.663 612.908
566.942 650.046
567.220 674.106
567.498 746.914
567.776 614.267
568.055 551.812
568.333 664.356
568.611 733.119
568.890 670.543
569.168 582.114
569.446 644.556
569.725 616.582
570.003 465.902
570.281 439.317
570.559 586.364
570.838 590.848
571.116 669.953
571.394 721.354
571.673 764.775
571.951 695.659
572.229 628.712
572.507 601.185
572.786 628.078
573.064 659.893
573.342 651.173
573.621 563.707
573.899 585.214
574.177 748.916
574.455 750.669
574.734 598.806
575.012 659.515
575.290 586.747
575.569 628.542
575.847 729.301
576.125 676.351
576.403 537.570
576.682 635.487
576.960 716.586
577.243 742.499
577.527 592.535
577.810 451.692
578.093 480.780
578.377 532.169
578.660 571.738
578.944 593.520
579.227 567.016
579.510 646.907
579.794 609.894
580.077 491.394
580.360 554.424
580.644 610.629
580.927 548.654
581.210 564.602
581.494 565.769
581.777 637.886
582.061 601.711
582.344 528.575
582.627 530.612
582.911 559.568
583.194 503.283
583.477 634.064
583.761 650.074
584.044 725.965
584.327 713.745
584.611 624.877
584.894 616.927
585.178 585.001
585.461 540.088
585.744 698.971
586.028 576.712
586.311 590.754
586.594 700.796
586.878 597.838
587.161 590.879
587.444 608.921
587.728 604.962
588.011 695.004
588.295 539.045
588.578 552.534
588.861 720.408
589.145 650.169
589.428 625.836
589.711 519.252
589.995 495.797
590.278 686.647
590.562 596.374
590.845 533.881
591.128 762.930
591.412 631.234
591.695 608.928
591.978 761.056
592.262 688.930
592.545 486.200
592.828 642.415
593.112 573.021
593.395 573.061
593.679 528.705
593.962 624.363
594.245 596.916
594.529 496.458
594.812 423.440
595.095 429.871
595.379 674.340
595.662 680.020
595.945 581.072
596.229 509.106
596.512 527.939
596.796 605.806
597.079 658.710
597.362 794.393
597.646 769.907
597.929 621.578
598.212 634.837
598.496 678.354
598.779 760.645
599.062 778.452
599.346 598.826
599.629 540.089
599.913 572.107
600.196 626.332
600.479 645.439
600.763 680.596
601.046 581.950
601.329 606.183
601.613 726.569
601.896 624.345
602.179 638.504
602.463 624.789
602.746 639.561
603.030 758.459
603.313 730.275
603.596 559.556
603.880 633.555
604.163 629.670
604.446 607.543
604.730 541.958
605.013 624.635
605.296 715.392
605.580 633.156
605.863 684.124
606.147 564.670
606.430 541.200
606.713 670.844
606.997 636.278
607.280 793.226
607.563 650.406
607.847 587.245
608.130 623.691
608.414 701.395
608.697 643.701
608.980 593.438
609.264 656.801
609.547 566.086
609.830 624.888
610.114 621.006
610.397 603.412
610.680 641.018
610.964 663.879
611.247 686.464
611.531 586.094
611.814 431.076
612.097 469.384
612.381 643.469
612.664 785.451
612.947 643.190
613.231 599.065
613.514 575.131
613.797 634.105
614.081 709.779
614.364 665.610
614.648 613.582
614.931 590.042
615.214 557.660
615.498 579.876
615.781 578.513
616.064 531.304
616.348 694.725
616.631 705.297
616.914 741.055
617.198 676.795
617.481 589.145
617.765 606.526
618.048 688.107
618.331 655.565
618.615 594.983
618.898 726.440
619.181 749.202
619.465 712.391
619.748 610.546
620.031 516.136
620.315 514.700
620.598 631.316
620.882 718.373
621.165 844.370
621.448 765.875
621.732 688.065
622.015 587.601
622.298 622.706
622.582 623.361
622.865 594.048
623.148 584.092
623.432 663.374
623.715 581.326
623.999 773.098
624.282 809.049
624.565 787.572
624.849 621.611
625.132 509.995
625.415 761.037
625.699 907.147
625.982 733.619
626.265 613.802
626.549 620.286
626.832 714.259
627.116 729.445
627.399 587.054
627.682 592.961
627.966 538.017
628.249 595.859
628.532 571.173
628.816 712.488
629.099 636.657
629.383 618.035
629.666 596.853
629.949 551.278
630.233 525.364
630.516 589.245
630.799 677.133
631.083 584.432
631.366 508.511
631.649 478.118
631.933 453.195
632.216 619.264
632.500 713.513
632.783 681.369
633.066 667.483
633.350 695.532
633.633 752.807
633.916 715.327
634.200 602.083
634.483 595.790
634.766 645.689
635.050 600.066
635.333 470.125
635.617 482.557
635.900 606.791
636.183 655.815
636.467 626.870
636.750 623.831
637.033 630.465
637.317 618.367
637.600 577.402
637.883 532.758
638.167 544.483
638.450 588.437
638.734 596.894
639.017 642.803
639.300 597.889
639.584 539.361
639.867 719.933
640.150 683.479
640.434 690.057
640.717 687.572
641.000 663.302
641.284 724.079
641.567 600.370
641.851 635.692
642.134 766.939
642.417 698.961
642.701 765.125
642.984 828.925
643.267 749.982
643.551 647.951
643.834 571.736
644.117 632.091
644.401 614.905
644.684 683.350
644.968 804.849
645.251 719.695
645.534 563.063
645.818 546.206
646.101 682.898
646.384 755.227
646.668 738.354
646.951 609.744
647.235 636.661
647.518 624.471
647.801 692.169
648.085 789.200
648.368 807.827
648.651 739.246
648.935 777.389
649.218 880.054
649.501 790.431
649.785 783.123
650.068 954.440
650.352 1012.971
650.635 991.272
650.918 988.454
651.202 1105.147
651.485 1242.977
651.768 1248.940
652.052 1158.164
652.335 1140.347
652.618 1193.091
652.902 1333.015
653.185 1614.453
653.469 1502.954
653.752 1466.689
654.035 1599.145
654.319 1797.809
654.602 1834.157
654.885 1816.249
655.169 1915.752
655.452 1856.559
655.735 1871.831
656.019 1954.729
656.302 1832.190
656.586 1878.743
656.869 2092.408
657.152 2101.640
657.436 1960.267
657.719 2043.757
658.002 2083.272
658.286 2021.769
658.569 1848.612
658.852 1791.903
659.136 1895.063
659.419 1797.629
659.703 1648.420
659.986 1748.956
660.269 1804.425
660.553 1664.409
660.836 1687.811
661.119 1839.263
661.403 1768.699
661.686 1678.424
661.969 1590.965
662.253 1524.336
662.536 1547.738
662.820 1666.331
663.103 1658.246
663.386 1592.351
663.670 1582.237
663.953 1503.151
664.236 1628.309
664.520 1530.060
664.803 1532.114
665.086 1542.737
665.370 1591.947
665.653 1651.752
665.937 1610.859
666.220 1514.538
666.503 1452.699
666.787 1415.202
667.070 1381.520
667.353 1359.190
667.637 1193.175
667.920 1282.452
668.204 1176.526
668.487 1022.942
668.770 1124.826
669.054 942.572
669.337 870.166
669.620 832.477
669.904 824.529
670.187 896.752
670.470 945.654
670.754 856.906
671.037 695.086
671.321 633.117
671.604 856.695
671.887 856.576
672.171 753.225
672.454 750.437
672.737 821.674
673.021 766.134
673.304 681.732
673.587 839.870
673.871 843.683
674.154 810.150
674.438 848.009
674.721 830.564
675.004 770.746
675.288 720.362
675.571 743.788
675.854 666.575
676.138 641.516
676.421 654.588
676.704 584.011
676.988 737.201
677.271 907.411
677.555 773.940
677.838 711.919
678.121 758.731
678.405 736.519
678.688 797.623
678.971 634.366
679.255 767.173
679.538 903.092
679.821 900.007
680.105 725.474
680.388 642.427
680.672 629.608
680.955 651.464
681.238 630.316
681.522 600.582
681.805 666.095
682.088 766.469
682.372 779.808
682.655 679.395
682.938 786.937
683.222 770.262
683.505 702.128
683.789 749.176
684.072 724.124
684.355 717.131
684.639 758.911
684.922 763.113
685.205 716.166
685.489 770.472
685.772 780.707
686.056 763.768
686.339 848.522
686.622 679.761
686.906 618.201
687.189 734.093
687.472 878.169
687.756 700.011
688.039 597.427
688.322 548.392
688.606 770.756
688.889 734.247
689.173 618.406
689.456 756.219
689.739 768.771
690.023 720.028
690.306 757.592
690.589 692.245
690.873 737.336
691.156 722.793
691.439 663.505
691.723 581.324
692.006 637.163
692.290 659.772
692.573 767.108
692.856 837.046
693.140 841.216
693.423 764.800
693.706 630.903
693.990 639.964
694.273 603.170
694.556 776.979
694.840 905.808
695.123 756.137
695.407 724.421
695.690 667.341
695.973 685.579
696.257 755.958
696.540 866.316
696.830 710.260
697.120 692.812
697.410 753.727
697.699 680.157
697.989 890.550
698.279 747.898
698.569 570.926
698.859 700.048
699.149 785.553
699.439 732.680
699.729 689.099
700.018 629.939
700.308 757.761
700.598 679.294
700.888 592.897
701.178 802.471
701.468 771.254
701.758 679.311
702.048 697.478
702.337 647.650
702.627 793.692
702.917 775.552
703.207 727.689
703.497 728.992
703.787 619.739
704.077 643.525
704.366 704.504
704.656 627.592
704.946 570.732
705.236 530.224
705.526 716.345
705.816 790.220
706.106 537.211
706.396 597.455
706.685 605.628
706.975 527.200
707.265 515.275
707.555 680.174
707.845 666.955
708.135 570.843
708.425 508.896
708.715 521.291
709.004 715.462
709.294 685.840
709.584 661.826
709.874 692.420
710.164 657.926
710.454 612.805
710.744 549.043
711.034 620.516
711.323 701.993
711.613 640.991
711.903 710.196
712.193 779.047
712.483 598.145
712.773 613.899
713.063 565.611
713.352 591.948
713.642 608.408
713.932 676.510
714.222 703.451
714.512 664.851
714.802 640.008
715.092 696.231
715.382 596.259
715.671 554.588
715.961 619.051
716.251 534.293
716.541 600.210
716.831 663.115
717.121 525.083
717.411 653.285
717.701 739.430
717.990 639.929
718.280 573.780
718.570 551.832
718.860 517.929
719.150 543.277
719.440 523.695
719.730 528.036
720.019 755.606
720.309 641.735
720.599 570.122
720.889 593.243
721.179 608.574
721.469 628.334
721.759 565.678
722.049 669.246
722.338 573.389
722.628 544.731
722.918 600.851
723.208 693.372
723.498 571.277
723.788 576.659
724.078 703.725
724.368 674.244
724.657 610.994
724.947 620.282
725.237 668.198
725.527 725.168
725.817 625.164
726.107 584.444
726.397 536.108
726.686 491.641
726.976 548.721
727.266 613.538
727.556 570.037
727.846 677.095
728.136 663.887
728.426 586.705
728.716 511.144
729.005 658.450
729.295 625.524
729.585 460.739
729.875 422.075
730.165 510.768
730.455 569.954
730.745 651.109
731.035 646.275
731.324 710.781
731.614 677.382
731.904 552.695
732.194 657.671
732.484 589.264
732.774 521.191
733.064 571.794
733.354 487.183
733.643 537.409
733.933 599.283
734.223 550.569
734.513 719.205
734.803 729.682
735.093 574.579
735.383 562.464
735.672 613.265
735.962 695.698
736.252 530.814
736.542 549.503
736.832 549.522
737.122 459.884
737.412 545.198
737.702 689.030
737.991 674.329
738.281 611.761
738.571 621.985
738.861 565.157
739.151 550.413
739.441 671.818
739.731 506.645
740.021 551.998
740.310 696.546
740.600 747.598
740.890 543.188
741.180 547.241
741.470 591.683
741.760 669.688
742.050 804.949
742.339 660.171
742.629 548.419
742.919 727.469
743.209 499.496
743.499 462.423
743.789 505.474
744.079 531.235
744.369 584.141
744.658 570.452
744.948 449.114
745.238 575.445
745.528 636.911
745.818 733.792
746.108 684.207
746.398 674.975
746.688 640.237
746.977 792.192
747.267 659.142
747.557 677.709
747.847 703.573
748.137 635.635
748.427 586.897
748.717 488.895
749.006 416.785
749.296 566.621
749.586 614.832
749.876 749.925
750.166 590.581
750.456 528.377
750.746 604.771
751.036 537.924
751.325 667.683
751.615 573.463
751.905 654.400
752.195 700.073
752.485 574.092
752.775 599.710
753.065 526.655
753.355 759.907
753.644 767.933
753.934 592.554
754.224 582.951
754.514 737.169
754.804 498.735
755.094 458.633
755.384 572.994
755.674 559.973
755.963 625.187
756.253 600.732
756.543 653.307
756.833 684.790
757.123 655.004
757.413 575.278
757.703 531.075
757.992 530.088
758.282 615.919
758.572 598.466
758.862 514.062
759.152 599.507
759.442 572.819
759.732 658.839
760.022 721.169
760.311 623.321
760.601 450.301
760.891 608.266
761.181 652.899
761.471 619.368
761.761 508.227
762.051 535.436
762.341 737.128
762.630 783.205
762.920 622.095
763.210 634.837
763.500 683.561
763.793 571.796
764.086 586.919
764.379 637.654
764.671 739.281
764.964 646.744
765.257 587.405
765.550 573.486
765.843 468.665
766.136 605.779
766.429 600.756
766.722 607.218
767.014 573.426
767.307 422.963
767.600 453.192
767.893 533.303
768.186 472.837
768.479 533.338
768.772 714.807
769.064 703.736
769.357 621.473
769.650 587.843
769.943 790.692
770.236 701.082
770.529 523.378
770.822 541.541
771.115 666.558
771.407 751.002
771.700 717.719
771.993 760.885
772.286 701.608
772.579 681.764
772.872 599.120
773.165 558.815
773.457 623.348
773.750 652.248
774.043 596.766
774.336 575.163
774.629 649.625
774.922 667.452
775.215 575.643
775.508 580.542
775.800 524.643
776.093 691.351
776.386 660.492
776.679 564.497
776.972 642.056
777.265 839.455
777.558 850.699
777.850 691.067
778.143 672.993
778.436 673.687
778.729 602.675
779.022 617.767
779.315 556.477
779.608 454.986
779.900 488.168
780.193 548.486
780.486 575.060
780.779 566.476
781.072 497.788
781.365 608.635
781.658 635.367
781.951 561.086
782.243 626.110
782.536 684.613
782.829 638.444
783.122 613.360
783.415 635.830
783.708 660.922
784.001 674.980
784.293 711.105
784.586 728.444
784.879 711.426
785.172 579.599
785.465 472.982
785.758 547.146
786.051 592.252
786.344 679.084
786.636 860.961
786.929 683.800
787.222 631.025
787.515 575.723
787.808 596.567
788.101 521.658
788.394 691.504
788.686 824.387
788.979 778.227
789.272 694.548
789.565 649.959
789.858 614.046
790.151 562.727
790.444 497.808
790.737 522.322
791.029 516.305
791.322 616.121
791.615 591.594
791.908 676.708
792.201 637.126
792.494 597.623
792.787 685.688
793.079 817.993
793.372 701.656
793.665 670.466
793.958 607.670
794.251 666.509
794.544 767.455
794.837 820.080
795.130 641.630
795.422 638.655
795.715 665.589
796.008 654.293
796.301 655.993
796.594 617.164
796.887 695.864
797.180 727.480
797.472 514.136
797.765 391.519
798.058 514.650
798.351 562.038
798.644 542.113
798.937 478.320
799.230 519.691
799.523 849.237
799.815 778.465
800.108 552.159
800.401 481.386
800.694 653.538
800.987 633.959
801.280 678.197
801.573 717.173
801.865 782.124
802.158 680.560
802.451 551.832
802.744 548.853
803.037 625.714
803.330 624.356
803.623 773.449
803.915 724.561
804.208 545.480
804.501 613.654
804.794 654.710
805.087 622.070
805.380 489.063
805.673 548.648
805.966 673.788
806.258 582.294
806.551 670.827
806.844 681.886
807.137 667.511
807.430 509.225
807.723 531.328
808.016 707.046
808.308 772.869
808.601 634.786
808.894 605.897
809.187 654.860
809.480 660.252
809.773 607.342
810.066 635.130
810.359 716.349
810.651 673.409
810.944 444.923
811.237 475.659
811.530 611.899
811.825 586.269
812.119 539.275
812.414 437.372
812.709 564.091
813.003 651.280
813.298 571.768
813.593 586.112
813.887 570.352
814.182 894.038
814.476 853.336
814.771 805.635
815.066 676.058
815.360 533.109
815.655 520.928
815.950 579.458
816.244 659.839
816.539 728.477
816.834 695.871
817.128 726.188
817.423 771.334
817.718 947.538
818.012 739.186
818.307 451.558
818.602 509.974
818.896 626.025
819.191 651.349
819.486 610.481
819.780 695.974
820.075 831.584
820.369 840.557
820.664 685.127
820.959 728.620
821.253 725.244
821.548 616.450
821.843 710.164
822.137 744.181
822.432 688.454
822.727 614.108
823.021 622.071
823.316 764.846
823.611 757.038
823.905 605.441
824.200 501.052
824.495 639.254
824.789 712.053
825.084 679.705
825.379 622.420
825.673 596.692
825.968 774.689
826.262 734.211
826.557 647.299
826.852 656.181
827.146 665.749
827.441 682.025
827.736 746.458
828.030 673.939
828.325 477.909
828.620 679.622
828.914 817.447
829.209 630.541
829.504 747.873
829.798 753.712
830.093 678.934
830.388 586.982
830.682 485.003
830.977 640.328
831.271 710.426
831.566 578.806
831.861 608.927
832.155 581.461
832.450 681.551
832.745 761.229
833.039 666.398
833.334 570.980
833.629 650.845
833.923 586.308
834.218 547.194
834.513 534.006
834.807 559.805
835.102 456.391
835.397 477.306
835.691 526.573
835.986 552.591
836.281 498.091
836.575 528.927
836.870 582.595
837.164 587.087
837.459 486.917
837.754 525.016
838.048 572.044
838.343 582.412
838.638 611.046
838.932 632.186
839.227 594.947
839.522 622.096
839.816 575.256
840.111 585.720
840.406 552.945
840.700 702.065
840.995 849.654
841.290 811.820
841.584 673.960
841.879 763.465
842.174 685.162
842.468 636.179
842.763 579.052
843.057 597.724
843.352 584.338
843.647 590.678
843.941 627.836
844.236 697.944
844.531 696.645
844.825 688.444
845.120 766.124
845.415 823.541
845.709 752.173
846.004 777.505
846.299 628.336
846.593 804.034
846.888 701.929
847.183 581.767
847.477 616.298
847.772 718.561
848.066 715.983
848.361 701.683
848.656 685.394
848.950 661.832
849.245 732.397
849.540 627.149
849.834 752.738
850.129 773.111
850.424 686.757
850.718 682.963
851.013 803.667
851.308 713.206
851.602 751.108
851.897 825.348
852.192 901.538
852.486 733.393
852.781 630.315
853.076 757.476
853.370 736.029
853.665 788.675
853.959 796.020
854.254 717.590
854.549 863.711
854.843 744.135
855.138 669.346
855.433 751.274
855.727 877.135
856.022 694.237
856.317 665.250
856.611 731.333
856.906 651.444
857.201 692.207
857.495 792.462
857.790 815.053
858.085 675.373
858.379 660.929
858.674 578.811
858.969 583.726
859.263 670.202
859.558 660.292
859.852 565.448
860.147 660.712
860.442 814.843
860.736 564.917
861.031 672.753
861.326 769.650
861.620 602.621
861.915 757.418
862.210 789.327
862.504 675.230
862.799 729.933
863.094 715.627
863.388 596.285
863.683 648.688
863.978 618.908
864.272 599.723
864.567 642.968
864.861 661.529
865.156 582.661
865.451 534.634
865.745 699.270
866.040 765.539
866.335 731.019
866.629 716.904
866.924 598.813
867.219 588.387
867.513 698.535
867.808 613.304
868.103 598.672
868.397 638.564
868.692 646.376
868.987 560.973
869.281 523.554
869.576 647.242
869.871 714.674
870.165 582.224
870.460 487.034
870.754 582.499
871.049 507.942
871.344 595.066
871.638 640.699
871.933 561.616
872.228 575.838
872.522 607.135
872.817 697.725
873.112 919.849
873.406 683.022
873.701 730.838
873.996 738.189
874.290 640.206
874.585 640.916
874.880 668.433
875.174 549.484
875.469 566.355
875.764 666.205
876.058 652.073
876.353 552.986
876.647 523.749
876.942 560.685
877.237 516.024
877.531 542.230
877.826 627.519
878.121 608.630
878.415 572.925
878.710 532.483
879.005 663.812
879.299 569.580
879.594 517.719
879.889 392.243
880.183 396.208
880.478 530.747
880.773 554.977
881.067 563.272
881.362 655.258
881.656 562.014
881.951 543.912
882.246 501.787
882.540 518.384
882.835 521.561
883.130 578.943
883.424 510.513
883.719 480.339
884.014 603.922
884.308 567.863
884.603 505.471
884.898 541.246
885.192 623.800
885.487 560.575
885.782 487.899
886.076 599.442
886.371 575.933
886.666 400.539
886.960 462.018
887.255 475.938
887.549 491.183
887.844 671.711
888.139 722.509
888.433 642.941
888.728 516.587
889.023 543.240
889.317 570.655
889.612 446.155
889.907 483.823
890.201 558.169
890.496 601.894
890.791 596.955
891.085 550.541
891.380 490.533
891.675 515.711
891.969 621.728
892.264 525.820
892.559 513.948
892.853 652.981
893.148 556.786
893.442 533.788
893.737 606.578
894.032 506.494
894.326 442.186
894.621 479.200
894.916 403.794
895.210 508.293
895.505 638.625
895.800 558.739
896.094 469.501
896.389 511.876
896.684 510.570
896.978 502.185
897.273 473.905
897.568 580.386
897.862 582.677
898.157 551.740
898.451 705.335
898.746 661.097
899.041 697.121
899.335 666.129
899.630 560.346
899.925 563.402
900.219 620.984
900.514 677.109
900.809 558.819
901.103 445.047
901.398 631.557
901.693 563.796
901.987 531.331
902.282 615.462
902.577 516.658
902.871 435.993
903.166 514.001
903.461 590.362
903.755 605.197
904.050 597.872
904.344 471.486
904.639 465.692
904.934 502.923
905.228 492.146
905.523 449.303
905.818 531.790
906.112 644.412
906.407 585.115
906.702 503.904
906.996 580.242
907.291 561.105
907.586 524.772
907.880 671.533
908.175 640.335
908.470 639.435
908.764 643.405
909.059 697.084
909.354 600.738
909.648 548.328
909.943 571.168
910.237 675.607
910.532 728.184
910.827 767.607
911.121 674.742
911.416 614.411
911.711 596.038
912.005 628.452
912.300 615.783
912.599 677.631
912.898 646.188
913.196 617.383
913.495 635.017
913.794 753.307
914.093 628.197
914.391 589.375
914.690 684.318
914.989 646.684
915.288 693.664
915.586 657.587
915.885 562.386
916.184 489.341
916.483 458.394
916.782 573.926
917.080 640.665
917.379 628.698
917.678 578.404
917.977 712.379
918.275 731.037
918.574 685.689
918.873 702.494
919.172 662.927
919.471 560.595
919.769 579.366
920.068 505.029
920.367 497.392
920.666 531.013
920.964 615.187
921.263 541.237
921.562 500.785
921.861 656.170
922.159 598.286
922.458 548.829
922.757 526.121
923.056 560.412
923.355 556.191
923.653 671.774
923.952 699.991
924.251 526.476
924.550 659.024
924.848 674.821
925.147 538.086
925.446 559.463
925.745 636.131
926.043 624.460
926.342 599.368
926.641 549.976
926.940 624.860
927.239 649.895
927.537 726.268
927.836 644.751
928.135 642.012
928.434 721.578
928.732 704.125
929.031 728.815
929.330 738.525
929.629 657.832
929.927 646.839
930.226 584.979
930.525 590.540
930.824 755.066
931.123 680.040
931.421 708.729
931.720 715.033
932.019 748.829
932.318 709.430
932.616 647.928
932.915 637.041
933.214 686.750
933.513 676.328
933.812 652.252
934.110 678.331
934.409 743.835
934.708 689.448
935.007 860.973
935.305 854.809
935.604 615.862
935.903 687.740
936.202 746.472
936.500 884.035
936.799 980.916
937.098 910.362
937.397 861.467
937.696 789.015
937.994 779.477
938.293 849.276
938.592 715.489
938.891 776.337
939.189 791.377
939.488 903.211
939.787 1073.031
940.086 871.737
940.384 915.604
940.683 805.081
940.982 674.818
941.281 854.098
941.580 1156.566
941.878 1133.212
942.177 868.969
942.476 884.231
942.775 848.427
943.073 740.800
943.372 684.009
943.671 874.638
943.970 1082.741
944.268 993.442
944.567 758.084
944.866 794.647
945.165 808.099
945.464 819.791
945.762 730.864
946.061 951.697
946.360 1051.199
946.659 1049.559
946.957 999.431
947.256 931.264
947.555 784.468
947.854 839.870
948.153 777.579
948.451 755.091
948.750 758.189
949.049 705.176
949.348 963.934
949.646 872.862
949.945 785.777
950.244 915.922
950.543 814.621
950.841 734.288
951.140 772.844
951.439 631.713
951.738 603.314
952.037 696.685
952.335 905.496
952.634 940.576
952.933 796.390
953.232 791.818
953.530 568.640
953.829 856.716
954.128 997.261
954.427 860.646
954.725 950.528
955.024 912.684
955.323 930.385
955.622 723.125
955.921 630.270
956.219 726.022
956.518 689.224
956.817 738.896
957.116 760.826
957.414 688.569
957.713 582.060
958.012 539.092
958.311 531.935
958.610 695.634
958.908 758.880
959.207 746.511
959.506 804.756
959.805 863.608
960.103 863.772
960.402 788.213
960.701 611.300
961.000 590.561
961.298 651.755
961.597 781.664
961.896 661.869
962.195 685.952
962.494 736.782
962.792 641.430
963.091 607.572
963.390 598.985
963.689 612.115
963.987 767.240
964.286 791.415
964.585 772.699
964.884 721.387
965.182 616.102
965.481 997.995
965.780 1124.751
966.080 916.292
966.380 801.461
966.680 737.079
966.981 736.300
967.281 745.400
967.581 696.368
967.881 743.285
968.181 769.947
968.481 708.300
968.781 697.693
969.082 627.492
969.382 665.515
969.682 738.435
969.982 818.359
970.282 838.890
970.582 660.968
970.882 611.816
971.183 744.273
971.483 622.957
971.783 639.153
972.083 776.372
972.383 815.499
972.683 735.122
972.983 750.871
973.284 640.567
973.584 666.692
973.884 667.388
974.184 628.721
974.484 726.167
974.784 610.884
975.084 558.238
975.385 600.822
975.685 724.455
975.985 618.799
976.285 592.692
976.585 638.657
976.885 588.271
977.185 626.858
977.486 696.518
977.786 680.681
978.086 735.095
978.386 713.912
978.686 573.227
978.986 503.503
979.286 574.511
979.587 617.519
979.887 555.527
980.187 537.535
980.487 513.543
980.787 646.551
981.087 590.559
981.387 770.567
981.688 625.575
981.988 517.583
982.288 570.591
982.588 611.599
982.888 694.607
983.188 643.615
983.488 716.622
983.789 728.630
984.089 681.638
984.389 622.646
984.689 546.654
984.989 502.662
985.289 596.670
985.589 753.677
985.890 660.685
986.190 546.693
986.490 590.701
986.790 740.709
987.090 680.717
987.390 755.724
987.690 702.732
987.991 549.740
988.291 581.748
988.591 560.755
988.891 524.763
989.191 561.771
989.491 677.779
989.791 643.786
990.092 650.794
990.392 690.802
990.692 663.810
990.992 623.817
991.292 494.825
991.592 649.833
991.892 689.840
992.193 774.848
992.493 741.856
992.793 622.863
993.093 605.871
993.393 623.879
993.693 621.886
993.993 619.894
994.294 716.902
994.594 688.909
994.894 606.917
995.194 637.925
995.494 587.932
995.794 597.940
996.094 517.947
996.395 568.955
996.695 718.962
996.995 494.970
997.295 427.978
997.595 515.985
997.895 483.993
998.195 469.000
998.496 582.008
998.796 535.015
999.096 745.023
999.396 645.030
999.696 642.038
999.996 669.045
1000.296 782.053
1000.597 729.060
1000.897 589.068
1001.197 625.075
1001.497 779.083
1001.797 581.090
1002.097 472.098
1002.397 593.105
1002.698 638.112
1002.998 706.120
1003.298 635.127
1003.598 491.135
1003.898 564.142
1004.198 675.150
1004.498 728.157
1004.799 666.164
1005.099 686.172
1005.399 735.179
1005.699 739.186
1005.999 702.194
1006.299 617.201
1006.599 820.208
1006.900 849.216
1007.200 675.223
1007.500 664.230
1007.800 662.238
1008.100 544.245
1008.400 537.252
1008.700 555.260
1009.001 535.267
1009.301 569.274
1009.601 778.282
1009.901 824.289
1010.201 675.296
1010.501 647.303
1010.801 787.311
1011.102 602.318
1011.402 660.325
1011.702 559.332
1012.002 520.340
1012.302 708.347
1012.602 687.354
1012.902 631.361
1013.203 641.368
1013.503 734.376
1013.803 706.383
1014.103 535.390
1014.403 641.397
1014.703 542.404
1015.003 525.411
1015.304 722.419
1015.604 777.426
1015.904 530.433
1016.204 497.440
1016.504 546.447
1016.804 556.454
1017.104 543.461
1017.405 592.468
1017.705 568.475
1018.005 526.483
1018.305 583.490
1018.605 614.497
1018.905 474.504
1019.205 463.511
1019.506 816.518
1019.806 829.525
1020.106 700.532
1020.406 688.539
1020.706 637.546
1021.006 677.553
1021.306 816.560
1021.607 662.567
1021.907 768.574
1022.207 719.581
1022.507 538.588
1022.807 607.595
1023.107 676.602
1023.407 600.609
1023.708 592.616
1024.008 557.623
1024.308 594.630
1024.608 542.637
1024.908 445.644
1025.208 593.651
1025.508 830.658
1025.809 787.665
1026.109 597.672
1026.409 700.679
1026.709 691.685
1027.009 659.692
1027.309 715.699
1027.609 584.706
1027.910 568.713
1028.210 635.720
1028.510 699.727
1028.810 954.734
1029.110 845.740
1029.410 700.747
1029.710 818.754
1030.011 818.761
1030.311 767.768
1030.611 639.775
1030.911 593.781
1031.211 676.788
1031.511 651.795
1031.811 849.802
1032.112 786.809
1032.412 658.815
1032.712 573.822
1033.012 608.829
1033.312 764.836
1033.612 705.843
1033.912 661.849
1034.212 590.856
1034.513 582.863
1034.813 600.870
1035.113 686.876
1035.413 578.883
1035.713 617.890
1036.013 642.896
1036.313 643.903
1036.614 744.910
1036.914 645.917
1037.214 524.923
1037.514 673.930
1037.814 621.937
1038.114 617.943
1038.414 610.950
1038.715 687.957
1039.015 559.963
1039.315 500.970
1039.615 633.977
1039.915 623.983
1040.215 553.990
1040.515 623.996
1040.816 731.003
1041.116 628.010
1041.416 534.016
1041.716 522.023
1042.016 542.029
1042.316 702.036
1042.616 635.043
1042.917 555.049
1043.217 576.056
1043.517 615.062
1043.817 709.069
1044.117 728.075
1044.417 658.082
1044.717 589.089
1045.018 558.095
1045.318 704.102
1045.618 710.108
1045.918 581.115
1046.218 541.121
1046.518 599.128
1046.818 690.134
1047.119 577.141
1047.419 729.147
1047.719 750.154
1048.019 612.160
1048.319 631.167
1048.619 606.173
1048.919 656.180
1049.220 591.186
1049.520 675.192
1049.820 621.199
1050.120 546.205
1050.420 723.212
1050.720 680.218
1051.020 651.225
1051.321 645.231
1051.621 775.237
1051.921 649.244
1052.221 553.250
1052.521 552.257
1052.821 525.263
1053.121 613.269
1053.422 750.276
1053.722 794.282
1054.022 656.289
1054.322 759.295
1054.622 616.301
1054.922 545.308
1055.222 732.314
1055.523 698.320
1055.823 697.327
1056.123 727.333
1056.423 660.339
1056.723 727.346
1057.023 626.352
1057.323 504.358
1057.624 618.364
1057.924 741.371
1058.224 722.377
1058.524 612.383
1058.824 628.390
1059.124 629.396
1059.424 553.402
1059.725 644.408
1060.025 559.415
1060.325 605.421
1060.625 609.427
1060.925 599.433
1061.225 613.440
1061.525 701.446
1061.826 611.452
1062.126 633.458
1062.426 673.464
1062.726 746.471
1063.026 688.477
1063.326 810.483
1063.626 764.489
1063.927 664.495
1064.227 679.502
1064.527 587.508
1064.827 728.514
1065.127 664.520
1065.427 479.526
1065.727 501.532
1066.028 705.539
1066.328 739.545
1066.628 596.551
1066.928 598.557
1067.228 579.563
1067.528 538.569
1067.828 528.575
1068.129 487.581
1068.429 655.588
1068.729 733.594
1069.029 591.600
1069.329 498.606
1069.629 613.612
1069.929 713.618
1070.230 767.624
1070.530 745.630
1070.830 647.636
1071.130 687.642
1071.430 633.648
1071.730 662.654
1072.030 743.660
1072.331 602.666
1072.631 590.672
1072.931 629.678
1073.231 693.684
1073.531 657.690
1073.831 519.696
1074.131 595.702
1074.432 743.708
1074.732 682.714
1075.032 573.720
1075.332 556.726
1075.632 582.732
1075.932 548.738
1076.232 515.744
1076.533 523.750
1076.833 663.756
1077.133 623.762
1077.433 571.768
1077.733 512.774
1078.033 659.780
1078.333 691.786
1078.634 649.792
1078.934 636.798
1079.234 541.804
1079.534 712.810
1079.834 768.815
1080.134 671.821
1080.434 718.827
1080.735 672.833
1081.035 651.839
1081.335 531.845
1081.635 525.851
1081.935 629.857
1082.235 595.863
1082.535 588.868
1082.836 662.874
1083.136 669.880
1083.436 794.886
1083.736 770.892
1084.036 621.898
1084.336 550.903
1084.636 623.909
1084.937 742.915
1085.237 789.921
1085.537 673.927
1085.837 649.932
1086.137 619.938
1086.437 715.944
1086.737 619.950
1087.038 623.956
1087.338 750.961
1087.638 731.967
1087.938 559.973
1088.238 456.979
1088.538 589.984
1088.838 732.990
1089.139 756.996
1089.439 595.002
1089.739 681.007
1090.039 687.013
1090.339 735.019
1090.639 671.025
1090.939 691.030
1091.240 574.036
1091.540 578.042
1091.840 606.047
1092.140 702.053
1092.453 692.059
1092.766 557.065
1093.079 520.070
1093.392 585.076
1093.705 573.082
1094.018 596.087
1094.330 764.093
1094.643 676.099
1094.956 719.104
1095.269 629.110
1095.582 684.116
1095.895 630.121
1096.208 544.127
1096.521 573.132
1096.834 636.138
1097.147 624.144
1097.460 659.149
1097.773 723.155
1098.085 628.161
1098.398 604.166
1098.711 585.172
1099.024 452.177
1099.337 595.183
1099.650 741.189
1099.963 755.194
1100.276 578.200
1100.589 535.205
1100.902 664.211
1101.215 725.216
1101.528 778.222
1101.841 639.227
1102.153 662.233
1102.466 744.239
1102.779 538.244
1103.092 560.250
1103.405 674.255
1103.718 601.261
1104.031 576.266
1104.344 655.272
1104.657 630.277
1104.970 914.283
1105.283 727.288
1105.596 550.294
1105.909 596.299
1106.221 676.305
1106.534 610.310
1106.847 517.316
1107.160 450.321
1107.473 473.327
1107.786 609.332
1108.099 502.338
1108.412 509.343
1108.725 635.348
1109.038 498.354
1109.351 636.359
1109.664 651.365
1109.977 549.370
1110.289 618.376
1110.602 601.381
1110.915 576.386
1111.228 577.392
1111.541 569.397
1111.854 504.403
1112.167 399.408
1112.480 469.413
1112.793 557.419
1113.106 580.424
1113.419 644.430
1113.732 613.435
1114.044 483.440
1114.357 622.446
1114.670 626.451
1114.983 530.456
1115.296 549.462
1115.609 631.467
1115.922 634.472
1116.235 666.478
1116.548 680.483
1116.861 590.488
1117.174 543.494
1117.487 591.499
1117.800 783.504
1118.112 634.510
1118.425 580.515
1118.738 558.520
1119.051 490.526
1119.364 526.531
1119.677 646.536
1119.990 595.542
1120.303 650.547
1120.616 728.552
1120.929 613.557
1121.242 690.563
1121.555 755.568
1121.868 721.573
1122.180 637.578
1122.493 431.584
1122.806 441.589
1123.119 594.594
1123.432 641.599
1123.745 643.605
1124.058 590.610
1124.371 552.615
1124.684 669.620
1124.997 619.626
1125.310 609.631
1125.623 549.636
1125.935 451.641
1126.248 546.646
1126.561 658.652
1126.874 599.657
1127.187 712.662
1127.500 730.667
1127.813 651.672
1128.126 692.677
1128.439 725.683
1128.752 789.688
1129.065 616.693
1129.378 432.698
1129.691 602.703
1130.003 634.708
1130.316 566.714
1130.629 491.719
1130.942 569.724
1131.255 578.729
1131.568 479.734
1131.881 535.739
1132.194 628.744
1132.507 588.749
1132.820 620.755
1133.133 689.760
1133.446 564.765
1133.759 769.770
1134.071 1222.775
1134.384 846.780
1134.697 737.785
1135.010 818.790
1135.323 668.795
1135.636 562.800
1135.949 483.805
1136.262 515.810
1136.575 563.816
1136.888 640.821
1137.201 649.826
1137.514 586.831
1137.826 683.836
1138.139 618.841
1138.452 582.846
1138.765 815.851
1139.078 808.856
1139.391 764.861
1139.704 695.866
1140.017 714.871
1140.330 585.876
1140.643 509.881
1140.956 558.886
1141.269 621.891
1141.582 638.896
1141.894 552.901
1142.207 733.906
1142.520 671.911
1142.833 695.916
1143.146 598.921
1143.459 471.926
1143.772 513.931
1144.085 657.936
1144.398 633.941
1144.711 573.946
1145.024 567.951
1145.337 657.956
1145.650 705.961
1145.962 608.965
1146.275 654.970
1146.588 531.975
1146.901 686.980
1147.214 672.985
1147.527 551.990
1147.840 612.995
1148.153 600.000
1148.466 618.005
1148.779 636.010
1149.092 733.015
1149.405 599.019
1149.718 620.024
1150.030 688.029
1150.343 670.034
1150.656 611.039
1150.969 541.044
1151.282 721.049
1151.595 715.054
1151.908 611.058
1152.221 427.063
1152.534 425.068
1152.847 711.073
1153.160 646.078
1153.473 693.083
1153.785 696.088
1154.098 676.092
1154.411 751.097
1154.724 702.102
1155.037 819.107
1155.350 705.112
1155.663 708.117
1155.976 634.121
1156.289 689.126
1156.602 622.131
1156.915 500.136
1157.228 490.141
1157.541 579.145
1157.853 597.150
1158.166 664.155
1158.479 710.160
1158.792 646.164
1159.105 632.169
1159.418 649.174
1159.731 651.179
1160.044 671.184
1160.357 777.188
1160.670 678.193
1160.983 497.198
1161.296 622.203
1161.609 678.207
1161.921 611.212
1162.234 590.217
1162.547 445.221
1162.860 509.226
1163.173 531.231
1163.486 629.236
1163.799 634.240
1164.112 606.245
1164.425 571.250
1164.738 521.254
1165.051 492.259
1165.364 510.264
1165.676 639.269
1165.989 690.273
1166.302 613.278
1166.615 702.283
1166.928 661.287
1167.241 759.292
1167.554 692.297
1167.867 656.301
1168.180 617.306
1168.493 512.311
1168.806 575.315
1169.119 562.320
1169.432 666.325
1169.744 697.329
1170.057 662.334
1170.370 767.338
1170.683 706.343
1170.996 634.348
1171.309 652.352
1171.622 610.357
1171.935 615.362
1172.248 809.366
1172.561 761.371
1172.874 669.375
1173.187 719.380
1173.500 703.385
1173.812 703.389
1174.125 670.394
1174.438 688.398
1174.751 558.403
1175.064 562.408
1175.377 637.412
1175.690 592.417
1176.003 558.421
1176.316 598.426
1176.629 606.430
1176.942 559.435
1177.255 511.440
1177.567 439.444
1177.880 498.449
1178.193 647.453
1178.506 631.458
1178.819 707.462
1179.132 678.467
1179.445 493.471
1179.758 695.476
1180.071 731.480
1180.384 571.485
1180.697 614.489
1181.010 643.494
1181.323 782.498
1181.635 787.503
1181.948 696.507
1182.261 579.512
1182.574 541.516
1182.887 626.521
1183.200 739.525
1183.513 688.530
1183.826 602.534
1184.139 645.539
1184.452 643.543
1184.765 558.548
1185.078 516.552
1185.391 544.557
1185.703 533.561
1186.016 462.566
1186.329 491.570
1186.642 647.575
1186.955 800.579
1187.268 637.583
1187.581 656.588
1187.894 698.592
1188.207 697.597
1188.520 617.601
1188.833 610.606
1189.146 496.610
1189.459 461.614
1189.771 584.619
1190.084 686.623
1190.397 587.628
1190.710 652.632
1191.023 659.636
1191.336 664.641
1191.649 582.645
1191.962 634.650
1192.275 561.654
1192.588 690.658
1192.901 816.663
1193.214 657.667
1193.526 619.672
1193.839 664.676
1194.152 541.680
1194.465 669.685
1194.778 615.689
1195.091 605.693
1195.404 597.698
1195.717 587.702
1196.030 717.706
1196.343 613.711
1196.656 496.715
1196.969 563.719
1197.282 615.724
1197.594 629.728
1197.907 756.732
1198.220 736.737
1198.533 630.741
1198.846 629.745
1199.159 613.750
1199.472 593.754
1199.785 671.758
1200.098 531.763
1200.411 656.767
1200.724 625.771
1201.037 567.775
1201.350 510.780
1201.662 545.784
1201.975 657.788
1202.288 597.793
1202.601 223.797
