165.028 72.425
165.288 28.056
165.547 99.690
165.807 156.327
166.067 72.968
166.327 -0.389
166.587 -55.742
166.847 59.907
167.107 95.560
167.367 132.216
167.627 165.874
167.886 125.536
168.146 174.201
168.406 292.868
168.666 232.538
168.926 135.212
169.186 106.888
169.446 146.566
169.706 67.248
169.966 133.932
170.225 141.619
170.485 196.309
170.745 307.001
171.005 423.696
171.265 232.393
171.525 151.093
171.785 42.796
172.045 54.501
172.305 235.208
172.564 174.918
172.824 45.630
173.084 187.345
173.344 126.062
173.604 173.782
173.864 220.503
174.124 150.227
174.384 145.953
174.644 243.682
174.903 369.412
175.163 367.145
175.423 360.880
175.683 144.617
175.943 224.356
176.203 221.097
176.463 168.840
176.723 116.585
176.983 175.333
177.242 204.082
177.502 337.832
177.762 327.585
178.022 138.340
178.282 163.096
178.542 106.855
178.802 112.615
179.062 98.377
179.322 309.140
179.581 353.905
179.841 224.672
180.101 245.441
180.361 294.211
180.621 300.982
180.881 255.756
181.141 208.530
181.401 171.307
181.661 227.084
181.920 284.864
182.180 210.644
182.440 149.426
182.700 97.210
182.960 118.994
183.220 197.781
183.480 432.568
183.740 272.357
184.000 176.146
184.259 28.938
184.519 165.730
184.779 222.523
185.039 204.318
185.299 306.114
185.559 303.911
185.819 328.709
186.079 371.508
186.339 237.308
186.598 224.109
186.858 72.911
187.118 103.713
187.378 290.517
187.638 304.322
187.898 369.128
188.158 388.934
188.418 250.742
188.678 201.550
188.937 214.359
189.197 267.168
189.457 282.979
189.717 267.790
189.977 116.602
190.237 96.414
190.497 305.228
190.757 283.041
191.017 251.856
191.276 159.671
191.536 186.486
191.796 180.303
192.056 217.119
192.316 245.936
192.576 176.754
192.836 171.572
193.096 227.391
193.356 158.210
193.616 224.029
193.875 240.849
194.135 191.669
194.395 325.489
194.655 370.310
194.915 335.131
195.175 291.952
195.435 380.774
195.695 188.595
195.955 64.417
196.214 186.239
196.474 342.062
196.734 330.884
196.994 320.707
197.254 376.530
197.514 254.352
197.774 192.175
198.034 136.998
198.294 126.821
198.553 184.644
198.813 176.468
199.073 72.291
199.333 147.114
199.593 314.937
199.853 318.760
200.113 412.582
200.373 365.405
200.633 184.228
200.892 149.050
201.152 148.873
201.412 173.695
201.672 263.517
201.932 433.339
202.192 397.160
202.452 226.982
202.712 205.803
202.972 265.624
203.231 358.444
203.491 322.264
203.751 312.084
204.011 340.904
204.271 413.723
204.531 183.542
204.791 140.361
205.051 192.179
205.311 290.997
205.570 212.814
205.830 221.631
206.090 180.448
206.350 309.264
206.610 504.079
206.870 270.894
207.130 168.709
207.390 265.523
207.650 256.337
207.909 231.150
208.169 281.962
208.429 267.774
208.689 112.585
208.949 252.396
209.209 297.206
209.469 170.016
209.729 203.825
209.989 263.633
210.248 153.440
210.508 420.247
210.768 372.054
211.028 267.859
211.288 351.664
211.548 277.468
211.808 257.272
212.068 432.074
212.328 428.876
212.587 395.677
212.847 338.478
213.107 344.278
213.367 352.076
213.627 287.874
213.887 235.672
214.147 177.468
214.407 260.264
214.667 260.058
214.926 361.852
215.186 316.645
215.446 336.437
215.706 289.229
215.966 260.019
216.226 256.809
216.486 272.597
216.746 325.385
217.006 351.171
217.265 255.957
217.525 175.742
217.785 264.526
218.045 298.309
218.305 257.091
218.565 220.872
218.825 269.652
219.085 370.431
219.345 268.209
219.604 187.986
219.864 308.762
220.124 341.537
220.384 305.310
220.644 250.083
220.904 183.855
221.164 271.626
221.424 324.395
221.684 199.164
221.943 214.931
222.203 352.698
222.463 231.463
222.723 166.227
222.983 301.990
223.243 210.752
223.503 249.513
223.763 217.273
224.023 198.032
224.282 388.789
224.542 378.545
224.802 370.301
225.062 376.055
225.322 487.807
225.582 369.559
225.842 328.310
226.102 360.059
226.362 316.807
226.621 320.554
226.881 258.300
227.141 324.044
227.401 365.787
227.661 298.529
227.921 477.270
228.181 338.010
228.441 256.748
228.701 436.486
228.960 449.222
229.220 293.956
229.480 250.690
229.740 427.422
230.000 450.153
230.260 308.883
230.520 309.611
230.780 319.338
231.040 324.064
231.299 237.789
231.559 267.512
231.819 285.234
232.079 404.955
232.339 397.674
232.599 196.393
232.859 295.109
233.119 422.825
233.379 286.539
233.638 306.252
233.898 421.964
234.158 422.674
234.418 263.383
234.678 387.091
234.938 475.797
235.198 288.502
235.458 242.206
235.718 318.908
235.978 293.610
236.237 314.309
236.497 337.008
236.757 407.705
237.017 405.400
237.277 386.095
237.537 309.788
237.797 245.479
238.057 351.170
238.317 300.859
238.576 177.546
238.836 284.232
239.096 353.917
239.356 295.601
239.616 324.283
239.876 368.964
240.136 322.643
240.396 413.321
240.656 506.998
240.915 352.673
241.175 300.347
241.435 241.019
241.695 360.691
241.955 510.360
242.215 569.029
242.475 515.696
242.735 329.361
242.995 407.026
243.254 412.689
243.514 317.350
243.774 148.010
244.034 279.669
244.294 528.326
244.554 380.982
244.814 353.637
245.074 304.290
245.334 267.942
245.593 291.592
245.853 348.241
246.113 259.889
246.373 334.535
246.633 451.180
246.893 423.823
247.153 385.465
247.413 440.106
247.673 404.745
247.932 340.383
248.192 388.019
248.452 505.654
248.712 448.288
248.972 303.920
249.232 465.551
249.492 361.180
249.752 274.809
250.012 441.435
250.271 385.061
250.531 406.684
250.791 595.307
251.051 569.928
251.311 406.548
251.571 213.166
251.831 315.783
252.091 422.399
252.351 389.013
252.610 331.626
252.870 423.237
253.130 382.847
253.390 345.456
253.650 430.063
253.911 382.669
254.172 440.273
254.433 421.876
254.694 358.478
254.955 397.078
255.216 357.677
255.477 482.275
255.738 479.871
255.999 370.466
256.261 510.059
256.522 460.651
256.783 455.242
257.044 321.831
257.305 205.419
257.566 239.005
257.827 233.590
258.088 324.174
258.349 316.757
258.610 362.338
258.871 429.917
259.132 489.496
259.393 372.072
259.654 300.648
259.915 242.222
260.176 332.795
260.437 448.367
260.698 374.937
260.959 316.505
261.221 425.073
261.482 496.639
261.743 406.204
262.004 446.767
262.265 638.329
262.526 552.890
262.787 361.449
263.048 315.007
263.309 328.563
263.570 478.119
263.831 391.673
264.092 363.225
264.353 258.777
264.614 563.326
264.875 552.875
265.136 393.422
265.397 560.968
265.658 614.513
265.919 688.056
266.181 589.598
266.442 382.139
266.703 321.678
266.964 371.216
267.225 330.753
267.486 385.288
267.747 484.822
268.008 507.355
268.269 522.886
268.530 455.416
268.791 455.945
269.052 488.473
269.313 417.999
269.574 408.524
269.835 476.047
270.096 463.570
270.357 469.091
270.618 377.611
270.879 317.129
271.141 343.646
271.402 383.162
271.663 350.677
271.924 450.190
272.185 515.702
272.446 462.213
272.707 406.722
272.968 362.231
273.229 387.738
273.490 399.243
273.751 349.748
274.012 388.251
274.273 531.753
274.534 439.253
274.795 427.753
275.056 468.251
275.317 353.748
275.578 258.243
275.839 322.738
276.101 343.231
276.362 323.723
276.623 371.214
276.884 533.703
277.145 546.191
277.406 500.678
277.667 413.164
277.928 321.648
278.189 521.132
278.450 559.614
278.711 442.095
278.972 437.574
279.233 404.053
279.494 504.530
279.755 668.006
280.016 670.481
280.277 503.954
280.538 497.427
280.799 368.898
281.061 422.368
281.322 452.837
281.583 407.304
281.844 355.771
282.105 360.236
282.366 503.700
282.627 467.163
282.888 476.624
283.149 488.085
283.410 428.544
283.671 479.002
283.932 449.459
284.193 309.915
284.454 391.370
284.715 463.823
284.976 426.275
285.237 544.727
285.498 718.177
285.759 591.625
286.021 541.073
286.282 486.520
286.543 526.965
286.804 506.409
287.065 510.852
287.326 540.294
287.587 380.735
287.848 452.175
288.109 574.613
288.370 502.051
288.631 339.487
288.892 352.922
289.153 365.357
289.414 334.789
289.675 568.221
289.936 681.652
290.197 608.082
290.458 465.510
290.719 412.938
290.981 527.364
291.242 542.789
291.503 566.213
291.764 410.636
292.025 275.058
292.286 322.479
292.547 447.899
292.808 445.318
293.069 503.735
293.330 523.152
293.591 570.567
293.852 513.981
294.113 424.395
294.374 413.807
294.635 508.218
294.896 526.628
295.157 555.037
295.418 499.445
295.679 542.852
295.941 549.258
296.202 564.663
296.463 524.067
296.724 591.469
296.985 618.871
297.246 520.272
297.507 384.671
297.768 339.070
298.029 527.467
298.290 709.864
298.551 674.259
298.812 673.654
299.073 471.047
299.334 378.440
299.595 543.831
299.856 545.222
300.117 677.611
300.378 616.999
300.639 394.387
300.901 324.773
301.162 486.158
301.423 562.543
301.684 683.926
301.945 719.309
302.206 474.690
302.467 498.070
302.728 381.450
302.989 444.828
303.250 540.206
303.511 560.582
303.772 558.958
304.033 521.332
304.294 487.706
304.555 499.078
304.816 566.450
305.077 578.820
305.338 425.190
305.599 447.559
305.861 514.927
306.122 552.293
306.383 511.659
306.644 492.024
306.905 404.388
307.166 600.751
307.427 585.113
307.688 507.474
307.949 444.835
308.210 472.194
308.471 509.552
308.732 464.910
308.993 334.266
309.254 391.622
309.515 341.976
309.776 461.330
310.037 507.683
310.298 328.035
310.559 381.386
310.821 543.736
311.082 533.085
311.343 424.433
311.604 392.781
311.865 349.127
312.126 361.473
312.387 450.817
312.648 453.161
312.909 447.504
313.170 481.846
313.434 509.187
313.698 469.527
313.963 498.867
314.227 421.205
314.491 447.543
314.755 533.880
315.019 457.216
315.284 292.551
315.548 456.885
315.812 472.218
316.076 566.550
316.340 583.882
316.604 536.213
316.869 574.542
317.133 509.871
317.397 569.200
317.661 565.527
317.925 487.853
318.190 489.179
318.454 474.504
318.718 397.828
318.982 507.151
319.246 611.473
319.511 755.794
319.775 557.115
320.039 478.435
320.303 518.754
320.567 574.072
320.832 539.389
321.096 489.706
321.360 484.021
321.624 451.336
321.888 353.650
322.153 406.963
322.417 377.276
322.681 336.588
322.945 484.898
323.209 535.208
323.473 439.518
323.738 389.826
324.002 439.134
324.266 572.441
324.530 587.747
324.794 514.052
325.059 453.356
325.323 335.660
325.587 422.963
325.851 499.265
326.115 665.567
326.380 542.867
326.644 561.167
326.908 589.466
327.172 487.765
327.436 509.062
327.701 515.359
327.965 497.655
328.229 506.950
328.493 385.245
328.757 430.538
329.022 566.831
329.286 428.124
329.550 395.415
329.814 447.706
330.078 471.996
330.342 453.285
330.607 483.574
330.871 558.862
331.135 626.149
331.399 590.435
331.663 482.721
331.928 519.006
332.192 559.290
332.456 562.573
332.720 587.856
332.984 437.138
333.249 446.419
333.513 448.700
333.777 355.980
334.041 338.259
334.305 490.537
334.570 541.815
334.834 409.092
335.098 563.368
335.362 631.644
335.626 563.919
335.891 522.193
336.155 514.467
336.419 512.739
336.683 301.012
336.947 409.283
337.211 480.554
337.476 394.824
337.740 418.093
338.004 496.362
338.268 495.630
338.532 546.897
338.797 465.164
339.061 549.430
339.325 616.695
339.589 672.960
339.853 567.224
340.118 506.487
340.382 542.750
340.646 645.012
340.910 466.273
341.174 465.534
341.439 501.794
341.703 596.053
341.967 553.312
342.231 452.570
342.495 414.827
342.759 558.084
343.024 518.340
343.288 622.596
343.552 598.851
343.816 350.105
344.080 414.358
344.345 544.611
344.609 391.864
344.873 314.115
345.137 499.366
345.401 544.617
345.666 383.866
345.930 568.116
346.194 622.364
346.458 383.612
346.722 413.859
346.987 460.106
347.251 511.352
347.515 662.597
347.779 519.842
348.043 442.086
348.308 461.330
348.572 364.573
348.836 330.815
349.100 382.057
349.364 368.298
349.628 418.539
349.893 442.779
350.157 473.018
350.421 446.257
350.685 482.495
350.949 471.733
351.214 396.970
351.478 436.206
351.742 444.442
352.006 462.677
352.270 477.912
352.535 413.146
352.799 446.379
353.063 513.612
353.327 420.845
353.591 337.076
353.856 446.308
354.120 526.538
354.384 616.768
354.648 693.998
354.912 596.227
355.177 477.455
355.441 420.683
355.705 635.910
355.969 640.137
356.233 558.363
356.497 532.588
356.762 516.813
357.026 489.038
357.290 517.262
357.554 534.485
357.818 584.708
358.083 519.930
358.347 452.152
358.611 457.373
358.875 465.593
359.139 482.813
359.404 422.033
359.668 569.252
359.932 696.470
360.196 633.688
360.460 493.906
360.725 515.122
360.989 615.339
361.253 734.555
361.517 666.770
361.781 606.985
362.046 578.199
362.310 602.412
362.574 627.626
362.838 516.838
363.102 554.050
363.366 595.262
363.631 469.473
363.895 480.684
364.159 679.894
364.423 646.103
364.687 583.312
364.952 624.521
365.216 663.729
365.480 578.936
365.747 417.143
366.013 433.350
366.280 448.556
366.546 578.761
366.813 511.966
367.079 546.171
367.346 673.375
367.612 575.579
367.879 594.782
368.145 659.984
368.412 504.186
368.678 485.388
368.945 606.589
369.211 541.789
369.478 570.990
369.744 551.189
370.011 550.388
370.278 548.587
370.544 462.785
370.811 497.983
371.077 542.180
371.344 522.377
371.610 557.573
371.877 592.769
372.143 669.964
372.410 706.159
372.676 713.354
372.943 688.548
373.209 598.741
373.476 514.934
373.742 440.127
374.009 567.319
374.276 618.511
374.542 588.702
374.809 462.892
375.075 342.083
375.342 321.273
375.608 320.462
375.875 394.651
376.141 645.839
376.408 645.027
376.674 559.215
376.941 507.402
377.207 534.589
377.474 907.775
377.740 803.961
378.007 476.146
378.273 580.331
378.540 632.515
378.807 505.699
379.073 470.883
379.340 439.066
379.606 474.249
379.873 469.431
380.139 565.613
380.406 604.795
380.672 570.976
380.939 508.156
381.205 448.336
381.472 405.516
381.738 386.695
382.005 510.874
382.271 543.053
382.538 599.231
382.804 754.408
383.071 593.585
383.338 507.762
383.604 516.939
383.871 593.115
384.137 622.290
384.404 577.465
384.670 554.640
384.937 504.814
385.203 597.988
385.470 572.162
385.736 584.335
386.003 526.507
386.269 509.680
386.536 535.852
386.802 520.023
387.069 603.194
387.336 745.365
387.602 691.535
387.869 462.705
388.135 425.874
388.402 410.044
388.668 507.212
388.935 613.381
389.201 674.548
389.468 659.716
389.734 667.883
390.001 637.050
390.267 566.216
390.534 629.382
390.800 626.548
391.067 659.713
391.333 620.878
391.600 512.042
391.867 604.206
392.133 610.370
392.400 486.533
392.666 435.696
392.933 654.859
393.199 744.021
393.466 594.183
393.732 569.344
393.999 649.505
394.265 648.666
394.532 561.826
394.798 691.986
395.065 584.146
395.331 691.305
395.598 788.464
395.864 727.622
396.131 831.780
396.398 990.938
396.664 1093.095
396.931 1290.252
397.197 1568.409
397.464 1888.565
397.730 2384.721
397.997 2550.877
398.263 2721.032
398.530 2890.187
398.796 3141.341
399.063 3288.496
399.329 3225.649
399.596 3399.803
399.862 3407.956
400.129 3468.109
400.396 3540.261
400.662 3269.413
400.929 3125.565
401.195 3172.716
401.462 3266.867
401.728 3277.018
401.995 3352.168
402.261 3418.318
402.528 3539.468
402.794 3619.617
403.061 3792.766
403.327 3957.915
403.594 3935.063
403.860 3956.211
404.127 3897.359
404.393 3919.506
404.660 3849.653
404.931 3940.800
405.202 3987.946
405.473 3833.092
405.745 3967.238
406.016 4240.383
406.287 4043.528
406.558 3985.673
406.829 4096.817
407.100 3890.961
407.371 4092.105
407.642 4200.249
407.914 3993.392
408.185 3876.534
408.456 3943.677
408.727 4090.819
408.998 4120.961
409.269 4325.102
409.540 4435.243
409.811 3980.384
410.083 3878.525
410.354 3839.665
410.625 3653.805
410.896 3697.944
411.167 3715.084
411.438 3732.223
411.709 3400.361
411.981 3391.500
412.252 3069.638
412.523 2758.775
412.794 2839.913
413.065 2812.050
413.336 2459.187
413.607 2422.323
413.878 2387.459
414.150 2155.595
414.421 1906.731
414.692 1752.866
414.963 1650.001
415.234 1715.136
415.505 1659.270
415.776 1660.404
416.047 1605.538
416.319 1424.672
416.590 1180.805
416.861 946.938
417.132 1023.071
417.403 1078.203
417.674 962.335
417.945 816.467
418.217 772.598
418.488 893.729
418.759 763.860
419.030 628.991
419.301 694.121
419.572 739.251
419.843 719.381
420.114 642.510
420.386 667.640
420.657 762.769
420.928 637.897
421.199 618.026
421.470 616.154
421.741 530.281
422.012 580.409
422.283 591.536
422.555 602.663
422.826 706.790
423.097 805.916
423.368 727.042
423.639 545.168
423.910 580.294
424.181 550.419
424.453 531.544
424.724 856.669
424.995 891.793
425.266 745.917
425.537 676.041
425.808 772.165
426.079 826.288
426.350 818.412
426.622 766.534
426.893 868.657
427.164 802.779
427.435 712.901
427.706 721.023
427.977 797.145
428.248 768.266
428.519 735.387
428.791 692.508
429.062 846.628
429.333 744.749
429.604 694.869
429.875 806.988
430.146 877.108
430.417 847.227
430.689 841.346
430.960 670.465
431.231 640.583
431.502 885.701
431.773 864.819
432.044 746.937
432.315 938.054
432.586 829.172
432.858 826.289
433.129 624.405
433.400 656.522
433.671 734.638
433.942 665.754
434.213 520.870
434.484 524.985
434.755 617.100
435.027 492.215
435.298 631.330
435.569 659.444
435.840 577.559
436.116 627.673
436.391 678.786
436.667 649.900
436.942 678.013
437.218 729.126
437.493 715.239
437.769 808.351
438.045 755.464
438.320 689.576
438.596 676.688
438.871 640.799
439.147 654.911
439.422 574.022
439.698 472.133
439.974 555.243
440.249 727.354
440.525 765.464
440.800 503.574
441.076 558.684
441.351 709.793
441.627 791.902
441.903 770.011
442.178 544.120
442.454 525.229
442.729 789.337
443.005 646.445
443.281 702.553
443.556 833.661
443.832 746.768
444.107 574.876
444.383 538.983
444.658 549.089
444.934 447.196
445.210 673.302
445.485 774.408
445.761 754.514
446.036 691.620
446.312 761.725
446.587 757.831
446.863 549.936
447.139 664.040
447.414 698.145
447.690 712.249
447.965 778.353
448.241 673.457
448.516 663.561
448.792 660.665
449.068 623.768
449.343 693.871
449.619 632.974
449.894 656.076
450.170 613.179
450.445 755.281
450.721 825.383
450.997 561.485
451.272 684.587
451.548 643.688
451.823 619.789
452.099 772.890
452.375 603.991
452.650 611.091
452.926 754.192
453.201 722.292
453.477 969.392
453.752 850.492
454.028 672.591
454.304 772.690
454.579 910.789
454.855 846.888
455.130 843.987
455.406 944.086
455.681 870.184
455.957 750.282
456.233 682.380
456.508 697.478
456.784 759.575
457.059 757.672
457.335 941.770
457.610 867.867
457.886 743.963
458.162 626.060
458.437 640.156
458.713 726.252
458.988 679.348
459.264 756.444
459.539 791.539
459.815 707.635
460.091 633.730
460.366 551.825
460.642 495.920
460.917 640.014
461.193 654.109
461.468 568.203
461.744 573.297
462.020 541.391
462.295 599.484
462.571 544.578
462.846 617.671
463.122 751.764
463.397 781.857
463.673 634.315
463.949 584.458
464.224 600.534
464.500 646.580
464.775 593.319
465.051 691.028
465.327 730.771
465.602 866.860
465.878 975.709
466.153 815.145
466.429 1042.824
466.704 1365.227
466.980 1285.048
467.256 1367.138
467.531 1522.751
467.807 1473.264
468.082 1472.352
468.358 1435.933
468.633 1534.726
468.909 1514.735
469.185 1481.171
469.460 1651.764
469.736 1669.630
470.011 1426.013
470.287 1471.951
470.562 1469.967
470.838 1281.832
471.114 1344.832
471.389 1287.345
471.665 1250.312
471.940 1312.395
472.216 1255.803
472.491 1024.134
472.767 1015.118
473.043 1136.910
473.318 1182.637
473.594 978.827
473.869 864.956
474.145 802.989
474.421 837.664
474.696 833.682
474.972 745.005
475.247 786.626
475.523 848.030
475.798 814.322
476.074 799.323
476.350 763.767
476.625 716.722
476.901 757.582
477.176 729.402
477.452 649.396
477.727 667.792
478.003 508.662
478.279 753.666
478.554 825.905
478.830 773.930
479.105 849.600
479.381 770.729
479.656 665.337
479.932 698.181
480.208 803.833
480.483 832.425
480.759 846.664
481.034 730.740
481.310 696.479
481.585 704.230
481.861 747.658
482.137 713.755
482.412 757.384
482.688 746.908
482.963 741.225
483.239 835.753
483.514 620.403
483.790 702.242
484.066 981.341
484.341 793.815
484.617 673.462
484.892 800.559
485.168 822.528
485.443 651.810
485.719 683.697
485.995 833.213
486.270 819.581
486.546 734.952
486.821 638.096
487.097 566.824
487.373 686.658
487.648 857.628
487.924 876.527
488.199 651.773
488.475 454.404
488.750 486.922
489.026 707.299
489.302 663.214
489.577 598.914
489.853 657.169
490.128 821.788
490.404 746.695
490.679 590.214
490.955 834.091
491.231 923.120
491.506 820.379
491.782 660.630
492.057 592.543
492.333 737.431
492.608 692.495
492.884 716.053
493.160 605.559
493.435 602.898
493.711 749.050
493.986 698.438
494.262 716.843
494.537 625.740
494.813 700.029
495.089 605.504
495.364 612.453
495.640 680.306
495.915 645.997
496.191 856.003
496.467 821.450
496.742 717.089
497.018 763.000
497.293 663.368
497.569 786.625
497.844 701.126
498.120 747.733
498.396 757.225
498.671 661.723
498.947 776.989
499.222 733.101
499.498 743.852
499.773 840.441
500.049 890.045
500.325 850.087
500.600 886.858
500.876 909.839
501.151 1084.253
501.427 1135.614
501.702 1283.560
501.978 1291.672
502.254 1323.549
502.529 1191.504
502.805 1373.036
503.080 1610.378
503.356 1554.556
503.631 1475.389
503.907 1458.204
504.183 1490.663
504.458 1545.389
504.734 1443.796
505.009 1534.867
505.285 1422.118
505.560 1425.806
505.836 1421.246
506.112 1385.890
506.387 1267.539
506.663 1143.981
506.938 1179.439
507.214 1208.831
507.490 1189.497
507.765 1118.739
508.041 1176.325
508.316 1262.165
508.592 1056.267
508.867 1035.152
509.143 1102.521
509.419 1029.222
509.694 891.818
509.970 842.738
510.245 763.040
510.521 799.344
510.796 700.710
511.072 682.794
511.348 722.376
511.623 712.473
511.899 721.348
512.174 843.835
512.450 894.651
512.725 837.177
513.001 638.196
513.277 579.213
513.552 765.880
513.828 704.276
514.103 731.056
514.379 838.350
514.654 695.032
514.930 669.172
515.206 1013.035
515.481 932.627
515.757 680.129
516.032 573.852
516.308 753.458
516.583 829.859
516.859 725.093
517.135 724.181
517.410 805.441
517.686 873.530
517.961 845.409
518.237 781.755
518.513 707.699
518.788 914.040
519.064 997.278
519.339 950.960
519.615 849.717
519.890 917.425
520.166 986.929
520.442 1156.396
520.717 1265.215
520.993 1221.215
521.268 1092.092
521.544 1124.875
521.819 1009.422
522.095 1114.079
522.371 1243.463
522.646 1219.553
522.922 1357.333
523.197 1300.879
523.473 1409.741
523.748 1369.608
524.024 1260.576
524.300 1162.070
524.575 1125.765
524.851 1241.613
525.126 1270.121
525.402 1229.289
525.677 1270.495
525.953 1249.262
526.229 1228.288
526.504 1226.650
526.780 1374.674
527.055 1275.569
527.331 1308.162
527.606 1400.469
527.882 1374.306
528.158 1276.062
528.433 1375.498
528.709 1294.941
528.984 1342.982
529.260 1346.584
529.535 1340.544
529.811 1201.312
530.087 1085.298
530.362 1167.325
530.638 1254.805
530.913 1235.102
531.189 1167.818
531.465 1079.071
531.740 1013.504
532.016 1067.732
532.291 1076.492
532.567 1107.704
532.842 1072.877
533.118 983.770
533.394 1086.723
533.669 978.971
533.945 825.330
534.220 801.067
534.496 916.801
534.771 845.625
535.047 906.018
535.323 873.756
535.598 906.129
535.874 954.921
536.149 910.945
536.425 786.647
536.700 776.917
536.976 892.222
537.252 1003.064
537.527 986.423
537.803 1050.329
538.078 1218.575
538.354 1414.304
538.629 1451.184
538.905 1582.144
539.181 1818.061
539.456 1950.266
539.732 2249.383
540.007 2375.795
540.283 2229.976
540.558 2215.983
540.834 2348.018
541.110 2332.575
541.385 2239.560
541.661 2457.436
541.936 2556.061
542.212 2422.319
542.488 2417.418
542.763 2567.125
543.039 2535.995
543.314 2473.549
543.590 2365.831
543.865 2365.885
544.141 2374.876
544.417 2271.652
544.692 2151.547
544.968 2303.536
545.243 2234.309
545.519 2006.721
545.794 2008.769
546.070 2189.737
546.348 2176.048
546.627 1952.268
546.905 2120.432
547.183 2148.051
547.461 2143.138
547.740 2242.495
548.018 2082.749
548.296 1919.859
548.575 1848.412
548.853 1828.603
549.131 1918.029
549.409 2073.916
549.688 2278.333
549.966 2320.051
550.244 2465.936
550.523 2474.446
550.801 2618.582
551.079 2724.846
551.357 2777.320
551.636 2840.832
551.914 2793.860
552.192 2700.222
552.471 2824.360
552.749 3004.066
553.027 3034.625
553.306 3147.718
553.584 3275.595
553.862 3185.001
554.140 3227.291
554.419 3221.775
554.697 3393.225
554.975 3643.379
555.254 3737.619
555.532 3600.229
555.810 3766.522
556.088 3866.343
556.367 3745.652
556.645 3766.376
556.923 3914.285
557.202 3898.867
557.480 3950.470
557.758 3763.369
558.036 3629.567
558.315 3496.740
558.593 3428.056
558.871 3178.346
559.150 3009.933
559.428 2949.160
559.706 2738.530
559.984 2572.807
560.263 2560.730
560.541 2432.652
560.819 2307.875
561.098 2242.907
561.376 2097.761
561.654 1802.615
561.932 1544.532
562.211 1592.523
562.489 1582.963
562.767 1390.512
563.046 1174.795
563.324 1106.535
563.602 1119.171
563.880 984.746
564.159 985.751
564.437 1051.007
564.715 889.873
564.994 750.763
565.272 868.851
565.550 820.125
565.828 694.278
566.107 817.339
566.385 807.427
566.663 686.736
566.942 671.110
567.220 721.107
567.498 869.923
567.776 721.891
568.055 628.666
568.333 691.211
568.611 731.123
568.890 665.658
569.168 619.690
569.446 629.995
569.725 644.533
570.003 541.196
570.281 485.671
570.559 621.112
570.838 653.703
571.116 697.986
571.394 730.976
571.673 750.158
571.951 727.629
572.229 688.839
572.507 709.960
572.786 668.866
573.064 659.825
573.342 670.579
573.621 542.176
573.899 575.390
574.177 813.301
574.455 724.208
574.734 636.898
575.012 755.337
575.290 677.766
575.569 713.769
575.847 771.432
576.125 722.407
576.403 614.123
576.682 694.417
576.960 764.794
577.243 789.676
577.527 697.886
577.810 549.161
578.093 540.870
578.377 555.817
578.660 581.552
578.944 618.156
579.227 602.592
579.510 701.349
579.794 639.588
580.077 557.729
580.360 599.000
580.644 615.527
580.927 638.050
581.210 638.093
581.494 567.694
581.777 669.660
582.061 611.605
582.344 590.323
582.627 584.384
582.911 597.387
583.194 540.142
583.477 623.019
583.761 664.977
584.044 738.872
584.327 710.682
584.611 600.834
584.894 652.824
585.178 642.876
585.461 629.932
585.744 706.897
586.028 600.646
586.311 610.688
586.594 660.730
586.878 641.771
587.161 625.813
587.444 685.855
587.728 659.896
588.011 670.938
588.295 517.980
588.578 562.459
588.861 755.307
589.145 665.104
589.428 604.750
589.711 538.186
589.995 603.624
590.278 745.523
590.562 649.309
590.845 562.787
591.128 731.927
591.412 691.050
591.695 620.852
591.978 781.949
592.262 723.830
592.545 526.016
592.828 663.308
593.112 610.843
593.395 583.964
593.679 465.892
593.962 634.259
594.245 647.598
594.529 559.081
594.812 459.161
595.095 379.061
595.379 612.707
595.662 728.664
595.945 661.445
596.229 507.059
596.512 494.213
596.796 596.823
597.079 654.687
597.362 733.934
597.646 753.029
597.929 674.928
598.212 689.122
598.496 720.781
598.779 806.979
599.062 816.889
599.346 663.917
599.629 600.184
599.913 591.749
600.196 612.477
600.479 632.582
600.763 644.081
601.046 534.691
601.329 620.885
601.613 739.290
601.896 635.100
602.179 717.028
602.463 630.622
602.746 702.369
603.030 812.426
603.313 767.505
603.596 604.638
603.880 642.318
604.163 676.669
604.446 644.701
604.730 558.548
605.013 671.542
605.296 729.043
605.580 670.314
605.863 715.405
606.147 589.095
606.430 578.358
606.713 712.858
606.997 683.231
607.280 791.209
607.563 687.528
607.847 666.364
608.130 730.390
608.414 758.087
608.697 706.264
608.980 685.445
609.264 808.702
609.547 707.064
609.830 672.820
610.114 702.239
610.397 690.522
610.680 734.892
610.964 731.467
611.247 697.189
611.531 678.282
611.814 546.816
612.097 580.218
612.381 732.626
612.664 869.789
612.947 709.864
613.231 620.596
613.514 635.976
613.797 738.172
614.081 785.359
614.364 742.172
614.648 728.455
614.931 663.657
615.214 579.213
615.498 674.213
615.781 729.045
616.064 712.348
616.348 858.053
616.631 866.815
616.914 934.894
617.198 814.668
617.481 753.619
617.765 761.300
618.048 783.804
618.331 730.532
618.615 668.047
618.898 815.315
619.181 849.935
619.465 778.604
619.748 668.847
620.031 660.632
620.315 632.580
620.598 674.909
620.882 778.891
621.165 960.614
621.448 815.519
621.732 764.624
622.015 644.260
622.298 612.678
622.582 713.124
622.865 694.890
623.148 644.974
623.432 724.377
623.715 641.329
623.999 843.251
624.282 797.947
624.565 844.859
624.849 657.770
625.132 515.985
625.415 764.003
625.699 880.853
625.982 748.697
626.265 649.133
626.549 582.855
626.832 702.081
627.116 767.771
627.399 586.997
627.682 594.920
627.966 615.502
628.249 592.784
628.532 570.111
628.816 750.545
629.099 650.628
629.383 638.999
629.666 631.762
629.949 564.170
630.233 582.962
630.516 658.565
630.799 691.914
631.083 586.349
631.366 554.716
631.649 476.102
631.933 433.552
632.216 607.502
632.500 686.195
632.783 674.519
633.066 646.111
633.350 634.608
633.633 686.151
633.916 692.197
634.200 596.277
634.483 671.407
634.766 701.033
635.050 647.632
635.333 512.888
635.617 536.636
635.900 649.393
636.183 695.498
636.467 659.900
636.750 618.119
637.033 679.469
637.317 655.004
637.600 621.524
637.883 574.022
638.167 617.603
638.450 649.247
638.734 628.678
639.017 682.078
639.300 694.280
639.584 637.533
639.867 776.945
640.150 708.686
640.434 792.906
640.717 809.951
641.000 703.438
641.284 791.318
641.567 698.542
641.851 701.001
642.134 823.015
642.417 737.228
642.701 824.009
642.984 868.127
643.267 828.583
643.551 741.534
643.834 634.479
644.117 660.130
644.401 642.971
644.684 715.165
644.968 839.541
645.251 811.578
645.534 661.512
645.818 648.408
646.101 758.904
646.384 834.050
646.668 850.980
646.951 727.065
647.235 706.160
647.518 698.670
647.801 900.766
648.085 1004.174
648.368 1015.484
648.651 913.069
648.935 1008.978
649.218 1182.264
649.501 1168.327
649.785 1186.087
650.068 1375.146
650.352 1422.742
650.635 1427.896
650.918 1437.789
651.202 1618.381
651.485 1845.966
651.768 1895.278
652.052 1795.864
652.335 1917.757
652.618 2057.285
652.902 2179.415
653.185 2530.749
653.469 2512.557
653.752 2491.808
654.035 2628.220
654.319 2822.078
654.602 2971.802
654.885 2947.314
655.169 3037.508
655.452 2950.012
655.735 3017.037
656.019 3026.036
656.302 2921.691
656.586 2972.411
656.869 3045.357
657.152 2927.240
657.436 2825.542
657.719 2944.108
658.002 2893.513
658.286 2879.293
658.569 2724.953
658.852 2586.178
659.136 2766.077
659.419 2779.304
659.703 2564.104
659.986 2601.696
660.269 2703.661
660.553 2546.471
660.836 2546.500
661.119 2641.040
661.403 2544.615
661.686 2397.599
661.969 2313.192
662.253 2395.220
662.536 2391.183
662.820 2485.753
663.103 2412.759
663.386 2417.858
663.670 2404.701
663.953 2193.384
664.236 2164.226
664.520 2182.491
664.803 2135.913
665.086 2077.099
665.370 2069.100
665.653 2098.510
665.937 2032.715
666.220 1876.556
666.503 1742.710
666.787 1740.709
667.070 1644.681
667.353 1587.799
667.637 1415.234
667.920 1455.830
668.204 1292.447
668.487 1178.538
668.770 1313.167
669.054 1109.528
669.337 995.498
669.620 1009.797
669.904 979.265
670.187 1061.840
670.470 1136.420
670.754 1016.039
671.037 802.398
671.321 742.362
671.604 999.795
671.887 967.068
672.171 859.624
672.454 918.077
672.737 938.428
673.021 821.469
673.304 866.487
673.587 1015.385
673.871 964.004
674.154 951.785
674.438 1017.538
674.721 1019.621
675.004 959.997
675.288 897.267
675.571 882.770
675.854 808.647
676.138 750.744
676.421 727.810
676.704 668.672
676.988 814.551
677.271 997.238
677.555 918.668
677.838 796.668
678.121 774.178
678.405 769.596
678.688 875.213
678.971 694.483
679.255 774.385
679.538 885.408
679.821 819.044
680.105 776.308
680.388 709.875
680.672 697.126
680.955 702.351
681.238 671.890
681.522 668.100
681.805 734.867
682.088 786.212
682.372 831.896
682.655 754.503
682.938 832.817
683.222 834.932
683.505 745.966
683.789 805.554
684.072 749.154
684.355 768.231
684.639 770.345
684.922 668.074
685.205 631.566
685.489 814.264
685.772 837.085
686.056 826.480
686.339 864.163
686.622 646.310
686.906 618.152
687.189 757.009
687.472 932.400
687.756 823.007
688.039 648.527
688.322 539.993
688.606 758.182
688.889 763.427
689.173 652.805
689.456 737.382
689.739 755.153
690.023 717.894
690.306 711.663
690.589 689.072
690.873 760.181
691.156 752.922
691.439 731.095
691.723 626.022
692.006 678.782
692.290 752.240
692.573 830.404
692.856 879.485
693.140 846.350
693.423 757.507
693.706 672.306
693.990 617.166
694.273 615.520
694.556 898.707
694.840 1015.379
695.123 838.735
695.407 785.262
695.690 729.086
695.973 786.564
696.257 834.182
696.540 913.595
696.830 806.822
697.120 789.375
697.410 783.455
697.699 757.035
697.989 941.734
698.279 805.288
698.569 738.913
698.859 833.199
699.149 942.971
699.439 839.887
699.729 765.585
700.018 768.670
700.308 885.137
700.598 801.573
700.888 656.876
701.178 873.492
701.468 815.834
701.758 705.608
702.048 761.069
702.337 711.306
702.627 845.111
702.917 769.453
703.207 658.158
703.497 695.748
703.787 615.675
704.077 665.613
704.366 735.585
704.656 660.647
704.946 619.688
705.236 591.120
705.526 749.235
705.816 841.074
706.106 611.943
706.396 619.324
706.685 653.251
706.975 489.421
707.265 411.169
707.555 624.520
707.845 673.850
708.135 552.960
708.425 460.434
708.715 493.553
709.004 669.965
709.294 714.453
709.584 732.790
709.874 705.198
710.164 679.579
710.454 574.225
710.744 506.553
711.034 643.156
711.323 668.486
711.613 615.359
711.903 747.519
712.193 800.638
712.483 598.103
712.773 603.041
713.063 596.972
713.352 618.351
713.642 600.546
713.932 715.493
714.222 749.174
714.512 658.000
714.802 623.494
715.092 702.003
715.382 554.632
715.671 507.250
715.961 609.376
716.251 543.887
716.541 565.521
716.831 654.421
717.121 544.218
717.411 672.383
717.701 757.572
717.990 646.587
718.280 560.368
718.570 506.902
718.860 518.844
719.150 567.115
719.440 562.777
719.730 556.650
720.019 798.505
720.309 731.475
720.599 645.536
720.889 552.055
721.179 608.534
721.469 658.946
721.759 610.700
722.049 710.433
722.338 590.607
722.628 577.352
722.918 635.360
723.208 712.563
723.498 573.160
723.788 590.094
724.078 778.757
724.368 739.778
724.657 631.185
724.947 683.887
725.237 706.768
725.527 727.059
725.817 623.195
726.107 576.668
726.397 560.247
726.686 534.154
726.976 585.432
727.266 670.558
727.556 600.945
727.846 668.343
728.136 704.467
728.426 563.410
728.716 517.887
729.005 648.721
729.295 589.632
729.585 462.642
729.875 495.680
730.165 556.316
730.455 624.231
730.745 607.381
731.035 631.672
731.324 739.925
731.614 649.187
731.904 523.502
732.194 649.858
732.484 638.836
732.774 629.128
733.064 601.910
733.354 487.144
733.643 543.223
733.933 593.396
734.223 561.251
734.513 700.647
734.803 748.179
735.093 580.394
735.383 520.433
735.672 583.929
735.962 694.680
736.252 508.292
736.542 543.588
736.832 545.566
737.122 512.787
737.412 530.453
737.702 618.334
737.991 650.737
738.281 588.123
738.571 606.229
738.861 549.370
739.151 549.390
739.441 675.712
739.731 562.654
740.021 597.279
740.310 647.197
740.600 681.419
740.890 490.933
741.180 539.305
741.470 657.784
741.760 648.919
742.050 791.090
742.339 696.729
742.629 589.924
742.919 740.289
743.209 514.280
743.499 469.308
743.789 496.524
744.079 597.533
744.369 642.461
744.658 542.663
744.948 386.699
745.238 534.772
745.528 597.229
745.818 765.499
746.108 658.375
746.398 664.013
746.688 652.115
746.977 758.390
747.267 603.493
747.557 688.605
747.847 728.385
748.137 608.731
748.427 608.749
748.717 538.657
749.006 413.762
749.296 535.707
749.586 600.864
749.876 727.975
750.166 645.324
750.456 600.124
750.746 618.705
751.036 503.953
751.325 677.625
751.615 670.328
751.905 671.345
752.195 708.035
752.485 579.054
752.775 614.687
753.065 562.653
753.355 699.809
753.644 691.819
753.934 607.576
754.224 584.919
754.514 752.191
754.804 557.874
755.094 484.673
755.384 533.839
755.674 607.077
755.963 686.333
756.253 664.952
756.543 693.390
756.833 701.837
757.123 647.938
757.413 534.034
757.703 507.922
757.992 538.091
758.282 658.051
758.572 607.474
758.862 496.939
759.152 570.324
759.442 558.725
759.732 653.777
760.022 775.403
760.311 602.157
760.601 435.173
760.891 600.181
761.181 667.937
761.471 646.494
761.761 504.162
762.051 509.215
762.341 668.680
762.630 771.084
762.920 675.432
763.210 652.945
763.500 680.502
763.793 608.013
764.086 661.404
764.379 618.503
764.671 695.985
764.964 608.477
765.257 612.519
765.550 629.901
765.843 474.676
766.136 591.629
766.429 579.550
766.722 591.069
767.014 548.238
767.307 438.032
767.600 509.550
767.893 524.194
768.186 490.945
768.479 593.785
768.772 727.875
769.064 716.804
769.357 630.500
769.650 593.855
769.943 746.345
770.236 640.623
770.529 553.584
770.822 589.892
771.115 668.538
771.407 732.802
771.700 705.574
771.993 732.566
772.286 687.445
772.579 710.962
772.872 594.044
773.165 529.545
773.457 607.183
773.750 694.594
774.043 601.775
774.336 597.349
774.629 672.775
774.922 664.389
775.215 558.452
775.508 647.979
775.800 585.976
776.093 652.041
776.386 656.432
776.679 510.080
776.972 581.598
777.265 815.250
777.558 907.002
777.850 763.393
778.143 696.073
778.436 671.639
778.729 650.881
779.022 668.988
779.315 553.426
779.608 443.895
779.900 530.344
780.193 611.767
780.486 603.137
780.779 555.408
781.072 530.819
781.365 652.732
781.658 621.276
781.951 556.031
782.243 619.061
782.536 633.373
782.829 633.389
783.122 636.418
783.415 624.762
783.708 639.824
784.001 627.804
784.293 685.995
784.586 732.418
784.879 741.452
785.172 662.648
785.465 563.127
785.758 635.288
786.051 673.380
786.344 679.049
786.636 759.825
786.929 570.652
787.222 572.816
787.515 581.695
787.808 553.576
788.101 571.574
788.394 689.472
788.686 794.383
788.979 753.193
789.272 686.522
789.565 611.002
789.858 520.200
790.151 533.722
790.444 497.774
790.737 509.288
791.029 493.317
791.322 593.133
791.615 574.611
791.908 657.693
792.201 629.108
792.494 597.589
792.787 666.730
793.079 808.986
793.372 697.638
793.665 698.349
793.958 593.679
794.251 613.634
794.544 739.532
794.837 804.094
795.130 669.513
795.422 637.624
795.715 674.529
796.008 673.221
796.301 627.075
796.594 606.174
796.887 643.042
797.180 652.671
797.472 552.986
797.765 437.348
798.058 534.537
798.351 546.052
798.644 507.184
798.937 487.259
799.230 607.307
799.523 922.983
799.815 837.255
800.108 554.120
800.401 445.461
800.694 647.517
800.987 596.039
801.280 610.232
801.573 747.110
801.865 730.142
802.158 641.604
802.451 594.713
802.744 554.808
803.037 570.791
803.330 604.343
803.623 726.510
803.915 656.664
804.208 541.451
804.501 624.632
804.794 624.647
805.087 577.037
805.380 450.954
805.673 512.579
805.966 650.732
806.258 555.207
806.551 630.634
806.844 669.805
807.137 696.624
807.430 511.200
807.723 497.159
808.016 704.001
808.308 740.643
808.601 617.685
808.894 526.387
809.187 527.939
809.480 637.081
809.773 612.334
810.066 628.056
810.359 692.147
810.651 684.477
810.944 500.334
811.237 472.599
811.530 628.012
811.825 622.600
812.119 483.743
812.414 404.040
812.709 542.846
813.003 617.846
813.298 574.769
813.593 644.844
813.887 605.744
814.182 878.793
814.476 779.192
814.771 742.658
815.066 669.921
815.360 546.287
815.655 513.782
815.950 588.581
816.244 631.322
816.539 717.231
816.834 673.413
817.128 715.951
817.423 767.224
817.718 848.324
818.012 660.179
818.307 436.157
818.602 534.532
818.896 669.114
819.191 649.261
819.486 600.149
819.780 681.523
820.075 804.720
820.369 792.955
820.664 604.349
820.959 631.279
821.253 677.543
821.548 617.454
821.843 653.019
822.137 660.988
822.432 690.505
822.727 652.658
823.021 625.170
823.316 784.667
823.611 762.241
823.905 570.781
824.200 507.335
824.495 662.428
824.789 687.759
825.084 679.672
825.379 624.497
825.673 643.122
825.968 721.746
826.262 652.610
826.557 671.709
826.852 698.611
827.146 675.271
827.441 619.426
827.736 686.977
828.030 667.530
828.325 488.492
828.620 660.481
828.914 777.031
829.209 619.915
829.504 826.313
829.798 767.436
830.093 581.650
830.388 565.808
830.682 530.378
830.977 684.506
831.271 782.872
831.566 643.627
831.861 609.939
832.155 567.915
832.450 630.795
832.745 762.228
833.039 700.282
833.334 541.297
833.629 633.538
833.923 620.621
834.218 551.184
834.513 580.021
834.807 506.934
835.102 439.512
835.397 502.943
835.691 529.493
835.986 530.950
836.281 508.835
836.575 536.726
836.870 583.542
837.164 596.833
837.459 485.911
837.754 514.244
838.048 472.211
838.343 440.365
838.638 515.825
838.932 571.072
839.227 579.123
839.522 629.003
839.816 574.232
840.111 558.690
840.406 564.963
840.700 722.216
840.995 871.936
841.290 902.699
841.584 746.675
841.879 760.339
842.174 673.708
842.468 635.103
842.763 531.801
843.057 586.052
843.352 650.194
843.647 637.655
843.941 639.632
844.236 635.142
844.531 679.221
844.825 686.226
845.120 732.063
845.415 823.508
845.709 694.618
846.004 698.495
846.299 593.705
846.593 740.171
846.888 717.644
847.183 640.358
847.477 659.154
847.772 699.232
848.066 659.132
848.361 626.479
848.656 701.324
848.950 689.227
849.245 750.671
849.540 661.440
849.834 856.943
850.129 872.848
850.424 731.500
850.718 697.872
851.013 812.829
851.308 737.283
851.602 686.781
851.897 758.571
852.192 895.764
852.486 774.597
852.781 613.099
853.076 747.134
853.370 779.474
853.665 788.641
853.959 797.129
854.254 673.087
854.549 876.207
854.843 787.383
855.138 650.039
855.433 733.122
855.727 879.365
856.022 710.024
856.317 651.674
856.611 684.004
856.906 603.151
857.201 670.874
857.495 845.002
857.790 906.641
858.085 742.156
858.379 647.579
858.674 580.999
858.969 542.675
859.263 570.723
859.558 636.032
859.852 574.207
860.147 667.260
860.442 788.582
860.736 549.635
861.031 648.835
861.326 730.574
861.620 610.141
861.915 760.617
862.210 798.954
862.504 616.314
862.799 696.854
863.094 756.022
863.388 686.489
863.683 645.477
863.978 604.110
864.272 656.535
864.567 669.171
864.861 634.274
865.156 557.606
865.451 488.820
865.745 633.956
866.040 719.070
866.335 748.497
866.629 802.266
866.924 649.041
867.219 597.570
867.513 737.322
867.808 644.811
868.103 561.156
868.397 589.953
868.692 639.278
868.987 557.918
869.281 564.732
869.576 679.278
869.871 750.682
870.165 593.163
870.460 459.118
870.754 538.734
871.049 458.311
871.344 555.435
871.638 616.980
871.933 564.544
872.228 584.669
872.522 588.443
872.817 693.784
873.112 911.995
873.406 732.751
873.701 772.762
873.996 717.715
874.290 637.261
874.585 569.044
874.880 618.940
875.174 604.583
875.469 585.652
875.764 646.874
876.058 630.832
876.353 508.814
876.647 470.889
876.942 529.949
877.237 573.414
877.531 579.417
877.826 666.578
878.121 626.665
878.415 575.749
878.710 522.040
879.005 663.786
879.299 609.139
879.594 526.160
879.889 410.075
880.183 436.520
880.478 544.754
880.773 572.692
881.067 566.975
881.362 626.396
881.656 550.868
881.951 576.294
882.246 514.690
882.540 567.207
882.835 568.411
883.130 578.918
883.424 543.455
883.719 529.675
884.014 614.836
884.308 566.017
884.603 511.805
884.898 525.823
885.192 592.158
885.487 576.811
885.782 501.389
886.076 612.907
886.371 601.942
886.666 426.524
886.960 485.291
887.255 485.762
887.549 517.075
887.844 689.560
888.139 712.682
888.433 625.124
888.728 567.185
889.023 570.747
889.317 559.993
889.612 470.047
889.907 563.446
890.201 613.898
890.496 610.712
890.791 589.864
891.085 532.866
891.380 526.697
891.675 559.857
891.969 602.270
892.264 494.079
892.559 507.752
892.853 651.193
893.148 560.293
893.442 510.857
893.737 609.201
894.032 502.946
894.326 438.639
894.621 480.939
894.916 412.589
895.210 524.129
895.505 623.584
895.800 555.179
896.094 475.656
896.389 501.261
896.684 515.848
896.978 474.801
897.273 405.801
897.568 569.762
897.862 601.222
898.157 580.011
898.451 672.569
898.746 653.109
899.041 674.954
899.335 627.134
899.630 530.181
899.925 573.122
900.219 626.276
900.514 694.832
900.809 545.450
901.103 387.297
901.398 575.583
901.693 496.097
901.987 474.267
902.282 616.330
902.577 506.823
902.871 464.491
903.166 549.660
903.461 640.339
903.755 602.493
904.050 563.799
904.344 468.770
904.639 474.637
904.934 501.105
905.228 523.598
905.523 469.118
905.818 519.155
906.112 649.794
906.407 610.363
906.702 511.114
906.996 552.215
907.291 560.175
907.586 461.343
907.880 626.097
908.175 603.039
908.470 581.230
908.764 637.024
909.059 715.276
909.354 687.394
909.648 546.478
909.943 516.350
910.237 628.009
910.532 683.248
910.827 732.753
911.121 679.306
911.416 591.410
911.711 621.750
912.005 634.875
912.300 612.070
912.599 679.458
912.898 612.862
913.196 674.874
913.495 719.410
913.794 731.909
914.093 614.247
914.391 607.957
914.690 662.839
914.989 582.235
915.288 695.507
915.586 639.807
915.885 538.954
916.184 433.971
916.483 447.113
916.782 596.459
917.080 576.732
917.379 547.695
917.678 493.555
917.977 643.357
918.275 750.882
918.574 732.155
918.873 683.477
919.172 624.844
919.471 530.153
919.769 557.417
920.068 540.344
920.367 529.904
920.666 515.619
920.964 569.971
921.263 532.543
921.562 524.893
921.861 651.305
922.159 565.284
922.458 540.076
922.757 614.618
923.056 599.450
923.355 569.879
923.653 649.223
923.952 642.936
924.251 510.704
924.550 647.178
924.848 665.904
925.147 558.875
925.446 528.684
925.745 670.898
926.043 644.356
926.342 567.375
926.641 516.952
926.940 618.818
927.239 686.088
927.537 725.233
927.836 609.302
928.135 591.277
928.434 682.936
928.732 706.141
929.031 704.225
929.330 739.526
929.629 685.557
929.927 587.082
930.226 528.018
930.525 544.777
930.824 698.732
931.123 608.885
931.421 732.813
931.720 735.071
932.019 713.809
932.318 694.495
932.616 648.973
932.915 639.170
933.214 688.893
933.513 667.577
933.812 651.128
934.110 717.021
934.409 801.780
934.708 687.168
935.007 944.751
935.305 963.602
935.604 691.328
935.903 766.443
936.202 857.950
936.500 929.570
936.799 1008.834
937.098 943.624
937.397 881.463
937.696 748.478
937.994 705.373
938.293 813.070
938.592 710.229
938.891 751.107
939.189 783.302
939.488 828.855
939.787 1025.119
940.086 817.688
940.384 850.111
940.683 864.120
940.982 783.850
941.281 883.936
941.580 1156.533
941.878 1136.060
942.177 851.569
942.476 919.132
942.775 874.747
943.073 755.450
943.372 733.828
943.671 969.911
943.970 1022.677
944.268 890.919
944.567 787.290
944.866 873.560
945.165 848.941
945.464 764.282
945.762 711.962
946.061 925.652
946.360 982.101
946.659 1018.007
946.957 1033.635
947.256 843.163
947.555 843.841
947.854 893.509
948.153 822.491
948.451 806.735
948.750 830.279
949.049 855.075
949.348 1043.354
949.646 928.689
949.945 814.163
950.244 987.416
950.543 865.528
950.841 748.924
951.140 738.331
951.439 650.079
951.738 702.372
952.037 783.781
952.335 895.144
952.634 874.994
952.933 701.731
953.232 674.442
953.530 577.461
953.829 834.103
954.128 893.353
954.427 815.897
954.725 924.638
955.024 950.693
955.323 907.215
955.622 673.340
955.921 616.957
956.219 751.326
956.518 708.313
956.817 748.359
957.116 818.787
957.414 782.882
957.713 636.024
958.012 561.288
958.311 533.073
958.610 695.608
958.908 781.922
959.207 792.357
959.506 777.333
959.805 797.673
960.103 869.422
960.402 793.850
960.701 657.602
961.000 661.402
961.298 641.652
961.597 737.966
961.896 671.888
962.195 729.212
962.494 809.766
962.792 708.512
963.091 683.623
963.390 689.070
963.689 605.533
963.987 704.103
964.286 796.825
964.585 815.112
964.884 735.462
965.182 639.811
965.481 979.691
965.780 1103.245
966.080 974.333
966.380 878.773
966.680 723.151
966.981 737.345
967.281 775.227
967.581 670.758
967.881 740.064
968.181 753.932
968.481 695.537
968.781 700.854
969.082 643.308
969.382 717.234
969.682 805.709
969.982 838.315
970.282 896.884
970.582 748.683
970.882 669.385
971.183 803.012
971.483 684.778
971.783 691.322
972.083 734.682
972.383 753.171
972.683 722.716
972.983 754.989
973.284 647.761
973.584 682.117
973.884 719.942
974.184 736.501
974.484 801.402
974.784 607.779
975.084 557.192
975.385 608.955
975.685 699.993
975.985 690.205
976.285 722.130
976.585 718.920
976.885 664.391
977.185 672.521
977.486 670.153
977.786 678.629
978.086 765.346
978.386 760.308
978.686 622.701
978.986 548.482
979.286 579.490
979.587 644.498
979.887 565.506
980.187 580.514
980.487 600.522
980.787 694.530
981.087 647.537
981.387 771.545
981.688 698.553
981.988 531.561
982.288 529.569
982.588 607.577
982.888 650.585
983.188 641.593
983.488 793.601
983.789 751.609
984.089 642.617
984.389 606.625
984.689 578.633
984.989 523.640
985.289 551.648
985.589 740.656
985.890 682.664
986.190 538.672
986.490 604.680
986.790 731.687
987.090 624.695
987.390 689.703
987.690 732.711
987.991 588.719
988.291 648.726
988.591 635.734
988.891 543.742
989.191 557.750
989.491 671.758
989.791 645.765
990.092 721.773
990.392 754.781
990.692 681.789
990.992 682.796
991.292 506.804
991.592 575.812
991.892 627.819
992.193 728.827
992.493 695.835
992.793 572.842
993.093 612.850
993.393 625.858
993.693 675.865
993.993 717.873
994.294 764.881
994.594 637.888
994.894 587.896
995.194 641.904
995.494 560.911
995.794 540.919
996.094 523.926
996.395 604.934
996.695 740.942
996.995 560.949
997.295 473.957
997.595 565.964
997.895 533.972
998.195 459.979
998.496 522.987
998.796 519.995
999.096 681.002
999.396 579.010
999.696 647.017
999.996 695.025
1000.296 783.032
1000.597 770.040
1000.897 612.047
1001.197 641.055
1001.497 794.062
1001.797 607.070
1002.097 486.077
1002.397 545.084
1002.698 620.092
1002.998 706.099
1003.298 658.107
1003.598 552.114
1003.898 557.122
1004.198 676.129
1004.498 722.136
1004.799 659.144
1005.099 715.151
1005.399 738.159
1005.699 737.166
1005.999 710.173
1006.299 609.181
1006.599 816.188
1006.900 793.195
1007.200 618.203
1007.500 655.210
1007.800 629.217
1008.100 550.225
1008.400 525.232
1008.700 604.239
1009.001 604.247
1009.301 555.254
1009.601 716.261
1009.901 738.269
1010.201 652.276
1010.501 652.283
1010.801 816.290
1011.102 649.298
1011.402 666.305
1011.702 550.312
1012.002 502.319
1012.302 664.327
1012.602 665.334
1012.902 608.341
1013.203 646.348
1013.503 701.355
1013.803 661.363
1014.103 542.370
1014.403 633.377
1014.703 538.384
1015.003 530.391
1015.304 735.398
1015.604 774.406
1015.904 560.413
1016.204 534.420
1016.504 570.427
1016.804 570.434
1017.104 534.441
1017.405 611.448
1017.705 602.456
1018.005 539.463
1018.305 562.470
1018.605 521.477
1018.905 434.484
1019.205 468.491
1019.506 806.498
1019.806 792.505
1020.106 708.512
1020.406 747.519
1020.706 691.526
1021.006 717.533
1021.306 839.540
1021.607 661.547
1021.907 715.554
1022.207 714.561
1022.507 584.568
1022.807 562.575
1023.107 598.582
1023.407 593.589
1023.708 628.596
1024.008 560.603
1024.308 584.610
1024.608 539.617
1024.908 488.624
1025.208 630.631
1025.508 849.638
1025.809 783.645
1026.109 603.652
1026.409 711.659
1026.709 681.666
1027.009 609.673
1027.309 694.680
1027.609 560.687
1027.910 557.693
1028.210 665.700
1028.510 775.707
1028.810 924.714
1029.110 870.721
1029.410 712.728
1029.710 739.735
1030.011 732.742
1030.311 806.748
1030.611 630.755
1030.911 611.762
1031.211 690.769
1031.511 636.776
1031.811 762.782
1032.112 763.789
1032.412 715.796
1032.712 526.803
1033.012 554.810
1033.312 757.816
1033.612 708.823
1033.912 672.830
1034.212 578.837
1034.513 530.844
1034.813 541.850
1035.113 655.857
1035.413 548.864
1035.713 584.870
1036.013 651.877
1036.313 662.884
1036.614 741.891
1036.914 637.897
1037.214 497.904
1037.514 626.911
1037.814 569.917
1038.114 619.924
1038.414 597.931
1038.715 628.937
1039.015 492.944
1039.315 449.951
1039.615 625.957
1039.915 560.964
1040.215 583.971
1040.515 575.977
1040.816 635.984
1041.116 600.991
1041.416 522.997
1041.716 486.004
1042.016 484.010
1042.316 686.017
1042.616 643.024
1042.917 554.030
1043.217 529.037
1043.517 614.043
1043.817 707.050
1044.117 637.057
1044.417 630.063
1044.717 575.070
1045.018 589.076
1045.318 652.083
1045.618 687.089
1045.918 615.096
1046.218 554.102
1046.518 591.109
1046.818 653.115
1047.119 594.122
1047.419 744.128
1047.719 658.135
1048.019 594.141
1048.319 671.148
1048.619 641.154
1048.919 669.161
1049.220 657.167
1049.520 730.174
1049.820 623.180
1050.120 539.187
1050.420 738.193
1050.720 723.200
1051.020 678.206
1051.321 667.212
1051.621 780.219
1051.921 709.225
1052.221 578.232
1052.521 491.238
1052.821 499.244
1053.121 640.251
1053.422 706.257
1053.722 795.264
1054.022 677.270
1054.322 767.276
1054.622 665.283
1054.922 572.289
1055.222 726.295
1055.523 669.302
1055.823 700.308
1056.123 753.314
1056.423 664.321
1056.723 724.327
1057.023 617.333
1057.323 471.340
1057.624 607.346
1057.924 711.352
1058.224 695.359
1058.524 603.365
1058.824 721.371
1059.124 676.377
1059.424 596.384
1059.725 667.390
1060.025 592.396
1060.325 623.403
1060.625 589.409
1060.925 566.415
1061.225 572.421
1061.525 699.428
1061.826 610.434
1062.126 619.440
1062.426 637.446
1062.726 713.452
1063.026 642.459
1063.326 825.465
1063.626 801.471
1063.927 722.477
1064.227 664.483
1064.527 572.490
1064.827 725.496
1065.127 668.502
1065.427 456.508
1065.727 501.514
1066.028 672.520
1066.328 641.527
1066.628 501.533
1066.928 534.539
1067.228 611.545
1067.528 575.551
1067.828 578.557
1068.129 552.563
1068.429 700.569
1068.729 781.576
1069.029 699.582
1069.329 502.588
1069.629 596.594
1069.929 709.600
1070.230 725.606
1070.530 687.612
1070.830 579.618
1071.130 657.624
1071.430 628.630
1071.730 644.636
1072.030 770.642
1072.331 625.648
1072.631 638.654
1072.931 671.661
1073.231 654.667
1073.531 658.673
1073.831 597.679
1074.131 715.685
1074.432 829.691
1074.732 719.697
1075.032 550.703
1075.332 505.709
1075.632 574.715
1075.932 567.721
1076.232 567.727
1076.533 571.732
1076.833 593.738
1077.133 563.744
1077.433 546.750
1077.733 579.756
1078.033 714.762
1078.333 684.768
1078.634 689.774
1078.934 669.780
1079.234 528.786
1079.534 755.792
1079.834 792.798
1080.134 687.804
1080.434 750.810
1080.735 727.816
1081.035 631.821
1081.335 473.827
1081.635 496.833
1081.935 560.839
1082.235 534.845
1082.535 542.851
1082.836 642.857
1083.136 599.863
1083.436 699.868
1083.736 722.874
1084.036 581.880
1084.336 522.886
1084.636 595.892
1084.937 712.898
1085.237 728.903
1085.537 660.909
1085.837 719.915
1086.137 654.921
1086.437 710.927
1086.737 649.932
1087.038 611.938
1087.338 758.944
1087.638 724.950
1087.938 525.956
1088.238 423.961
1088.538 582.967
1088.838 787.973
1089.139 739.979
1089.439 550.984
1089.739 718.990
1090.039 719.996
1090.339 715.002
1090.639 633.007
1090.939 674.013
1091.240 582.019
1091.540 628.025
1091.840 634.030
1092.140 678.036
1092.453 707.042
1092.766 598.047
1093.079 552.053
1093.392 592.059
1093.705 573.064
1094.018 584.070
1094.330 701.076
1094.643 669.081
1094.956 746.087
1095.269 638.093
1095.582 637.098
1095.895 563.104
1096.208 564.110
1096.521 637.115
1096.834 625.121
1097.147 627.127
1097.460 741.132
1097.773 789.138
1098.085 645.143
1098.398 564.149
1098.711 527.155
1099.024 467.160
1099.337 646.166
1099.650 763.172
1099.963 721.177
1100.276 564.183
1100.589 560.188
1100.902 646.194
1101.215 647.199
1101.528 695.205
1101.841 607.211
1102.153 660.216
1102.466 745.222
1102.779 576.227
1103.092 551.233
1103.405 655.238
1103.718 590.244
1104.031 576.249
1104.344 614.255
1104.657 580.260
1104.970 898.266
1105.283 730.271
1105.596 587.277
1105.909 579.282
1106.221 733.288
1106.534 704.293
1106.847 485.299
1107.160 469.304
1107.473 479.310
1107.786 565.315
1108.099 503.321
1108.412 498.326
1108.725 568.332
1109.038 514.337
1109.351 651.343
1109.664 636.348
1109.977 548.353
1110.289 605.359
1110.602 581.364
1110.915 559.370
1111.228 551.375
1111.541 497.381
1111.854 497.386
1112.167 464.391
1112.480 468.397
1112.793 568.402
1113.106 566.408
1113.419 637.413
1113.732 642.418
1114.044 502.424
1114.357 572.429
1114.670 594.435
1114.983 556.440
1115.296 552.445
1115.609 651.451
1115.922 619.456
1116.235 642.461
1116.548 603.467
1116.861 544.472
1117.174 570.477
1117.487 599.483
1117.800 796.488
1118.112 633.493
1118.425 542.499
1118.738 508.504
1119.051 562.509
1119.364 610.515
1119.677 612.520
1119.990 561.525
1120.303 635.530
1120.616 758.536
1120.929 622.541
1121.242 673.546
1121.555 695.552
1121.868 682.557
1122.180 636.562
1122.493 404.567
1122.806 410.573
1123.119 609.578
1123.432 669.583
1123.745 626.588
1124.058 541.594
1124.371 530.599
1124.684 671.604
1124.997 672.609
1125.310 588.615
1125.623 533.620
1125.935 511.625
1126.248 547.630
1126.561 621.635
1126.874 601.641
1127.187 734.646
1127.500 734.651
1127.813 686.656
1128.126 679.661
1128.439 640.666
1128.752 777.672
1129.065 585.677
1129.378 354.682
1129.691 507.687
1130.003 633.692
1130.316 574.697
1130.629 521.703
1130.942 628.708
1131.255 567.713
1131.568 504.718
1131.881 588.723
1132.194 655.728
1132.507 651.733
1132.820 598.739
1133.133 694.744
1133.446 578.749
1133.759 779.754
1134.071 1211.759
1134.384 861.764
1134.697 744.769
1135.010 823.774
1135.323 664.779
1135.636 543.784
1135.949 509.789
1136.262 561.795
1136.575 578.800
1136.888 552.805
1137.201 540.810
1137.514 525.815
1137.826 686.820
1138.139 589.825
1138.452 585.830
1138.765 794.835
1139.078 795.840
1139.391 738.845
1139.704 666.850
1140.017 660.855
1140.330 576.860
1140.643 534.865
1140.956 539.870
1141.269 588.875
1141.582 664.880
1141.894 590.885
1142.207 710.890
1142.520 657.895
1142.833 704.900
1143.146 551.905
1143.459 453.910
1143.772 568.915
1144.085 672.920
1144.398 589.925
1144.711 540.930
1145.024 544.935
1145.337 606.940
1145.650 675.945
1145.962 597.950
1146.275 622.955
1146.588 514.960
1146.901 650.965
1147.214 688.970
1147.527 538.974
1147.840 608.979
1148.153 611.984
1148.466 616.989
1148.779 600.994
1149.092 709.999
1149.405 621.004
1149.718 635.009
1150.030 669.014
1150.343 584.019
1150.656 516.023
1150.969 523.028
1151.282 714.033
1151.595 635.038
1151.908 562.043
1152.221 374.048
1152.534 440.053
1152.847 738.058
1153.160 666.062
1153.473 605.067
1153.785 630.072
1154.098 665.077
1154.411 730.082
1154.724 689.087
1155.037 753.091
1155.350 651.096
1155.663 616.101
1155.976 558.106
1156.289 651.111
1156.602 610.116
1156.915 531.120
1157.228 456.125
1157.541 553.130
1157.853 580.135
1158.166 646.140
1158.479 733.144
1158.792 639.149
1159.105 668.154
1159.418 616.159
1159.731 637.163
1160.044 661.168
1160.357 824.173
1160.670 750.178
1160.983 487.183
1161.296 630.187
1161.609 780.192
1161.921 661.197
1162.234 573.202
1162.547 455.206
1162.860 480.211
1163.173 486.216
1163.486 626.220
1163.799 652.225
1164.112 578.230
1164.425 542.235
1164.738 567.239
1165.051 550.244
1165.364 546.249
1165.676 614.253
1165.989 637.258
1166.302 569.263
1166.615 702.267
1166.928 642.272
1167.241 741.277
1167.554 743.282
1167.867 648.286
1168.180 599.291
1168.493 502.296
1168.806 559.300
1169.119 553.305
1169.432 655.310
1169.744 671.314
1170.057 609.319
1170.370 757.323
1170.683 716.328
1170.996 568.333
1171.309 647.337
1171.622 595.342
1171.935 617.347
1172.248 810.351
1172.561 728.356
1172.874 648.360
1173.187 673.365
1173.500 672.370
1173.812 746.374
1174.125 750.379
1174.438 719.384
1174.751 585.388
1175.064 576.393
1175.377 668.397
1175.690 567.402
1176.003 489.406
1176.316 613.411
1176.629 621.416
1176.942 567.420
1177.255 554.425
1177.567 488.429
1177.880 515.434
1178.193 581.438
1178.506 560.443
1178.819 683.447
1179.132 675.452
1179.445 470.457
1179.758 653.461
1180.071 694.466
1180.384 554.470
1180.697 582.475
1181.010 678.479
1181.323 747.484
1181.635 791.488
1181.948 734.493
1182.261 591.497
1182.574 473.502
1182.887 580.506
1183.200 752.511
1183.513 727.515
1183.826 658.520
1184.139 675.524
1184.452 604.529
1184.765 518.533
1185.078 499.538
1185.391 593.542
1185.703 510.547
1186.016 405.551
1186.329 509.555
1186.642 630.560
1186.955 706.564
1187.268 590.569
1187.581 620.573
1187.894 614.578
1188.207 657.582
1188.520 602.587
1188.833 614.591
1189.146 540.595
1189.459 507.600
1189.771 568.604
1190.084 707.609
1190.397 593.613
1190.710 564.618
1191.023 631.622
1191.336 654.626
1191.649 606.631
1191.962 584.635
1192.275 510.640
1192.588 664.644
1192.901 830.648
1193.214 656.653
1193.526 652.657
1193.839 655.661
1194.152 527.666
1194.465 653.670
1194.778 623.675
1195.091 593.679
1195.404 551.683
1195.717 620.688
1196.030 688.692
1196.343 603.696
1196.656 517.701
1196.969 583.705
1197.282 622.709
1197.594 610.714
1197.907 713.718
1198.220 719.722
1198.533 617.727
1198.846 647.731
1199.159 609.735
1199.472 582.740
1199.785 622.744
1200.098 482.748
1200.411 643.753
1200.724 623.757
1201.037 564.761
1201.350 492.765
1201.662 520.770
1201.975 626.774
1202.288 578.778
1202.601 188.783
